Part2707.Name = "Tree_Collision"
Part2707.Parent = Model2700
Part2707.CFrame = CFrame.new(2062.50122, 277.399719, 2993.38965, -0.0866276845, 0.346174061, 0.934166551, 0.0917376727, 0.936474025, -0.338523477, -0.992009223, 0.0563726686, -0.112882823)
Part2707.Orientation = Vector3.new(19.790000915527344, 96.88999938964844, 5.590000152587891)
Part2707.Position = Vector3.new(2062.501220703125, 277.39971923828125, 2993.3896484375)
Part2707.Rotation = Vector3.new(108.44000244140625, 69.08999633789062, -104.05000305175781)
Part2707.Transparency = 1
Part2707.Size = Vector3.new(1.3500009775161743, 26.749998092651367, 1.5)
Part2707.Anchored = true
Part2707.Material = Enum.Material.Fabric
Part2708.Name = "Tree_Collision"
Part2708.Parent = Model2700
Part2708.CFrame = CFrame.new(2044.09827, 276.751556, 2941.27026, -0.113256782, -0.0899630785, 0.989488482, -0.0307622254, 0.995731354, 0.0870083198, -0.993090808, -0.020584058, -0.115541726)
Part2708.Orientation = Vector3.new(-4.989999771118164, 96.66000366210938, -1.7699999809265137)
Part2708.Position = Vector3.new(2044.0982666015625, 276.7515563964844, 2941.270263671875)
Part2708.Rotation = Vector3.new(-143.02000427246094, 81.69000244140625, 141.5399932861328)
Part2708.Transparency = 1
Part2708.Size = Vector3.new(1.3500009775161743, 23.749998092651367, 1.5)
Part2708.Anchored = true
Part2708.Material = Enum.Material.Fabric
Part2709.Name = "Tree_Collision"
Part2709.Parent = Model2700
Part2709.CFrame = CFrame.new(2047.09924, 279.119537, 2984.58569, -0.0987669528, -0.0188486539, 0.994936049, 0.195654929, 0.979935586, 0.0379857458, -0.975687742, 0.19841601, -0.0930984244)
Part2709.Orientation = Vector3.new(-2.180000066757202, 95.3499984741211, 11.289999961853027)
Part2709.Position = Vector3.new(2047.0992431640625, 279.1195373535156, 2984.585693359375)
Part2709.Rotation = Vector3.new(-157.8000030517578, 84.2300033569336, 169.1999969482422)
Part2709.Transparency = 1
Part2709.Size = Vector3.new(1.3500009775161743, 26.749998092651367, 1.5)
Part2709.Anchored = true
Part2709.Material = Enum.Material.Fabric
Part2710.Name = "Tree_Collision"
Part2710.Parent = Model2700
Part2710.CFrame = CFrame.new(2079.19482, 272.166534, 2981.69678, 0.00878037047, 0.466176927, 0.884652495, 0.0488491319, 0.883425176, -0.466016561, -0.998768985, 0.0473060682, -0.0150167178)
Part2710.Orientation = Vector3.new(27.780000686645508, 90.97000122070312, 3.1600000858306885)
Part2710.Position = Vector3.new(2079.19482421875, 272.1665344238281, 2981.69677734375)
Part2710.Rotation = Vector3.new(91.8499984741211, 62.209999084472656, -88.91999816894531)
Part2710.Transparency = 1
Part2710.Size = Vector3.new(1.3500009775161743, 22.749998092651367, 1.5)
Part2710.Anchored = true
Part2710.Material = Enum.Material.Fabric
Part2711.Name = "Tree_Collision"
Part2711.Parent = Model2700
Part2711.CFrame = CFrame.new(2062.28296, 274.750641, 2950.07593, -0.0977870151, 0.118760906, 0.988099933, -0.186149746, 0.973147571, -0.135387331, -0.977644324, -0.197173178, -0.0730549619)
Part2711.Orientation = Vector3.new(7.78000020980835, 94.2300033569336, -10.829999923706055)
Part2711.Position = Vector3.new(2062.282958984375, 274.7506408691406, 2950.075927734375)
Part2711.Rotation = Vector3.new(118.3499984741211, 81.1500015258789, -129.47000122070312)
Part2711.Transparency = 1
Part2711.Size = Vector3.new(1.3500009775161743, 23.749998092651367, 1.5)
Part2711.Anchored = true
Part2711.Material = Enum.Material.Fabric
Part2712.Name = "Tree_Collision"
Part2712.Parent = Model2700
Part2712.CFrame = CFrame.new(2066.7251, 271.373627, 2936.07666, -0.159390852, 0.29884854, 0.940899611, -0.179085135, 0.928513169, -0.325253129, -0.970837533, -0.220343173, -0.0944782272)
Part2712.Orientation = Vector3.new(18.979999542236328, 95.7300033569336, -10.920000076293945)
Part2712.Position = Vector3.new(2066.72509765625, 271.3736267089844, 2936.07666015625)
Part2712.Rotation = Vector3.new(106.19999694824219, 70.19999694824219, -118.06999969482422)
Part2712.Transparency = 1
Part2712.Size = Vector3.new(1.3500009775161743, 20.749998092651367, 1.5)
Part2712.Anchored = true
Part2712.Material = Enum.Material.Fabric
Part2713.Name = "Tree_Collision"
Part2713.Parent = Model2700
Part2713.CFrame = CFrame.new(2048.68115, 278.289886, 3008.03784, -0.0576085933, 0.27474013, 0.959795237, 0.244074658, 0.936088264, -0.253305674, -0.968044817, 0.219668821, -0.120984882)
Part2713.Orientation = Vector3.new(14.670000076293945, 97.18000030517578, 14.609999656677246)
Part2713.Position = Vector3.new(2048.68115234375, 278.2898864746094, 3008.037841796875)
Part2713.Rotation = Vector3.new(115.52999877929688, 73.69999694824219, -101.83999633789062)
Part2713.Transparency = 1
Part2713.Size = Vector3.new(1.3500009775161743, 22.749998092651367, 1.5)
Part2713.Anchored = true
Part2713.Material = Enum.Material.Fabric
Part2714.Name = "Tree_Collision"
Part2714.Parent = Model2700
Part2714.CFrame = CFrame.new(2038.20569, 279.659119, 2974.58911, -0.0935831517, -0.155003667, 0.983475506, -0.152074963, 0.978439569, 0.139737889, -0.983929753, -0.136484116, -0.115138553)
Part2714.Orientation = Vector3.new(-8.029999732971191, 96.68000030517578, -8.829999923706055)
Part2714.Position = Vector3.new(2038.2056884765625, 279.65911865234375, 2974.589111328125)
Part2714.Rotation = Vector3.new(-129.49000549316406, 79.56999969482422, 121.12000274658203)
Part2714.Transparency = 1
Part2714.Size = Vector3.new(1.3500009775161743, 23.749998092651367, 1.5)
Part2714.Anchored = true
Part2714.Material = Enum.Material.Fabric
Part2715.Name = "Tree_Collision"
Part2715.Parent = Model2700
Part2715.CFrame = CFrame.new(2048.58423, 277.050568, 2965.87378, -0.0914365277, 0.123715043, 0.988100052, -0.134964705, 0.981556296, -0.135386363, -0.986623704, -0.145737424, -0.0730540007)
Part2715.Orientation = Vector3.new(7.78000020980835, 94.2300033569336, -7.829999923706055)
Part2715.Position = Vector3.new(2048.584228515625, 277.0505676269531, 2965.873779296875)
Part2715.Rotation = Vector3.new(118.3499984741211, 81.1500015258789, -126.47000122070312)
Part2715.Transparency = 1
Part2715.Size = Vector3.new(1.3500009775161743, 23.749998092651367, 1.5)
Part2715.Anchored = true
Part2715.Material = Enum.Material.Fabric
Part2716.Name = "Tree_Collision"
Part2716.Parent = Model2700
Part2716.CFrame = CFrame.new(2063.39551, 276.019226, 3014.00122, -0.0789412856, 0.182884589, 0.979963899, 0.14328146, 0.974901199, -0.170398995, -0.986529827, 0.126959175, -0.103164963)
Part2716.Orientation = Vector3.new(9.8100004196167, 96.01000213623047, 8.359999656677246)
Part2716.Position = Vector3.new(2063.3955078125, 276.01922607421875, 3014.001220703125)
Part2716.Rotation = Vector3.new(121.19000244140625, 78.51000213623047, -113.3499984741211)
Part2716.Transparency = 1
Part2716.Size = Vector3.new(1.3500009775161743, 22.749998092651367, 1.5)
Part2716.Anchored = true
Part2716.Material = Enum.Material.Fabric
Model2717.Name = "茂み"
Model2717.Parent = Folder0
Part2718.Name = "TreeMesh Bottom"
Part2718.Parent = Model2717
Part2718.CFrame = CFrame.new(2272.19971, 236.955536, 3230.91333, 0.11888878, 0.157446861, -0.980348885, 0.0509133786, 0.985080659, 0.164382502, 0.991602719, -0.069455795, 0.109099932)
Part2718.Orientation = Vector3.new(-9.460000038146973, -83.6500015258789, 2.9600000381469727)
Part2718.Position = Vector3.new(2272.19970703125, 236.95553588867188, 3230.913330078125)
Part2718.Rotation = Vector3.new(-56.43000030517578, -78.62000274658203, -52.939998626708984)
Part2718.Size = Vector3.new(8.250000953674316, 0.2499980926513672, 7)
Part2718.Anchored = true
Part2718.CanCollide = false
Part2718.Material = Enum.Material.Fabric
SpecialMesh2719.Name = "BarkMesh"
SpecialMesh2719.Parent = Part2718
SpecialMesh2719.MeshId = "rbxassetid://623621260"
SpecialMesh2719.Offset = Vector3.new(0, 3.4100000858306885, 0)
SpecialMesh2719.TextureId = "rbxassetid://623618671"
SpecialMesh2719.MeshType = Enum.MeshType.FileMesh
Part2720.Name = "TreeMeshTop"
Part2720.Parent = Model2717
Part2720.CFrame = CFrame.new(2276.9458, 266.645752, 3228.81934, 0.11888878, 0.157446861, -0.980348885, 0.0509133786, 0.985080659, 0.164382502, 0.991602719, -0.069455795, 0.109099932)
Part2720.Orientation = Vector3.new(-9.460000038146973, -83.6500015258789, 2.9600000381469727)
Part2720.Position = Vector3.new(2276.94580078125, 266.645751953125, 3228.8193359375)
Part2720.Rotation = Vector3.new(-56.43000030517578, -78.62000274658203, -52.939998626708984)
Part2720.Transparency = 0.05000000074505806
Part2720.Size = Vector3.new(8.250000953674316, 0.2499980926513672, 7)
Part2720.Anchored = true
Part2720.CanCollide = false
Part2720.Material = Enum.Material.Fabric
SpecialMesh2721.Name = "TopTreeMesh"
SpecialMesh2721.Parent = Part2720
SpecialMesh2721.MeshId = "rbxassetid://623621456"
SpecialMesh2721.Offset = Vector3.new(0, 3.4100000858306885, 0)
SpecialMesh2721.Scale = Vector3.new(1.600000023841858, 1.600000023841858, 1.600000023841858)
SpecialMesh2721.TextureId = "rbxassetid://745556120"
SpecialMesh2721.MeshType = Enum.MeshType.FileMesh
Part2722.Name = "Tree_Collision"
Part2722.Parent = Model2717
Part2722.CFrame = CFrame.new(2269.26978, 250.626221, 3229.11206, 0.128790066, 0.0462688021, -0.990595818, 0.146707475, 0.987029076, 0.0651773512, 0.98076117, -0.153721452, 0.120332561)
Part2722.Orientation = Vector3.new(-3.740000009536743, -83.06999969482422, 8.449999809265137)
Part2722.Position = Vector3.new(2269.269775390625, 250.626220703125, 3229.112060546875)
Part2722.Rotation = Vector3.new(-28.440000534057617, -82.13999938964844, -19.760000228881836)
Part2722.Transparency = 1
Part2722.Size = Vector3.new(1.3500009775161743, 26.749998092651367, 1.5)
Part2722.Anchored = true
Part2722.Material = Enum.Material.Fabric
Part2723.Name = "Tree_Collision"
Part2723.Parent = Model2717
Part2723.CFrame = CFrame.new(2260.99976, 251.382263, 3235.5498, 0.0188224353, 0.101587504, -0.99465245, -0.241022542, 0.965945959, 0.0940959156, 0.970338166, 0.23796241, 0.042667456)
Part2723.Orientation = Vector3.new(-5.400000095367432, -87.54000091552734, -14.010000228881836)
Part2723.Position = Vector3.new(2260.999755859375, 251.38226318359375, 3235.5498046875)
Part2723.Rotation = Vector3.new(-65.61000061035156, -84.06999969482422, -79.5)
Part2723.Transparency = 1
Part2723.Size = Vector3.new(1.3500009775161743, 23.749998092651367, 1.5)
Part2723.Anchored = true
Part2723.Material = Enum.Material.Fabric
Part2724.Name = "Tree_Collision"
Part2724.Parent = Model2717
Part2724.CFrame = CFrame.new(2270.38135, 249.726654, 3212.14355, 0.12957868, -0.0251964778, -0.991252899, 0.163911059, 0.986467242, -0.0036466918, 0.977928817, -0.162004173, 0.131956041)
Part2724.Orientation = Vector3.new(0.20999999344348907, -82.41999816894531, 9.430000305175781)
Part2724.Position = Vector3.new(2270.38134765625, 249.72665405273438, 3212.1435546875)
Part2724.Rotation = Vector3.new(1.5800000429153442, -82.41999816894531, 11)
Part2724.Transparency = 1
Part2724.Size = Vector3.new(1.3500009775161743, 26.749998092651367, 1.5)
Part2724.Anchored = true
Part2724.Material = Enum.Material.Fabric
Part2725.Name = "Tree_Collision"
Part2725.Parent = Model2717
Part2725.CFrame = CFrame.new(2288.521, 248.711761, 3264.34741, 0.115115292, 0.407942563, -0.905725777, 0.0402423739, 0.909118414, 0.414586693, 0.992537856, -0.0841738135, 0.0882379264)
Part2725.Orientation = Vector3.new(-24.489999771118164, -84.44000244140625, 2.5299999713897705)
Part2725.Position = Vector3.new(2288.52099609375, 248.71176147460938, 3264.347412109375)
Part2725.Rotation = Vector3.new(-77.9800033569336, -64.91999816894531, -74.23999786376953)
Part2725.Transparency = 1
Part2725.Size = Vector3.new(1.3500009775161743, 23.749998092651367, 1.5)
Part2725.Anchored = true
Part2725.Material = Enum.Material.Fabric
Part2726.Name = "Tree_Collision"
Part2726.Parent = Model2717
Part2726.CFrame = CFrame.new(2285.66675, 247.293335, 3220.98096, 0.17442134, 0.331600308, -0.927160203, 0.255929917, 0.893960714, 0.367874384, 0.950830877, -0.301452786, 0.0710605085)
Part2726.Orientation = Vector3.new(-21.579999923706055, -85.62000274658203, 15.979999542236328)
Part2726.Position = Vector3.new(2285.666748046875, 247.2933349609375, 3220.98095703125)
Part2726.Rotation = Vector3.new(-79.06999969482422, -68, -62.2599983215332)
Part2726.Transparency = 1
Part2726.Size = Vector3.new(1.3500009775161743, 26.749998092651367, 1.5)
Part2726.Anchored = true
Part2726.Material = Enum.Material.Fabric
Part2727.Name = "Tree_Collision"
Part2727.Parent = Model2717
Part2727.CFrame = CFrame.new(2253.10718, 251.459778, 3224.03198, 0.025561979, -0.155726671, -0.987473547, 0.155214623, 0.976430476, -0.149965882, 0.987551391, -0.149436131, 0.0491315462)
Part2727.Orientation = Vector3.new(8.619999885559082, -87.1500015258789, 9.029999732971191)
Part2727.Position = Vector3.new(2253.107177734375, 251.45977783203125, 3224.031982421875)
Part2727.Rotation = Vector3.new(71.86000061035156, -80.91999816894531, 80.68000030517578)
Part2727.Transparency = 1
Part2727.Size = Vector3.new(1.3500009775161743, 22.749998092651367, 1.5)
Part2727.Anchored = true
Part2727.Material = Enum.Material.Fabric
Part2728.Name = "Tree_Collision"
Part2728.Parent = Model2717
Part2728.CFrame = CFrame.new(2270.51196, 251.782166, 3255.48901, 0.0498798713, 0.206380293, -0.977203608, -0.1024689, 0.974310696, 0.200540289, 0.993486106, 0.0901300907, 0.0697471574)
Part2728.Orientation = Vector3.new(-11.569999694824219, -85.91999816894531, -6)
Part2728.Position = Vector3.new(2270.511962890625, 251.78216552734375, 3255.489013671875)
Part2728.Rotation = Vector3.new(-70.81999969482422, -77.73999786376953, -76.41000366210938)
Part2728.Transparency = 1
Part2728.Size = Vector3.new(1.3500009775161743, 23.749998092651367, 1.5)
Part2728.Anchored = true
Part2728.Material = Enum.Material.Fabric
Part2729.Name = "Tree_Collision"
Part2729.Parent = Model2717
Part2729.CFrame = CFrame.new(2265.46997, 251.537964, 3269.6875, 0.110318914, 0.0219927356, -0.993656814, -0.116504773, 0.993147552, 0.00904806796, 0.987045646, 0.114767767, 0.112126186)
Part2729.Orientation = Vector3.new(-0.5199999809265137, -83.55999755859375, -6.690000057220459)
Part2729.Position = Vector3.new(2265.469970703125, 251.5379638671875, 3269.6875)
Part2729.Rotation = Vector3.new(-4.610000133514404, -83.54000091552734, -11.270000457763672)
Part2729.Transparency = 1
Part2729.Size = Vector3.new(1.3500009775161743, 20.749998092651367, 1.5)
Part2729.Anchored = true
Part2729.Material = Enum.Material.Fabric
Part2730.Name = "Tree_Collision"
Part2730.Parent = Model2717
Part2730.CFrame = CFrame.new(2283.47852, 244.526215, 3197.72754, 0.151030466, 0.0392993167, -0.987751603, 0.313964814, 0.945564032, 0.085628435, 0.93734628, -0.323050976, 0.130471379)
Part2730.Orientation = Vector3.new(-4.909999847412109, -82.4800033569336, 18.3700008392334)
Part2730.Position = Vector3.new(2283.478515625, 244.52621459960938, 3197.7275390625)
Part2730.Rotation = Vector3.new(-33.279998779296875, -81.0199966430664, -14.59000015258789)
Part2730.Transparency = 1
Part2730.Size = Vector3.new(1.3500009775161743, 22.749998092651367, 1.5)
Part2730.Anchored = true
Part2730.Material = Enum.Material.Fabric
Part2731.Name = "Tree_Collision"
Part2731.Parent = Model2717
Part2731.CFrame = CFrame.new(2294.4353, 245.985291, 3231.01758, 0.0570521988, 0.46596083, -0.882968545, -0.0684043467, 0.884149969, 0.462165892, 0.996026278, 0.0340310931, 0.0823175311)
Part2731.Orientation = Vector3.new(-27.530000686645508, -84.66999816894531, -4.420000076293945)
Part2731.Position = Vector3.new(2294.435302734375, 245.98529052734375, 3231.017578125)
Part2731.Rotation = Vector3.new(-79.9000015258789, -62, -83.0199966430664)
Part2731.Transparency = 1
Part2731.Size = Vector3.new(1.3500009775161743, 23.749998092651367, 1.5)
Part2731.Anchored = true
Part2731.Material = Enum.Material.Fabric
Part2732.Name = "Tree_Collision"
Part2732.Parent = Model2717
Part2732.CFrame = CFrame.new(2283.92969, 247.823639, 3239.77832, 0.0606109984, 0.203487694, -0.977203608, -0.0513372719, 0.978338003, 0.200541049, 0.996841729, 0.0380121022, 0.0697456449)
Part2732.Orientation = Vector3.new(-11.569999694824219, -85.91999816894531, -3)
Part2732.Position = Vector3.new(2283.9296875, 247.82363891601562, 3239.7783203125)
Part2732.Rotation = Vector3.new(-70.81999969482422, -77.73999786376953, -73.41000366210938)
Part2732.Transparency = 1
Part2732.Size = Vector3.new(1.3500009775161743, 23.749998092651367, 1.5)
Part2732.Anchored = true
Part2732.Material = Enum.Material.Fabric
Part2733.Name = "Tree_Collision"
Part2733.Parent = Model2717
Part2733.CFrame = CFrame.new(2268.7168, 246.521515, 3191.78345, 0.138901666, 0.140434042, -0.980302095, 0.214271545, 0.962181866, 0.168200254, 0.966848791, -0.233413622, 0.103558704)
Part2733.Orientation = Vector3.new(-9.680000305175781, -83.97000122070312, 12.550000190734863)
Part2733.Position = Vector3.new(2268.716796875, 246.52151489257812, 3191.783447265625)
Part2733.Rotation = Vector3.new(-58.380001068115234, -78.61000061035156, -45.310001373291016)
Part2733.Transparency = 1
Part2733.Size = Vector3.new(1.3500009775161743, 22.749998092651367, 1.5)
Part2733.Anchored = true
Part2733.Material = Enum.Material.Fabric
Model2734.Name = "茂み"
Model2734.Parent = Folder0
Part2735.Name = "TreeMesh Bottom"
Part2735.Parent = Model2734
Part2735.CFrame = CFrame.new(2394.1604, 240.158508, 3237.17383, -0.822072506, 0.148382097, -0.549715996, 0.183690801, 0.982937992, -0.00937828422, 0.538945496, -0.108687006, -0.835301101)
Part2735.Orientation = Vector3.new(0.5400000214576721, -146.64999389648438, 10.59000015258789)
Part2735.Position = Vector3.new(2394.160400390625, 240.15850830078125, 3237.173828125)
Part2735.Rotation = Vector3.new(179.36000061035156, -33.349998474121094, -169.77000427246094)
Part2735.Size = Vector3.new(8.250000953674316, 0.2499980926513672, 7)
Part2735.Anchored = true
Part2735.CanCollide = false
Part2735.Material = Enum.Material.Fabric
SpecialMesh2736.Name = "BarkMesh"
SpecialMesh2736.Parent = Part2735
SpecialMesh2736.MeshId = "rbxassetid://623621260"
SpecialMesh2736.Offset = Vector3.new(0, 3.4100000858306885, 0)
SpecialMesh2736.TextureId = "rbxassetid://623618671"
SpecialMesh2736.MeshType = Enum.MeshType.FileMesh
Part2737.Name = "TreeMeshTop"
Part2737.Parent = Model2734
Part2737.CFrame = CFrame.new(2398.63354, 269.78418, 3233.89819, -0.822072506, 0.148382097, -0.549715996, 0.183690801, 0.982937992, -0.00937828422, 0.538945496, -0.108687006, -0.835301101)
Part2737.Orientation = Vector3.new(0.5400000214576721, -146.64999389648438, 10.59000015258789)
Part2737.Position = Vector3.new(2398.633544921875, 269.7841796875, 3233.898193359375)
Part2737.Rotation = Vector3.new(179.36000061035156, -33.349998474121094, -169.77000427246094)
Part2737.Transparency = 0.05000000074505806
Part2737.Size = Vector3.new(8.250000953674316, 0.2499980926513672, 7)
Part2737.Anchored = true
Part2737.CanCollide = false
Part2737.Material = Enum.Material.Fabric
SpecialMesh2738.Name = "TopTreeMesh"
SpecialMesh2738.Parent = Part2737
SpecialMesh2738.MeshId = "rbxassetid://623621456"
SpecialMesh2738.Offset = Vector3.new(0, 3.4100000858306885, 0)
SpecialMesh2738.Scale = Vector3.new(1.600000023841858, 1.600000023841858, 1.600000023841858)
SpecialMesh2738.TextureId = "rbxassetid://745556120"
SpecialMesh2738.MeshType = Enum.MeshType.FileMesh
Part2739.Name = "Tree_Collision"
Part2739.Parent = Model2734
Part2739.CFrame = CFrame.new(2394.58423, 252.754547, 3230.85864, -0.806537032, 0.171376884, -0.565805614, 0.277810872, 0.954674125, -0.106846593, 0.521849275, -0.243362129, -0.817588687)
Part2739.Orientation = Vector3.new(6.130000114440918, -145.32000732421875, 16.229999542236328)
Part2739.Position = Vector3.new(2394.584228515625, 252.75454711914062, 3230.858642578125)
Part2739.Rotation = Vector3.new(172.5500030517578, -34.459999084472656, -168)
Part2739.Transparency = 1
Part2739.Size = Vector3.new(1.3500009775161743, 26.749998092651367, 1.5)
Part2739.Anchored = true
Part2739.Material = Enum.Material.Fabric
Part2740.Name = "Tree_Collision"
Part2740.Parent = Model2734
Part2740.CFrame = CFrame.new(2385.05298, 252.682617, 3226.43677, -0.853801489, -0.15003556, -0.498518109, -0.122255467, 0.988576353, -0.0881379619, 0.506047189, -0.014305138, -0.86238873)
Part2740.Orientation = Vector3.new(5.059999942779541, -149.97000122070312, -7.050000190734863)
Part2740.Position = Vector3.new(2385.052978515625, 252.6826171875, 3226.436767578125)
Part2740.Rotation = Vector3.new(174.16000366210938, -29.899999618530273, 170.02999877929688)
Part2740.Transparency = 1
Part2740.Size = Vector3.new(1.3500009775161743, 23.749998092651367, 1.5)
Part2740.Anchored = true
Part2740.Material = Enum.Material.Fabric
Part2741.Name = "Tree_Collision"
Part2741.Parent = Model2734
Part2741.CFrame = CFrame.new(2410.1145, 250.167816, 3224.36597, -0.803423166, 0.145504743, -0.577362895, 0.294429541, 0.939913392, -0.17283459, 0.51752317, -0.308851272, -0.797987223)
Part2741.Orientation = Vector3.new(9.949999809265137, -144.11000061035156, 17.389999389648438)
Part2741.Position = Vector3.new(2410.114501953125, 250.16781616210938, 3224.365966796875)
Part2741.Rotation = Vector3.new(167.77999877929688, -35.27000045776367, -169.72999572753906)
Part2741.Transparency = 1
Part2741.Size = Vector3.new(1.3500009775161743, 26.749998092651367, 1.5)
Part2741.Anchored = true
Part2741.Material = Enum.Material.Fabric
Part2742.Name = "Tree_Collision"
Part2742.Parent = Model2734
Part2742.CFrame = CFrame.new(2372.30151, 258.439148, 3263.82812, -0.824802816, 0.276719421, -0.493087023, 0.172680348, 0.953671396, 0.246353135, 0.538414061, 0.118046239, -0.834372938)
Part2742.Orientation = Vector3.new(-14.260000228881836, -149.4199981689453, 10.260000228881836)
Part2742.Position = Vector3.new(2372.301513671875, 258.43914794921875, 3263.828125)
Part2742.Rotation = Vector3.new(-163.5500030517578, -29.540000915527344, -161.4499969482422)
Part2742.Transparency = 1
Part2742.Size = Vector3.new(1.3500009775161743, 23.749998092651367, 1.5)
Part2742.Anchored = true
Part2742.Material = Enum.Material.Fabric
Part2743.Name = "Tree_Collision"
Part2743.Parent = Model2734
Part2743.CFrame = CFrame.new(2409.35474, 251.630219, 3242.11328, -0.757314801, 0.433432639, -0.488485962, 0.389521509, 0.900171995, 0.194836393, 0.52417016, -0.0427233577, -0.850543022)
Part2743.Orientation = Vector3.new(-11.239999771118164, -150.1300048828125, 23.399999618530273)
Part2743.Position = Vector3.new(2409.354736328125, 251.63021850585938, 3242.11328125)
Part2743.Rotation = Vector3.new(-167.10000610351562, -29.239999771118164, -150.22000122070312)
Part2743.Transparency = 1
Part2743.Size = Vector3.new(1.3500009775161743, 26.749998092651367, 1.5)
Part2743.Anchored = true
Part2743.Material = Enum.Material.Fabric
Part2744.Name = "Tree_Collision"
Part2744.Parent = Model2734
Part2744.CFrame = CFrame.new(2391.58594, 249.992126, 3214.39331, -0.860384524, 0.0735992491, -0.504311085, 0.267700464, 0.907283366, -0.324300975, 0.433685243, -0.414027005, -0.800313473)
Part2744.Orientation = Vector3.new(18.920000076293945, -147.77999877929688, 16.440000534057617)
Part2744.Position = Vector3.new(2391.5859375, 249.99212646484375, 3214.393310546875)
Part2744.Rotation = Vector3.new(157.94000244140625, -30.290000915527344, -175.11000061035156)
Part2744.Transparency = 1
Part2744.Size = Vector3.new(1.3500009775161743, 22.749998092651367, 1.5)
Part2744.Anchored = true
Part2744.Material = Enum.Material.Fabric
Part2745.Name = "Tree_Collision"
Part2745.Parent = Model2734
Part2745.CFrame = CFrame.new(2371.82324, 257.090332, 3243.57568, -0.857937694, 0.0296585504, -0.512904704, 0.0213674456, 0.999527037, 0.0220585931, 0.513316751, 0.00796583667, -0.858163834)
Part2745.Orientation = Vector3.new(-1.2599999904632568, -149.1300048828125, 1.2200000286102295)
Part2745.Position = Vector3.new(2371.8232421875, 257.09033203125, 3243.57568359375)
Part2745.Rotation = Vector3.new(-178.52999877929688, -30.860000610351562, -178.02000427246094)
Part2745.Transparency = 1
Part2745.Size = Vector3.new(1.3500009775161743, 23.749998092651367, 1.5)
Part2745.Anchored = true
Part2745.Material = Enum.Material.Fabric
Part2746.Name = "Tree_Collision"
Part2746.Parent = Model2734
Part2746.CFrame = CFrame.new(2356.90405, 257.517731, 3245.66431, -0.824354887, -0.0775487423, -0.560743451, 0.0181689952, 0.986436307, -0.163128525, 0.565788329, -0.1446632, -0.811762989)
Part2746.Orientation = Vector3.new(9.390000343322754, -145.36000061035156, 1.059999942779541)
Part2746.Position = Vector3.new(2356.904052734375, 257.5177307128906, 3245.664306640625)
Part2746.Rotation = Vector3.new(168.63999938964844, -34.11000061035156, 174.6300048828125)
Part2746.Transparency = 1
Part2746.Size = Vector3.new(1.3500009775161743, 20.749998092651367, 1.5)
Part2746.Anchored = true
Part2746.Material = Enum.Material.Fabric
Part2747.Name = "Tree_Collision"
Part2747.Parent = Model2734
Part2747.CFrame = CFrame.new(2428.88965, 245.898254, 3230.33447, -0.755430579, 0.317493111, -0.573175907, 0.440300316, 0.893796504, -0.0852107704, 0.485249162, -0.316739887, -0.814991951)
Part2747.Orientation = Vector3.new(4.889999866485596, -144.8800048828125, 26.229999542236328)
Part2747.Position = Vector3.new(2428.8896484375, 245.89825439453125, 3230.33447265625)
Part2747.Rotation = Vector3.new(174.02999877929688, -34.970001220703125, -157.1999969482422)
Part2747.Transparency = 1
Part2747.Size = Vector3.new(1.3500009775161743, 22.749998092651367, 1.5)
Part2747.Anchored = true
Part2747.Material = Enum.Material.Fabric
Part2748.Name = "Tree_Collision"
Part2748.Parent = Model2734
Part2748.CFrame = CFrame.new(2404.52368, 253.115143, 3254.51367, -0.856379509, 0.198657572, -0.476610273, 0.0562364906, 0.953419685, 0.296354443, 0.513283014, 0.226988792, -0.82765907)
Part2748.Orientation = Vector3.new(-17.239999771118164, -150.05999755859375, 3.380000114440918)
Part2748.Position = Vector3.new(2404.523681640625, 253.11514282226562, 3254.513671875)
Part2748.Rotation = Vector3.new(-160.3000030517578, -28.459999084472656, -166.94000244140625)
Part2748.Transparency = 1
Part2748.Size = Vector3.new(1.3500009775161743, 23.749998092651367, 1.5)
Part2748.Anchored = true
Part2748.Material = Enum.Material.Fabric
Part2749.Name = "Tree_Collision"
Part2749.Parent = Model2734
Part2749.CFrame = CFrame.new(2391.91162, 253.946411, 3248.96851, -0.855209768, 0.0745192021, -0.512904406, 0.0736493543, 0.99703908, 0.0220591165, 0.513029814, -0.0189095493, -0.858164191)
Part2749.Orientation = Vector3.new(-1.2599999904632568, -149.1300048828125, 4.21999979019165)
Part2749.Position = Vector3.new(2391.91162109375, 253.9464111328125, 3248.968505859375)
Part2749.Rotation = Vector3.new(-178.52999877929688, -30.860000610351562, -175.02000427246094)
Part2749.Transparency = 1
Part2749.Size = Vector3.new(1.3500009775161743, 23.749998092651367, 1.5)
Part2749.Anchored = true
Part2749.Material = Enum.Material.Fabric
Part2750.Name = "Tree_Collision"
Part2750.Parent = Model2734
Part2750.CFrame = CFrame.new(2427.323, 244.432587, 3214.44019, -0.788578868, 0.285336196, -0.544733465, 0.344067335, 0.938922882, -0.00626776833, 0.50967443, -0.192367271, -0.838587821)
Part2750.Orientation = Vector3.new(0.36000001430511475, -146.99000549316406, 20.1299991607666)
Part2750.Position = Vector3.new(2427.322998046875, 244.43258666992188, 3214.440185546875)
Part2750.Rotation = Vector3.new(179.57000732421875, -33.0099983215332, -160.11000061035156)
Part2750.Transparency = 1
Part2750.Size = Vector3.new(1.3500009775161743, 22.749998092651367, 1.5)
Part2750.Anchored = true
Part2750.Material = Enum.Material.Fabric
Model2751.Name = "茂み"
Model2751.Parent = Folder0
Part2752.Name = "TreeMesh Bottom"
Part2752.Parent = Model2751
Part2752.CFrame = CFrame.new(2155.01196, 240.254211, 3112.7793, 0.60699141, 0.156489655, -0.779153585, -0.0405459031, 0.985240698, 0.166296184, 0.793675482, -0.0693485588, 0.604377747)
Part2752.Orientation = Vector3.new(-9.569999694824219, -52.20000076293945, -2.359999895095825)
Part2752.Position = Vector3.new(2155.011962890625, 240.25421142578125, 3112.779296875)
Part2752.Rotation = Vector3.new(-15.380000114440918, -51.18000030517578, -14.460000038146973)
Part2752.Size = Vector3.new(8.250000953674316, 0.2499980926513672, 7)
Part2752.Anchored = true
Part2752.CanCollide = false
Part2752.Material = Enum.Material.Fabric
SpecialMesh2753.Name = "BarkMesh"
SpecialMesh2753.Parent = Part2752
SpecialMesh2753.MeshId = "rbxassetid://623621260"
SpecialMesh2753.Offset = Vector3.new(0, 3.4100000858306885, 0)
SpecialMesh2753.TextureId = "rbxassetid://623618671"
SpecialMesh2753.MeshType = Enum.MeshType.FileMesh
Part2754.Name = "TreeMeshTop"
Part2754.Parent = Model2751
Part2754.CFrame = CFrame.new(2159.72974, 269.949402, 3110.68726, 0.60699141, 0.156489655, -0.779153585, -0.0405459031, 0.985240698, 0.166296184, 0.793675482, -0.0693485588, 0.604377747)
Part2754.Orientation = Vector3.new(-9.569999694824219, -52.20000076293945, -2.359999895095825)
Part2754.Position = Vector3.new(2159.729736328125, 269.94940185546875, 3110.687255859375)
Part2754.Rotation = Vector3.new(-15.380000114440918, -51.18000030517578, -14.460000038146973)
Part2754.Transparency = 0.05000000074505806
Part2754.Size = Vector3.new(8.250000953674316, 0.2499980926513672, 7)
Part2754.Anchored = true
Part2754.CanCollide = false
Part2754.Material = Enum.Material.Fabric
SpecialMesh2755.Name = "TopTreeMesh"
SpecialMesh2755.Parent = Part2754
SpecialMesh2755.MeshId = "rbxassetid://623621456"
SpecialMesh2755.Offset = Vector3.new(0, 3.4100000858306885, 0)
SpecialMesh2755.Scale = Vector3.new(1.600000023841858, 1.600000023841858, 1.600000023841858)
SpecialMesh2755.TextureId = "rbxassetid://745556120"
SpecialMesh2755.MeshType = Enum.MeshType.FileMesh
Part2756.Name = "Tree_Collision"
Part2756.Parent = Model2751
Part2756.CFrame = CFrame.new(2152.35864, 254.067963, 3113.70215, 0.615485728, 0.0182754621, -0.787940919, 0.05570421, 0.996221066, 0.0666202828, 0.786179185, -0.084894985, 0.612142026)
Part2756.Orientation = Vector3.new(-3.819999933242798, -52.15999984741211, 3.200000047683716)
Part2756.Position = Vector3.new(2152.358642578125, 254.06796264648438, 3113.7021484375)
Part2756.Rotation = Vector3.new(-6.210000038146973, -51.9900016784668, -1.7000000476837158)
Part2756.Transparency = 1
Part2756.Size = Vector3.new(1.3500009775161743, 26.749998092651367, 1.5)
Part2756.Anchored = true
Part2756.Material = Enum.Material.Fabric
Part2757.Name = "Tree_Collision"
Part2757.Parent = Model2751
Part2757.CFrame = CFrame.new(2148.54175, 254.343597, 3123.48804, 0.493475944, 0.262883395, -0.829084873, -0.328061372, 0.939078152, 0.102497377, 0.805518568, 0.221410453, 0.549654424)
Part2757.Orientation = Vector3.new(-5.880000114440918, -56.459999084472656, -19.260000228881836)
Part2757.Position = Vector3.new(2148.541748046875, 254.34359741210938, 3123.488037109375)
Part2757.Rotation = Vector3.new(-10.5600004196167, -56, -28.049999237060547)
Part2757.Transparency = 1
Part2757.Size = Vector3.new(1.3500009775161743, 23.749998092651367, 1.5)
Part2757.Anchored = true
Part2757.Material = Enum.Material.Fabric
Part2758.Name = "Tree_Collision"
Part2758.Parent = Model2751
Part2758.CFrame = CFrame.new(2144.67627, 254.693695, 3098.51636, 0.615710855, -0.0474521928, -0.786547005, 0.0730813891, 0.997320354, -0.00295815617, 0.784577906, -0.0556600392, 0.617528975)
Part2758.Orientation = Vector3.new(0.17000000178813934, -51.86000061035156, 4.190000057220459)
Part2758.Position = Vector3.new(2144.67626953125, 254.69369506835938, 3098.516357421875)
Part2758.Rotation = Vector3.new(0.27000001072883606, -51.86000061035156, 4.409999847412109)
Part2758.Transparency = 1
Part2758.Size = Vector3.new(1.3500009775161743, 26.749998092651367, 1.5)
Part2758.Anchored = true
Part2758.Material = Enum.Material.Fabric
Part2759.Name = "Tree_Collision"
Part2759.Parent = Model2751
Part2759.CFrame = CFrame.new(2186.64819, 248.727905, 3133.98877, 0.603608966, 0.360299706, -0.71122998, -0.0512076542, 0.907740653, 0.416392207, 0.795636415, -0.214917406, 0.566370845)
Part2759.Orientation = Vector3.new(-24.610000610351562, -51.470001220703125, -3.2300000190734863)
Part2759.Position = Vector3.new(2186.648193359375, 248.7279052734375, 3133.98876953125)
Part2759.Rotation = Vector3.new(-36.31999969482422, -45.34000015258789, -30.829999923706055)
Part2759.Transparency = 1
Part2759.Size = Vector3.new(1.3500009775161743, 23.749998092651367, 1.5)
Part2759.Anchored = true
Part2759.Material = Enum.Material.Fabric
Part2760.Name = "Tree_Collision"
Part2760.Parent = Model2751
Part2760.CFrame = CFrame.new(2162.16577, 251.276276, 3098.14331, 0.645834863, 0.183785468, -0.741031766, 0.166597366, 0.913279951, 0.371702373, 0.745081365, -0.363511592, 0.559210122)
Part2760.Orientation = Vector3.new(-21.81999969482422, -52.959999084472656, 10.34000015258789)
Part2760.Position = Vector3.new(2162.165771484375, 251.27627563476562, 3098.143310546875)
Part2760.Rotation = Vector3.new(-33.61000061035156, -47.81999969482422, -15.880000114440918)
Part2760.Transparency = 1
Part2760.Size = Vector3.new(1.3500009775161743, 26.749998092651367, 1.5)
Part2760.Anchored = true
Part2760.Material = Enum.Material.Fabric
Part2761.Name = "Tree_Collision"
Part2761.Parent = Model2751
Part2761.CFrame = CFrame.new(2135.92529, 255.563416, 3117.63159, 0.530563056, -0.154005229, -0.833542526, 0.0648735315, 0.987849176, -0.141220286, 0.845161259, 0.0208519492, 0.534107149)
Part2761.Orientation = Vector3.new(8.119999885559082, -57.349998474121094, 3.759999990463257)
Part2761.Position = Vector3.new(2135.92529296875, 255.56341552734375, 3117.631591796875)
Part2761.Rotation = Vector3.new(14.8100004196167, -56.459999084472656, 16.190000534057617)
Part2761.Transparency = 1
Part2761.Size = Vector3.new(1.3500009775161743, 22.749998092651367, 1.5)
Part2761.Anchored = true
Part2761.Material = Enum.Material.Fabric
Part2762.Name = "Tree_Collision"
Part2762.Parent = Model2751
Part2762.CFrame = CFrame.new(2166.84033, 252.816437, 3135.7771, 0.539813042, 0.278743029, -0.794299722, -0.192578122, 0.959451854, 0.2058236, 0.819462419, 0.0418584943, 0.571604669)
Part2762.Orientation = Vector3.new(-11.880000114440918, -54.2599983215332, -11.350000381469727)
Part2762.Position = Vector3.new(2166.84033203125, 252.81643676757812, 3135.777099609375)
Part2762.Rotation = Vector3.new(-19.799999237060547, -52.59000015258789, -27.309999465942383)
Part2762.Transparency = 1
Part2762.Size = Vector3.new(1.3500009775161743, 23.749998092651367, 1.5)
Part2762.Anchored = true
Part2762.Material = Enum.Material.Fabric
Part2763.Name = "Tree_Collision"
Part2763.Parent = Model2751
Part2763.CFrame = CFrame.new(2169.67188, 251.352539, 3150.5061, 0.587769687, 0.133592725, -0.79792726, -0.206742048, 0.97832644, 0.0115072411, 0.782168865, 0.158201501, 0.602649987)
Part2763.Orientation = Vector3.new(-0.6600000262260437, -52.939998626708984, -11.930000305175781)
Part2763.Position = Vector3.new(2169.671875, 251.3525390625, 3150.506103515625)
Part2763.Rotation = Vector3.new(-1.090000033378601, -52.93000030517578, -12.8100004196167)
Part2763.Transparency = 1
Part2763.Size = Vector3.new(1.3500009775161743, 20.749998092651367, 1.5)
Part2763.Anchored = true
Part2763.Material = Enum.Material.Fabric
Part2764.Name = "Tree_Collision"
Part2764.Parent = Model2751
Part2764.CFrame = CFrame.new(2148.35718, 250.652832, 3079.11304, 0.622187316, -0.0757675171, -0.779198468, 0.22590676, 0.970341206, 0.0860336572, 0.749568045, -0.229554415, 0.620850444)
Part2764.Orientation = Vector3.new(-4.940000057220459, -51.45000076293945, 13.109999656677246)
Part2764.Position = Vector3.new(2148.357177734375, 250.65283203125, 3079.113037109375)
Part2764.Rotation = Vector3.new(-7.889999866485596, -51.189998626708984, 6.940000057220459)
Part2764.Transparency = 1
Part2764.Size = Vector3.new(1.3500009775161743, 22.749998092651367, 1.5)
Part2764.Anchored = true
Part2764.Material = Enum.Material.Fabric
Part2765.Name = "Tree_Collision"
Part2765.Parent = Model2751
Part2765.CFrame = CFrame.new(2174.71631, 248.953888, 3102.19385, 0.54921174, 0.468624145, -0.691929042, -0.15897727, 0.871441841, 0.464018315, 0.820424259, -0.144843325, 0.553106844)
Part2765.Orientation = Vector3.new(-27.649999618530273, -51.36000061035156, -10.34000015258789)
Part2765.Position = Vector3.new(2174.71630859375, 248.95388793945312, 3102.19384765625)
Part2765.Rotation = Vector3.new(-39.9900016784668, -43.779998779296875, -40.470001220703125)
Part2765.Transparency = 1
Part2765.Size = Vector3.new(1.3500009775161743, 23.749998092651367, 1.5)
Part2765.Anchored = true
Part2765.Material = Enum.Material.Fabric
Part2766.Name = "Tree_Collision"
Part2766.Parent = Model2751
Part2766.CFrame = CFrame.new(2170.21313, 250.125397, 3115.18799, 0.553660631, 0.250110209, -0.79430002, -0.142100066, 0.968215525, 0.205824912, 0.820530772, -0.00108694844, 0.571603656)
Part2766.Orientation = Vector3.new(-11.880000114440918, -54.2599983215332, -8.350000381469727)
Part2766.Position = Vector3.new(2170.213134765625, 250.12539672851562, 3115.18798828125)
Part2766.Rotation = Vector3.new(-19.799999237060547, -52.59000015258789, -24.309999465942383)
Part2766.Transparency = 1
Part2766.Size = Vector3.new(1.3500009775161743, 23.749998092651367, 1.5)
Part2766.Anchored = true
Part2766.Material = Enum.Material.Fabric
Part2767.Name = "Tree_Collision"
Part2767.Parent = Model2751
Part2767.CFrame = CFrame.new(2132.75879, 253.365631, 3081.6709, 0.620996892, 0.0575771667, -0.781700432, 0.124115422, 0.977490962, 0.170599639, 0.773926079, -0.202962309, 0.599872887)
Part2767.Orientation = Vector3.new(-9.819999694824219, -52.5, 7.239999771118164)
Part2767.Position = Vector3.new(2132.7587890625, 253.36563110351562, 3081.6708984375)
Part2767.Rotation = Vector3.new(-15.880000114440918, -51.41999816894531, -5.300000190734863)
Part2767.Transparency = 1
Part2767.Size = Vector3.new(1.3500009775161743, 22.749998092651367, 1.5)
Part2767.Anchored = true
Part2767.Material = Enum.Material.Fabric
Model2768.Name = "茂み"
Model2768.Parent = Folder0
Part2769.Name = "TreeMesh Bottom"
Part2769.Parent = Model2768
Part2769.CFrame = CFrame.new(2092.30371, 249.809448, 3057.87305, -0.599820673, 0.201297, 0.774404705, 0.0798964351, 0.978066564, -0.19235377, -0.79613781, -0.053505376, -0.6027475)
Part2769.Orientation = Vector3.new(11.09000015258789, 127.88999938964844, 4.670000076293945)
Part2769.Position = Vector3.new(2092.3037109375, 249.8094482421875, 3057.873046875)
Part2769.Rotation = Vector3.new(162.3000030517578, 50.75, -161.4499969482422)
Part2769.Size = Vector3.new(8.250000953674316, 0.2499980926513672, 7)
Part2769.Anchored = true
Part2769.CanCollide = false
Part2769.Material = Enum.Material.Fabric
SpecialMesh2770.Name = "BarkMesh"
SpecialMesh2770.Parent = Part2769
SpecialMesh2770.MeshId = "rbxassetid://623621260"
SpecialMesh2770.Offset = Vector3.new(0, 3.4100000858306885, 0)
SpecialMesh2770.TextureId = "rbxassetid://623618671"
SpecialMesh2770.MeshType = Enum.MeshType.FileMesh
Part2771.Name = "TreeMeshTop"
Part2771.Parent = Model2768
Part2771.CFrame = CFrame.new(2098.37134, 279.288696, 3056.26099, -0.599820673, 0.201297, 0.774404705, 0.0798964351, 0.978066564, -0.19235377, -0.79613781, -0.053505376, -0.6027475)
Part2771.Orientation = Vector3.new(11.09000015258789, 127.88999938964844, 4.670000076293945)
Part2771.Position = Vector3.new(2098.371337890625, 279.2886962890625, 3056.260986328125)
Part2771.Rotation = Vector3.new(162.3000030517578, 50.75, -161.4499969482422)
Part2771.Transparency = 0.05000000074505806
Part2771.Size = Vector3.new(8.250000953674316, 0.2499980926513672, 7)
Part2771.Anchored = true
Part2771.CanCollide = false
Part2771.Material = Enum.Material.Fabric
SpecialMesh2772.Name = "TopTreeMesh"
SpecialMesh2772.Parent = Part2771
SpecialMesh2772.MeshId = "rbxassetid://623621456"
SpecialMesh2772.Offset = Vector3.new(0, 3.4100000858306885, 0)
SpecialMesh2772.Scale = Vector3.new(1.600000023841858, 1.600000023841858, 1.600000023841858)
SpecialMesh2772.TextureId = "rbxassetid://745556120"
SpecialMesh2772.MeshType = Enum.MeshType.FileMesh
Part2773.Name = "Tree_Collision"
Part2773.Parent = Model2768
