Part1760.Name = "Tree_Collision"
Part1760.Parent = Model1748
Part1760.CFrame = CFrame.new(1878.50806, 256.522308, 2776.66309, -0.845681489, -0.0128124077, -0.533543646, 0.0789022222, 0.985728323, -0.148732021, 0.52783227, -0.167876661, -0.832595468)
Part1760.Orientation = Vector3.new(8.550000190734863, -147.35000610351562, 4.579999923706055)
Part1760.Position = Vector3.new(1878.508056640625, 256.5223083496094, 2776.6630859375)
Part1760.Rotation = Vector3.new(169.8699951171875, -32.25, 179.1300048828125)
Part1760.Transparency = 1
Part1760.Size = Vector3.new(1.3500009775161743, 20.749998092651367, 1.5)
Part1760.Anchored = true
Part1760.Material = Enum.Material.Fabric
Part1761.Name = "Tree_Collision"
Part1761.Parent = Model1748
Part1761.CFrame = CFrame.new(1950.27954, 240.395355, 2764.80981, -0.748517871, 0.383185387, -0.541202366, 0.494376719, 0.866402984, -0.0703179538, 0.441952527, -0.320190519, -0.83795023)
Part1761.Orientation = Vector3.new(4.03000020980835, -147.13999938964844, 29.709999084472656)
Part1761.Position = Vector3.new(1950.279541015625, 240.39535522460938, 2764.809814453125)
Part1761.Rotation = Vector3.new(175.1999969482422, -32.77000045776367, -152.88999938964844)
Part1761.Transparency = 1
Part1761.Size = Vector3.new(1.3500009775161743, 22.749998092651367, 1.5)
Part1761.Anchored = true
Part1761.Material = Enum.Material.Fabric
Part1762.Name = "Tree_Collision"
Part1762.Parent = Model1748
Part1762.CFrame = CFrame.new(1925.35327, 249.564178, 2787.72314, -0.873088479, 0.244530335, -0.42181915, 0.117559753, 0.945198178, 0.304609627, 0.473187, 0.216360629, -0.853982866)
Part1762.Orientation = Vector3.new(-17.729999542236328, -153.7100067138672, 7.090000152587891)
Part1762.Position = Vector3.new(1925.353271484375, 249.56417846679688, 2787.72314453125)
Part1762.Rotation = Vector3.new(-160.3699951171875, -24.950000762939453, -164.35000610351562)
Part1762.Transparency = 1
Part1762.Size = Vector3.new(1.3500009775161743, 23.749998092651367, 1.5)
Part1762.Anchored = true
Part1762.Material = Enum.Material.Fabric
Part1763.Name = "Tree_Collision"
Part1763.Parent = Model1748
Part1763.CFrame = CFrame.new(1913.06628, 250.999908, 2781.60303, -0.870883286, 0.134000584, -0.472880691, 0.134864971, 0.9903422, 0.0322606415, 0.472634673, -0.0356797203, -0.880538404)
Part1763.Orientation = Vector3.new(-1.850000023841858, -151.75999450683594, 7.75)
Part1763.Position = Vector3.new(1913.0662841796875, 250.99990844726562, 2781.60302734375)
Part1763.Rotation = Vector3.new(-177.89999389648438, -28.219999313354492, -171.25)
Part1763.Transparency = 1
Part1763.Size = Vector3.new(1.3500009775161743, 23.749998092651367, 1.5)
Part1763.Anchored = true
Part1763.Material = Enum.Material.Fabric
Part1764.Name = "Tree_Collision"
Part1764.Parent = Model1748
Part1764.CFrame = CFrame.new(1949.32227, 238.661438, 2748.89429, -0.788320422, 0.34836784, -0.507149577, 0.400812417, 0.916142464, 0.00628318638, 0.466807932, -0.198317856, -0.861838102)
Part1764.Orientation = Vector3.new(-0.36000001430511475, -149.52999877929688, 23.6299991607666)
Part1764.Position = Vector3.new(1949.322265625, 238.66143798828125, 2748.894287109375)
Part1764.Rotation = Vector3.new(-179.5800018310547, -30.469999313354492, -156.16000366210938)
Part1764.Transparency = 1
Part1764.Size = Vector3.new(1.3500009775161743, 22.749998092651367, 1.5)
Part1764.Anchored = true
Part1764.Material = Enum.Material.Fabric
Model1765.Name = "??"
Model1765.Parent = Folder0
Part1766.Name = "TreeMesh Bottom"
Part1766.Parent = Model1765
Part1766.CFrame = CFrame.new(3053.86377, 227.009094, 2452.37158, 0.839997649, -0.0238344036, 0.54206723, 0.0216940567, 0.999711812, 0.010338746, -0.542158067, 0.00307510793, 0.840271533)
Part1766.Orientation = Vector3.new(-0.5899999737739563, 32.83000183105469, 1.2400000095367432)
Part1766.Position = Vector3.new(3053.86376953125, 227.00909423828125, 2452.37158203125)
Part1766.Rotation = Vector3.new(-0.699999988079071, 32.81999969482422, 1.6299999952316284)
Part1766.Size = Vector3.new(8.250000953674316, 0.2499980926513672, 7)
Part1766.Anchored = true
Part1766.CanCollide = false
Part1766.Material = Enum.Material.Fabric
SpecialMesh1767.Name = "BarkMesh"
SpecialMesh1767.Parent = Part1766
SpecialMesh1767.MeshId = "rbxassetid://623621260"
SpecialMesh1767.Offset = Vector3.new(0, 3.4100000858306885, 0)
SpecialMesh1767.TextureId = "rbxassetid://623618671"
SpecialMesh1767.MeshType = Enum.MeshType.FileMesh
Part1768.Name = "TreeMeshTop"
Part1768.Parent = Model1765
Part1768.CFrame = CFrame.new(3053.14404, 257.140289, 2452.46411, 0.839997649, -0.0238344036, 0.54206723, 0.0216940567, 0.999711812, 0.010338746, -0.542158067, 0.00307510793, 0.840271533)
Part1768.Orientation = Vector3.new(-0.5899999737739563, 32.83000183105469, 1.2400000095367432)
Part1768.Position = Vector3.new(3053.14404296875, 257.1402893066406, 2452.464111328125)
Part1768.Rotation = Vector3.new(-0.699999988079071, 32.81999969482422, 1.6299999952316284)
Part1768.Transparency = 0.05000000074505806
Part1768.Size = Vector3.new(8.250000953674316, 0.2499980926513672, 7)
Part1768.Anchored = true
Part1768.CanCollide = false
Part1768.Material = Enum.Material.Fabric
SpecialMesh1769.Name = "TopTreeMesh"
SpecialMesh1769.Parent = Part1768
SpecialMesh1769.MeshId = "rbxassetid://623621456"
SpecialMesh1769.Offset = Vector3.new(0, 3.4100000858306885, 0)
SpecialMesh1769.Scale = Vector3.new(1.600000023841858, 1.600000023841858, 1.600000023841858)
SpecialMesh1769.TextureId = "rbxassetid://745556120"
SpecialMesh1769.MeshType = Enum.MeshType.FileMesh
Part1770.Name = "Tree_Collision"
Part1770.Parent = Model1765
Part1770.CFrame = CFrame.new(3055.01123, 240.155518, 2457.32886, 0.836381912, -0.0505405627, 0.545813203, 0.11829298, 0.988919735, -0.0896970853, -0.535232782, 0.139586821, 0.833092034)
Part1770.Orientation = Vector3.new(5.150000095367432, 33.22999954223633, 6.820000171661377)
Part1770.Position = Vector3.new(3055.01123046875, 240.155517578125, 2457.328857421875)
Part1770.Rotation = Vector3.new(6.150000095367432, 33.08000183105469, 3.4600000381469727)
Part1770.Transparency = 1
Part1770.Size = Vector3.new(1.3500009775161743, 26.749998092651367, 1.5)
Part1770.Anchored = true
Part1770.Material = Enum.Material.Fabric
Part1771.Name = "Tree_Collision"
Part1771.Parent = Model1765
Part1771.CFrame = CFrame.new(3064.44653, 239.361725, 2461.88403, 0.832907975, 0.27315852, 0.481300801, -0.280623674, 0.958058119, -0.0581102371, -0.476988643, -0.0866644531, 0.874627292)
Part1771.Orientation = Vector3.new(3.3299999237060547, 28.81999969482422, -16.329999923706055)
Part1771.Position = Vector3.new(3064.446533203125, 239.36172485351562, 2461.884033203125)
Part1771.Rotation = Vector3.new(3.799999952316284, 28.770000457763672, -18.15999984741211)
Part1771.Transparency = 1
Part1771.Size = Vector3.new(1.3500009775161743, 23.749998092651367, 1.5)
Part1771.Anchored = true
Part1771.Material = Enum.Material.Fabric
Part1772.Name = "Tree_Collision"
Part1772.Parent = Model1765
Part1772.CFrame = CFrame.new(3039.26367, 240.227692, 2463.81079, 0.83537215, -0.026895754, 0.549027264, 0.135533974, 0.978043854, -0.158309698, -0.532715559, 0.206659272, 0.820674896)
Part1772.Orientation = Vector3.new(9.109999656677246, 33.779998779296875, 7.889999866485596)
Part1772.Position = Vector3.new(3039.263671875, 240.22769165039062, 2463.810791015625)
Part1772.Rotation = Vector3.new(10.920000076293945, 33.29999923706055, 1.840000033378601)
Part1772.Transparency = 1
Part1772.Size = Vector3.new(1.3500009775161743, 26.749998092651367, 1.5)
Part1772.Anchored = true
Part1772.Material = Enum.Material.Fabric
Part1773.Name = "Tree_Collision"
Part1773.Parent = Model1765
Part1773.CFrame = CFrame.new(3077.91504, 239.500519, 2424.30151, 0.841320395, -0.154263332, 0.518058598, 0.0105469953, 0.96291554, 0.269600153, -0.5404374, -0.221355632, 0.811745584)
Part1773.Orientation = Vector3.new(-15.640000343322754, 32.54999923706055, 0.6299999952316284)
Part1773.Position = Vector3.new(3077.9150390625, 239.50051879882812, 2424.301513671875)
Part1773.Rotation = Vector3.new(-18.3700008392334, 31.200000762939453, 10.390000343322754)
Part1773.Transparency = 1
Part1773.Size = Vector3.new(1.3500009775161743, 23.749998092651367, 1.5)
Part1773.Anchored = true
Part1773.Material = Enum.Material.Fabric
Part1774.Name = "Tree_Collision"
Part1774.Parent = Model1765
Part1774.CFrame = CFrame.new(3040.24609, 239.701233, 2446.02197, 0.801608801, -0.316865385, 0.506973028, 0.23439987, 0.946674049, 0.221058667, -0.54998517, -0.058367461, 0.833133519)
Part1774.Orientation = Vector3.new(-12.770000457763672, 31.31999969482422, 13.90999984741211)
Part1774.Position = Vector3.new(3040.24609375, 239.70123291015625, 2446.02197265625)
Part1774.Rotation = Vector3.new(-14.859999656677246, 30.459999084472656, 21.56999969482422)
Part1774.Transparency = 1
Part1774.Size = Vector3.new(1.3500009775161743, 26.749998092651367, 1.5)
Part1774.Anchored = true
Part1774.Material = Enum.Material.Fabric
Part1775.Name = "Tree_Collision"
Part1775.Parent = Model1765
Part1775.CFrame = CFrame.new(3057.59668, 238.794647, 2474.03784, 0.888307989, 0.0400689468, 0.457497835, 0.110907964, 0.947983742, -0.298373848, -0.445657045, 0.315787822, 0.837656915)
Part1775.Orientation = Vector3.new(17.360000610351562, 28.639999389648438, 6.670000076293945)
Part1775.Position = Vector3.new(3057.5966796875, 238.79464721679688, 2474.037841796875)
Part1775.Rotation = Vector3.new(19.610000610351562, 27.229999542236328, -2.5799999237060547)
Part1775.Transparency = 1
Part1775.Size = Vector3.new(1.3500009775161743, 22.749998092651367, 1.5)
Part1775.Anchored = true
Part1775.Material = Enum.Material.Fabric
Part1776.Name = "Tree_Collision"
Part1776.Parent = Model1765
Part1776.CFrame = CFrame.new(3078.1687, 240.248871, 2444.58984, 0.85509479, 0.0963252783, 0.509445786, -0.140215799, 0.988939703, 0.0483617485, -0.499153674, -0.112786382, 0.859142721)
Part1776.Orientation = Vector3.new(-2.7699999809265137, 30.670000076293945, -8.069999694824219)
Part1776.Position = Vector3.new(3078.168701171875, 240.24887084960938, 2444.58984375)
Part1776.Rotation = Vector3.new(-3.2200000286102295, 30.6299991607666, -6.429999828338623)
Part1776.Transparency = 1
Part1776.Size = Vector3.new(1.3500009775161743, 23.749998092651367, 1.5)
Part1776.Anchored = true
Part1776.Material = Enum.Material.Fabric
Part1777.Name = "Tree_Collision"
Part1777.Parent = Model1765
Part1777.CFrame = CFrame.new(3093.02808, 238.58783, 2442.70312, 0.821509123, 0.200650588, 0.533726454, -0.144720942, 0.978760958, -0.145205155, -0.551527262, 0.0420454741, 0.833097577)
Part1777.Orientation = Vector3.new(8.350000381469727, 32.650001525878906, -8.40999984741211)
Part1777.Position = Vector3.new(3093.028076171875, 238.58782958984375, 2442.703125)
Part1777.Rotation = Vector3.new(9.890000343322754, 32.2599983215332, -13.729999542236328)
Part1777.Transparency = 1
Part1777.Size = Vector3.new(1.3500009775161743, 20.749998092651367, 1.5)
Part1777.Anchored = true
Part1777.Material = Enum.Material.Fabric
Part1778.Name = "Tree_Collision"
Part1778.Parent = Model1765
Part1778.CFrame = CFrame.new(3020.11548, 237.728821, 2458.02539, 0.806028903, -0.203337371, 0.55585289, 0.288840801, 0.954848349, -0.0695469603, -0.516614377, 0.21660994, 0.82836622)
Part1778.Orientation = Vector3.new(3.990000009536743, 33.86000061035156, 16.829999923706055)
Part1778.Position = Vector3.new(3020.115478515625, 237.72882080078125, 2458.025390625)
Part1778.Rotation = Vector3.new(4.800000190734863, 33.77000045776367, 14.15999984741211)
Part1778.Transparency = 1
Part1778.Size = Vector3.new(1.3500009775161743, 22.749998092651367, 1.5)
Part1778.Anchored = true
Part1778.Material = Enum.Material.Fabric
Part1779.Name = "Tree_Collision"
Part1779.Parent = Model1765
Part1779.CFrame = CFrame.new(3045.25635, 239.253845, 2433.61255, 0.857936084, -0.0765797049, 0.508018732, -0.105617926, 0.941418946, 0.320276678, -0.502786398, -0.328432411, 0.79958725)
Part1779.Orientation = Vector3.new(-18.68000030517578, 32.43000030517578, -6.400000095367432)
Part1779.Position = Vector3.new(3045.25634765625, 239.25384521484375, 2433.612548828125)
Part1779.Rotation = Vector3.new(-21.829999923706055, 30.530000686645508, 5.099999904632568)
Part1779.Transparency = 1
Part1779.Size = Vector3.new(1.3500009775161743, 23.749998092651367, 1.5)
Part1779.Anchored = true
Part1779.Material = Enum.Material.Fabric
Part1780.Name = "Tree_Collision"
Part1780.Parent = Model1765
Part1780.CFrame = CFrame.new(3057.85815, 239.085205, 2439.23804, 0.858964741, 0.0514408872, 0.509445012, -0.0882668048, 0.994922698, 0.0483626798, -0.504371285, -0.0865089968, 0.859142959)
Part1780.Orientation = Vector3.new(-2.7699999809265137, 30.670000076293945, -5.070000171661377)
Part1780.Position = Vector3.new(3057.858154296875, 239.085205078125, 2439.238037109375)
Part1780.Rotation = Vector3.new(-3.2200000286102295, 30.6299991607666, -3.430000066757202)
Part1780.Transparency = 1
Part1780.Size = Vector3.new(1.3500009775161743, 23.749998092651367, 1.5)
Part1780.Anchored = true
Part1780.Material = Enum.Material.Fabric
Part1781.Name = "Tree_Collision"
Part1781.Parent = Model1765
Part1781.CFrame = CFrame.new(3021.44556, 237.765564, 2474.0083, 0.826869845, -0.165447891, 0.537507534, 0.187185898, 0.982219875, 0.0143766403, -0.530329883, 0.0887263715, 0.843136489)
Part1781.Orientation = Vector3.new(-0.8199999928474426, 32.52000045776367, 10.789999961853027)
Part1781.Position = Vector3.new(3021.445556640625, 237.76556396484375, 2474.00830078125)
Part1781.Rotation = Vector3.new(-0.9800000190734863, 32.5099983215332, 11.3100004196167)
Part1781.Transparency = 1
Part1781.Size = Vector3.new(1.3500009775161743, 22.749998092651367, 1.5)
Part1781.Anchored = true
Part1781.Material = Enum.Material.Fabric
Model1782.Name = "??"
Model1782.Parent = Folder0
Part1783.Name = "TreeMesh Bottom"
Part1783.Parent = Model1782
Part1783.CFrame = CFrame.new(2808.86377, 268.009094, 2867.37158, 0.839997649, -0.0238344036, 0.54206723, 0.0216940567, 0.999711812, 0.010338746, -0.542158067, 0.00307510793, 0.840271533)
Part1783.Orientation = Vector3.new(-0.5899999737739563, 32.83000183105469, 1.2400000095367432)
Part1783.Position = Vector3.new(2808.86376953125, 268.00909423828125, 2867.37158203125)
Part1783.Rotation = Vector3.new(-0.699999988079071, 32.81999969482422, 1.6299999952316284)
Part1783.Size = Vector3.new(8.250000953674316, 0.2499980926513672, 7)
Part1783.Anchored = true
Part1783.CanCollide = false
Part1783.Material = Enum.Material.Fabric
SpecialMesh1784.Name = "BarkMesh"
SpecialMesh1784.Parent = Part1783
SpecialMesh1784.MeshId = "rbxassetid://623621260"
SpecialMesh1784.Offset = Vector3.new(0, 3.4100000858306885, 0)
SpecialMesh1784.TextureId = "rbxassetid://623618671"
SpecialMesh1784.MeshType = Enum.MeshType.FileMesh
Part1785.Name = "TreeMeshTop"
Part1785.Parent = Model1782
Part1785.CFrame = CFrame.new(2808.14404, 298.140289, 2867.46411, 0.839997649, -0.0238344036, 0.54206723, 0.0216940567, 0.999711812, 0.010338746, -0.542158067, 0.00307510793, 0.840271533)
Part1785.Orientation = Vector3.new(-0.5899999737739563, 32.83000183105469, 1.2400000095367432)
Part1785.Position = Vector3.new(2808.14404296875, 298.1402893066406, 2867.464111328125)
Part1785.Rotation = Vector3.new(-0.699999988079071, 32.81999969482422, 1.6299999952316284)
Part1785.Transparency = 0.05000000074505806
Part1785.Size = Vector3.new(8.250000953674316, 0.2499980926513672, 7)
Part1785.Anchored = true
Part1785.CanCollide = false
Part1785.Material = Enum.Material.Fabric
SpecialMesh1786.Name = "TopTreeMesh"
SpecialMesh1786.Parent = Part1785
SpecialMesh1786.MeshId = "rbxassetid://623621456"
SpecialMesh1786.Offset = Vector3.new(0, 3.4100000858306885, 0)
SpecialMesh1786.Scale = Vector3.new(1.600000023841858, 1.600000023841858, 1.600000023841858)
SpecialMesh1786.TextureId = "rbxassetid://745556120"
SpecialMesh1786.MeshType = Enum.MeshType.FileMesh
Part1787.Name = "Tree_Collision"
Part1787.Parent = Model1782
Part1787.CFrame = CFrame.new(2810.01123, 281.155518, 2872.32886, 0.836381912, -0.0505405627, 0.545813203, 0.11829298, 0.988919735, -0.0896970853, -0.535232782, 0.139586821, 0.833092034)
Part1787.Orientation = Vector3.new(5.150000095367432, 33.22999954223633, 6.820000171661377)
Part1787.Position = Vector3.new(2810.01123046875, 281.155517578125, 2872.328857421875)
Part1787.Rotation = Vector3.new(6.150000095367432, 33.08000183105469, 3.4600000381469727)
Part1787.Transparency = 1
Part1787.Size = Vector3.new(1.3500009775161743, 26.749998092651367, 1.5)
Part1787.Anchored = true
Part1787.Material = Enum.Material.Fabric
Part1788.Name = "Tree_Collision"
Part1788.Parent = Model1782
Part1788.CFrame = CFrame.new(2819.44653, 280.361725, 2876.88403, 0.832907975, 0.27315852, 0.481300801, -0.280623674, 0.958058119, -0.0581102371, -0.476988643, -0.0866644531, 0.874627292)
Part1788.Orientation = Vector3.new(3.3299999237060547, 28.81999969482422, -16.329999923706055)
Part1788.Position = Vector3.new(2819.446533203125, 280.3617248535156, 2876.884033203125)
Part1788.Rotation = Vector3.new(3.799999952316284, 28.770000457763672, -18.15999984741211)
Part1788.Transparency = 1
Part1788.Size = Vector3.new(1.3500009775161743, 23.749998092651367, 1.5)
Part1788.Anchored = true
Part1788.Material = Enum.Material.Fabric
Part1789.Name = "Tree_Collision"
Part1789.Parent = Model1782
Part1789.CFrame = CFrame.new(2794.26367, 281.227692, 2878.81079, 0.83537215, -0.026895754, 0.549027264, 0.135533974, 0.978043854, -0.158309698, -0.532715559, 0.206659272, 0.820674896)
Part1789.Orientation = Vector3.new(9.109999656677246, 33.779998779296875, 7.889999866485596)
Part1789.Position = Vector3.new(2794.263671875, 281.2276916503906, 2878.810791015625)
Part1789.Rotation = Vector3.new(10.920000076293945, 33.29999923706055, 1.840000033378601)
Part1789.Transparency = 1
Part1789.Size = Vector3.new(1.3500009775161743, 26.749998092651367, 1.5)
Part1789.Anchored = true
Part1789.Material = Enum.Material.Fabric
Part1790.Name = "Tree_Collision"
Part1790.Parent = Model1782
Part1790.CFrame = CFrame.new(2832.91504, 280.500519, 2839.30151, 0.841320395, -0.154263332, 0.518058598, 0.0105469953, 0.96291554, 0.269600153, -0.5404374, -0.221355632, 0.811745584)
Part1790.Orientation = Vector3.new(-15.640000343322754, 32.54999923706055, 0.6299999952316284)
Part1790.Position = Vector3.new(2832.9150390625, 280.5005187988281, 2839.301513671875)
Part1790.Rotation = Vector3.new(-18.3700008392334, 31.200000762939453, 10.390000343322754)
Part1790.Transparency = 1
Part1790.Size = Vector3.new(1.3500009775161743, 23.749998092651367, 1.5)
Part1790.Anchored = true
Part1790.Material = Enum.Material.Fabric
Part1791.Name = "Tree_Collision"
Part1791.Parent = Model1782
Part1791.CFrame = CFrame.new(2795.24609, 280.701233, 2861.02197, 0.801608801, -0.316865385, 0.506973028, 0.23439987, 0.946674049, 0.221058667, -0.54998517, -0.058367461, 0.833133519)
Part1791.Orientation = Vector3.new(-12.770000457763672, 31.31999969482422, 13.90999984741211)
Part1791.Position = Vector3.new(2795.24609375, 280.70123291015625, 2861.02197265625)
Part1791.Rotation = Vector3.new(-14.859999656677246, 30.459999084472656, 21.56999969482422)
Part1791.Transparency = 1
Part1791.Size = Vector3.new(1.3500009775161743, 26.749998092651367, 1.5)
Part1791.Anchored = true
Part1791.Material = Enum.Material.Fabric
Part1792.Name = "Tree_Collision"
Part1792.Parent = Model1782
Part1792.CFrame = CFrame.new(2812.59668, 279.794647, 2889.03784, 0.888307989, 0.0400689468, 0.457497835, 0.110907964, 0.947983742, -0.298373848, -0.445657045, 0.315787822, 0.837656915)
Part1792.Orientation = Vector3.new(17.360000610351562, 28.639999389648438, 6.670000076293945)
Part1792.Position = Vector3.new(2812.5966796875, 279.7946472167969, 2889.037841796875)
Part1792.Rotation = Vector3.new(19.610000610351562, 27.229999542236328, -2.5799999237060547)
Part1792.Transparency = 1
Part1792.Size = Vector3.new(1.3500009775161743, 22.749998092651367, 1.5)
Part1792.Anchored = true
Part1792.Material = Enum.Material.Fabric
Part1793.Name = "Tree_Collision"
Part1793.Parent = Model1782
Part1793.CFrame = CFrame.new(2833.1687, 281.248871, 2859.58984, 0.85509479, 0.0963252783, 0.509445786, -0.140215799, 0.988939703, 0.0483617485, -0.499153674, -0.112786382, 0.859142721)
Part1793.Orientation = Vector3.new(-2.7699999809265137, 30.670000076293945, -8.069999694824219)
Part1793.Position = Vector3.new(2833.168701171875, 281.2488708496094, 2859.58984375)
Part1793.Rotation = Vector3.new(-3.2200000286102295, 30.6299991607666, -6.429999828338623)
Part1793.Transparency = 1
Part1793.Size = Vector3.new(1.3500009775161743, 23.749998092651367, 1.5)
Part1793.Anchored = true
Part1793.Material = Enum.Material.Fabric
Part1794.Name = "Tree_Collision"
Part1794.Parent = Model1782
Part1794.CFrame = CFrame.new(2848.02808, 279.58783, 2857.70312, 0.821509123, 0.200650588, 0.533726454, -0.144720942, 0.978760958, -0.145205155, -0.551527262, 0.0420454741, 0.833097577)
Part1794.Orientation = Vector3.new(8.350000381469727, 32.650001525878906, -8.40999984741211)
Part1794.Position = Vector3.new(2848.028076171875, 279.58782958984375, 2857.703125)
Part1794.Rotation = Vector3.new(9.890000343322754, 32.2599983215332, -13.729999542236328)
Part1794.Transparency = 1
Part1794.Size = Vector3.new(1.3500009775161743, 20.749998092651367, 1.5)
Part1794.Anchored = true
Part1794.Material = Enum.Material.Fabric
Part1795.Name = "Tree_Collision"
Part1795.Parent = Model1782
Part1795.CFrame = CFrame.new(2775.11548, 278.728821, 2873.02539, 0.806028903, -0.203337371, 0.55585289, 0.288840801, 0.954848349, -0.0695469603, -0.516614377, 0.21660994, 0.82836622)
Part1795.Orientation = Vector3.new(3.990000009536743, 33.86000061035156, 16.829999923706055)
Part1795.Position = Vector3.new(2775.115478515625, 278.72882080078125, 2873.025390625)
Part1795.Rotation = Vector3.new(4.800000190734863, 33.77000045776367, 14.15999984741211)
Part1795.Transparency = 1
Part1795.Size = Vector3.new(1.3500009775161743, 22.749998092651367, 1.5)
Part1795.Anchored = true
Part1795.Material = Enum.Material.Fabric
Part1796.Name = "Tree_Collision"
Part1796.Parent = Model1782
Part1796.CFrame = CFrame.new(2800.25635, 280.253845, 2848.61255, 0.857936084, -0.0765797049, 0.508018732, -0.105617926, 0.941418946, 0.320276678, -0.502786398, -0.328432411, 0.79958725)
Part1796.Orientation = Vector3.new(-18.68000030517578, 32.43000030517578, -6.400000095367432)
Part1796.Position = Vector3.new(2800.25634765625, 280.25384521484375, 2848.612548828125)
Part1796.Rotation = Vector3.new(-21.829999923706055, 30.530000686645508, 5.099999904632568)
Part1796.Transparency = 1
Part1796.Size = Vector3.new(1.3500009775161743, 23.749998092651367, 1.5)
Part1796.Anchored = true
Part1796.Material = Enum.Material.Fabric
Part1797.Name = "Tree_Collision"
Part1797.Parent = Model1782
Part1797.CFrame = CFrame.new(2812.85815, 280.085205, 2854.23804, 0.858964741, 0.0514408872, 0.509445012, -0.0882668048, 0.994922698, 0.0483626798, -0.504371285, -0.0865089968, 0.859142959)
Part1797.Orientation = Vector3.new(-2.7699999809265137, 30.670000076293945, -5.070000171661377)
Part1797.Position = Vector3.new(2812.858154296875, 280.085205078125, 2854.238037109375)
Part1797.Rotation = Vector3.new(-3.2200000286102295, 30.6299991607666, -3.430000066757202)
Part1797.Transparency = 1
Part1797.Size = Vector3.new(1.3500009775161743, 23.749998092651367, 1.5)
Part1797.Anchored = true
Part1797.Material = Enum.Material.Fabric
Part1798.Name = "Tree_Collision"
Part1798.Parent = Model1782
Part1798.CFrame = CFrame.new(2776.44556, 278.765564, 2889.0083, 0.826869845, -0.165447891, 0.537507534, 0.187185898, 0.982219875, 0.0143766403, -0.530329883, 0.0887263715, 0.843136489)
Part1798.Orientation = Vector3.new(-0.8199999928474426, 32.52000045776367, 10.789999961853027)
Part1798.Position = Vector3.new(2776.445556640625, 278.76556396484375, 2889.00830078125)
Part1798.Rotation = Vector3.new(-0.9800000190734863, 32.5099983215332, 11.3100004196167)
Part1798.Transparency = 1
Part1798.Size = Vector3.new(1.3500009775161743, 22.749998092651367, 1.5)
Part1798.Anchored = true
Part1798.Material = Enum.Material.Fabric
Model1799.Name = "??"
Model1799.Parent = Folder0
Part1800.Name = "TreeMesh Bottom"
Part1800.Parent = Model1799
Part1800.CFrame = CFrame.new(2971.86377, 227.009094, 2559.37158, 0.839997649, -0.0238344036, 0.54206723, 0.0216940567, 0.999711812, 0.010338746, -0.542158067, 0.00307510793, 0.840271533)
Part1800.Orientation = Vector3.new(-0.5899999737739563, 32.83000183105469, 1.2400000095367432)
Part1800.Position = Vector3.new(2971.86376953125, 227.00909423828125, 2559.37158203125)
Part1800.Rotation = Vector3.new(-0.699999988079071, 32.81999969482422, 1.6299999952316284)
Part1800.Size = Vector3.new(8.250000953674316, 0.2499980926513672, 7)
Part1800.Anchored = true
Part1800.CanCollide = false
Part1800.Material = Enum.Material.Fabric
SpecialMesh1801.Name = "BarkMesh"
SpecialMesh1801.Parent = Part1800
SpecialMesh1801.MeshId = "rbxassetid://623621260"
SpecialMesh1801.Offset = Vector3.new(0, 3.4100000858306885, 0)
SpecialMesh1801.TextureId = "rbxassetid://623618671"
SpecialMesh1801.MeshType = Enum.MeshType.FileMesh
Part1802.Name = "TreeMeshTop"
Part1802.Parent = Model1799
Part1802.CFrame = CFrame.new(2971.14404, 257.140289, 2559.46411, 0.839997649, -0.0238344036, 0.54206723, 0.0216940567, 0.999711812, 0.010338746, -0.542158067, 0.00307510793, 0.840271533)
Part1802.Orientation = Vector3.new(-0.5899999737739563, 32.83000183105469, 1.2400000095367432)
Part1802.Position = Vector3.new(2971.14404296875, 257.1402893066406, 2559.464111328125)
Part1802.Rotation = Vector3.new(-0.699999988079071, 32.81999969482422, 1.6299999952316284)
Part1802.Transparency = 0.05000000074505806
Part1802.Size = Vector3.new(8.250000953674316, 0.2499980926513672, 7)
Part1802.Anchored = true
Part1802.CanCollide = false
Part1802.Material = Enum.Material.Fabric
SpecialMesh1803.Name = "TopTreeMesh"
SpecialMesh1803.Parent = Part1802
SpecialMesh1803.MeshId = "rbxassetid://623621456"
SpecialMesh1803.Offset = Vector3.new(0, 3.4100000858306885, 0)
SpecialMesh1803.Scale = Vector3.new(1.600000023841858, 1.600000023841858, 1.600000023841858)
SpecialMesh1803.TextureId = "rbxassetid://745556120"
SpecialMesh1803.MeshType = Enum.MeshType.FileMesh
Part1804.Name = "Tree_Collision"
Part1804.Parent = Model1799
Part1804.CFrame = CFrame.new(2973.01123, 240.155518, 2564.32886, 0.836381912, -0.0505405627, 0.545813203, 0.11829298, 0.988919735, -0.0896970853, -0.535232782, 0.139586821, 0.833092034)
Part1804.Orientation = Vector3.new(5.150000095367432, 33.22999954223633, 6.820000171661377)
Part1804.Position = Vector3.new(2973.01123046875, 240.155517578125, 2564.328857421875)
Part1804.Rotation = Vector3.new(6.150000095367432, 33.08000183105469, 3.4600000381469727)
Part1804.Transparency = 1
Part1804.Size = Vector3.new(1.3500009775161743, 26.749998092651367, 1.5)
Part1804.Anchored = true
Part1804.Material = Enum.Material.Fabric
Part1805.Name = "Tree_Collision"
Part1805.Parent = Model1799
Part1805.CFrame = CFrame.new(2982.44653, 239.361725, 2568.88403, 0.832907975, 0.27315852, 0.481300801, -0.280623674, 0.958058119, -0.0581102371, -0.476988643, -0.0866644531, 0.874627292)
Part1805.Orientation = Vector3.new(3.3299999237060547, 28.81999969482422, -16.329999923706055)
Part1805.Position = Vector3.new(2982.446533203125, 239.36172485351562, 2568.884033203125)
Part1805.Rotation = Vector3.new(3.799999952316284, 28.770000457763672, -18.15999984741211)
Part1805.Transparency = 1
Part1805.Size = Vector3.new(1.3500009775161743, 23.749998092651367, 1.5)
Part1805.Anchored = true
Part1805.Material = Enum.Material.Fabric
Part1806.Name = "Tree_Collision"
Part1806.Parent = Model1799
Part1806.CFrame = CFrame.new(2957.26367, 240.227692, 2570.81079, 0.83537215, -0.026895754, 0.549027264, 0.135533974, 0.978043854, -0.158309698, -0.532715559, 0.206659272, 0.820674896)
Part1806.Orientation = Vector3.new(9.109999656677246, 33.779998779296875, 7.889999866485596)
Part1806.Position = Vector3.new(2957.263671875, 240.22769165039062, 2570.810791015625)
Part1806.Rotation = Vector3.new(10.920000076293945, 33.29999923706055, 1.840000033378601)
Part1806.Transparency = 1
Part1806.Size = Vector3.new(1.3500009775161743, 26.749998092651367, 1.5)
Part1806.Anchored = true
Part1806.Material = Enum.Material.Fabric
Part1807.Name = "Tree_Collision"
Part1807.Parent = Model1799
Part1807.CFrame = CFrame.new(2995.91504, 239.500519, 2531.30151, 0.841320395, -0.154263332, 0.518058598, 0.0105469953, 0.96291554, 0.269600153, -0.5404374, -0.221355632, 0.811745584)
Part1807.Orientation = Vector3.new(-15.640000343322754, 32.54999923706055, 0.6299999952316284)
Part1807.Position = Vector3.new(2995.9150390625, 239.50051879882812, 2531.301513671875)
Part1807.Rotation = Vector3.new(-18.3700008392334, 31.200000762939453, 10.390000343322754)
Part1807.Transparency = 1
Part1807.Size = Vector3.new(1.3500009775161743, 23.749998092651367, 1.5)
Part1807.Anchored = true
Part1807.Material = Enum.Material.Fabric
Part1808.Name = "Tree_Collision"
Part1808.Parent = Model1799
Part1808.CFrame = CFrame.new(2958.24609, 239.701233, 2553.02197, 0.801608801, -0.316865385, 0.506973028, 0.23439987, 0.946674049, 0.221058667, -0.54998517, -0.058367461, 0.833133519)
Part1808.Orientation = Vector3.new(-12.770000457763672, 31.31999969482422, 13.90999984741211)
Part1808.Position = Vector3.new(2958.24609375, 239.70123291015625, 2553.02197265625)
Part1808.Rotation = Vector3.new(-14.859999656677246, 30.459999084472656, 21.56999969482422)
Part1808.Transparency = 1
Part1808.Size = Vector3.new(1.3500009775161743, 26.749998092651367, 1.5)
Part1808.Anchored = true
Part1808.Material = Enum.Material.Fabric
Part1809.Name = "Tree_Collision"
Part1809.Parent = Model1799
Part1809.CFrame = CFrame.new(2975.59668, 238.794647, 2581.03784, 0.888307989, 0.0400689468, 0.457497835, 0.110907964, 0.947983742, -0.298373848, -0.445657045, 0.315787822, 0.837656915)
Part1809.Orientation = Vector3.new(17.360000610351562, 28.639999389648438, 6.670000076293945)
Part1809.Position = Vector3.new(2975.5966796875, 238.79464721679688, 2581.037841796875)
Part1809.Rotation = Vector3.new(19.610000610351562, 27.229999542236328, -2.5799999237060547)
Part1809.Transparency = 1
Part1809.Size = Vector3.new(1.3500009775161743, 22.749998092651367, 1.5)
Part1809.Anchored = true
Part1809.Material = Enum.Material.Fabric
Part1810.Name = "Tree_Collision"
Part1810.Parent = Model1799
Part1810.CFrame = CFrame.new(2996.1687, 240.248871, 2551.58984, 0.85509479, 0.0963252783, 0.509445786, -0.140215799, 0.988939703, 0.0483617485, -0.499153674, -0.112786382, 0.859142721)
Part1810.Orientation = Vector3.new(-2.7699999809265137, 30.670000076293945, -8.069999694824219)
Part1810.Position = Vector3.new(2996.168701171875, 240.24887084960938, 2551.58984375)
Part1810.Rotation = Vector3.new(-3.2200000286102295, 30.6299991607666, -6.429999828338623)
Part1810.Transparency = 1
Part1810.Size = Vector3.new(1.3500009775161743, 23.749998092651367, 1.5)
Part1810.Anchored = true
Part1810.Material = Enum.Material.Fabric
Part1811.Name = "Tree_Collision"
Part1811.Parent = Model1799
Part1811.CFrame = CFrame.new(3011.02808, 238.58783, 2549.70312, 0.821509123, 0.200650588, 0.533726454, -0.144720942, 0.978760958, -0.145205155, -0.551527262, 0.0420454741, 0.833097577)
Part1811.Orientation = Vector3.new(8.350000381469727, 32.650001525878906, -8.40999984741211)
Part1811.Position = Vector3.new(3011.028076171875, 238.58782958984375, 2549.703125)
Part1811.Rotation = Vector3.new(9.890000343322754, 32.2599983215332, -13.729999542236328)
Part1811.Transparency = 1
Part1811.Size = Vector3.new(1.3500009775161743, 20.749998092651367, 1.5)
Part1811.Anchored = true
Part1811.Material = Enum.Material.Fabric
Part1812.Name = "Tree_Collision"
Part1812.Parent = Model1799
Part1812.CFrame = CFrame.new(2938.11548, 237.728821, 2565.02539, 0.806028903, -0.203337371, 0.55585289, 0.288840801, 0.954848349, -0.0695469603, -0.516614377, 0.21660994, 0.82836622)
Part1812.Orientation = Vector3.new(3.990000009536743, 33.86000061035156, 16.829999923706055)
Part1812.Position = Vector3.new(2938.115478515625, 237.72882080078125, 2565.025390625)
Part1812.Rotation = Vector3.new(4.800000190734863, 33.77000045776367, 14.15999984741211)
Part1812.Transparency = 1
Part1812.Size = Vector3.new(1.3500009775161743, 22.749998092651367, 1.5)
Part1812.Anchored = true
Part1812.Material = Enum.Material.Fabric
Part1813.Name = "Tree_Collision"
Part1813.Parent = Model1799
Part1813.CFrame = CFrame.new(2963.25635, 239.253845, 2540.61255, 0.857936084, -0.0765797049, 0.508018732, -0.105617926, 0.941418946, 0.320276678, -0.502786398, -0.328432411, 0.79958725)
Part1813.Orientation = Vector3.new(-18.68000030517578, 32.43000030517578, -6.400000095367432)
Part1813.Position = Vector3.new(2963.25634765625, 239.25384521484375, 2540.612548828125)
Part1813.Rotation = Vector3.new(-21.829999923706055, 30.530000686645508, 5.099999904632568)
Part1813.Transparency = 1
Part1813.Size = Vector3.new(1.3500009775161743, 23.749998092651367, 1.5)
Part1813.Anchored = true
Part1813.Material = Enum.Material.Fabric
Part1814.Name = "Tree_Collision"
Part1814.Parent = Model1799
Part1814.CFrame = CFrame.new(2975.85815, 239.085205, 2546.23804, 0.858964741, 0.0514408872, 0.509445012, -0.0882668048, 0.994922698, 0.0483626798, -0.504371285, -0.0865089968, 0.859142959)
Part1814.Orientation = Vector3.new(-2.7699999809265137, 30.670000076293945, -5.070000171661377)
Part1814.Position = Vector3.new(2975.858154296875, 239.085205078125, 2546.238037109375)
Part1814.Rotation = Vector3.new(-3.2200000286102295, 30.6299991607666, -3.430000066757202)
Part1814.Transparency = 1
Part1814.Size = Vector3.new(1.3500009775161743, 23.749998092651367, 1.5)
Part1814.Anchored = true
Part1814.Material = Enum.Material.Fabric
Part1815.Name = "Tree_Collision"
Part1815.Parent = Model1799
Part1815.CFrame = CFrame.new(2939.44556, 237.765564, 2581.0083, 0.826869845, -0.165447891, 0.537507534, 0.187185898, 0.982219875, 0.0143766403, -0.530329883, 0.0887263715, 0.843136489)
Part1815.Orientation = Vector3.new(-0.8199999928474426, 32.52000045776367, 10.789999961853027)
Part1815.Position = Vector3.new(2939.445556640625, 237.76556396484375, 2581.00830078125)
Part1815.Rotation = Vector3.new(-0.9800000190734863, 32.5099983215332, 11.3100004196167)
Part1815.Transparency = 1
Part1815.Size = Vector3.new(1.3500009775161743, 22.749998092651367, 1.5)
Part1815.Anchored = true
Part1815.Material = Enum.Material.Fabric
Model1816.Name = "??"
Model1816.Parent = Folder0
Part1817.Name = "TreeMesh Bottom"
Part1817.Parent = Model1816
Part1817.CFrame = CFrame.new(1828.40454, 237.438583, 2625.07861, -0.832466006, 0.210738823, -0.512444556, 0.243358374, 0.969933569, 0.00354325771, 0.497781754, -0.121757507, -0.858716011)
Part1817.Orientation = Vector3.new(-0.20000000298023224, -149.1699981689453, 14.079999923706055)
Part1817.Position = Vector3.new(1828.404541015625, 237.43858337402344, 2625.07861328125)
Part1817.Rotation = Vector3.new(-179.75999450683594, -30.829999923706055, -165.7899932861328)
Part1817.Size = Vector3.new(8.250000953674316, 0.2499980926513672, 7)
Part1817.Anchored = true
Part1817.CanCollide = false
Part1817.Material = Enum.Material.Fabric
SpecialMesh1818.Name = "BarkMesh"
SpecialMesh1818.Parent = Part1817
SpecialMesh1818.MeshId = "rbxassetid://623621260"
SpecialMesh1818.Offset = Vector3.new(0, 3.4100000858306885, 0)
SpecialMesh1818.TextureId = "rbxassetid://623618671"
SpecialMesh1818.MeshType = Enum.MeshType.FileMesh
Part1819.Name = "TreeMeshTop"
Part1819.Parent = Model1816
Part1819.CFrame = CFrame.new(1834.7572, 266.672058, 2621.40942, -0.832466006, 0.210738823, -0.512444556, 0.243358374, 0.969933569, 0.00354325771, 0.497781754, -0.121757507, -0.858716011)
Part1819.Orientation = Vector3.new(-0.20000000298023224, -149.1699981689453, 14.079999923706055)
Part1819.Position = Vector3.new(1834.7572021484375, 266.67205810546875, 2621.409423828125)
Part1819.Rotation = Vector3.new(-179.75999450683594, -30.829999923706055, -165.7899932861328)
Part1819.Transparency = 0.05000000074505806
Part1819.Size = Vector3.new(8.250000953674316, 0.2499980926513672, 7)
Part1819.Anchored = true
Part1819.CanCollide = false
Part1819.Material = Enum.Material.Fabric
SpecialMesh1820.Name = "TopTreeMesh"
SpecialMesh1820.Parent = Part1819
SpecialMesh1820.MeshId = "rbxassetid://623621456"
SpecialMesh1820.Offset = Vector3.new(0, 3.4100000858306885, 0)
SpecialMesh1820.Scale = Vector3.new(1.600000023841858, 1.600000023841858, 1.600000023841858)
SpecialMesh1820.TextureId = "rbxassetid://745556120"
SpecialMesh1820.MeshType = Enum.MeshType.FileMesh
Part1821.Name = "Tree_Collision"
Part1821.Parent = Model1816
Part1821.CFrame = CFrame.new(1829.84631, 249.841614, 2618.53589, -0.810672283, 0.237863421, -0.535015345, 0.336004436, 0.937321007, -0.092398189, 0.47950086, -0.254670888, -0.839777529)
Part1821.Orientation = Vector3.new(5.300000190734863, -147.5, 19.719999313354492)
Part1821.Position = Vector3.new(1829.8463134765625, 249.84161376953125, 2618.535888671875)
Part1821.Rotation = Vector3.new(173.72000122070312, -32.34000015258789, -163.64999389648438)
Part1821.Transparency = 1
Part1821.Size = Vector3.new(1.3500009775161743, 26.749998092651367, 1.5)
Part1821.Anchored = true
Part1821.Material = Enum.Material.Fabric
Part1822.Name = "Tree_Collision"
Part1822.Parent = Model1816
Part1822.CFrame = CFrame.new(1820.52893, 250.22261, 2613.69409, -0.88073957, -0.0906504616, -0.464855254, -0.0609006919, 0.995043457, -0.0786542147, 0.469679236, -0.0409635231, -0.881888807)
Part1822.Orientation = Vector3.new(4.510000228881836, -152.2100067138672, -3.5)
Part1822.Position = Vector3.new(1820.5289306640625, 250.2226104736328, 2613.694091796875)
Part1822.Rotation = Vector3.new(174.89999389648438, -27.700000762939453, 174.1199951171875)
Part1822.Transparency = 1
Part1822.Size = Vector3.new(1.3500009775161743, 23.749998092651367, 1.5)
Part1822.Anchored = true
Part1822.Material = Enum.Material.Fabric
Part1823.Name = "Tree_Collision"
Part1823.Parent = Model1816
Part1823.CFrame = CFrame.new(1845.46313, 246.210144, 2612.79834, -0.8063972, 0.214039236, -0.551290035, 0.352311492, 0.922599912, -0.15714018, 0.474983871, -0.320941508, -0.819384813)
Part1823.Orientation = Vector3.new(9.039999961853027, -146.07000732421875, 20.899999618530273)
Part1823.Position = Vector3.new(1845.463134765625, 246.21014404296875, 2612.79833984375)
Part1823.Rotation = Vector3.new(169.13999938964844, -33.459999084472656, -165.1300048828125)
Part1823.Transparency = 1
Part1823.Size = Vector3.new(1.3500009775161743, 26.749998092651367, 1.5)
Part1823.Anchored = true
Part1823.Material = Enum.Material.Fabric
Part1824.Name = "Tree_Collision"
Part1824.Parent = Model1816
Part1824.CFrame = CFrame.new(1806.52466, 257.560181, 2650.35278, -0.835815787, 0.327137202, -0.440911978, 0.232515484, 0.938434064, 0.255509555, 0.497351199, 0.111038983, -0.860416532)
Part1824.Orientation = Vector3.new(-14.800000190734863, -152.8699951171875, 13.920000076293945)
Part1824.Position = Vector3.new(1806.524658203125, 257.5601806640625, 2650.352783203125)
Part1824.Rotation = Vector3.new(-163.4600067138672, -26.15999984741211, -158.6199951171875)
Part1824.Transparency = 1
Part1824.Size = Vector3.new(1.3500009775161743, 23.749998092651367, 1.5)
Part1824.Anchored = true
Part1824.Material = Enum.Material.Fabric
Part1825.Name = "Tree_Collision"
Part1825.Parent = Model1816
Part1825.CFrame = CFrame.new(1844.02014, 248.117889, 2630.46021, -0.755087733, 0.487267077, -0.438660711, 0.444692403, 0.872273326, 0.203457639, 0.481768221, -0.0414410159, -0.875320911)
Part1825.Orientation = Vector3.new(-11.739999771118164, -153.3800048828125, 27.010000228881836)
Part1825.Position = Vector3.new(1844.0201416015625, 248.11788940429688, 2630.460205078125)
Part1825.Rotation = Vector3.new(-166.91000366210938, -26.020000457763672, -147.1699981689453)
Part1825.Transparency = 1
Part1825.Size = Vector3.new(1.3500009775161743, 26.749998092651367, 1.5)
Part1825.Anchored = true
Part1825.Material = Enum.Material.Fabric
Part1826.Name = "Tree_Collision"
