Part2508.Name = "Tree_Collision"
Part2508.Parent = Model2496
Part2508.CFrame = CFrame.new(1694.72839, 289.819824, 2732.35034, -0.744175851, -0.227422029, -0.628080606, -0.165736169, 0.973724782, -0.156205431, 0.647100449, -0.0121487156, -0.76231277)
Part2508.Orientation = Vector3.new(8.989999771118164, -140.50999450683594, -9.65999984741211)
Part2508.Position = Vector3.new(1694.7283935546875, 289.81982421875, 2732.350341796875)
Part2508.Rotation = Vector3.new(168.4199981689453, -38.90999984741211, 163.00999450683594)
Part2508.Transparency = 1
Part2508.Size = Vector3.new(1.3500009775161743, 20.749998092651367, 1.5)
Part2508.Anchored = true
Part2508.Material = Enum.Material.Fabric
Part2509.Name = "Tree_Collision"
Part2509.Parent = Model2496
Part2509.CFrame = CFrame.new(1765.21741, 290.755554, 2708.22266, -0.74336189, 0.152619272, -0.651248276, 0.26815182, 0.959960282, -0.0811140612, 0.61279124, -0.234929964, -0.754521132)
Part2509.Orientation = Vector3.new(4.650000095367432, -139.1999969482422, 15.609999656677246)
Part2509.Position = Vector3.new(1765.2174072265625, 290.75555419921875, 2708.22265625)
Part2509.Rotation = Vector3.new(173.86000061035156, -40.63999938964844, -168.39999389648438)
Part2509.Transparency = 1
Part2509.Size = Vector3.new(1.3500009775161743, 22.749998092651367, 1.5)
Part2509.Anchored = true
Part2509.Material = Enum.Material.Fabric
Part2510.Name = "Tree_Collision"
Part2510.Parent = Model2496
Part2510.CFrame = CFrame.new(1743.22424, 291.619049, 2735.53491, -0.787210882, 0.0938710123, -0.609500706, -0.127416477, 0.942266881, 0.30968821, 0.603381276, 0.321449459, -0.729800344)
Part2510.Orientation = Vector3.new(-18.040000915527344, -140.1300048828125, -7.699999809265137)
Part2510.Position = Vector3.new(1743.2242431640625, 291.6190490722656, 2735.534912109375)
Part2510.Rotation = Vector3.new(-157.00999450683594, -37.54999923706055, -173.1999969482422)
Part2510.Transparency = 1
Part2510.Size = Vector3.new(1.3500009775161743, 23.749998092651367, 1.5)
Part2510.Anchored = true
Part2510.Material = Enum.Material.Fabric
Part2511.Name = "Tree_Collision"
Part2511.Parent = Model2496
Part2511.CFrame = CFrame.new(1730.03577, 291.1586, 2731.49146, -0.788449526, -0.0640265197, -0.611761212, -0.110099591, 0.993200064, 0.0379508026, 0.605169713, 0.0972766131, -0.790135503)
Part2511.Orientation = Vector3.new(-2.1700000762939453, -142.25, -6.329999923706055)
Part2511.Position = Vector3.new(1730.0357666015625, 291.1585998535156, 2731.491455078125)
Part2511.Rotation = Vector3.new(-177.25, -37.720001220703125, 175.36000061035156)
Part2511.Transparency = 1
Part2511.Size = Vector3.new(1.3500009775161743, 23.749998092651367, 1.5)
Part2511.Anchored = true
Part2511.Material = Enum.Material.Fabric
Part2512.Name = "Tree_Collision"
Part2512.Parent = Model2496
Part2512.CFrame = CFrame.new(1761.9408, 290.795654, 2692.52295, -0.759953737, 0.130025789, -0.636841774, 0.165990949, 0.986126304, 0.00326046767, 0.628428519, -0.103231937, -0.770991564)
Part2512.Orientation = Vector3.new(-0.1899999976158142, -140.44000244140625, 9.550000190734863)
Part2512.Position = Vector3.new(1761.9407958984375, 290.795654296875, 2692.52294921875)
Part2512.Rotation = Vector3.new(-179.75999450683594, -39.560001373291016, -170.2899932861328)
Part2512.Transparency = 1
Part2512.Size = Vector3.new(1.3500009775161743, 22.749998092651367, 1.5)
Part2512.Anchored = true
Part2512.Material = Enum.Material.Fabric
Model2513.Name = "茂み"
Model2513.Parent = Folder0
Part2514.Name = "TreeMesh Bottom"
Part2514.Parent = Model2513
Part2514.CFrame = CFrame.new(2495.44067, 118.2547, 2357.21484, 0, 0, -1, 0, 1, 0, 1, 0, 0)
Part2514.Orientation = Vector3.new(0, -90, 0)
Part2514.Position = Vector3.new(2495.440673828125, 118.25469970703125, 2357.21484375)
Part2514.Rotation = Vector3.new(0, -90, 0)
Part2514.Size = Vector3.new(8.250000953674316, 0.2499980926513672, 7)
Part2514.Anchored = true
Part2514.CanCollide = false
Part2514.Material = Enum.Material.Fabric
SpecialMesh2515.Name = "BarkMesh"
SpecialMesh2515.Parent = Part2514
SpecialMesh2515.MeshId = "rbxassetid://623621260"
SpecialMesh2515.Offset = Vector3.new(0, 3.4100000858306885, 0)
SpecialMesh2515.TextureId = "rbxassetid://623618671"
SpecialMesh2515.MeshType = Enum.MeshType.FileMesh
Part2516.Name = "TreeMeshTop"
Part2516.Parent = Model2513
Part2516.CFrame = CFrame.new(2495.44116, 148.394562, 2357.21436, 0, 0, -1, 0, 1, 0, 1, 0, 0)
Part2516.Orientation = Vector3.new(0, -90, 0)
Part2516.Position = Vector3.new(2495.441162109375, 148.39456176757812, 2357.21435546875)
Part2516.Rotation = Vector3.new(0, -90, 0)
Part2516.Transparency = 0.05000000074505806
Part2516.Size = Vector3.new(8.250000953674316, 0.2499980926513672, 7)
Part2516.Anchored = true
Part2516.CanCollide = false
Part2516.Material = Enum.Material.Fabric
SpecialMesh2517.Name = "TopTreeMesh"
SpecialMesh2517.Parent = Part2516
SpecialMesh2517.MeshId = "rbxassetid://623621456"
SpecialMesh2517.Offset = Vector3.new(0, 3.4100000858306885, 0)
SpecialMesh2517.Scale = Vector3.new(1.600000023841858, 1.600000023841858, 1.600000023841858)
SpecialMesh2517.TextureId = "rbxassetid://745556120"
SpecialMesh2517.MeshType = Enum.MeshType.FileMesh
Part2518.Name = "Tree_Collision"
Part2518.Parent = Model2513
Part2518.CFrame = CFrame.new(2490.51709, 131.385193, 2355.77612, -0.0048569995, -0.100118957, -0.994963706, 0.0966779888, 0.990267456, -0.100118354, 0.995303869, -0.0966773555, 0.00486957096)
Part2518.Orientation = Vector3.new(5.75, -89.72000122070312, 5.579999923706055)
Part2518.Position = Vector3.new(2490.51708984375, 131.38519287109375, 2355.776123046875)
Part2518.Rotation = Vector3.new(87.22000122070312, -84.25, 92.77999877929688)
Part2518.Transparency = 1
Part2518.Size = Vector3.new(1.3500009775161743, 26.749998092651367, 1.5)
Part2518.Anchored = true
Part2518.Material = Enum.Material.Fabric
Part2519.Name = "Tree_Collision"
Part2519.Parent = Model2513
Part2519.CFrame = CFrame.new(2481.5835, 130.380707, 2361.21509, -0.0477909707, -0.0851549804, -0.9952209, -0.301860809, 0.951003432, -0.0668760687, 0.952153385, 0.297222137, -0.0711543262)
Part2519.Orientation = Vector3.new(3.8299999237060547, -94.08999633789062, -17.610000610351562)
Part2519.Position = Vector3.new(2481.58349609375, 130.38070678710938, 2361.215087890625)
Part2519.Rotation = Vector3.new(136.77999877929688, -84.4000015258789, 119.30000305175781)
Part2519.Transparency = 1
Part2519.Size = Vector3.new(1.3500009775161743, 23.749998092651367, 1.5)
Part2519.Anchored = true
Part2519.Material = Enum.Material.Fabric
Part2520.Name = "Tree_Collision"
Part2520.Parent = Model2513
Part2520.CFrame = CFrame.new(2493.60547, 131.85257, 2339.03638, -0.00660300022, -0.169184044, -0.985562444, 0.113945998, 0.979037166, -0.16882731, 0.993465006, -0.113415666, 0.0128132617)
Part2520.Orientation = Vector3.new(9.720000267028809, -89.26000213623047, 6.639999866485596)
Part2520.Position = Vector3.new(2493.60546875, 131.85256958007812, 2339.036376953125)
Part2520.Rotation = Vector3.new(85.66000366210938, -80.25, 92.23999786376953)
Part2520.Transparency = 1
Part2520.Size = Vector3.new(1.3500009775161743, 26.749998092651367, 1.5)
Part2520.Anchored = true
Part2520.Material = Enum.Material.Fabric
Part2521.Name = "Tree_Collision"
Part2521.Parent = Model2513
Part2521.CFrame = CFrame.new(2505.86035, 130.082977, 2392.90649, -0.00204699906, 0.259663939, -0.965696871, -0.0111709945, 0.965632737, 0.259670377, 0.999935508, 0.0113193402, 0.000924055232)
Part2521.Orientation = Vector3.new(-15.050000190734863, -89.94999694824219, -0.6600000262260437)
Part2521.Position = Vector3.new(2505.8603515625, 130.08297729492188, 2392.906494140625)
Part2521.Rotation = Vector3.new(-89.80000305175781, -74.94999694824219, -90.44999694824219)
Part2521.Transparency = 1
Part2521.Size = Vector3.new(1.3500009775161743, 23.749998092651367, 1.5)
Part2521.Anchored = true
Part2521.Material = Enum.Material.Fabric
Part2522.Name = "Tree_Collision"
Part2522.Parent = Model2513
Part2522.CFrame = CFrame.new(2508.02661, 131.248383, 2349.49316, 0.0251879916, 0.21101889, -0.977157354, 0.213534921, 0.953772545, 0.211473107, 0.976610661, -0.213983819, -0.021036284)
Part2522.Orientation = Vector3.new(-12.210000038146973, -91.2300033569336, 12.619999885559082)
Part2522.Position = Vector3.new(2508.026611328125, 131.24838256835938, 2349.4931640625)
Part2522.Rotation = Vector3.new(-95.68000030517578, -77.7300033569336, -83.19000244140625)
Part2522.Transparency = 1
Part2522.Size = Vector3.new(1.3500009775161743, 26.749998092651367, 1.5)
Part2522.Anchored = true
Part2522.Material = Enum.Material.Fabric
Part2523.Name = "Tree_Collision"
Part2523.Parent = Model2513
Part2523.CFrame = CFrame.new(2475.08984, 130.014435, 2348.85962, -0.108195931, -0.29686898, -0.948768914, 0.0883329511, 0.947725713, -0.306615889, 0.99019742, -0.116982155, -0.0763167515)
Part2523.Orientation = Vector3.new(17.860000610351562, -94.5999984741211, 5.320000171661377)
Part2523.Position = Vector3.new(2475.08984375, 130.01443481445312, 2348.859619140625)
Part2523.Rotation = Vector3.new(103.9800033569336, -71.58000183105469, 110.0199966430664)
Part2523.Transparency = 1
Part2523.Size = Vector3.new(1.3500009775161743, 22.749998092651367, 1.5)
Part2523.Anchored = true
Part2523.Material = Enum.Material.Fabric
Part2524.Name = "Tree_Collision"
Part2524.Parent = Model2513
Part2524.CFrame = CFrame.new(2488.66748, 130.887329, 2382.13794, -0.0426449962, 0.0323310196, -0.998567104, -0.162090987, 0.986010909, 0.0388467722, 0.98585391, 0.163515344, -0.0368078649)
Part2524.Orientation = Vector3.new(-2.2300000190734863, -92.11000061035156, -9.34000015258789)
Part2524.Position = Vector3.new(2488.66748046875, 130.8873291015625, 2382.137939453125)
Part2524.Rotation = Vector3.new(-133.4600067138672, -86.93000030517578, -142.8300018310547)
Part2524.Transparency = 1
Part2524.Size = Vector3.new(1.3500009775161743, 23.749998092651367, 1.5)
Part2524.Anchored = true
Part2524.Material = Enum.Material.Fabric
Part2525.Name = "Tree_Collision"
Part2525.Parent = Model2513
Part2525.CFrame = CFrame.new(2482.21533, 128.86676, 2395.60571, 0.0196159836, -0.154215917, -0.9878425, -0.165954873, 0.973824322, -0.155322924, 0.985938191, 0.166984096, -0.00649036048)
Part2525.Orientation = Vector3.new(8.9399995803833, -90.37999725341797, -9.670000076293945)
Part2525.Position = Vector3.new(2482.21533203125, 128.86676025390625, 2395.605712890625)
Part2525.Rotation = Vector3.new(92.38999938964844, -81.05999755859375, 82.75)
Part2525.Transparency = 1
Part2525.Size = Vector3.new(1.3500009775161743, 20.749998092651367, 1.5)
Part2525.Anchored = true
Part2525.Material = Enum.Material.Fabric
Part2526.Name = "Tree_Collision"
Part2526.Parent = Model2513
Part2526.CFrame = CFrame.new(2508.87256, 129.79306, 2326.03418, -0.00581200048, -0.0816620216, -0.996643126, 0.267958015, 0.960084319, -0.0802291036, 0.963413119, -0.267524809, 0.0163019821)
Part2526.Orientation = Vector3.new(4.599999904632568, -89.05999755859375, 15.59000015258789)
Part2526.Position = Vector3.new(2508.87255859375, 129.79306030273438, 2326.0341796875)
Part2526.Rotation = Vector3.new(78.51000213623047, -85.30000305175781, 94.06999969482422)
Part2526.Transparency = 1
Part2526.Size = Vector3.new(1.3500009775161743, 22.749998092651367, 1.5)
Part2526.Anchored = true
Part2526.Material = Enum.Material.Fabric
Part2527.Name = "Tree_Collision"
Part2527.Parent = Model2513
Part2527.CFrame = CFrame.new(2515.74243, 130.643372, 2360.42114, -0.041489996, 0.307749838, -0.950562298, -0.127581984, 0.941961586, 0.310533941, 0.990959883, 0.134158686, 0.000181352181)
Part2527.Orientation = Vector3.new(-18.09000015258789, -89.98999786376953, -7.710000038146973)
Part2527.Position = Vector3.new(2515.742431640625, 130.64337158203125, 2360.421142578125)
Part2527.Rotation = Vector3.new(-89.97000122070312, -71.91000366210938, -97.68000030517578)
Part2527.Transparency = 1
Part2527.Size = Vector3.new(1.3500009775161743, 23.749998092651367, 1.5)
Part2527.Anchored = true
Part2527.Material = Enum.Material.Fabric
Part2528.Name = "Tree_Collision"
Part2528.Parent = Model2513
Part2528.CFrame = CFrame.new(2504.18652, 130.191742, 2367.95239, -0.0408959724, 0.0345189683, -0.998566985, -0.110265933, 0.993142724, 0.0388473608, 0.99306041, 0.111696616, -0.0368092693)
Part2528.Orientation = Vector3.new(-2.2300000190734863, -92.11000061035156, -6.340000152587891)
Part2528.Position = Vector3.new(2504.1865234375, 130.19174194335938, 2367.952392578125)
Part2528.Rotation = Vector3.new(-133.4600067138672, -86.93000030517578, -139.8300018310547)
Part2528.Transparency = 1
Part2528.Size = Vector3.new(1.3500009775161743, 23.749998092651367, 1.5)
Part2528.Anchored = true
Part2528.Material = Enum.Material.Fabric
Part2529.Name = "Tree_Collision"
Part2529.Parent = Model2513
Part2529.CFrame = CFrame.new(2494.72217, 129.847382, 2318.48657, -0.0045329961, 0.00497300131, -0.999977469, 0.165792868, 0.986151934, 0.00415268959, 0.986150146, -0.165770322, -0.00529471133)
Part2529.Orientation = Vector3.new(-0.23999999463558197, -90.30000305175781, 9.539999961853027)
Part2529.Position = Vector3.new(2494.72216796875, 129.84738159179688, 2318.486572265625)
Part2529.Rotation = Vector3.new(-141.88999938964844, -89.62000274658203, -132.35000610351562)
Part2529.Transparency = 1
Part2529.Size = Vector3.new(1.3500009775161743, 22.749998092651367, 1.5)
Part2529.Anchored = true
Part2529.Material = Enum.Material.Fabric
Model2530.Name = "茂み"
Model2530.Parent = Folder0
Part2531.Name = "TreeMesh Bottom"
Part2531.Parent = Model2530
Part2531.CFrame = CFrame.new(1714.20337, 277.176178, 2684.02734, 0.640918851, -0.00041372882, -0.767610967, 0.000890681462, 1.00000381, 0.000204697251, 0.76761204, -0.000814961386, 0.640919983)
Part2531.Orientation = Vector3.new(-0.009999999776482582, -50.13999938964844, 0.05000000074505806)
Part2531.Position = Vector3.new(1714.203369140625, 277.1761779785156, 2684.02734375)
Part2531.Rotation = Vector3.new(-0.019999999552965164, -50.13999938964844, 0.03999999910593033)
Part2531.Size = Vector3.new(8.250000953674316, 0.2499980926513672, 7)
Part2531.Anchored = true
Part2531.CanCollide = false
Part2531.Material = Enum.Material.Fabric
SpecialMesh2532.Name = "BarkMesh"
SpecialMesh2532.Parent = Part2531
SpecialMesh2532.MeshId = "rbxassetid://623621260"
SpecialMesh2532.Offset = Vector3.new(0, 3.4100000858306885, 0)
SpecialMesh2532.TextureId = "rbxassetid://623618671"
SpecialMesh2532.MeshType = Enum.MeshType.FileMesh
Part2533.Name = "TreeMeshTop"
Part2533.Parent = Model2530
Part2533.CFrame = CFrame.new(1714.19141, 307.316437, 2684.00195, 0.640918851, -0.00041372882, -0.767610967, 0.000890681462, 1.00000381, 0.000204697251, 0.76761204, -0.000814961386, 0.640919983)
Part2533.Orientation = Vector3.new(-0.009999999776482582, -50.13999938964844, 0.05000000074505806)
Part2533.Position = Vector3.new(1714.19140625, 307.3164367675781, 2684.001953125)
Part2533.Rotation = Vector3.new(-0.019999999552965164, -50.13999938964844, 0.03999999910593033)
Part2533.Transparency = 0.05000000074505806
Part2533.Size = Vector3.new(8.250000953674316, 0.2499980926513672, 7)
Part2533.Anchored = true
Part2533.CanCollide = false
Part2533.Material = Enum.Material.Fabric
SpecialMesh2534.Name = "TopTreeMesh"
SpecialMesh2534.Parent = Part2533
SpecialMesh2534.MeshId = "rbxassetid://623621456"
SpecialMesh2534.Offset = Vector3.new(0, 3.4100000858306885, 0)
SpecialMesh2534.Scale = Vector3.new(1.600000023841858, 1.600000023841858, 1.600000023841858)
SpecialMesh2534.TextureId = "rbxassetid://745556120"
SpecialMesh2534.MeshType = Enum.MeshType.FileMesh
Part2535.Name = "Tree_Collision"
Part2535.Parent = Model2530
Part2535.CFrame = CFrame.new(1709.49634, 290.30661, 2686.06836, 0.634139895, -0.139225885, -0.760583103, 0.0975663364, 0.990205467, -0.0999122113, 0.7670421, -0.0108490624, 0.641510725)
Part2535.Orientation = Vector3.new(5.730000019073486, -49.849998474121094, 5.630000114440918)
Part2535.Position = Vector3.new(1709.496337890625, 290.3066101074219, 2686.068359375)
Part2535.Rotation = Vector3.new(8.850000381469727, -49.52000045776367, 12.380000114440918)
Part2535.Transparency = 1
Part2535.Size = Vector3.new(1.3500009775161743, 26.749998092651367, 1.5)
Part2535.Anchored = true
Part2535.Material = Enum.Material.Fabric
Part2536.Name = "Tree_Collision"
Part2536.Parent = Model2530
Part2536.CFrame = CFrame.new(1706.12524, 289.308807, 2695.97021, 0.573693037, 0.124736354, -0.809518933, -0.301003933, 0.951289415, -0.0667352602, 0.761760712, 0.281953156, 0.583292544)
Part2536.Orientation = Vector3.new(3.8299999237060547, -54.22999954223633, -17.559999465942383)
Part2536.Position = Vector3.new(1706.125244140625, 289.3088073730469, 2695.97021484375)
Part2536.Rotation = Vector3.new(6.53000020980835, -54.04999923706055, -12.270000457763672)
Part2536.Transparency = 1
Part2536.Size = Vector3.new(1.3500009775161743, 23.749998092651367, 1.5)
Part2536.Anchored = true
Part2536.Material = Enum.Material.Fabric
Part2537.Name = "Tree_Collision"
Part2537.Parent = Model2530
Part2537.CFrame = CFrame.new(1701.13843, 290.758514, 2671.23779, 0.631613731, -0.202961177, -0.748247743, 0.114832222, 0.978974938, -0.168612987, 0.766735792, 0.0205751583, 0.641638696)
Part2537.Orientation = Vector3.new(9.710000038146973, -49.38999938964844, 6.690000057220459)
Part2537.Position = Vector3.new(1701.138427734375, 290.7585144042969, 2671.23779296875)
Part2537.Rotation = Vector3.new(14.720000267028809, -48.439998626708984, 17.809999465942383)
Part2537.Transparency = 1
Part2537.Size = Vector3.new(1.3500009775161743, 26.749998092651367, 1.5)
Part2537.Anchored = true
Part2537.Material = Enum.Material.Fabric
Part2538.Name = "Tree_Collision"
Part2538.Parent = Model2530
Part2538.CFrame = CFrame.new(1745.07227, 289.034363, 2704.73755, 0.639309525, 0.206175834, -0.74079597, -0.0102800038, 0.965593636, 0.259869069, 0.768884599, -0.158521011, 0.619430959)
Part2538.Orientation = Vector3.new(-15.0600004196167, -50.099998474121094, -0.6100000143051147)
Part2538.Position = Vector3.new(1745.072265625, 289.03436279296875, 2704.737548828125)
Part2538.Rotation = Vector3.new(-22.760000228881836, -47.79999923706055, -17.8700008392334)
Part2538.Transparency = 1
Part2538.Size = Vector3.new(1.3500009775161743, 23.749998092651367, 1.5)
Part2538.Anchored = true
Part2538.Material = Enum.Material.Fabric
Part2539.Name = "Tree_Collision"
Part2539.Parent = Model2530
Part2539.CFrame = CFrame.new(1718.91016, 290.160645, 2670.02344, 0.64517343, 0.0244394094, -0.763647676, 0.214399904, 0.953542829, 0.211654052, 0.733341694, -0.300278872, 0.609958947)
Part2539.Orientation = Vector3.new(-12.220000267028809, -51.380001068115234, 12.670000076293945)
Part2539.Position = Vector3.new(1718.91015625, 290.16064453125, 2670.0234375)
Part2539.Rotation = Vector3.new(-19.139999389648438, -49.790000915527344, -2.1700000762939453)
Part2539.Transparency = 1
Part2539.Size = Vector3.new(1.3500009775161743, 26.749998092651367, 1.5)
Part2539.Anchored = true
Part2539.Material = Enum.Material.Fabric
Part2540.Name = "Tree_Collision"
Part2540.Parent = Model2530
Part2540.CFrame = CFrame.new(1693.22168, 288.932892, 2690.64722, 0.551545501, -0.303248137, -0.777072668, 0.0892378613, 0.947686017, -0.306490332, 0.829361558, 0.0996986851, 0.549751639)
Part2540.Orientation = Vector3.new(17.850000381469727, -54.720001220703125, 5.380000114440918)
Part2540.Position = Vector3.new(1693.2216796875, 288.9328918457031, 2690.647216796875)
Part2540.Rotation = Vector3.new(29.139999389648438, -50.9900016784668, 28.799999237060547)
Part2540.Transparency = 1
Part2540.Size = Vector3.new(1.3500009775161743, 22.749998092651367, 1.5)
Part2540.Anchored = true
Part2540.Material = Enum.Material.Fabric
Part2541.Name = "Tree_Collision"
Part2541.Parent = Model2530
Part2541.CFrame = CFrame.new(1724.97192, 289.832642, 2707.48975, 0.599184632, 0.129209414, -0.790117979, -0.161204651, 0.986153722, 0.0390182436, 0.784217477, 0.103991225, 0.611715674)
Part2541.Orientation = Vector3.new(-2.240000009536743, -52.25, -9.279999732971191)
Part2541.Position = Vector3.new(1724.971923828125, 289.8326416015625, 2707.48974609375)
Part2541.Rotation = Vector3.new(-3.6500000953674316, -52.20000076293945, -12.170000076293945)
Part2541.Transparency = 1
Part2541.Size = Vector3.new(1.3500009775161743, 23.749998092651367, 1.5)
Part2541.Anchored = true
Part2541.Material = Enum.Material.Fabric
Part2542.Name = "Tree_Collision"
Part2542.Parent = Model2530
Part2542.CFrame = CFrame.new(1728.65283, 287.825378, 2721.96436, 0.647031784, -0.0117576495, -0.762374878, -0.165081084, 0.974008441, -0.15512675, 0.744381785, 0.226224929, 0.628271699)
Part2542.Orientation = Vector3.new(8.920000076293945, -50.5099983215332, -9.619999885559082)
Part2542.Position = Vector3.new(1728.65283203125, 287.82537841796875, 2721.96435546875)
Part2542.Rotation = Vector3.new(13.869999885559082, -49.66999816894531, 1.0399999618530273)
Part2542.Transparency = 1
Part2542.Size = Vector3.new(1.3500009775161743, 20.749998092651367, 1.5)
Part2542.Anchored = true
Part2542.Material = Enum.Material.Fabric
Part2543.Name = "Tree_Collision"
Part2543.Parent = Model2530
Part2543.CFrame = CFrame.new(1704.5249, 288.684235, 2651.47412, 0.612897158, -0.234543189, -0.754553139, 0.268817902, 0.959866464, -0.0800108165, 0.743034482, -0.153798729, 0.651347041)
Part2543.Orientation = Vector3.new(4.590000152587891, -49.20000076293945, 15.649999618530273)
Part2543.Position = Vector3.new(1704.52490234375, 288.6842346191406, 2651.47412109375)
Part2543.Rotation = Vector3.new(7, -48.9900016784668, 20.940000534057617)
Part2543.Transparency = 1
Part2543.Size = Vector3.new(1.3500009775161743, 22.749998092651367, 1.5)
Part2543.Anchored = true
Part2543.Material = Enum.Material.Fabric
Part2544.Name = "Tree_Collision"
Part2544.Parent = Model2530
Part2544.CFrame = CFrame.new(1731.83667, 289.563843, 2673.4668, 0.603328526, 0.321826458, -0.729675412, -0.126690656, 0.942021966, 0.310729235, 0.787369251, -0.095028542, 0.609119475)
Part2544.Orientation = Vector3.new(-18.100000381469727, -50.150001525878906, -7.659999847412109)
Part2544.Position = Vector3.new(1731.836669921875, 289.5638427734375, 2673.466796875)
Part2544.Rotation = Vector3.new(-27.030000686645508, -46.86000061035156, -28.079999923706055)
Part2544.Transparency = 1
Part2544.Size = Vector3.new(1.3500009775161743, 23.749998092651367, 1.5)
Part2544.Anchored = true
Part2544.Material = Enum.Material.Fabric
Part2545.Name = "Tree_Collision"
Part2545.Parent = Model2530
Part2545.CFrame = CFrame.new(1727.79297, 289.121246, 2686.65527, 0.605123878, 0.0976751149, -0.79011929, -0.1093731, 0.993238986, 0.0390200168, 0.788586617, 0.0628056228, 0.611713886)
Part2545.Orientation = Vector3.new(-2.240000009536743, -52.25, -6.28000020980835)
Part2545.Position = Vector3.new(1727.79296875, 289.1212463378906, 2686.6552734375)
Part2545.Rotation = Vector3.new(-3.6500000953674316, -52.20000076293945, -9.170000076293945)
Part2545.Transparency = 1
Part2545.Size = Vector3.new(1.3500009775161743, 23.749998092651367, 1.5)
Part2545.Anchored = true
Part2545.Material = Enum.Material.Fabric
Part2546.Name = "Tree_Collision"
Part2546.Parent = Model2530
Part2546.CFrame = CFrame.new(1688.82471, 288.734741, 2654.75, 0.628494143, -0.10283488, -0.770988941, 0.16667226, 0.986007094, 0.00435367692, 0.759750962, -0.13123849, 0.636837721)
Part2546.Orientation = Vector3.new(-0.25, -50.439998626708984, 9.59000015258789)
Part2546.Position = Vector3.new(1688.82470703125, 288.7347412109375, 2654.75)
Part2546.Rotation = Vector3.new(-0.38999998569488525, -50.439998626708984, 9.289999961853027)
Part2546.Transparency = 1
Part2546.Size = Vector3.new(1.3500009775161743, 22.749998092651367, 1.5)
Part2546.Anchored = true
Part2546.Material = Enum.Material.Fabric
Model2547.Name = "茂み"
Model2547.Parent = Folder0
Part2548.Name = "TreeMesh Bottom"
Part2548.Parent = Model2547
Part2548.CFrame = CFrame.new(1889.28674, 279.405731, 2876.69263, -0.546630144, -0.000413864385, -0.837376356, 0.000455754576, 1.00000381, -0.00079174852, 0.837377727, -0.000814501778, -0.5466308)
Part2548.Orientation = Vector3.new(0.05000000074505806, -123.13999938964844, 0.029999999329447746)
Part2548.Position = Vector3.new(1889.2867431640625, 279.4057312011719, 2876.692626953125)
Part2548.Rotation = Vector3.new(179.9199981689453, -56.86000061035156, 179.9600067138672)
Part2548.Size = Vector3.new(8.250000953674316, 0.2499980926513672, 7)
Part2548.Anchored = true
Part2548.CanCollide = false
Part2548.Material = Enum.Material.Fabric
SpecialMesh2549.Name = "BarkMesh"
SpecialMesh2549.Parent = Part2548
SpecialMesh2549.MeshId = "rbxassetid://623621260"
SpecialMesh2549.Offset = Vector3.new(0, 3.4100000858306885, 0)
SpecialMesh2549.TextureId = "rbxassetid://623618671"
SpecialMesh2549.MeshType = Enum.MeshType.FileMesh
Part2550.Name = "TreeMeshTop"
Part2550.Parent = Model2547
Part2550.CFrame = CFrame.new(1889.27454, 309.545807, 2876.66748, -0.546630144, -0.000413864385, -0.837376356, 0.000455754576, 1.00000381, -0.00079174852, 0.837377727, -0.000814501778, -0.5466308)
Part2550.Orientation = Vector3.new(0.05000000074505806, -123.13999938964844, 0.029999999329447746)
Part2550.Position = Vector3.new(1889.2745361328125, 309.5458068847656, 2876.66748046875)
Part2550.Rotation = Vector3.new(179.9199981689453, -56.86000061035156, 179.9600067138672)
Part2550.Transparency = 0.05000000074505806
Part2550.Size = Vector3.new(8.250000953674316, 0.2499980926513672, 7)
Part2550.Anchored = true
Part2550.CanCollide = false
Part2550.Material = Enum.Material.Fabric
SpecialMesh2551.Name = "TopTreeMesh"
SpecialMesh2551.Parent = Part2550
SpecialMesh2551.MeshId = "rbxassetid://623621456"
SpecialMesh2551.Offset = Vector3.new(0, 3.4100000858306885, 0)
SpecialMesh2551.Scale = Vector3.new(1.600000023841858, 1.600000023841858, 1.600000023841858)
SpecialMesh2551.TextureId = "rbxassetid://745556120"
SpecialMesh2551.MeshType = Enum.MeshType.FileMesh
Part2552.Name = "Tree_Collision"
Part2552.Parent = Model2547
Part2552.CFrame = CFrame.new(1885.94446, 292.531738, 2872.7854, -0.548170209, -0.0314008929, -0.835779369, 0.097127758, 0.990148008, -0.100904673, 0.830711663, -0.136490047, -0.53971839)
Part2552.Orientation = Vector3.new(5.789999961853027, -122.8499984741211, 5.599999904632568)
Part2552.Position = Vector3.new(1885.9444580078125, 292.53173828125, 2872.785400390625)
Part2552.Rotation = Vector3.new(169.41000366210938, -56.70000076293945, 176.72000122070312)
Part2552.Transparency = 1
Part2552.Size = Vector3.new(1.3500009775161743, 26.749998092651367, 1.5)
Part2552.Anchored = true
Part2552.Material = Enum.Material.Fabric
Part2553.Name = "Tree_Collision"
Part2553.Parent = Model2547
Part2553.CFrame = CFrame.new(1875.49109, 291.522644, 2872.45776, -0.560369253, -0.234171301, -0.794451892, -0.301465929, 0.951075137, -0.0676973313, 0.771434188, 0.201564014, -0.60354656)
Part2553.Orientation = Vector3.new(3.880000114440918, -127.22000122070312, -17.59000015258789)
Part2553.Position = Vector3.new(1875.4910888671875, 291.52264404296875, 2872.457763671875)
Part2553.Rotation = Vector3.new(173.60000610351562, -52.599998474121094, 157.32000732421875)
Part2553.Transparency = 1
Part2553.Size = Vector3.new(1.3500009775161743, 23.749998092651367, 1.5)
Part2553.Anchored = true
Part2553.Material = Enum.Material.Fabric
Part2554.Name = "Tree_Collision"
Part2554.Parent = Model2547
Part2554.CFrame = CFrame.new(1897.68176, 292.993988, 2860.45581, -0.548634589, -0.0800802037, -0.832220554, 0.11439386, 0.978855133, -0.169603288, 0.828203082, -0.18825078, -0.527871907)
Part2554.Orientation = Vector3.new(9.760000228881836, -122.38999938964844, 6.670000076293945)
Part2554.Position = Vector3.new(1897.6817626953125, 292.9939880371094, 2860.455810546875)
Part2554.Rotation = Vector3.new(162.19000244140625, -56.33000183105469, 171.6999969482422)
Part2554.Transparency = 1
Part2554.Size = Vector3.new(1.3500009775161743, 26.749998092651367, 1.5)
Part2554.Anchored = true
Part2554.Material = Enum.Material.Fabric
Part2555.Name = "Tree_Collision"
Part2555.Parent = Model2547
Part2555.CFrame = CFrame.new(1878.49646, 291.258606, 2912.26636, -0.548304319, 0.210848883, -0.809264421, -0.0107167438, 0.965847433, 0.258906573, 0.836213827, 0.15063186, -0.527317524)
Part2555.Orientation = Vector3.new(-15.010000228881836, -123.08999633789062, -0.6399999856948853)
Part2555.Position = Vector3.new(1878.4964599609375, 291.25860595703125, 2912.266357421875)
Part2555.Rotation = Vector3.new(-153.85000610351562, -54.02000045776367, -158.97000122070312)
Part2555.Transparency = 1
Part2555.Size = Vector3.new(1.3500009775161743, 23.749998092651367, 1.5)
Part2555.Anchored = true
Part2555.Material = Enum.Material.Fabric
Part2556.Name = "Tree_Collision"
Part2556.Parent = Model2547
Part2556.CFrame = CFrame.new(1904.04114, 292.405945, 2877.09644, -0.512841403, 0.293277055, -0.806837082, 0.214001283, 0.953845859, 0.210689843, 0.831386447, -0.0646135509, -0.551932096)
Part2556.Orientation = Vector3.new(-12.15999984741211, -124.37000274658203, 12.649999618530273)
Part2556.Position = Vector3.new(1904.0411376953125, 292.40594482421875, 2877.096435546875)
Part2556.Rotation = Vector3.new(-159.11000061035156, -53.790000915527344, -150.24000549316406)
Part2556.Transparency = 1
Part2556.Size = Vector3.new(1.3500009775161743, 26.749998092651367, 1.5)
Part2556.Anchored = true
Part2556.Material = Enum.Material.Fabric
Part2557.Name = "Tree_Collision"
Part2557.Parent = Model2547
Part2557.CFrame = CFrame.new(1876.80774, 291.14566, 2858.56152, -0.631909072, -0.18503657, -0.752632797, 0.0887002349, 0.947440922, -0.307403058, 0.769953787, -0.261008978, -0.582282305)
Part2557.Orientation = Vector3.new(17.899999618530273, -127.7300033569336, 5.349999904632568)
Part2557.Position = Vector3.new(1876.8077392578125, 291.1456604003906, 2858.5615234375)
Part2557.Rotation = Vector3.new(152.1699981689453, -48.81999969482422, 163.67999267578125)
Part2557.Transparency = 1
Part2557.Size = Vector3.new(1.3500009775161743, 22.749998092651367, 1.5)
Part2557.Anchored = true
Part2557.Material = Enum.Material.Fabric
Part2558.Name = "Tree_Collision"
Part2558.Parent = Model2547
Part2558.CFrame = CFrame.new(1869.98572, 292.044464, 2893.84937, -0.5745399, -0.0627176911, -0.816072464, -0.161676645, 0.98611474, 0.0380393378, 0.802353203, 0.153794497, -0.576700866)
Part2558.Orientation = Vector3.new(-2.180000066757202, -125.25, -9.3100004196167)
Part2558.Position = Vector3.new(1869.9857177734375, 292.0444641113281, 2893.849365234375)
Part2558.Rotation = Vector3.new(-176.22999572753906, -54.689998626708984, 173.77000427246094)
Part2558.Transparency = 1
Part2558.Size = Vector3.new(1.3500009775161743, 23.749998092651367, 1.5)
Part2558.Anchored = true
Part2558.Material = Enum.Material.Fabric
Part2559.Name = "Tree_Collision"
Part2559.Parent = Model2547
Part2559.CFrame = CFrame.new(1857.22156, 290.024933, 2901.60229, -0.522448719, -0.220818132, -0.823583901, -0.165490106, 0.973782122, -0.156108752, 0.83646065, 0.054735899, -0.545293272)
Part2559.Orientation = Vector3.new(8.979999542236328, -123.51000213623047, -9.649999618530273)
Part2559.Position = Vector3.new(1857.2215576171875, 290.0249328613281, 2901.602294921875)
Part2559.Rotation = Vector3.new(164.02000427246094, -55.45000076293945, 157.08999633789062)
Part2559.Transparency = 1
Part2559.Size = Vector3.new(1.3500009775161743, 20.749998092651367, 1.5)
Part2559.Anchored = true
Part2559.Material = Enum.Material.Fabric
Part2560.Name = "Tree_Collision"
Part2560.Parent = Model2547
Part2560.CFrame = CFrame.new(1917.57361, 290.940582, 2857.91528, -0.531607985, 0.0774571598, -0.843443692, 0.268393308, 0.959901392, -0.0810116827, 0.80334568, -0.269440472, -0.531079054)
Part2560.Orientation = Vector3.new(4.650000095367432, -122.19999694824219, 15.619999885559082)
Part2560.Position = Vector3.new(1917.5736083984375, 290.9405822753906, 2857.915283203125)
Part2560.Rotation = Vector3.new(171.3300018310547, -57.5099983215332, -171.7100067138672)
Part2560.Transparency = 1
Part2560.Size = Vector3.new(1.3500009775161743, 22.749998092651367, 1.5)
Part2560.Anchored = true
Part2560.Material = Enum.Material.Fabric
Part2561.Name = "Tree_Collision"
Part2561.Parent = Model2547
Part2561.CFrame = CFrame.new(1904.52917, 291.812042, 2890.46484, -0.576378703, 0.183977097, -0.796205878, -0.12716265, 0.942270398, 0.3097817, 0.807231963, 0.279798448, -0.519708335)
Part2561.Orientation = Vector3.new(-18.049999237060547, -123.12999725341797, -7.690000057220459)
Part2561.Position = Vector3.new(1904.5291748046875, 291.8120422363281, 2890.46484375)
Part2561.Rotation = Vector3.new(-149.1999969482422, -52.77000045776367, -162.3000030517578)
Part2561.Transparency = 1
Part2561.Size = Vector3.new(1.3500009775161743, 23.749998092651367, 1.5)
Part2561.Anchored = true
Part2561.Material = Enum.Material.Fabric
Part2562.Name = "Tree_Collision"
Part2562.Parent = Model2547
Part2562.CFrame = CFrame.new(1890.73499, 291.354675, 2890.45459, -0.577036679, -0.0325622186, -0.816071153, -0.109846234, 0.99322474, 0.0380404554, 0.809301198, 0.11159271, -0.576702654)
Part2562.Orientation = Vector3.new(-2.180000066757202, -125.25, -6.309999942779541)
Part2562.Position = Vector3.new(1890.7349853515625, 291.35467529296875, 2890.45458984375)
Part2562.Rotation = Vector3.new(-176.22999572753906, -54.689998626708984, 176.77000427246094)
Part2562.Transparency = 1
Part2562.Size = Vector3.new(1.3500009775161743, 23.749998092651367, 1.5)
Part2562.Anchored = true
Part2562.Material = Enum.Material.Fabric
Part2563.Name = "Tree_Collision"
Part2563.Parent = Model2547
Part2563.CFrame = CFrame.new(1909.85022, 290.980225, 2843.85962, -0.54292357, 0.0943705887, -0.834465206, 0.16623944, 0.986083984, 0.00335789798, 0.823167503, -0.136897624, -0.551055074)
Part2563.Orientation = Vector3.new(-0.1899999976158142, -123.44000244140625, 9.569999694824219)
Part2563.Position = Vector3.new(1909.8502197265625, 290.980224609375, 2843.859619140625)
Part2563.Rotation = Vector3.new(-179.64999389648438, -56.560001373291016, -170.13999938964844)
Part2563.Transparency = 1
Part2563.Size = Vector3.new(1.3500009775161743, 22.749998092651367, 1.5)
Part2563.Anchored = true
Part2563.Material = Enum.Material.Fabric
Model2564.Name = "茂み"
Model2564.Parent = Folder0
Part2565.Name = "TreeMesh Bottom"
Part2565.Parent = Model2564
Part2565.CFrame = CFrame.new(1926.62708, 278.856262, 2912.16797, -0.546630144, -0.000414781622, -0.837376356, 0.000455754576, 1.00000381, -0.000792843872, 0.837377727, -0.00081510056, -0.5466308)
Part2565.Orientation = Vector3.new(0.05000000074505806, -123.13999938964844, 0.029999999329447746)
Part2565.Position = Vector3.new(1926.6270751953125, 278.85626220703125, 2912.16796875)
Part2565.Rotation = Vector3.new(179.9199981689453, -56.86000061035156, 179.9600067138672)
Part2565.Size = Vector3.new(8.250000953674316, 0.2499980926513672, 7)
Part2565.Anchored = true
Part2565.CanCollide = false
Part2565.Material = Enum.Material.Fabric
SpecialMesh2566.Name = "BarkMesh"
SpecialMesh2566.Parent = Part2565
SpecialMesh2566.MeshId = "rbxassetid://623621260"
SpecialMesh2566.Offset = Vector3.new(0, 3.4100000858306885, 0)
SpecialMesh2566.TextureId = "rbxassetid://623618671"
SpecialMesh2566.MeshType = Enum.MeshType.FileMesh
Part2567.Name = "TreeMeshTop"
Part2567.Parent = Model2564
Part2567.CFrame = CFrame.new(1926.61511, 308.996338, 2912.14331, -0.546630144, -0.000414781622, -0.837376356, 0.000455754576, 1.00000381, -0.000792843872, 0.837377727, -0.00081510056, -0.5466308)
Part2567.Orientation = Vector3.new(0.05000000074505806, -123.13999938964844, 0.029999999329447746)
Part2567.Position = Vector3.new(1926.6151123046875, 308.996337890625, 2912.143310546875)
Part2567.Rotation = Vector3.new(179.9199981689453, -56.86000061035156, 179.9600067138672)
Part2567.Transparency = 0.05000000074505806
Part2567.Size = Vector3.new(8.250000953674316, 0.2499980926513672, 7)
Part2567.Anchored = true
Part2567.CanCollide = false
Part2567.Material = Enum.Material.Fabric
SpecialMesh2568.Name = "TopTreeMesh"
SpecialMesh2568.Parent = Part2567
SpecialMesh2568.MeshId = "rbxassetid://623621456"
SpecialMesh2568.Offset = Vector3.new(0, 3.4100000858306885, 0)
SpecialMesh2568.Scale = Vector3.new(1.600000023841858, 1.600000023841858, 1.600000023841858)
SpecialMesh2568.TextureId = "rbxassetid://745556120"
SpecialMesh2568.MeshType = Enum.MeshType.FileMesh
Part2569.Name = "Tree_Collision"
Part2569.Parent = Model2564
Part2569.CFrame = CFrame.new(1923.28479, 291.982269, 2908.26123, -0.548170924, -0.031401027, -0.835778892, 0.0971287489, 0.990147769, -0.100905634, 0.830710948, -0.136491448, -0.539718986)
Part2569.Orientation = Vector3.new(5.789999961853027, -122.8499984741211, 5.599999904632568)
Part2569.Position = Vector3.new(1923.2847900390625, 291.9822692871094, 2908.26123046875)
Part2569.Rotation = Vector3.new(169.41000366210938, -56.70000076293945, 176.72000122070312)
Part2569.Transparency = 1
Part2569.Size = Vector3.new(1.3500009775161743, 26.749998092651367, 1.5)
Part2569.Anchored = true
Part2569.Material = Enum.Material.Fabric
Part2570.Name = "Tree_Collision"
Part2570.Parent = Model2564
Part2570.CFrame = CFrame.new(1912.83167, 290.973267, 2907.93359, -0.560369492, -0.234169915, -0.79445225, -0.301465064, 0.951075435, -0.0676963106, 0.771434486, 0.201563984, -0.603546321)
Part2570.Orientation = Vector3.new(3.880000114440918, -127.22000122070312, -17.59000015258789)
Part2570.Position = Vector3.new(1912.8316650390625, 290.9732666015625, 2907.93359375)
Part2570.Rotation = Vector3.new(173.60000610351562, -52.599998474121094, 157.32000732421875)
Part2570.Transparency = 1
Part2570.Size = Vector3.new(1.3500009775161743, 23.749998092651367, 1.5)
Part2570.Anchored = true
Part2570.Material = Enum.Material.Fabric
Part2571.Name = "Tree_Collision"
Part2571.Parent = Model2564
Part2571.CFrame = CFrame.new(1935.02258, 292.444519, 2895.93115, -0.548634529, -0.0800779462, -0.832220793, 0.114394844, 0.978855371, -0.169601277, 0.828202963, -0.188250482, -0.527872145)
Part2571.Orientation = Vector3.new(9.760000228881836, -122.38999938964844, 6.670000076293945)
Part2571.Position = Vector3.new(1935.0225830078125, 292.44451904296875, 2895.93115234375)
Part2571.Rotation = Vector3.new(162.19000244140625, -56.33000183105469, 171.6999969482422)
Part2571.Transparency = 1
Part2571.Size = Vector3.new(1.3500009775161743, 26.749998092651367, 1.5)
Part2571.Anchored = true
Part2571.Material = Enum.Material.Fabric
Part2572.Name = "Tree_Collision"
Part2572.Parent = Model2564
Part2572.CFrame = CFrame.new(1915.83752, 290.709137, 2947.74219, -0.548304319, 0.210849494, -0.809264302, -0.0107157445, 0.965847433, 0.258906662, 0.836213827, 0.1506311, -0.527317762)
Part2572.Orientation = Vector3.new(-15.010000228881836, -123.08999633789062, -0.6399999856948853)
Part2572.Position = Vector3.new(1915.8375244140625, 290.7091369628906, 2947.7421875)
Part2572.Rotation = Vector3.new(-153.85000610351562, -54.02000045776367, -158.97000122070312)
Part2572.Transparency = 1
Part2572.Size = Vector3.new(1.3500009775161743, 23.749998092651367, 1.5)
Part2572.Anchored = true
Part2572.Material = Enum.Material.Fabric
Part2573.Name = "Tree_Collision"
Part2573.Parent = Model2564
Part2573.CFrame = CFrame.new(1941.38147, 291.856476, 2912.57178, -0.512841284, 0.293277591, -0.806836963, 0.214002237, 0.95384562, 0.210689873, 0.831386209, -0.064614296, -0.551932216)
Part2573.Orientation = Vector3.new(-12.15999984741211, -124.37000274658203, 12.649999618530273)
Part2573.Position = Vector3.new(1941.3814697265625, 291.8564758300781, 2912.57177734375)
Part2573.Rotation = Vector3.new(-159.11000061035156, -53.790000915527344, -150.24000549316406)
Part2573.Transparency = 1
Part2573.Size = Vector3.new(1.3500009775161743, 26.749998092651367, 1.5)
Part2573.Anchored = true
Part2573.Material = Enum.Material.Fabric
Part2574.Name = "Tree_Collision"
Part2574.Parent = Model2564
Part2574.CFrame = CFrame.new(1914.14832, 290.596161, 2894.0376, -0.631909072, -0.18503657, -0.752632797, 0.0887002349, 0.947440922, -0.307403058, 0.769953787, -0.261008978, -0.582282305)
