Part1935.Name = "Tree_Collision"
Part1935.Parent = Model1921
Part1935.CFrame = CFrame.new(1988.55139, 220.639557, 2599.47559, -0.474921346, -0.312790871, 0.822564602, -0.124982156, 0.949201286, 0.288785487, -0.871109188, 0.0343443304, -0.489888787)
Part1935.Orientation = Vector3.new(-16.790000915527344, 120.77999877929688, -7.5)
Part1935.Position = Vector3.new(1988.5513916015625, 220.63955688476562, 2599.4755859375)
Part1935.Rotation = Vector3.new(-149.47999572753906, 55.34000015258789, 146.6300048828125)
Part1935.Transparency = 1
Part1935.Size = Vector3.new(1.3500009775161743, 23.749998092651367, 1.5)
Part1935.Anchored = true
Part1935.Material = Enum.Material.Fabric
Part1936.Name = "Tree_Collision"
Part1936.Parent = Model1921
Part1936.CFrame = CFrame.new(1994.60315, 219.951294, 2587.09082, -0.476137668, -0.065629445, 0.876918912, -0.10764949, 0.994061053, 0.0159463994, -0.872757912, -0.0868072361, -0.480374575)
Part1936.Orientation = Vector3.new(-0.9100000262260437, 118.70999908447266, -6.179999828338623)
Part1936.Position = Vector3.new(1994.6031494140625, 219.9512939453125, 2587.0908203125)
Part1936.Rotation = Vector3.new(-178.10000610351562, 61.27000045776367, 172.14999389648438)
Part1936.Transparency = 1
Part1936.Size = Vector3.new(1.3500009775161743, 23.749998092651367, 1.5)
Part1936.Anchored = true
Part1936.Material = Enum.Material.Fabric
Part1937.Name = "Tree_Collision"
Part1937.Parent = Model1921
Part1937.CFrame = CFrame.new(2028.06885, 219.216034, 2624.72168, -0.497907937, 0.101770602, 0.86123848, 0.169139698, 0.985415697, -0.0186595935, -0.850577116, 0.136378899, -0.50785929)
Part1937.Orientation = Vector3.new(1.0700000524520874, 120.52999877929688, 9.739999771118164)
Part1937.Position = Vector3.new(2028.06884765625, 219.21603393554688, 2624.7216796875)
Part1937.Rotation = Vector3.new(177.89999389648438, 59.459999084472656, -168.4499969482422)
Part1937.Transparency = 1
Part1937.Size = Vector3.new(1.3500009775161743, 22.749998092651367, 1.5)
Part1937.Anchored = true
Part1937.Material = Enum.Material.Fabric
Model1938.Name = "?2"
Model1938.Parent = Folder0
Part1939.Name = "TreeMesh Bottom"
Part1939.Parent = Model1938
Part1939.CFrame = CFrame.new(2137.85962, 112.254623, 2340.28003, -0.292432755, -4.8471037e-07, -0.956286907, -3.52039933e-07, 1.00000143, -3.85875893e-07, 0.956287563, 2.41333623e-07, -0.29243207)
Part1939.Orientation = Vector3.new(0, -107, 0)
Part1939.Position = Vector3.new(2137.859619140625, 112.25462341308594, 2340.280029296875)
Part1939.Rotation = Vector3.new(180, -73, 180)
Part1939.Size = Vector3.new(8.250000953674316, 0.2499980926513672, 7)
Part1939.Anchored = true
Part1939.CanCollide = false
Part1939.Material = Enum.Material.Fabric
SpecialMesh1940.Name = "BarkMesh"
SpecialMesh1940.Parent = Part1939
SpecialMesh1940.MeshId = "rbxassetid://623621260"
SpecialMesh1940.Offset = Vector3.new(0, 3.4100000858306885, 0)
SpecialMesh1940.TextureId = "rbxassetid://623618671"
SpecialMesh1940.MeshType = Enum.MeshType.FileMesh
Part1941.Name = "TreeMeshTop"
Part1941.Parent = Model1938
Part1941.CFrame = CFrame.new(2137.86084, 142.394577, 2340.27954, -0.292432755, -4.8471037e-07, -0.956286907, -3.52039933e-07, 1.00000143, -3.85875893e-07, 0.956287563, 2.41333623e-07, -0.29243207)
Part1941.Orientation = Vector3.new(0, -107, 0)
Part1941.Position = Vector3.new(2137.86083984375, 142.3945770263672, 2340.279541015625)
Part1941.Rotation = Vector3.new(180, -73, 180)
Part1941.Transparency = 0.05000000074505806
Part1941.Size = Vector3.new(8.250000953674316, 0.2499980926513672, 7)
Part1941.Anchored = true
Part1941.CanCollide = false
Part1941.Material = Enum.Material.Fabric
SpecialMesh1942.Name = "TopTreeMesh"
SpecialMesh1942.Parent = Part1941
SpecialMesh1942.MeshId = "rbxassetid://623621456"
SpecialMesh1942.Offset = Vector3.new(0, 3.4100000858306885, 0)
SpecialMesh1942.Scale = Vector3.new(1.600000023841858, 1.600000023841858, 1.600000023841858)
SpecialMesh1942.TextureId = "rbxassetid://745556120"
SpecialMesh1942.MeshType = Enum.MeshType.FileMesh
Part1943.Name = "Tree_Collision"
Part1943.Parent = Model1938
Part1943.CFrame = CFrame.new(2133.57227, 125.385132, 2337.46436, -0.295705259, -0.0674712658, -0.952894211, 0.0966782495, 0.990268886, -0.100119121, 0.950375974, -0.121729717, -0.28630358)
Part1943.Orientation = Vector3.new(5.75, -106.72000122070312, 5.579999923706055)
Part1943.Position = Vector3.new(2133.572265625, 125.3851318359375, 2337.46435546875)
Part1943.Rotation = Vector3.new(160.72999572753906, -72.33999633789062, 167.14999389648438)
Part1943.Transparency = 1
Part1943.Size = Vector3.new(1.3500009775161743, 26.749998092651367, 1.5)
Part1943.Anchored = true
Part1943.Material = Enum.Material.Fabric
Part1944.Name = "Tree_Collision"
Part1944.Parent = Model1938
Part1944.CFrame = CFrame.new(2123.43848, 124.380676, 2340.05298, -0.324142843, -0.168349683, -0.930908859, -0.301861227, 0.951004863, -0.0668757185, 0.896556795, 0.259327948, -0.359078467)
Part1944.Orientation = Vector3.new(3.8299999237060547, -111.08999633789062, -17.610000610351562)
Part1944.Position = Vector3.new(2123.4384765625, 124.38067626953125, 2340.052978515625)
Part1944.Rotation = Vector3.new(169.4499969482422, -68.58000183105469, 152.5500030517578)
Part1944.Transparency = 1
Part1944.Size = Vector3.new(1.3500009775161743, 23.749998092651367, 1.5)
Part1944.Anchored = true
Part1944.Material = Enum.Material.Fabric
Part1945.Name = "Tree_Collision"
Part1945.Parent = Model1938
Part1945.CFrame = CFrame.new(2141.42139, 125.852554, 2322.35938, -0.296837091, -0.12862128, -0.946227074, 0.113945857, 0.979038656, -0.168826848, 0.948107004, -0.15793246, -0.275958031)
Part1945.Orientation = Vector3.new(9.720000267028809, -106.26000213623047, 6.639999866485596)
Part1945.Position = Vector3.new(2141.42138671875, 125.85255432128906, 2322.359375)
Part1945.Rotation = Vector3.new(148.5399932861328, -71.12999725341797, 156.57000732421875)
Part1945.Transparency = 1
Part1945.Size = Vector3.new(1.3500009775161743, 26.749998092651367, 1.5)
Part1945.Anchored = true
Part1945.Material = Enum.Material.Fabric
Part1946.Name = "Tree_Collision"
Part1946.Parent = Model1938
Part1946.CFrame = CFrame.new(2137.38672, 124.082939, 2377.45874, -0.294372082, 0.245002881, -0.923753202, -0.0111706723, 0.965634108, 0.259670556, 0.955627084, 0.0867584124, -0.281517774)
Part1946.Orientation = Vector3.new(-15.050000190734863, -106.94999694824219, -0.6600000262260437)
Part1946.Position = Vector3.new(2137.38671875, 124.08293914794922, 2377.458740234375)
Part1946.Rotation = Vector3.new(-137.30999755859375, -67.4800033569336, -140.22999572753906)
Part1946.Transparency = 1
Part1946.Size = Vector3.new(1.3500009775161743, 23.749998092651367, 1.5)
Part1946.Anchored = true
Part1946.Material = Enum.Material.Fabric
Part1947.Name = "Tree_Collision"
Part1947.Parent = Model1938
Part1947.CFrame = CFrame.new(2152.15332, 125.248337, 2336.57666, -0.261506617, 0.264370292, -0.928290904, 0.213535488, 0.953773916, 0.211473048, 0.941286266, -0.142921567, -0.30586949)
Part1947.Orientation = Vector3.new(-12.210000038146973, -108.23999786376953, 12.619999885559082)
Part1947.Position = Vector3.new(2152.1533203125, 125.24833679199219, 2336.57666015625)
Part1947.Rotation = Vector3.new(-145.33999633789062, -68.16999816894531, -134.69000244140625)
Part1947.Transparency = 1
Part1947.Size = Vector3.new(1.3500009775161743, 26.749998092651367, 1.5)
Part1947.Anchored = true
Part1947.Material = Enum.Material.Fabric
Part1948.Name = "Tree_Collision"
Part1948.Parent = Model1938
Part1948.CFrame = CFrame.new(2120.84204, 124.014404, 2326.33862, -0.393033177, -0.249682218, -0.88497746, 0.0883334652, 0.947726905, -0.306616306, 0.91527319, -0.198683113, -0.35043171)
Part1948.Orientation = Vector3.new(17.860000610351562, -111.5999984741211, 5.320000171661377)
Part1948.Position = Vector3.new(2120.842041015625, 124.014404296875, 2326.338623046875)
Part1948.Rotation = Vector3.new(138.82000732421875, -62.25, 147.57000732421875)
Part1948.Transparency = 1
Part1948.Size = Vector3.new(1.3500009775161743, 22.749998092651367, 1.5)
Part1948.Anchored = true
Part1948.Material = Enum.Material.Fabric
Part1949.Name = "Tree_Collision"
Part1949.Parent = Model1938
Part1949.CFrame = CFrame.new(2124.09424, 124.887329, 2362.13232, -0.329076767, -0.0168996844, -0.944152713, -0.162091494, 0.98601222, 0.0388467535, 0.93028903, 0.16582258, -0.327211857)
Part1949.Orientation = Vector3.new(-2.2300000190734863, -109.11000061035156, -9.34000015258789)
Part1949.Position = Vector3.new(2124.09423828125, 124.8873291015625, 2362.13232421875)
Part1949.Rotation = Vector3.new(-173.22999572753906, -70.76000213623047, 177.05999755859375)
Part1949.Transparency = 1
Part1949.Size = Vector3.new(1.3500009775161743, 23.749998092651367, 1.5)
Part1949.Anchored = true
Part1949.Material = Enum.Material.Fabric
Part1950.Name = "Tree_Collision"
Part1950.Parent = Model1938
Part1950.CFrame = CFrame.new(2113.98608, 122.866745, 2373.12524, -0.269562662, -0.196306333, -0.942762613, -0.165954873, 0.973825753, -0.155323192, 0.948576748, 0.114586793, -0.29508394)
Part1950.Orientation = Vector3.new(8.9399995803833, -107.37999725341797, -9.670000076293945)
Part1950.Position = Vector3.new(2113.986083984375, 122.86674499511719, 2373.125244140625)
Part1950.Rotation = Vector3.new(152.24000549316406, -70.5199966430664, 143.94000244140625)
Part1950.Transparency = 1
Part1950.Size = Vector3.new(1.3500009775161743, 20.749998092651367, 1.5)
Part1950.Anchored = true
Part1950.Material = Enum.Material.Fabric
Part1951.Name = "Tree_Collision"
Part1951.Parent = Model1938
Part1951.CFrame = CFrame.new(2159.82324, 123.793015, 2314.39014, -0.287291706, 0.000140696764, -0.9578439, 0.267958075, 0.960085809, -0.0802291855, 0.919600368, -0.279710919, -0.275861233)
Part1951.Orientation = Vector3.new(4.599999904632568, -106.06999969482422, 15.59000015258789)
Part1951.Position = Vector3.new(2159.8232421875, 123.79301452636719, 2314.39013671875)
Part1951.Rotation = Vector3.new(163.77999877929688, -73.30000305175781, -179.97000122070312)
Part1951.Transparency = 1
Part1951.Size = Vector3.new(1.3500009775161743, 22.749998092651367, 1.5)
Part1951.Anchored = true
Part1951.Material = Enum.Material.Fabric
Part1952.Name = "Tree_Collision"
Part1952.Parent = Model1938
Part1952.CFrame = CFrame.new(2156.33691, 124.643326, 2349.28296, -0.329465985, 0.255064487, -0.909063041, -0.127582103, 0.941962898, 0.310534298, 0.935509384, 0.218290269, -0.277801991)
Part1952.Orientation = Vector3.new(-18.09000015258789, -106.98999786376953, -7.710000038146973)
Part1952.Position = Vector3.new(2156.3369140625, 124.64332580566406, 2349.282958984375)
Part1952.Rotation = Vector3.new(-131.82000732421875, -65.37999725341797, -142.25)
Part1952.Transparency = 1
Part1952.Size = Vector3.new(1.3500009775161743, 23.749998092651367, 1.5)
Part1952.Anchored = true
Part1952.Material = Enum.Material.Fabric
Part1953.Name = "Tree_Collision"
Part1953.Parent = Model1938
Part1953.CFrame = CFrame.new(2143.08301, 124.191704, 2353.10547, -0.329511821, 0.000347107649, -0.944152117, -0.110265322, 0.993144095, 0.0388480462, 0.937692046, 0.116908044, -0.327213287)
Part1953.Orientation = Vector3.new(-2.2300000190734863, -109.11000061035156, -6.340000152587891)
Part1953.Position = Vector3.new(2143.0830078125, 124.19170379638672, 2353.10546875)
Part1953.Rotation = Vector3.new(-173.22999572753906, -70.76000213623047, -179.94000244140625)
Part1953.Transparency = 1
Part1953.Size = Vector3.new(1.3500009775161743, 23.749998092651367, 1.5)
Part1953.Anchored = true
Part1953.Material = Enum.Material.Fabric
Part1954.Name = "Tree_Collision"
Part1954.Parent = Model1938
Part1954.CFrame = CFrame.new(2148.4978, 123.847321, 2303.03418, -0.292717814, 0.0532328039, -0.954716682, 0.165793195, 0.986153305, 0.00415314175, 0.941717327, -0.157069758, -0.297489166)
Part1954.Orientation = Vector3.new(-0.23999999463558197, -107.30999755859375, 9.539999961853027)
Part1954.Position = Vector3.new(2148.497802734375, 123.84732055664062, 2303.0341796875)
Part1954.Rotation = Vector3.new(-179.1999969482422, -72.69000244140625, -169.69000244140625)
Part1954.Transparency = 1
Part1954.Size = Vector3.new(1.3500009775161743, 22.749998092651367, 1.5)
Part1954.Anchored = true
Part1954.Material = Enum.Material.Fabric
Model1955.Name = "?2"
Model1955.Parent = Folder0
Part1956.Name = "TreeMesh Bottom"
Part1956.Parent = Model1955
Part1956.CFrame = CFrame.new(2019.35376, 112.848274, 2253.31152, -0.587980747, 3.85051095e-07, -0.808874965, 4.93726553e-08, 1, 4.40143367e-07, 0.808874965, 2.18859498e-07, -0.587980747)
Part1956.Orientation = Vector3.new(0, -126.01000213623047, 0)
Part1956.Position = Vector3.new(2019.353759765625, 112.84827423095703, 2253.3115234375)
Part1956.Rotation = Vector3.new(-180, -53.9900016784668, -180)
Part1956.Size = Vector3.new(8.250000953674316, 0.2499980926513672, 7)
Part1956.Anchored = true
Part1956.CanCollide = false
Part1956.Material = Enum.Material.Fabric
SpecialMesh1957.Name = "BarkMesh"
SpecialMesh1957.Parent = Part1956
SpecialMesh1957.MeshId = "rbxassetid://623621260"
SpecialMesh1957.Offset = Vector3.new(0, 3.4100000858306885, 0)
SpecialMesh1957.TextureId = "rbxassetid://623618671"
SpecialMesh1957.MeshType = Enum.MeshType.FileMesh
Part1958.Name = "TreeMeshTop"
Part1958.Parent = Model1955
Part1958.CFrame = CFrame.new(2019.35461, 142.988342, 2253.31128, -0.587980747, 3.85051095e-07, -0.808874965, 4.93726553e-08, 1, 4.40143367e-07, 0.808874965, 2.18859498e-07, -0.587980747)
Part1958.Orientation = Vector3.new(0, -126.01000213623047, 0)
Part1958.Position = Vector3.new(2019.3546142578125, 142.98834228515625, 2253.311279296875)
Part1958.Rotation = Vector3.new(-180, -53.9900016784668, -180)
Part1958.Transparency = 0.05000000074505806
Part1958.Size = Vector3.new(8.250000953674316, 0.2499980926513672, 7)
Part1958.Anchored = true
Part1958.CanCollide = false
Part1958.Material = Enum.Material.Fabric
SpecialMesh1959.Name = "TopTreeMesh"
SpecialMesh1959.Parent = Part1958
SpecialMesh1959.MeshId = "rbxassetid://623621456"
SpecialMesh1959.Offset = Vector3.new(0, 3.4100000858306885, 0)
SpecialMesh1959.Scale = Vector3.new(1.600000023841858, 1.600000023841858, 1.600000023841858)
SpecialMesh1959.TextureId = "rbxassetid://745556120"
SpecialMesh1959.MeshType = Enum.MeshType.FileMesh
Part1960.Name = "Tree_Collision"
Part1960.Parent = Model1955
Part1960.CFrame = CFrame.new(2016.2168, 125.978828, 2249.25293, -0.589148581, -0.0241394565, -0.807664037, 0.0966772288, 0.990267634, -0.100118071, 0.802220345, -0.137067154, -0.581081033)
Part1960.Orientation = Vector3.new(5.75, -125.7300033569336, 5.579999923706055)
Part1960.Position = Vector3.new(2016.216796875, 125.97882843017578, 2249.2529296875)
Part1960.Rotation = Vector3.new(170.22000122070312, -53.869998931884766, 177.64999389648438)
Part1960.Transparency = 1
Part1960.Size = Vector3.new(1.3500009775161743, 26.749998092651367, 1.5)
Part1960.Anchored = true
Part1960.Material = Enum.Material.Fabric
Part1961.Name = "Tree_Collision"
Part1961.Parent = Model1955
Part1961.CFrame = CFrame.new(2005.79272, 124.974373, 2248.39917, -0.598504007, -0.243639976, -0.763172686, -0.301860601, 0.951003551, -0.0668757185, 0.742073476, 0.19034636, -0.642724872)
Part1961.Orientation = Vector3.new(3.8299999237060547, -130.10000610351562, -17.610000610351562)
Part1961.Position = Vector3.new(2005.792724609375, 124.97437286376953, 2248.399169921875)
Part1961.Rotation = Vector3.new(174.05999755859375, -49.7400016784668, 157.85000610351562)
Part1961.Transparency = 1
Part1961.Size = Vector3.new(1.3500009775161743, 23.749998092651367, 1.5)
Part1961.Anchored = true
Part1961.Material = Enum.Material.Fabric
Part1962.Name = "Tree_Collision"
Part1962.Parent = Model1955
Part1962.CFrame = CFrame.new(2028.55811, 126.446266, 2237.52832, -0.589479506, -0.0701622516, -0.804730475, 0.113945544, 0.979037225, -0.168826744, 0.79970634, -0.191215351, -0.569127738)
Part1962.Orientation = Vector3.new(9.720000267028809, -125.2699966430664, 6.639999866485596)
Part1962.Position = Vector3.new(2028.55810546875, 126.4462661743164, 2237.5283203125)
Part1962.Rotation = Vector3.new(163.47999572753906, -53.58000183105469, 173.2100067138672)
Part1962.Transparency = 1
Part1962.Size = Vector3.new(1.3500009775161743, 26.749998092651367, 1.5)
Part1962.Anchored = true
Part1962.Material = Enum.Material.Fabric
Part1963.Name = "Tree_Collision"
Part1963.Parent = Model1955
Part1963.CFrame = CFrame.new(2006.79541, 124.676643, 2288.30884, -0.589598656, 0.203379333, -0.781671464, -0.0111709498, 0.965632975, 0.259669393, 0.807619214, 0.161832735, -0.567063928)
Part1963.Orientation = Vector3.new(-15.050000190734863, -125.95999908447266, -0.6600000262260437)
Part1963.Position = Vector3.new(2006.79541015625, 124.67664337158203, 2288.308837890625)
Part1963.Rotation = Vector3.new(-155.39999389648438, -51.40999984741211, -160.97000122070312)
Part1963.Transparency = 1
Part1963.Size = Vector3.new(1.3500009775161743, 23.749998092651367, 1.5)
Part1963.Anchored = true
Part1963.Material = Enum.Material.Fabric
Part1964.Name = "Tree_Collision"
Part1964.Parent = Model1955
Part1964.CFrame = CFrame.new(2034.07397, 125.842018, 2254.46631, -0.553854883, 0.296505004, -0.778029263, 0.213534668, 0.953772902, 0.211471722, 0.804765582, -0.0490115769, -0.591565847)
Part1964.Orientation = Vector3.new(-12.210000038146973, -127.25, 12.619999885559082)
Part1964.Position = Vector3.new(2034.073974609375, 125.8420181274414, 2254.46630859375)
Part1964.Rotation = Vector3.new(-160.3300018310547, -51.08000183105469, -151.83999633789062)
Part1964.Transparency = 1
Part1964.Size = Vector3.new(1.3500009775161743, 26.749998092651367, 1.5)
Part1964.Anchored = true
Part1964.Material = Enum.Material.Fabric
Part1965.Name = "Tree_Collision"
Part1965.Parent = Model1955
Part1965.CFrame = CFrame.new(2007.80493, 124.608109, 2234.58716, -0.669733882, -0.171345159, -0.722563088, 0.0883333758, 0.94772613, -0.30661428, 0.737328887, -0.269176364, -0.619588792)
Part1965.Orientation = Vector3.new(17.860000610351562, -130.61000061035156, 5.320000171661377)
Part1965.Position = Vector3.new(2007.804931640625, 124.60810852050781, 2234.587158203125)
Part1965.Rotation = Vector3.new(153.6699981689453, -46.27000045776367, 165.64999389648438)
Part1965.Transparency = 1
Part1965.Size = Vector3.new(1.3500009775161743, 22.749998092651367, 1.5)
Part1965.Anchored = true
Part1965.Material = Enum.Material.Fabric
Part1966.Name = "Tree_Collision"
Part1966.Parent = Model1955
Part1966.CFrame = CFrame.new(1999.22021, 125.481018, 2269.48828, -0.6141572, -0.0699925199, -0.786073864, -0.162091628, 0.986010849, 0.038846679, 0.772358358, 0.151273951, -0.616910815)
Part1966.Orientation = Vector3.new(-2.2300000190734863, -128.1199951171875, -9.34000015258789)
Part1966.Position = Vector3.new(1999.22021484375, 125.48101806640625, 2269.48828125)
Part1966.Rotation = Vector3.new(-176.39999389648438, -51.81999969482422, 173.5)
Part1966.Transparency = 1
Part1966.Size = Vector3.new(1.3500009775161743, 23.749998092651367, 1.5)
Part1966.Anchored = true
Part1966.Material = Enum.Material.Fabric
Part1967.Name = "Tree_Collision"
Part1967.Parent = Model1955
Part1967.CFrame = CFrame.new(1986.08276, 123.460457, 2276.58887, -0.563845873, -0.222924277, -0.795224965, -0.165954754, 0.973824441, -0.155322358, 0.809034586, 0.0443934798, -0.58608222)
Part1967.Orientation = Vector3.new(8.9399995803833, -126.38999938964844, -9.670000076293945)
Part1967.Position = Vector3.new(1986.082763671875, 123.46045684814453, 2276.5888671875)
Part1967.Rotation = Vector3.new(165.16000366210938, -52.68000030517578, 158.42999267578125)
Part1967.Transparency = 1
Part1967.Size = Vector3.new(1.3500009775161743, 20.749998092651367, 1.5)
Part1967.Anchored = true
Part1967.Material = Enum.Material.Fabric
Part1968.Name = "Tree_Collision"
Part1968.Parent = Model1955
Part1968.CFrame = CFrame.new(2048.55273, 124.386696, 2235.98804, -0.571169198, 0.0912449509, -0.815745115, 0.267958134, 0.9600842, -0.0802292377, 0.775863469, -0.264410019, -0.572820365)
Part1968.Orientation = Vector3.new(4.599999904632568, -125.08000183105469, 15.59000015258789)
Part1968.Position = Vector3.new(2048.552734375, 124.3866958618164, 2235.988037109375)
Part1968.Rotation = Vector3.new(172.02999877929688, -54.65999984741211, -170.9199981689453)
Part1968.Transparency = 1
Part1968.Size = Vector3.new(1.3500009775161743, 22.749998092651367, 1.5)
Part1968.Anchored = true
Part1968.Material = Enum.Material.Fabric
Part1969.Name = "Tree_Collision"
Part1969.Parent = Model1955
Part1969.CFrame = CFrame.new(2033.89026, 125.237015, 2267.84229, -0.616225719, 0.170047298, -0.768992782, -0.127581388, 0.941962242, 0.310532272, 0.777167201, 0.289467126, -0.558766484)
Part1969.Orientation = Vector3.new(-18.09000015258789, -126, -7.710000038146973)
Part1969.Position = Vector3.new(2033.8902587890625, 125.23701477050781, 2267.84228515625)
Part1969.Rotation = Vector3.new(-150.94000244140625, -50.2599983215332, -164.57000732421875)
Part1969.Transparency = 1
Part1969.Size = Vector3.new(1.3500009775161743, 23.749998092651367, 1.5)
Part1969.Anchored = true
Part1969.Material = Enum.Material.Fabric
Part1970.Name = "Tree_Collision"
Part1970.Parent = Model1955
Part1970.CFrame = CFrame.new(2020.11353, 124.785385, 2267.1394, -0.616980195, -0.0377538912, -0.786072552, -0.110265858, 0.993142724, 0.0388473794, 0.779215515, 0.110645033, -0.616912365)
Part1970.Orientation = Vector3.new(-2.2300000190734863, -128.1199951171875, -6.340000152587891)
Part1970.Position = Vector3.new(2020.113525390625, 124.78538513183594, 2267.139404296875)
Part1970.Rotation = Vector3.new(-176.39999389648438, -51.81999969482422, 176.5)
Part1970.Transparency = 1
Part1970.Size = Vector3.new(1.3500009775161743, 23.749998092651367, 1.5)
Part1970.Anchored = true
Part1970.Material = Enum.Material.Fabric
Part1971.Name = "Tree_Collision"
Part1971.Parent = Model1955
Part1971.CFrame = CFrame.new(2041.54395, 124.440994, 2221.56274, -0.583503962, 0.10149204, -0.805743515, 0.16579257, 0.986151934, 0.00415264489, 0.79500699, -0.13116318, -0.592250168)
Part1971.Orientation = Vector3.new(-0.23999999463558197, -126.31999969482422, 9.539999961853027)
Part1971.Position = Vector3.new(2041.5439453125, 124.44099426269531, 2221.562744140625)
Part1971.Rotation = Vector3.new(-179.60000610351562, -53.68000030517578, -170.1300048828125)
Part1971.Transparency = 1
Part1971.Size = Vector3.new(1.3500009775161743, 22.749998092651367, 1.5)
Part1971.Anchored = true
Part1971.Material = Enum.Material.Fabric
Model1972.Name = "?2"
Model1972.Parent = Folder0
Part1973.Name = "TreeMesh Bottom"
Part1973.Parent = Model1972
Part1973.CFrame = CFrame.new(2312.40918, 112.84845, 2356.28369, -1.16067838e-07, 4.35276888e-07, -1.00000024, 6.46105436e-09, 1.00000072, 4.39700671e-07, 1.00000072, 6.37676223e-09, 1.16068705e-07)
Part1973.Orientation = Vector3.new(0, -90, 0)
Part1973.Position = Vector3.new(2312.4091796875, 112.84844970703125, 2356.28369140625)
Part1973.Rotation = Vector3.new(0, -90, 0)
Part1973.Size = Vector3.new(8.250000953674316, 0.2499980926513672, 7)
Part1973.Anchored = true
Part1973.CanCollide = false
Part1973.Material = Enum.Material.Fabric
SpecialMesh1974.Name = "BarkMesh"
SpecialMesh1974.Parent = Part1973
SpecialMesh1974.MeshId = "rbxassetid://623621260"
SpecialMesh1974.Offset = Vector3.new(0, 3.4100000858306885, 0)
SpecialMesh1974.TextureId = "rbxassetid://623618671"
SpecialMesh1974.MeshType = Enum.MeshType.FileMesh
Part1975.Name = "TreeMeshTop"
Part1975.Parent = Model1972
Part1975.CFrame = CFrame.new(2312.40967, 142.988342, 2356.28296, -1.16067838e-07, 4.35276888e-07, -1.00000024, 6.46105436e-09, 1.00000072, 4.39700671e-07, 1.00000072, 6.37676223e-09, 1.16068705e-07)
Part1975.Orientation = Vector3.new(0, -90, 0)
Part1975.Position = Vector3.new(2312.40966796875, 142.98834228515625, 2356.282958984375)
Part1975.Rotation = Vector3.new(0, -90, 0)
Part1975.Transparency = 0.05000000074505806
Part1975.Size = Vector3.new(8.250000953674316, 0.2499980926513672, 7)
Part1975.Anchored = true
Part1975.CanCollide = false
Part1975.Material = Enum.Material.Fabric
SpecialMesh1976.Name = "TopTreeMesh"
SpecialMesh1976.Parent = Part1975
SpecialMesh1976.MeshId = "rbxassetid://623621456"
SpecialMesh1976.Offset = Vector3.new(0, 3.4100000858306885, 0)
SpecialMesh1976.Scale = Vector3.new(1.600000023841858, 1.600000023841858, 1.600000023841858)
SpecialMesh1976.TextureId = "rbxassetid://745556120"
SpecialMesh1976.MeshType = Enum.MeshType.FileMesh
Part1977.Name = "Tree_Collision"
Part1977.Parent = Model1972
Part1977.CFrame = CFrame.new(2307.48535, 125.978935, 2354.84497, -0.0048575257, -0.100119092, -0.994963944, 0.0966772735, 0.99026823, -0.100118592, 0.995304644, -0.0966766626, 0.00486921752)
Part1977.Orientation = Vector3.new(5.75, -89.72000122070312, 5.579999923706055)
Part1977.Position = Vector3.new(2307.4853515625, 125.97893524169922, 2354.844970703125)
Part1977.Rotation = Vector3.new(87.22000122070312, -84.25, 92.77999877929688)
Part1977.Transparency = 1
Part1977.Size = Vector3.new(1.3500009775161743, 26.749998092651367, 1.5)
Part1977.Anchored = true
Part1977.Material = Enum.Material.Fabric
Part1978.Name = "Tree_Collision"
Part1978.Parent = Model1972
Part1978.CFrame = CFrame.new(2298.55176, 124.97448, 2360.28394, -0.0477903374, -0.0851546898, -0.995221198, -0.301860869, 0.951004326, -0.0668760166, 0.95215416, 0.297222257, -0.0711534321)
Part1978.Orientation = Vector3.new(3.8299999237060547, -94.08999633789062, -17.610000610351562)
Part1978.Position = Vector3.new(2298.5517578125, 124.97447967529297, 2360.283935546875)
Part1978.Rotation = Vector3.new(136.77000427246094, -84.4000015258789, 119.30000305175781)
Part1978.Transparency = 1
Part1978.Size = Vector3.new(1.3500009775161743, 23.749998092651367, 1.5)
Part1978.Anchored = true
Part1978.Material = Enum.Material.Fabric
Part1979.Name = "Tree_Collision"
Part1979.Parent = Model1972
Part1979.CFrame = CFrame.new(2310.57422, 126.446365, 2338.10498, -0.00660338951, -0.169184193, -0.985562623, 0.113945588, 0.979037941, -0.168827593, 0.993465781, -0.113415271, 0.0128130494)
Part1979.Orientation = Vector3.new(9.720000267028809, -89.26000213623047, 6.639999866485596)
Part1979.Position = Vector3.new(2310.57421875, 126.44636535644531, 2338.10498046875)
Part1979.Rotation = Vector3.new(85.66000366210938, -80.25, 92.23999786376953)
Part1979.Transparency = 1
Part1979.Size = Vector3.new(1.3500009775161743, 26.749998092651367, 1.5)
Part1979.Anchored = true
Part1979.Material = Enum.Material.Fabric
Part1980.Name = "Tree_Collision"
Part1980.Parent = Model1972
Part1980.CFrame = CFrame.new(2322.82886, 124.67675, 2391.97583, -0.00204720744, 0.259664088, -0.96569705, -0.0111710001, 0.965633392, 0.259670645, 0.999936223, 0.0113193523, 0.000924083055)
Part1980.Orientation = Vector3.new(-15.050000190734863, -89.94999694824219, -0.6600000262260437)
Part1980.Position = Vector3.new(2322.828857421875, 124.67675018310547, 2391.975830078125)
Part1980.Rotation = Vector3.new(-89.80000305175781, -74.94999694824219, -90.44999694824219)
Part1980.Transparency = 1
Part1980.Size = Vector3.new(1.3500009775161743, 23.749998092651367, 1.5)
Part1980.Anchored = true
Part1980.Material = Enum.Material.Fabric
Part1981.Name = "Tree_Collision"
Part1981.Parent = Model1972
Part1981.CFrame = CFrame.new(2324.99487, 125.842125, 2348.5625, 0.0251873694, 0.211018577, -0.977157712, 0.213534802, 0.953773439, 0.21147278, 0.976611495, -0.213983625, -0.0210365355)
Part1981.Orientation = Vector3.new(-12.210000038146973, -91.2300033569336, 12.619999885559082)
Part1981.Position = Vector3.new(2324.994873046875, 125.84212493896484, 2348.5625)
Part1981.Rotation = Vector3.new(-95.68000030517578, -77.7300033569336, -83.19000244140625)
Part1981.Transparency = 1
Part1981.Size = Vector3.new(1.3500009775161743, 26.749998092651367, 1.5)
Part1981.Anchored = true
Part1981.Material = Enum.Material.Fabric
Part1982.Name = "Tree_Collision"
Part1982.Parent = Model1972
Part1982.CFrame = CFrame.new(2292.05811, 124.608223, 2347.92847, -0.108196393, -0.296868533, -0.948769331, 0.0883334056, 0.947726488, -0.306615651, 0.990198135, -0.116982602, -0.0763169453)
Part1982.Orientation = Vector3.new(17.860000610351562, -94.5999984741211, 5.320000171661377)
Part1982.Position = Vector3.new(2292.05810546875, 124.60822296142578, 2347.928466796875)
Part1982.Rotation = Vector3.new(103.9800033569336, -71.58000183105469, 110.0199966430664)
Part1982.Transparency = 1
Part1982.Size = Vector3.new(1.3500009775161743, 22.749998092651367, 1.5)
Part1982.Anchored = true
Part1982.Material = Enum.Material.Fabric
Part1983.Name = "Tree_Collision"
Part1983.Parent = Model1972
Part1983.CFrame = CFrame.new(2305.6355, 125.481125, 2381.20654, -0.0426448397, 0.0323310904, -0.998567283, -0.162091792, 0.986011505, 0.0388468653, 0.985854506, 0.163516149, -0.0368074588)
Part1983.Orientation = Vector3.new(-2.2300000190734863, -92.11000061035156, -9.34000015258789)
Part1983.Position = Vector3.new(2305.635498046875, 125.48112487792969, 2381.20654296875)
Part1983.Rotation = Vector3.new(-133.4600067138672, -86.93000030517578, -142.8300018310547)
Part1983.Transparency = 1
Part1983.Size = Vector3.new(1.3500009775161743, 23.749998092651367, 1.5)
Part1983.Anchored = true
Part1983.Material = Enum.Material.Fabric
Part1984.Name = "Tree_Collision"
Part1984.Parent = Model1972
Part1984.CFrame = CFrame.new(2299.18359, 123.460571, 2394.67456, 0.0196159538, -0.154216066, -0.987842739, -0.165954933, 0.973825097, -0.155323118, 0.985939026, 0.166984186, -0.00649017608)
Part1984.Orientation = Vector3.new(8.9399995803833, -90.37999725341797, -9.670000076293945)
Part1984.Position = Vector3.new(2299.18359375, 123.4605712890625, 2394.674560546875)
Part1984.Rotation = Vector3.new(92.38999938964844, -81.05999755859375, 82.75)
Part1984.Transparency = 1
Part1984.Size = Vector3.new(1.3500009775161743, 20.749998092651367, 1.5)
Part1984.Anchored = true
Part1984.Material = Enum.Material.Fabric
Part1985.Name = "Tree_Collision"
Part1985.Parent = Model1972
Part1985.CFrame = CFrame.new(2325.84131, 124.38681, 2325.10303, -0.00581178907, -0.0816625729, -0.996643364, 0.267958373, 0.960084915, -0.0802296177, 0.963413835, -0.267525107, 0.0163025837)
Part1985.Orientation = Vector3.new(4.599999904632568, -89.05999755859375, 15.59000015258789)
Part1985.Position = Vector3.new(2325.84130859375, 124.38681030273438, 2325.10302734375)
Part1985.Rotation = Vector3.new(78.51000213623047, -85.30000305175781, 94.06999969482422)
Part1985.Transparency = 1
Part1985.Size = Vector3.new(1.3500009775161743, 22.749998092651367, 1.5)
Part1985.Anchored = true
Part1985.Material = Enum.Material.Fabric
Part1986.Name = "Tree_Collision"
Part1986.Parent = Model1972
Part1986.CFrame = CFrame.new(2332.71094, 125.237122, 2359.48999, -0.0414905101, 0.307749301, -0.950562656, -0.127581537, 0.941962481, 0.310533643, 0.990960658, 0.134158343, 0.000180852643)
Part1986.Orientation = Vector3.new(-18.09000015258789, -89.98999786376953, -7.710000038146973)
Part1986.Position = Vector3.new(2332.7109375, 125.23712158203125, 2359.489990234375)
Part1986.Rotation = Vector3.new(-89.97000122070312, -71.91000366210938, -97.68000030517578)
Part1986.Transparency = 1
Part1986.Size = Vector3.new(1.3500009775161743, 23.749998092651367, 1.5)
Part1986.Anchored = true
Part1986.Material = Enum.Material.Fabric
Part1987.Name = "Tree_Collision"
Part1987.Parent = Model1972
Part1987.CFrame = CFrame.new(2321.1543, 124.785492, 2367.02148, -0.0408964343, 0.0345191024, -0.998567164, -0.110265993, 0.99314332, 0.0388475694, 0.993061125, 0.11169669, -0.0368094966)
Part1987.Orientation = Vector3.new(-2.2300000190734863, -92.11000061035156, -6.340000152587891)
Part1987.Position = Vector3.new(2321.154296875, 124.78549194335938, 2367.021484375)
Part1987.Rotation = Vector3.new(-133.4600067138672, -86.93000030517578, -139.8300018310547)
Part1987.Transparency = 1
Part1987.Size = Vector3.new(1.3500009775161743, 23.749998092651367, 1.5)
Part1987.Anchored = true
Part1987.Material = Enum.Material.Fabric
Part1988.Name = "Tree_Collision"
Part1988.Parent = Model1972
Part1988.CFrame = CFrame.new(2311.69043, 124.441109, 2317.55542, -0.00453302171, 0.00497297943, -0.999977648, 0.165792659, 0.986152649, 0.0041526733, 0.98615098, -0.165770069, -0.00529450132)
Part1988.Orientation = Vector3.new(-0.23999999463558197, -90.30000305175781, 9.539999961853027)
Part1988.Position = Vector3.new(2311.6904296875, 124.44110870361328, 2317.555419921875)
Part1988.Rotation = Vector3.new(-141.88999938964844, -89.62000274658203, -132.35000610351562)
Part1988.Transparency = 1
Part1988.Size = Vector3.new(1.3500009775161743, 22.749998092651367, 1.5)
Part1988.Anchored = true
Part1988.Material = Enum.Material.Fabric
Model1989.Name = "?2"
Model1989.Parent = Folder0
Part1990.Name = "TreeMesh Bottom"
Part1990.Parent = Model1989
Part1990.CFrame = CFrame.new(2430.44067, 112.2547, 2345.21484, 0, 0, -1, 0, 1, 0, 1, 0, 0)
Part1990.Orientation = Vector3.new(0, -90, 0)
Part1990.Position = Vector3.new(2430.440673828125, 112.25469970703125, 2345.21484375)
Part1990.Rotation = Vector3.new(0, -90, 0)
Part1990.Size = Vector3.new(8.250000953674316, 0.2499980926513672, 7)
Part1990.Anchored = true
Part1990.CanCollide = false
Part1990.Material = Enum.Material.Fabric
SpecialMesh1991.Name = "BarkMesh"
SpecialMesh1991.Parent = Part1990
SpecialMesh1991.MeshId = "rbxassetid://623621260"
SpecialMesh1991.Offset = Vector3.new(0, 3.4100000858306885, 0)
SpecialMesh1991.TextureId = "rbxassetid://623618671"
SpecialMesh1991.MeshType = Enum.MeshType.FileMesh
Part1992.Name = "TreeMeshTop"
Part1992.Parent = Model1989
Part1992.CFrame = CFrame.new(2430.44116, 142.394562, 2345.21436, 0, 0, -1, 0, 1, 0, 1, 0, 0)
Part1992.Orientation = Vector3.new(0, -90, 0)
Part1992.Position = Vector3.new(2430.441162109375, 142.39456176757812, 2345.21435546875)
Part1992.Rotation = Vector3.new(0, -90, 0)
Part1992.Transparency = 0.05000000074505806
Part1992.Size = Vector3.new(8.250000953674316, 0.2499980926513672, 7)
Part1992.Anchored = true
Part1992.CanCollide = false
Part1992.Material = Enum.Material.Fabric
SpecialMesh1993.Name = "TopTreeMesh"
SpecialMesh1993.Parent = Part1992
SpecialMesh1993.MeshId = "rbxassetid://623621456"
SpecialMesh1993.Offset = Vector3.new(0, 3.4100000858306885, 0)
SpecialMesh1993.Scale = Vector3.new(1.600000023841858, 1.600000023841858, 1.600000023841858)
SpecialMesh1993.TextureId = "rbxassetid://745556120"
SpecialMesh1993.MeshType = Enum.MeshType.FileMesh
Part1994.Name = "Tree_Collision"
Part1994.Parent = Model1989
Part1994.CFrame = CFrame.new(2425.51709, 125.385193, 2343.77612, -0.0048569995, -0.100118957, -0.994963706, 0.0966779888, 0.990267456, -0.100118354, 0.995303869, -0.0966773555, 0.00486957096)
Part1994.Orientation = Vector3.new(5.75, -89.72000122070312, 5.579999923706055)
Part1994.Position = Vector3.new(2425.51708984375, 125.38519287109375, 2343.776123046875)
Part1994.Rotation = Vector3.new(87.22000122070312, -84.25, 92.77999877929688)
Part1994.Transparency = 1
Part1994.Size = Vector3.new(1.3500009775161743, 26.749998092651367, 1.5)
Part1994.Anchored = true
Part1994.Material = Enum.Material.Fabric
Part1995.Name = "Tree_Collision"
Part1995.Parent = Model1989
Part1995.CFrame = CFrame.new(2416.5835, 124.380707, 2349.21509, -0.0477909707, -0.0851549804, -0.9952209, -0.301860809, 0.951003432, -0.0668760687, 0.952153385, 0.297222137, -0.0711543262)
Part1995.Orientation = Vector3.new(3.8299999237060547, -94.08999633789062, -17.610000610351562)
Part1995.Position = Vector3.new(2416.58349609375, 124.38070678710938, 2349.215087890625)
Part1995.Rotation = Vector3.new(136.77999877929688, -84.4000015258789, 119.30000305175781)
Part1995.Transparency = 1
Part1995.Size = Vector3.new(1.3500009775161743, 23.749998092651367, 1.5)
Part1995.Anchored = true
Part1995.Material = Enum.Material.Fabric
Part1996.Name = "Tree_Collision"
Part1996.Parent = Model1989
Part1996.CFrame = CFrame.new(2428.60547, 125.85257, 2327.03638, -0.00660300022, -0.169184044, -0.985562444, 0.113945998, 0.979037166, -0.16882731, 0.993465006, -0.113415666, 0.0128132617)
Part1996.Orientation = Vector3.new(9.720000267028809, -89.26000213623047, 6.639999866485596)
Part1996.Position = Vector3.new(2428.60546875, 125.85256958007812, 2327.036376953125)
Part1996.Rotation = Vector3.new(85.66000366210938, -80.25, 92.23999786376953)
Part1996.Transparency = 1
Part1996.Size = Vector3.new(1.3500009775161743, 26.749998092651367, 1.5)
Part1996.Anchored = true
Part1996.Material = Enum.Material.Fabric
Part1997.Name = "Tree_Collision"
Part1997.Parent = Model1989
Part1997.CFrame = CFrame.new(2440.86035, 124.082977, 2380.90649, -0.00204699906, 0.259663939, -0.965696871, -0.0111709945, 0.965632737, 0.259670377, 0.999935508, 0.0113193402, 0.000924055232)
Part1997.Orientation = Vector3.new(-15.050000190734863, -89.94999694824219, -0.6600000262260437)
Part1997.Position = Vector3.new(2440.8603515625, 124.08297729492188, 2380.906494140625)
Part1997.Rotation = Vector3.new(-89.80000305175781, -74.94999694824219, -90.44999694824219)
Part1997.Transparency = 1
Part1997.Size = Vector3.new(1.3500009775161743, 23.749998092651367, 1.5)
Part1997.Anchored = true
Part1997.Material = Enum.Material.Fabric
Part1998.Name = "Tree_Collision"
Part1998.Parent = Model1989
Part1998.CFrame = CFrame.new(2443.02661, 125.248383, 2337.49316, 0.0251879916, 0.21101889, -0.977157354, 0.213534921, 0.953772545, 0.211473107, 0.976610661, -0.213983819, -0.021036284)
Part1998.Orientation = Vector3.new(-12.210000038146973, -91.2300033569336, 12.619999885559082)
Part1998.Position = Vector3.new(2443.026611328125, 125.24838256835938, 2337.4931640625)
Part1998.Rotation = Vector3.new(-95.68000030517578, -77.7300033569336, -83.19000244140625)
Part1998.Transparency = 1
Part1998.Size = Vector3.new(1.3500009775161743, 26.749998092651367, 1.5)
Part1998.Anchored = true
Part1998.Material = Enum.Material.Fabric
Part1999.Name = "Tree_Collision"
Part1999.Parent = Model1989
Part1999.CFrame = CFrame.new(2410.08984, 124.014435, 2336.85962, -0.108195931, -0.29686898, -0.948768914, 0.0883329511, 0.947725713, -0.306615889, 0.99019742, -0.116982155, -0.0763167515)
Part1999.Orientation = Vector3.new(17.860000610351562, -94.5999984741211, 5.320000171661377)
Part1999.Position = Vector3.new(2410.08984375, 124.01443481445312, 2336.859619140625)
Part1999.Rotation = Vector3.new(103.9800033569336, -71.58000183105469, 110.0199966430664)
Part1999.Transparency = 1
Part1999.Size = Vector3.new(1.3500009775161743, 22.749998092651367, 1.5)
Part1999.Anchored = true
Part1999.Material = Enum.Material.Fabric
Part2000.Name = "Tree_Collision"
Part2000.Parent = Model1989
Part2000.CFrame = CFrame.new(2423.66748, 124.887329, 2370.13794, -0.0426449962, 0.0323310196, -0.998567104, -0.162090987, 0.986010909, 0.0388467722, 0.98585391, 0.163515344, -0.0368078649)
Part2000.Orientation = Vector3.new(-2.2300000190734863, -92.11000061035156, -9.34000015258789)
Part2000.Position = Vector3.new(2423.66748046875, 124.8873291015625, 2370.137939453125)
Part2000.Rotation = Vector3.new(-133.4600067138672, -86.93000030517578, -142.8300018310547)
Part2000.Transparency = 1
Part2000.Size = Vector3.new(1.3500009775161743, 23.749998092651367, 1.5)
Part2000.Anchored = true
Part2000.Material = Enum.Material.Fabric
Part2001.Name = "Tree_Collision"
Part2001.Parent = Model1989
Part2001.CFrame = CFrame.new(2417.21533, 122.86676, 2383.60571, 0.0196159836, -0.154215917, -0.9878425, -0.165954873, 0.973824322, -0.155322924, 0.985938191, 0.166984096, -0.00649036048)
Part2001.Orientation = Vector3.new(8.9399995803833, -90.37999725341797, -9.670000076293945)
Part2001.Position = Vector3.new(2417.21533203125, 122.86676025390625, 2383.605712890625)
Part2001.Rotation = Vector3.new(92.38999938964844, -81.05999755859375, 82.75)
Part2001.Transparency = 1
Part2001.Size = Vector3.new(1.3500009775161743, 20.749998092651367, 1.5)
Part2001.Anchored = true
Part2001.Material = Enum.Material.Fabric
Part2002.Name = "Tree_Collision"
Part2002.Parent = Model1989
