Part2354.Name = "Tree_Collision"
Part2354.Parent = Model2343
Part2354.CFrame = CFrame.new(2249.00146, 125.055634, 2190.448, -0.233996421, -0.0002592206, -0.9722386, -0.16209054, 0.986016333, 0.0387487523, 0.958630979, 0.166657418, -0.230766699)
Part2354.Orientation = Vector3.new(-2.2200000286102295, -103.3499984741211, -9.34000015258789)
Part2354.Position = Vector3.new(2249.00146484375, 125.05563354492188, 2190.447998046875)
Part2354.Rotation = Vector3.new(-170.47000122070312, -76.47000122070312, 179.94000244140625)
Part2354.Transparency = 1
Part2354.Size = Vector3.new(1.3500009775161743, 23.749998092651367, 1.5)
Part2354.Anchored = true
Part2354.Material = Enum.Material.Fabric
Part2355.Name = "Tree_Collision"
Part2355.Parent = Model2343
Part2355.CFrame = CFrame.new(2240.04785, 123.0345, 2202.39966, -0.172945917, -0.183902472, -0.967611432, -0.165948331, 0.973811388, -0.15542002, 0.970851123, 0.133693814, -0.198935479)
Part2355.Orientation = Vector3.new(8.9399995803833, -101.62000274658203, -9.670000076293945)
Part2355.Position = Vector3.new(2240.0478515625, 123.03450012207031, 2202.399658203125)
Part2355.Rotation = Vector3.new(142, -75.37999725341797, 133.24000549316406)
Part2355.Transparency = 1
Part2355.Size = Vector3.new(1.3500009775161743, 20.749998092651367, 1.5)
Part2355.Anchored = true
Part2355.Material = Enum.Material.Fabric
Part2356.Name = "Tree_Collision"
Part2356.Parent = Model2343
Part2356.CFrame = CFrame.new(2279.7561, 123.963066, 2139.35962, -0.193536311, -0.0280348174, -0.980693638, 0.267962575, 0.960076332, -0.0803268403, 0.943790793, -0.278334856, -0.178297848)
Part2356.Orientation = Vector3.new(4.610000133514404, -100.30000305175781, 15.59000015258789)
Part2356.Position = Vector3.new(2279.756103515625, 123.96306610107422, 2139.359619140625)
Part2356.Rotation = Vector3.new(155.75, -78.72000122070312, 171.75999450683594)
Part2356.Transparency = 1
Part2356.Size = Vector3.new(1.3500009775161743, 22.749998092651367, 1.5)
Part2356.Anchored = true
Part2356.Material = Enum.Material.Fabric
Part2357.Name = "Tree_Collision"
Part2357.Parent = Model2343
Part2357.CFrame = CFrame.new(2279.79053, 124.814224, 2174.42603, -0.233862221, 0.275602937, -0.932391346, -0.127581343, 0.941993773, 0.310441196, 0.963863313, 0.191556081, -0.185135394)
Part2357.Orientation = Vector3.new(-18.09000015258789, -101.2300033569336, -7.710000038146973)
Part2357.Position = Vector3.new(2279.79052734375, 124.81422424316406, 2174.426025390625)
Part2357.Rotation = Vector3.new(-120.80999755859375, -68.80999755859375, -130.32000732421875)
Part2357.Transparency = 1
Part2357.Size = Vector3.new(1.3500009775161743, 23.749998092651367, 1.5)
Part2357.Anchored = true
Part2357.Material = Enum.Material.Fabric
Part2358.Name = "Tree_Collision"
Part2358.Parent = Model2343
Part2358.CFrame = CFrame.new(2266.98853, 124.361496, 2179.5603, -0.233690739, 0.0119877523, -0.972238183, -0.110265195, 0.993148088, 0.0387493409, 0.966038883, 0.11625918, -0.230768055)
Part2358.Orientation = Vector3.new(-2.2200000286102295, -103.3499984741211, -6.340000152587891)
Part2358.Position = Vector3.new(2266.988525390625, 124.36149597167969, 2179.560302734375)
Part2358.Rotation = Vector3.new(-170.47000122070312, -76.47000122070312, -177.05999755859375)
Part2358.Transparency = 1
Part2358.Size = Vector3.new(1.3500009775161743, 23.749998092651367, 1.5)
Part2358.Anchored = true
Part2358.Material = Enum.Material.Fabric
Part2359.Name = "Tree_Collision"
Part2359.Parent = Model2343
Part2359.CFrame = CFrame.new(2267.34863, 124.015961, 2129.19824, -0.196704552, 0.0370994061, -0.979761958, 0.165797532, 0.986153007, 0.00405463716, 0.966343284, -0.16164422, -0.200132221)
Part2359.Orientation = Vector3.new(-0.23000000417232513, -101.54000091552734, 9.539999961853027)
Part2359.Position = Vector3.new(2267.3486328125, 124.01596069335938, 2129.1982421875)
Part2359.Rotation = Vector3.new(-178.83999633789062, -78.44999694824219, -169.32000732421875)
Part2359.Transparency = 1
Part2359.Size = Vector3.new(1.3500009775161743, 22.749998092651367, 1.5)
Part2359.Anchored = true
Part2359.Material = Enum.Material.Fabric
Model2360.Name = "??"
Model2360.Parent = Folder0
Part2361.Name = "TreeMesh Bottom"
Part2361.Parent = Model2360
Part2361.CFrame = CFrame.new(2481.94751, 112.481094, 2182.17212, -0.994948864, 2.83388363e-06, -0.100401483, -9.22929103e-05, 1.00000167, 0.00094317022, 0.100400366, 0.000947654073, -0.994947553)
Part2361.Orientation = Vector3.new(-0.05000000074505806, -174.24000549316406, -0.009999999776482582)
Part2361.Position = Vector3.new(2481.947509765625, 112.48109436035156, 2182.172119140625)
Part2361.Rotation = Vector3.new(-179.9499969482422, -5.760000228881836, -180)
Part2361.Size = Vector3.new(8.250000953674316, 0.2499980926513672, 7)
Part2361.Anchored = true
Part2361.CanCollide = false
Part2361.Material = Enum.Material.Fabric
SpecialMesh2362.Name = "BarkMesh"
SpecialMesh2362.Parent = Part2361
SpecialMesh2362.MeshId = "rbxassetid://623621260"
SpecialMesh2362.Offset = Vector3.new(0, 3.4100000858306885, 0)
SpecialMesh2362.TextureId = "rbxassetid://623618671"
SpecialMesh2362.MeshType = Enum.MeshType.FileMesh
Part2363.Name = "TreeMeshTop"
Part2363.Parent = Model2360
Part2363.CFrame = CFrame.new(2481.94824, 142.621002, 2182.20093, -0.994948864, 2.83388363e-06, -0.100401483, -9.22929103e-05, 1.00000167, 0.00094317022, 0.100400366, 0.000947654073, -0.994947553)
Part2363.Orientation = Vector3.new(-0.05000000074505806, -174.24000549316406, -0.009999999776482582)
Part2363.Position = Vector3.new(2481.9482421875, 142.62100219726562, 2182.200927734375)
Part2363.Rotation = Vector3.new(-179.9499969482422, -5.760000228881836, -180)
Part2363.Transparency = 0.05000000074505806
Part2363.Size = Vector3.new(8.250000953674316, 0.2499980926513672, 7)
Part2363.Anchored = true
Part2363.CanCollide = false
Part2363.Material = Enum.Material.Fabric
SpecialMesh2364.Name = "TopTreeMesh"
SpecialMesh2364.Parent = Part2363
SpecialMesh2364.MeshId = "rbxassetid://623621456"
SpecialMesh2364.Offset = Vector3.new(0, 3.4100000858306885, 0)
SpecialMesh2364.Scale = Vector3.new(1.600000023841858, 1.600000023841858, 1.600000023841858)
SpecialMesh2364.TextureId = "rbxassetid://745556120"
SpecialMesh2364.MeshType = Enum.MeshType.FileMesh
Part2365.Name = "Tree_Collision"
Part2365.Parent = Model2360
Part2365.CFrame = CFrame.new(2482.88452, 125.616364, 2177.14111, -0.990763962, 0.0861394107, -0.104740687, 0.0965905488, 0.990372539, -0.099181056, 0.0951876193, -0.108381584, -0.989542603)
Part2365.Orientation = Vector3.new(5.690000057220459, -173.9600067138672, 5.570000171661377)
Part2365.Position = Vector3.new(2482.884521484375, 125.61636352539062, 2177.14111328125)
Part2365.Rotation = Vector3.new(174.27999877929688, -6.010000228881836, -175.02999877929688)
Part2365.Transparency = 1
Part2365.Size = Vector3.new(1.3500009775161743, 26.749998092651367, 1.5)
Part2365.Anchored = true
Part2365.Material = Enum.Material.Fabric
Part2366.Name = "Tree_Collision"
Part2366.Parent = Model2360
Part2366.CFrame = CFrame.new(2476.57593, 124.619835, 2168.79785, -0.952143013, -0.304268003, -0.02912727, -0.301904231, 0.951057911, -0.0659309253, 0.047761336, -0.0539821833, -0.997399926)
Part2366.Orientation = Vector3.new(3.7799999713897705, -178.3300018310547, -17.610000610351562)
Part2366.Position = Vector3.new(2476.575927734375, 124.61983489990234, 2168.7978515625)
Part2366.Rotation = Vector3.new(176.22000122070312, -1.6699999570846558, 162.27999877929688)
Part2366.Transparency = 1
Part2366.Size = Vector3.new(1.3500009775161743, 23.749998092651367, 1.5)
Part2366.Anchored = true
Part2366.Material = Enum.Material.Fabric
Part2367.Name = "Tree_Collision"
Part2367.Parent = Model2360
Part2367.CFrame = CFrame.new(2499.8501, 126.082436, 2178.53394, -0.989109695, 0.0958589613, -0.111700639, 0.113860369, 0.979208827, -0.167898953, 0.0932823494, -0.178788155, -0.979456544)
Part2367.Orientation = Vector3.new(9.670000076293945, -173.49000549316406, 6.630000114440918)
Part2367.Position = Vector3.new(2499.85009765625, 126.08243560791016, 2178.533935546875)
Part2367.Rotation = Vector3.new(170.27000427246094, -6.409999847412109, -174.4600067138672)
Part2367.Transparency = 1
Part2367.Size = Vector3.new(1.3500009775161743, 26.749998092651367, 1.5)
Part2367.Anchored = true
Part2367.Material = Enum.Material.Fabric
Part2368.Name = "Tree_Collision"
Part2368.Parent = Model2360
Part2368.CFrame = CFrame.new(2447.48218, 124.296272, 2196.13354, -0.995090246, 0.0148111451, -0.0978758037, -0.0112613523, 0.965388417, 0.260581315, 0.0983464047, 0.260403305, -0.96047914)
Part2368.Orientation = Vector3.new(-15.100000381469727, -174.17999267578125, -0.6700000166893005)
Part2368.Position = Vector3.new(2447.482177734375, 124.29627227783203, 2196.133544921875)
Part2368.Rotation = Vector3.new(-164.82000732421875, -5.619999885559082, -179.14999389648438)
Part2368.Transparency = 1
Part2368.Size = Vector3.new(1.3500009775161743, 23.749998092651367, 1.5)
Part2368.Anchored = true
Part2368.Material = Enum.Material.Fabric
Part2369.Name = "Tree_Collision"
Part2369.Parent = Model2360
Part2369.CFrame = CFrame.new(2490.89331, 125.463631, 2193.9314, -0.969148159, 0.234092191, -0.0771776289, 0.2134213, 0.953594804, 0.212396711, 0.123315223, 0.189372227, -0.974132121)
Part2369.Orientation = Vector3.new(-12.260000228881836, -175.47000122070312, 12.619999885559082)
Part2369.Position = Vector3.new(2490.893310546875, 125.46363067626953, 2193.931396484375)
Part2369.Rotation = Vector3.new(-167.6999969482422, -4.429999828338623, -166.4199981689453)
Part2369.Transparency = 1
Part2369.Size = Vector3.new(1.3500009775161743, 26.749998092651367, 1.5)
Part2369.Anchored = true
Part2369.Material = Enum.Material.Fabric
Part2370.Name = "Tree_Collision"
Part2370.Parent = Model2360
Part2370.CFrame = CFrame.new(2488.21753, 124.260834, 2161.09595, -0.996058583, 0.086588189, -0.0193275213, 0.0883440971, 0.948017836, -0.305714518, -0.0081493929, -0.306216002, -0.95192802)
Part2370.Orientation = Vector3.new(17.799999237060547, -178.83999633789062, 5.320000171661377)
Part2370.Position = Vector3.new(2488.217529296875, 124.26083374023438, 2161.095947265625)
Part2370.Rotation = Vector3.new(162.1999969482422, -1.1100000143051147, -175.02999877929688)
Part2370.Transparency = 1
Part2370.Size = Vector3.new(1.3500009775161743, 22.749998092651367, 1.5)
Part2370.Anchored = true
Part2370.Material = Enum.Material.Fabric
Part2371.Name = "Tree_Collision"
Part2371.Parent = Model2360
Part2371.CFrame = CFrame.new(2456.47021, 125.117859, 2177.94678, -0.985156119, -0.159440815, -0.0636358336, -0.162142336, 0.985966861, 0.0397921242, 0.0563971326, 0.0495192185, -0.997180462)
Part2371.Orientation = Vector3.new(-2.2799999713897705, -176.35000610351562, -9.34000015258789)
Part2371.Position = Vector3.new(2456.47021484375, 125.11785888671875, 2177.94677734375)
Part2371.Rotation = Vector3.new(-177.7100067138672, -3.6500000953674316, 170.80999755859375)
Part2371.Transparency = 1
Part2371.Size = Vector3.new(1.3500009775161743, 23.749998092651367, 1.5)
Part2371.Anchored = true
Part2371.Material = Enum.Material.Fabric
Part2372.Name = "Tree_Collision"
Part2372.Parent = Model2360
Part2372.CFrame = CFrame.new(2442.42261, 123.102158, 2172.87769, -0.978989184, -0.18162109, -0.0927242115, -0.166064322, 0.973955929, -0.154390842, 0.118348591, -0.135748535, -0.983650267)
Part2372.Orientation = Vector3.new(8.880000114440918, -174.61000061035156, -9.680000305175781)
Part2372.Position = Vector3.new(2442.422607421875, 123.10215759277344, 2172.877685546875)
Part2372.Rotation = Vector3.new(171.0800018310547, -5.320000171661377, 169.49000549316406)
Part2372.Transparency = 1
Part2372.Size = Vector3.new(1.3500009775161743, 20.749998092651367, 1.5)
Part2372.Anchored = true
Part2372.Material = Enum.Material.Fabric
Part2373.Name = "Tree_Collision"
Part2373.Parent = Model2360
Part2373.CFrame = CFrame.new(2514.31909, 124.009674, 2192.4165, -0.959129512, 0.257977277, -0.116284654, 0.267875135, 0.960187554, -0.0792908743, 0.0911985934, -0.107199416, -0.990047097)
Part2373.Orientation = Vector3.new(4.550000190734863, -173.3000030517578, 15.59000015258789)
Part2373.Position = Vector3.new(2514.319091796875, 124.00967407226562, 2192.41650390625)
Part2373.Rotation = Vector3.new(175.4199981689453, -6.679999828338623, -164.9499969482422)
Part2373.Transparency = 1
Part2373.Size = Vector3.new(1.3500009775161743, 22.749998092651367, 1.5)
Part2373.Anchored = true
Part2373.Material = Enum.Material.Fabric
Part2374.Name = "Tree_Collision"
Part2374.Parent = Model2360
Part2374.CFrame = CFrame.new(2480.79565, 124.850327, 2202.70483, -0.990120411, -0.102579802, -0.0956172049, -0.127634406, 0.941660523, 0.311430782, 0.0580912232, 0.320556968, -0.945447147)
Part2374.Orientation = Vector3.new(-18.149999618530273, -174.22999572753906, -7.71999979019165)
Part2374.Position = Vector3.new(2480.795654296875, 124.85032653808594, 2202.704833984375)
Part2374.Rotation = Vector3.new(-161.77000427246094, -5.489999771118164, 174.08999633789062)
Part2374.Transparency = 1
Part2374.Size = Vector3.new(1.3500009775161743, 23.749998092651367, 1.5)
Part2374.Anchored = true
Part2374.Material = Enum.Material.Fabric
Part2375.Name = "Tree_Collision"
Part2375.Parent = Model2360
Part2375.CFrame = CFrame.new(2472.14209, 124.408905, 2191.96216, -0.992150605, -0.10766349, -0.0636343956, -0.110318847, 0.993101239, 0.0397929959, 0.058909934, 0.0465004556, -0.997180581)
Part2375.Orientation = Vector3.new(-2.2799999713897705, -176.35000610351562, -6.340000152587891)
Part2375.Position = Vector3.new(2472.14208984375, 124.40890502929688, 2191.962158203125)
Part2375.Rotation = Vector3.new(-177.7100067138672, -3.6500000953674316, 173.80999755859375)
Part2375.Transparency = 1
Part2375.Size = Vector3.new(1.3500009775161743, 23.749998092651367, 1.5)
Part2375.Anchored = true
Part2375.Material = Enum.Material.Fabric
Part2376.Name = "Tree_Collision"
Part2376.Parent = Model2360
Part2376.CFrame = CFrame.new(2520.40796, 124.078018, 2177.57935, -0.98162365, 0.165434852, -0.0951310769, 0.165706143, 0.986164033, 0.0050966288, 0.0946567431, -0.0107606445, -0.995452702)
Part2376.Orientation = Vector3.new(-0.28999999165534973, -174.5399932861328, 9.539999961853027)
Part2376.Position = Vector3.new(2520.407958984375, 124.07801818847656, 2177.579345703125)
Part2376.Rotation = Vector3.new(-179.7100067138672, -5.460000038146973, -170.42999267578125)
Part2376.Transparency = 1
Part2376.Size = Vector3.new(1.3500009775161743, 22.749998092651367, 1.5)
Part2376.Anchored = true
Part2376.Material = Enum.Material.Fabric
Model2377.Name = "??"
Model2377.Parent = Folder0
Part2378.Name = "TreeMesh Bottom"
Part2378.Parent = Model2377
Part2378.CFrame = CFrame.new(2103.41699, 113.002106, 2158.05981, 0.98081851, -9.51959009e-05, -0.1949424, 9.8057033e-05, 1.00000429, 4.94092637e-06, 0.194944382, -2.39478741e-05, 0.980816245)
Part2378.Orientation = Vector3.new(0, -11.239999771118164, 0.009999999776482582)
Part2378.Position = Vector3.new(2103.4169921875, 113.00210571289062, 2158.059814453125)
Part2378.Rotation = Vector3.new(0, -11.239999771118164, 0.009999999776482582)
Part2378.Size = Vector3.new(8.250000953674316, 0.2499980926513672, 7)
Part2378.Anchored = true
Part2378.CanCollide = false
Part2378.Material = Enum.Material.Fabric
SpecialMesh2379.Name = "BarkMesh"
SpecialMesh2379.Parent = Part2378
SpecialMesh2379.MeshId = "rbxassetid://623621260"
SpecialMesh2379.Offset = Vector3.new(0, 3.4100000858306885, 0)
SpecialMesh2379.TextureId = "rbxassetid://623618671"
SpecialMesh2379.MeshType = Enum.MeshType.FileMesh
Part2380.Name = "TreeMeshTop"
Part2380.Parent = Model2377
Part2380.CFrame = CFrame.new(2103.41382, 143.142166, 2158.05786, 0.98081851, -9.51959009e-05, -0.1949424, 9.8057033e-05, 1.00000429, 4.94092637e-06, 0.194944382, -2.39478741e-05, 0.980816245)
Part2380.Orientation = Vector3.new(0, -11.239999771118164, 0.009999999776482582)
Part2380.Position = Vector3.new(2103.413818359375, 143.1421661376953, 2158.057861328125)
Part2380.Rotation = Vector3.new(0, -11.239999771118164, 0.009999999776482582)
Part2380.Transparency = 0.05000000074505806
Part2380.Size = Vector3.new(8.250000953674316, 0.2499980926513672, 7)
Part2380.Anchored = true
Part2380.CanCollide = false
Part2380.Material = Enum.Material.Fabric
SpecialMesh2381.Name = "TopTreeMesh"
SpecialMesh2381.Parent = Part2380
SpecialMesh2381.MeshId = "rbxassetid://623621456"
SpecialMesh2381.Offset = Vector3.new(0, 3.4100000858306885, 0)
SpecialMesh2381.Scale = Vector3.new(1.600000023841858, 1.600000023841858, 1.600000023841858)
SpecialMesh2381.TextureId = "rbxassetid://745556120"
SpecialMesh2381.MeshType = Enum.MeshType.FileMesh
Part2382.Name = "Tree_Collision"
Part2382.Parent = Model2377
Part2382.CFrame = CFrame.new(2101.04468, 126.132553, 2162.60815, 0.975256264, -0.114434801, -0.18917577, 0.0967759341, 0.990262687, -0.100114353, 0.198791429, 0.0793287456, 0.976828039)
Part2382.Orientation = Vector3.new(5.75, -10.960000038146973, 5.579999923706055)
Part2382.Position = Vector3.new(2101.044677734375, 126.13255310058594, 2162.608154296875)
Part2382.Rotation = Vector3.new(5.849999904632568, -10.899999618530273, 6.690000057220459)
Part2382.Transparency = 1
Part2382.Size = Vector3.new(1.3500009775161743, 26.749998092651367, 1.5)
Part2382.Anchored = true
Part2382.Material = Enum.Material.Fabric
Part2383.Name = "Tree_Collision"
Part2383.Parent = Model2377
Part2383.CFrame = CFrame.new(2104.63794, 125.12867, 2172.43091, 0.924601972, 0.274829835, -0.263793737, -0.301768184, 0.951037288, -0.0668783188, 0.232498363, 0.141440213, 0.962259293)
Part2383.Orientation = Vector3.new(3.8299999237060547, -15.329999923706055, -17.600000381469727)
Part2383.Position = Vector3.new(2104.637939453125, 125.12866973876953, 2172.430908203125)
Part2383.Rotation = Vector3.new(3.9800000190734863, -15.300000190734863, -16.549999237060547)
Part2383.Transparency = 1
Part2383.Size = Vector3.new(1.3500009775161743, 23.749998092651367, 1.5)
Part2383.Anchored = true
Part2383.Material = Enum.Material.Fabric
Part2384.Name = "Tree_Collision"
Part2384.Parent = Model2377
Part2384.CFrame = CFrame.new(2085.22778, 126.59832, 2156.31494, 0.973110676, -0.144314334, -0.179545522, 0.114043824, 0.979031265, -0.168820694, 0.200145066, 0.143803954, 0.969157636)
Part2384.Orientation = Vector3.new(9.720000267028809, -10.5, 6.639999866485596)
Part2384.Position = Vector3.new(2085.227783203125, 126.59832000732422, 2156.31494140625)
Part2384.Rotation = Vector3.new(9.880000114440918, -10.34000015258789, 8.4399995803833)
Part2384.Transparency = 1
Part2384.Size = Vector3.new(1.3500009775161743, 26.749998092651367, 1.5)
Part2384.Anchored = true
Part2384.Material = Enum.Material.Fabric
Part2385.Name = "Tree_Collision"
Part2385.Parent = Model2377
Part2385.CFrame = CFrame.new(2140.45435, 124.833923, 2154.79761, 0.980357111, 0.0616300032, -0.187374622, -0.0110729709, 0.96563679, 0.259676069, 0.196940824, -0.252498835, 0.947345078)
Part2385.Orientation = Vector3.new(-15.050000190734863, -11.1899995803833, -0.6600000262260437)
Part2385.Position = Vector3.new(2140.454345703125, 124.83392333984375, 2154.797607421875)
Part2385.Rotation = Vector3.new(-15.329999923706055, -10.800000190734863, -3.5999999046325684)
Part2385.Transparency = 1
Part2385.Size = Vector3.new(1.3500009775161743, 23.749998092651367, 1.5)
Part2385.Anchored = true
Part2385.Material = Enum.Material.Fabric
Part2386.Name = "Tree_Collision"
Part2386.Parent = Model2377
Part2386.CFrame = CFrame.new(2098.29614, 125.995056, 2144.20996, 0.962767601, -0.168833211, -0.211143225, 0.213631287, 0.953754783, 0.2114764, 0.165675879, -0.248708293, 0.954305887)
Part2386.Orientation = Vector3.new(-12.210000038146973, -12.479999542236328, 12.630000114440918)
Part2386.Position = Vector3.new(2098.296142578125, 125.99505615234375, 2144.2099609375)
Part2386.Rotation = Vector3.new(-12.489999771118164, -12.1899995803833, 9.949999809265137)
Part2386.Transparency = 1
Part2386.Size = Vector3.new(1.3500009775161743, 26.749998092651367, 1.5)
Part2386.Anchored = true
Part2386.Material = Enum.Material.Fabric
Part2387.Name = "Tree_Collision"
Part2387.Parent = Model2377
Part2387.CFrame = CFrame.new(2091.25342, 124.761215, 2176.39087, 0.950103343, -0.172700927, -0.259779871, 0.0884308666, 0.947719872, -0.306619793, 0.299152553, 0.268345892, 0.915697634)
Part2387.Orientation = Vector3.new(17.860000610351562, -15.84000015258789, 5.329999923706055)
Part2387.Position = Vector3.new(2091.25341796875, 124.76121520996094, 2176.390869140625)
Part2387.Rotation = Vector3.new(18.510000228881836, -15.0600004196167, 10.300000190734863)
Part2387.Transparency = 1
Part2387.Size = Vector3.new(1.3500009775161743, 22.749998092651367, 1.5)
Part2387.Anchored = true
Part2387.Material = Enum.Material.Fabric
Part2388.Name = "Tree_Collision"
Part2388.Parent = Model2377
Part2388.CFrame = CFrame.new(2126.53979, 125.637344, 2169.56177, 0.958645821, 0.166587502, -0.230768561, -0.161994651, 0.986030996, 0.0388482176, 0.234017402, 0.000141991302, 0.972234488)
Part2388.Orientation = Vector3.new(-2.2300000190734863, -13.350000381469727, -9.329999923706055)
Part2388.Position = Vector3.new(2126.539794921875, 125.63734436035156, 2169.561767578125)
Part2388.Rotation = Vector3.new(-2.2899999618530273, -13.34000015258789, -9.859999656677246)
Part2388.Transparency = 1
Part2388.Size = Vector3.new(1.3500009775161743, 23.749998092651367, 1.5)
Part2388.Anchored = true
Part2388.Material = Enum.Material.Fabric
Part2389.Name = "Tree_Collision"
Part2389.Parent = Model2377
Part2389.CFrame = CFrame.new(2138.49243, 123.618095, 2178.51489, 0.970866084, 0.133624852, -0.198924378, -0.165858865, 0.973845661, -0.155319005, 0.172968447, 0.183786541, 0.967630327)
Part2389.Orientation = Vector3.new(8.9399995803833, -11.619999885559082, -9.670000076293945)
Part2389.Position = Vector3.new(2138.492431640625, 123.61809539794922, 2178.514892578125)
Part2389.Rotation = Vector3.new(9.119999885559082, -11.470000267028809, -7.840000152587891)
Part2389.Transparency = 1
Part2389.Size = Vector3.new(1.3500009775161743, 20.749998092651367, 1.5)
Part2389.Anchored = true
Part2389.Material = Enum.Material.Fabric
Part2390.Name = "Tree_Collision"
Part2390.Parent = Model2377
Part2390.CFrame = CFrame.new(2075.45142, 124.537407, 2138.80664, 0.943774939, -0.27840355, -0.178291157, 0.268053144, 0.960062742, -0.0802227929, 0.193506077, 0.0279199313, 0.980703771)
Part2390.Orientation = Vector3.new(4.599999904632568, -10.300000190734863, 15.600000381469727)
Part2390.Position = Vector3.new(2075.451416015625, 124.53740692138672, 2138.806640625)
Part2390.Rotation = Vector3.new(4.679999828338623, -10.270000457763672, 16.440000534057617)
Part2390.Transparency = 1
Part2390.Size = Vector3.new(1.3500009775161743, 22.749998092651367, 1.5)
Part2390.Anchored = true
Part2390.Material = Enum.Material.Fabric
Part2391.Name = "Tree_Collision"
Part2391.Parent = Model2377
Part2391.CFrame = CFrame.new(2110.51807, 125.391083, 2138.77222, 0.963875532, 0.19148922, -0.185157537, -0.127485022, 0.941977262, 0.310539842, 0.233880103, -0.275714755, 0.932354808)
Part2391.Orientation = Vector3.new(-18.09000015258789, -11.229999542236328, -7.710000038146973)
Part2391.Position = Vector3.new(2110.51806640625, 125.39108276367188, 2138.772216796875)
Part2391.Rotation = Vector3.new(-18.420000076293945, -10.670000076293945, -11.239999771118164)
Part2391.Transparency = 1
Part2391.Size = Vector3.new(1.3500009775161743, 23.749998092651367, 1.5)
Part2391.Anchored = true
Part2391.Material = Enum.Material.Fabric
Part2392.Name = "Tree_Collision"
Part2392.Parent = Model2377
Part2392.CFrame = CFrame.new(2115.6521, 124.940247, 2151.57544, 0.966050208, 0.11618793, -0.230769843, -0.110167727, 0.993157804, 0.0388498008, 0.23370564, -0.0121071078, 0.97223413)
Part2392.Orientation = Vector3.new(-2.2300000190734863, -13.350000381469727, -6.329999923706055)
Part2392.Position = Vector3.new(2115.652099609375, 124.94024658203125, 2151.575439453125)
Part2392.Rotation = Vector3.new(-2.2899999618530273, -13.34000015258789, -6.860000133514404)
Part2392.Transparency = 1
Part2392.Size = Vector3.new(1.3500009775161743, 23.749998092651367, 1.5)
Part2392.Anchored = true
Part2392.Material = Enum.Material.Fabric
Part2393.Name = "Tree_Collision"
Part2393.Parent = Model2377
Part2393.CFrame = CFrame.new(2065.28979, 124.591042, 2151.21484, 0.96633482, -0.161714837, -0.200131714, 0.165890306, 0.986139834, 0.0041581071, 0.196686506, -0.0372181833, 0.979761839)
Part2393.Orientation = Vector3.new(-0.23999999463558197, -11.539999961853027, 9.550000190734863)
Part2393.Position = Vector3.new(2065.289794921875, 124.5910415649414, 2151.21484375)
Part2393.Rotation = Vector3.new(-0.23999999463558197, -11.539999961853027, 9.5)
Part2393.Transparency = 1
Part2393.Size = Vector3.new(1.3500009775161743, 22.749998092651367, 1.5)
Part2393.Anchored = true
Part2393.Material = Enum.Material.Fabric
Model2394.Name = "??"
Model2394.Parent = Folder0
Part2395.Name = "TreeMesh Bottom"
Part2395.Parent = Model2394
Part2395.CFrame = CFrame.new(2327.56396, 113.024315, 2194.6228, 0.994951069, -9.51928523e-05, 0.100401863, 9.23294065e-05, 1.00000429, 3.33938078e-05, -0.100400232, -2.39543442e-05, 0.994948804)
Part2395.Orientation = Vector3.new(0, 5.760000228881836, 0.009999999776482582)
Part2395.Position = Vector3.new(2327.56396484375, 113.0243148803711, 2194.622802734375)
Part2395.Rotation = Vector3.new(0, 5.760000228881836, 0.009999999776482582)
Part2395.Size = Vector3.new(8.250000953674316, 0.2499980926513672, 7)
Part2395.Anchored = true
Part2395.CanCollide = false
Part2395.Material = Enum.Material.Fabric
SpecialMesh2396.Name = "BarkMesh"
SpecialMesh2396.Parent = Part2395
SpecialMesh2396.MeshId = "rbxassetid://623621260"
SpecialMesh2396.Offset = Vector3.new(0, 3.4100000858306885, 0)
SpecialMesh2396.TextureId = "rbxassetid://623618671"
SpecialMesh2396.MeshType = Enum.MeshType.FileMesh
Part2397.Name = "TreeMeshTop"
Part2397.Parent = Model2394
Part2397.CFrame = CFrame.new(2327.5603, 143.164383, 2194.62109, 0.994951069, -9.51928523e-05, 0.100401863, 9.23294065e-05, 1.00000429, 3.33938078e-05, -0.100400232, -2.39543442e-05, 0.994948804)
Part2397.Orientation = Vector3.new(0, 5.760000228881836, 0.009999999776482582)
Part2397.Position = Vector3.new(2327.560302734375, 143.1643829345703, 2194.62109375)
Part2397.Rotation = Vector3.new(0, 5.760000228881836, 0.009999999776482582)
Part2397.Transparency = 0.05000000074505806
Part2397.Size = Vector3.new(8.250000953674316, 0.2499980926513672, 7)
Part2397.Anchored = true
Part2397.CanCollide = false
Part2397.Material = Enum.Material.Fabric
SpecialMesh2398.Name = "TopTreeMesh"
SpecialMesh2398.Parent = Part2397
SpecialMesh2398.MeshId = "rbxassetid://623621456"
SpecialMesh2398.Offset = Vector3.new(0, 3.4100000858306885, 0)
SpecialMesh2398.Scale = Vector3.new(1.600000023841858, 1.600000023841858, 1.600000023841858)
SpecialMesh2398.TextureId = "rbxassetid://745556120"
SpecialMesh2398.MeshType = Enum.MeshType.FileMesh
Part2399.Name = "Tree_Collision"
Part2399.Parent = Model2394
Part2399.CFrame = CFrame.new(2326.62573, 126.154907, 2199.66528, 0.990757287, -0.0862312838, 0.104749814, 0.096770376, 0.990266085, -0.100086078, -0.0950976089, 0.109296814, 0.989451408)
Part2399.Orientation = Vector3.new(5.739999771118164, 6.039999961853027, 5.579999923706055)
Part2399.Position = Vector3.new(2326.625732421875, 126.1549072265625, 2199.665283203125)
Part2399.Rotation = Vector3.new(5.78000020980835, 6.010000228881836, 4.96999979019165)
Part2399.Transparency = 1
Part2399.Size = Vector3.new(1.3500009775161743, 26.749998092651367, 1.5)
Part2399.Anchored = true
Part2399.Material = Enum.Material.Fabric
Part2400.Name = "Tree_Collision"
Part2400.Parent = Model2394
Part2400.CFrame = CFrame.new(2332.93408, 125.151253, 2208.00757, 0.952173114, 0.304180354, 0.0291334391, -0.301772267, 0.951038003, -0.0668495968, -0.048039671, 0.0548607744, 0.997339308)
Part2400.Orientation = Vector3.new(3.8299999237060547, 1.6699999570846558, -17.600000381469727)
Part2400.Position = Vector3.new(2332.93408203125, 125.15125274658203, 2208.007568359375)
Part2400.Rotation = Vector3.new(3.8299999237060547, 1.6699999570846558, -17.719999313354492)
Part2400.Transparency = 1
Part2400.Size = Vector3.new(1.3500009775161743, 23.749998092651367, 1.5)
Part2400.Anchored = true
Part2400.Material = Enum.Material.Fabric
Part2401.Name = "Tree_Collision"
Part2401.Parent = Model2394
Part2401.CFrame = CFrame.new(2309.65991, 126.620697, 2198.27271, 0.98910135, -0.0959500447, 0.111715831, 0.114038326, 0.979036748, -0.16879274, -0.0931762084, 0.179691657, 0.979302108)
Part2401.Orientation = Vector3.new(9.720000267028809, 6.510000228881836, 6.639999866485596)
Part2401.Position = Vector3.new(2309.659912109375, 126.62069702148438, 2198.272705078125)
Part2401.Rotation = Vector3.new(9.779999732971191, 6.409999847412109, 5.539999961853027)
Part2401.Transparency = 1
Part2401.Size = Vector3.new(1.3500009775161743, 26.749998092651367, 1.5)
Part2401.Anchored = true
Part2401.Material = Enum.Material.Fabric
Part2402.Name = "Tree_Collision"
Part2402.Parent = Model2394
Part2402.CFrame = CFrame.new(2362.02832, 124.855629, 2180.67163, 0.995093644, -0.0149002038, 0.097851485, -0.0110786399, 0.965629399, 0.259703547, -0.0983558372, -0.259511709, 0.960720181)
Part2402.Orientation = Vector3.new(-15.050000190734863, 5.820000171661377, -0.6600000262260437)
Part2402.Position = Vector3.new(2362.0283203125, 124.85562896728516, 2180.671630859375)
Part2402.Rotation = Vector3.new(-15.130000114440918, 5.619999885559082, 0.8600000143051147)
Part2402.Transparency = 1
Part2402.Size = Vector3.new(1.3500009775161743, 23.749998092651367, 1.5)
Part2402.Anchored = true
Part2402.Material = Enum.Material.Fabric
Part2403.Name = "Tree_Collision"
Part2403.Parent = Model2394
Part2403.CFrame = CFrame.new(2318.61694, 126.01696, 2182.87524, 0.969130754, -0.23418048, 0.0771573558, 0.213624984, 0.953750014, 0.211504325, -0.123116814, -0.188491657, 0.974328816)
Part2403.Orientation = Vector3.new(-12.210000038146973, 4.53000020980835, 12.619999885559082)
Part2403.Position = Vector3.new(2318.616943359375, 126.01696014404297, 2182.875244140625)
Part2403.Rotation = Vector3.new(-12.25, 4.429999828338623, 13.579999923706055)
Part2403.Transparency = 1
Part2403.Size = Vector3.new(1.3500009775161743, 26.749998092651367, 1.5)
Part2403.Anchored = true
Part2403.Material = Enum.Material.Fabric
Part2404.Name = "Tree_Collision"
Part2404.Parent = Model2394
Part2404.CFrame = CFrame.new(2321.29272, 124.784058, 2215.70923, 0.996052742, -0.0866757184, 0.019355014, 0.0884282738, 0.947728992, -0.306592345, 0.0082321465, 0.307091504, 0.95164609)
Part2404.Orientation = Vector3.new(17.850000381469727, 1.1699999570846558, 5.329999923706055)
Part2404.Position = Vector3.new(2321.292724609375, 124.7840576171875, 2215.709228515625)
Part2404.Rotation = Vector3.new(17.860000610351562, 1.1100000143051147, 4.96999979019165)
Part2404.Transparency = 1
Part2404.Size = Vector3.new(1.3500009775161743, 22.749998092651367, 1.5)
Part2404.Anchored = true
Part2404.Material = Enum.Material.Fabric
Part2405.Name = "Tree_Collision"
Part2405.Parent = Model2394
Part2405.CFrame = CFrame.new(2353.03979, 125.659607, 2198.85913, 0.985173404, 0.15934962, 0.063632302, -0.161999077, 0.986029148, 0.0388768427, -0.0565465279, -0.0486082584, 0.997217715)
Part2405.Orientation = Vector3.new(-2.2300000190734863, 3.6500000953674316, -9.329999923706055)
Part2405.Position = Vector3.new(2353.039794921875, 125.65960693359375, 2198.859130859375)
Part2405.Rotation = Vector3.new(-2.2300000190734863, 3.6500000953674316, -9.1899995803833)
Part2405.Transparency = 1
Part2405.Size = Vector3.new(1.3500009775161743, 23.749998092651367, 1.5)
Part2405.Anchored = true
Part2405.Material = Enum.Material.Fabric
Part2406.Name = "Tree_Collision"
Part2406.Parent = Model2394
Part2406.CFrame = CFrame.new(2367.08813, 123.640465, 2203.92603, 0.979006767, 0.181531489, 0.0927374884, -0.165865064, 0.973849118, -0.155290857, -0.118500337, 0.136648238, 0.98350811)
Part2406.Orientation = Vector3.new(8.930000305175781, 5.389999866485596, -9.670000076293945)
Part2406.Position = Vector3.new(2367.088134765625, 123.64046478271484, 2203.926025390625)
Part2406.Rotation = Vector3.new(8.970000267028809, 5.320000171661377, -10.5)
Part2406.Transparency = 1
Part2406.Size = Vector3.new(1.3500009775161743, 20.749998092651367, 1.5)
Part2406.Anchored = true
Part2406.Material = Enum.Material.Fabric
Part2407.Name = "Tree_Collision"
Part2407.Parent = Model2394
Part2407.CFrame = CFrame.new(2295.19067, 124.559418, 2184.38843, 0.959106982, -0.258065969, 0.116292074, 0.26804781, 0.960066617, -0.0801945254, -0.0909506902, 0.108085878, 0.989974141)
Part2407.Orientation = Vector3.new(4.599999904632568, 6.699999809265137, 15.600000381469727)
Part2407.Position = Vector3.new(2295.190673828125, 124.55941772460938, 2184.388427734375)
Part2407.Rotation = Vector3.new(4.630000114440918, 6.679999828338623, 15.0600004196167)
Part2407.Transparency = 1
Part2407.Size = Vector3.new(1.3500009775161743, 22.749998092651367, 1.5)
Part2407.Anchored = true
Part2407.Material = Enum.Material.Fabric
Part2408.Name = "Tree_Collision"
Part2408.Parent = Model2394
Part2408.CFrame = CFrame.new(2328.71436, 125.412697, 2174.10083, 0.990134418, 0.102493174, 0.0955881327, -0.127489507, 0.941967785, 0.310566902, -0.0582081676, -0.319687158, 0.945735335)
Part2408.Orientation = Vector3.new(-18.09000015258789, 5.769999980926514, -7.710000038146973)
Part2408.Position = Vector3.new(2328.71435546875, 125.4126968383789, 2174.100830078125)
Part2408.Rotation = Vector3.new(-18.18000030517578, 5.489999771118164, -5.909999847412109)
Part2408.Transparency = 1
Part2408.Size = Vector3.new(1.3500009775161743, 23.749998092651367, 1.5)
Part2408.Anchored = true
Part2408.Material = Enum.Material.Fabric
Part2409.Name = "Tree_Collision"
Part2409.Parent = Model2394
Part2409.CFrame = CFrame.new(2337.36816, 124.962143, 2184.84302, 0.992163062, 0.1075712, 0.0636309832, -0.110172249, 0.993156195, 0.038878426, -0.0590114929, -0.0455836505, 0.997217774)
Part2409.Orientation = Vector3.new(-2.2300000190734863, 3.6500000953674316, -6.329999923706055)
Part2409.Position = Vector3.new(2337.3681640625, 124.96214294433594, 2184.843017578125)
Part2409.Rotation = Vector3.new(-2.2300000190734863, 3.6500000953674316, -6.190000057220459)
Part2409.Transparency = 1
Part2409.Size = Vector3.new(1.3500009775161743, 23.749998092651367, 1.5)
Part2409.Anchored = true
Part2409.Material = Enum.Material.Fabric
Part2410.Name = "Tree_Collision"
Part2410.Parent = Model2394
Part2410.CFrame = CFrame.new(2289.10205, 124.613503, 2199.22583, 0.981610417, -0.165526614, 0.095131062, 0.165884778, 0.986140609, 0.00418658974, -0.0945035666, 0.0116708875, 0.995457828)
Part2410.Orientation = Vector3.new(-0.23999999463558197, 5.460000038146973, 9.550000190734863)
Part2410.Position = Vector3.new(2289.10205078125, 124.6135025024414, 2199.225830078125)
Part2410.Rotation = Vector3.new(-0.23999999463558197, 5.460000038146973, 9.569999694824219)
Part2410.Transparency = 1
Part2410.Size = Vector3.new(1.3500009775161743, 22.749998092651367, 1.5)
Part2410.Anchored = true
Part2410.Material = Enum.Material.Fabric
Model2411.Name = "??"
Model2411.Parent = Folder0
Part2412.Name = "TreeMesh Bottom"
Part2412.Parent = Model2411
Part2412.CFrame = CFrame.new(2188.89526, 112.416992, 2182.00952, -0.194942921, -9.56739241e-05, -0.980816424, 4.5796005e-06, 1.00000286, -9.84203289e-05, 0.980816543, -2.36724827e-05, -0.194943056)
Part2412.Orientation = Vector3.new(0.009999999776482582, -101.23999786376953, 0)
Part2412.Position = Vector3.new(2188.895263671875, 112.4169921875, 2182.009521484375)
Part2412.Rotation = Vector3.new(179.97000122070312, -78.76000213623047, 179.97000122070312)
Part2412.Size = Vector3.new(8.250000953674316, 0.2499980926513672, 7)
Part2412.Anchored = true
Part2412.CanCollide = false
Part2412.Material = Enum.Material.Fabric
SpecialMesh2413.Name = "BarkMesh"
SpecialMesh2413.Parent = Part2412
SpecialMesh2413.MeshId = "rbxassetid://623621260"
SpecialMesh2413.Offset = Vector3.new(0, 3.4100000858306885, 0)
SpecialMesh2413.TextureId = "rbxassetid://623618671"
SpecialMesh2413.MeshType = Enum.MeshType.FileMesh
Part2414.Name = "TreeMeshTop"
Part2414.Parent = Model2411
Part2414.CFrame = CFrame.new(2188.89355, 142.556992, 2182.00806, -0.194942921, -9.56739241e-05, -0.980816424, 4.5796005e-06, 1.00000286, -9.84203289e-05, 0.980816543, -2.36724827e-05, -0.194943056)
Part2414.Orientation = Vector3.new(0.009999999776482582, -101.23999786376953, 0)
Part2414.Position = Vector3.new(2188.8935546875, 142.55699157714844, 2182.008056640625)
Part2414.Rotation = Vector3.new(179.97000122070312, -78.76000213623047, 179.97000122070312)
Part2414.Transparency = 0.05000000074505806
Part2414.Size = Vector3.new(8.250000953674316, 0.2499980926513672, 7)
Part2414.Anchored = true
Part2414.CanCollide = false
Part2414.Material = Enum.Material.Fabric
SpecialMesh2415.Name = "TopTreeMesh"
SpecialMesh2415.Parent = Part2414
SpecialMesh2415.MeshId = "rbxassetid://623621456"
SpecialMesh2415.Offset = Vector3.new(0, 3.4100000858306885, 0)
SpecialMesh2415.Scale = Vector3.new(1.600000023841858, 1.600000023841858, 1.600000023841858)
SpecialMesh2415.TextureId = "rbxassetid://745556120"
SpecialMesh2415.MeshType = Enum.MeshType.FileMesh
Part2416.Name = "Tree_Collision"
Part2416.Parent = Model2411
Part2416.CFrame = CFrame.new(2184.34546, 125.547028, 2179.63818, -0.198801607, -0.0794465169, -0.976815999, 0.0966828167, 0.990260065, -0.100216784, 0.975261092, -0.114364304, -0.189183772)
Part2416.Orientation = Vector3.new(5.75, -100.95999908447266, 5.579999923706055)
Part2416.Position = Vector3.new(2184.345458984375, 125.54702758789062, 2179.63818359375)
Part2416.Rotation = Vector3.new(152.08999633789062, -77.63999938964844, 158.22000122070312)
Part2416.Transparency = 1
Part2416.Size = Vector3.new(1.3500009775161743, 26.749998092651367, 1.5)
Part2416.Anchored = true
Part2416.Material = Enum.Material.Fabric
Part2417.Name = "Tree_Collision"
Part2417.Parent = Model2411
Part2417.CFrame = CFrame.new(2174.52271, 124.541718, 2183.2312, -0.232461125, -0.141552895, -0.962251604, -0.301861644, 0.95099932, -0.0669737309, 0.924578488, 0.274897367, -0.263799131)
Part2417.Orientation = Vector3.new(3.8399999141693115, -105.33000183105469, -17.610000610351562)
Part2417.Position = Vector3.new(2174.522705078125, 124.54171752929688, 2183.231201171875)
Part2417.Rotation = Vector3.new(165.75, -74.20999908447266, 148.66000366210938)
Part2417.Transparency = 1
Part2417.Size = Vector3.new(1.3500009775161743, 23.749998092651367, 1.5)
Part2417.Anchored = true
Part2417.Material = Enum.Material.Fabric
Part2418.Name = "Tree_Collision"
Part2418.Parent = Model2411
Part2418.CFrame = CFrame.new(2190.63843, 126.014671, 2163.82153, -0.200157195, -0.143921345, -0.969137371, 0.113950267, 0.97902292, -0.168923646, 0.973116815, -0.144244373, -0.179558188)
Part2418.Orientation = Vector3.new(9.729999542236328, -100.5, 6.639999866485596)
Part2418.Position = Vector3.new(2190.638427734375, 126.0146713256836, 2163.821533203125)
Part2418.Rotation = Vector3.new(136.75, -75.7300033569336, 144.27999877929688)
Part2418.Transparency = 1
Part2418.Size = Vector3.new(1.3500009775161743, 26.749998092651367, 1.5)
Part2418.Anchored = true
Part2418.Material = Enum.Material.Fabric
Part2419.Name = "Tree_Collision"
Part2419.Parent = Model2411
Part2419.CFrame = CFrame.new(2192.15625, 124.246513, 2219.04736, -0.19693768, 0.252383888, -0.947376013, -0.011165957, 0.965660989, 0.259576261, 0.980354369, 0.0616985634, -0.187356517)
Part2419.Orientation = Vector3.new(-15.039999961853027, -101.19000244140625, -0.6600000262260437)
Part2419.Position = Vector3.new(2192.15625, 124.24651336669922, 2219.04736328125)
Part2419.Rotation = Vector3.new(-125.81999969482422, -71.33000183105469, -127.97000122070312)
Part2419.Transparency = 1
Part2419.Size = Vector3.new(1.3500009775161743, 23.749998092651367, 1.5)
Part2419.Anchored = true
Part2419.Material = Enum.Material.Fabric
Part2420.Name = "Tree_Collision"
