Part2340.Name = "Tree_Collision"
Part2340.Parent = Model2324
Part2340.CFrame = CFrame.new(2213.31543, 124.44117, 2441.10474, 0.986152947, -0.165770769, -0.00529442681, 0.165793359, 0.986154675, 0.00415368844, 0.0045334599, -0.00497406488, 0.999978483)
Part2340.Orientation = Vector3.new(-0.23999999463558197, -0.30000001192092896, 9.539999961853027)
Part2340.Position = Vector3.new(2213.3154296875, 124.44116973876953, 2441.104736328125)
Part2340.Rotation = Vector3.new(-0.23999999463558197, -0.30000001192092896, 9.539999961853027)
Part2340.Transparency = 1
Part2340.Size = Vector3.new(1.3500009775161743, 22.749998092651367, 1.5)
Part2340.Anchored = true
Part2340.Material = Enum.Material.Fabric
Model2341.Name = "?2"
Model2341.Parent = Folder0
Part2342.Name = "TreeMesh Bottom"
Part2342.Parent = Model2341
Part2342.CFrame = CFrame.new(2289.89185, 112.84845, 2429.91772, -1.16067838e-07, 4.35276888e-07, -1.00000024, 6.46105436e-09, 1.00000072, 4.39700671e-07, 1.00000072, 6.37676223e-09, 1.16068705e-07)
Part2342.Orientation = Vector3.new(0, -90, 0)
Part2342.Position = Vector3.new(2289.891845703125, 112.84844970703125, 2429.917724609375)
Part2342.Rotation = Vector3.new(0, -90, 0)
Part2342.Size = Vector3.new(8.250000953674316, 0.2499980926513672, 7)
Part2342.Anchored = true
Part2342.CanCollide = false
Part2342.Material = Enum.Material.Fabric
SpecialMesh2343.Name = "BarkMesh"
SpecialMesh2343.Parent = Part2342
SpecialMesh2343.MeshId = "rbxassetid://623621260"
SpecialMesh2343.Offset = Vector3.new(0, 3.4100000858306885, 0)
SpecialMesh2343.TextureId = "rbxassetid://623618671"
SpecialMesh2343.MeshType = Enum.MeshType.FileMesh
Part2344.Name = "TreeMeshTop"
Part2344.Parent = Model2341
Part2344.CFrame = CFrame.new(2289.89233, 142.988342, 2429.91699, -1.16067838e-07, 4.35276888e-07, -1.00000024, 6.46105436e-09, 1.00000072, 4.39700671e-07, 1.00000072, 6.37676223e-09, 1.16068705e-07)
Part2344.Orientation = Vector3.new(0, -90, 0)
Part2344.Position = Vector3.new(2289.892333984375, 142.98834228515625, 2429.9169921875)
Part2344.Rotation = Vector3.new(0, -90, 0)
Part2344.Transparency = 0.05000000074505806
Part2344.Size = Vector3.new(8.250000953674316, 0.2499980926513672, 7)
Part2344.Anchored = true
Part2344.CanCollide = false
Part2344.Material = Enum.Material.Fabric
SpecialMesh2345.Name = "TopTreeMesh"
SpecialMesh2345.Parent = Part2344
SpecialMesh2345.MeshId = "rbxassetid://623621456"
SpecialMesh2345.Offset = Vector3.new(0, 3.4100000858306885, 0)
SpecialMesh2345.Scale = Vector3.new(1.600000023841858, 1.600000023841858, 1.600000023841858)
SpecialMesh2345.TextureId = "rbxassetid://745556120"
SpecialMesh2345.MeshType = Enum.MeshType.FileMesh
Part2346.Name = "Tree_Collision"
Part2346.Parent = Model2341
Part2346.CFrame = CFrame.new(2284.96802, 125.978935, 2428.479, -0.0048575257, -0.100119092, -0.994963944, 0.0966772735, 0.99026823, -0.100118592, 0.995304644, -0.0966766626, 0.00486921752)
Part2346.Orientation = Vector3.new(5.75, -89.72000122070312, 5.579999923706055)
Part2346.Position = Vector3.new(2284.968017578125, 125.97893524169922, 2428.47900390625)
Part2346.Rotation = Vector3.new(87.22000122070312, -84.25, 92.77999877929688)
Part2346.Transparency = 1
Part2346.Size = Vector3.new(1.3500009775161743, 26.749998092651367, 1.5)
Part2346.Anchored = true
Part2346.Material = Enum.Material.Fabric
Part2347.Name = "Tree_Collision"
Part2347.Parent = Model2341
Part2347.CFrame = CFrame.new(2276.03442, 124.97448, 2433.91797, -0.0477903374, -0.0851546898, -0.995221198, -0.301860869, 0.951004326, -0.0668760166, 0.95215416, 0.297222257, -0.0711534321)
Part2347.Orientation = Vector3.new(3.8299999237060547, -94.08999633789062, -17.610000610351562)
Part2347.Position = Vector3.new(2276.034423828125, 124.97447967529297, 2433.91796875)
Part2347.Rotation = Vector3.new(136.77000427246094, -84.4000015258789, 119.30000305175781)
Part2347.Transparency = 1
Part2347.Size = Vector3.new(1.3500009775161743, 23.749998092651367, 1.5)
Part2347.Anchored = true
Part2347.Material = Enum.Material.Fabric
Part2348.Name = "Tree_Collision"
Part2348.Parent = Model2341
Part2348.CFrame = CFrame.new(2288.05688, 126.446365, 2411.73901, -0.00660338951, -0.169184193, -0.985562623, 0.113945588, 0.979037941, -0.168827593, 0.993465781, -0.113415271, 0.0128130494)
Part2348.Orientation = Vector3.new(9.720000267028809, -89.26000213623047, 6.639999866485596)
Part2348.Position = Vector3.new(2288.056884765625, 126.44636535644531, 2411.739013671875)
Part2348.Rotation = Vector3.new(85.66000366210938, -80.25, 92.23999786376953)
Part2348.Transparency = 1
Part2348.Size = Vector3.new(1.3500009775161743, 26.749998092651367, 1.5)
Part2348.Anchored = true
Part2348.Material = Enum.Material.Fabric
Part2349.Name = "Tree_Collision"
Part2349.Parent = Model2341
Part2349.CFrame = CFrame.new(2300.31152, 124.67675, 2465.60986, -0.00204720744, 0.259664088, -0.96569705, -0.0111710001, 0.965633392, 0.259670645, 0.999936223, 0.0113193523, 0.000924083055)
Part2349.Orientation = Vector3.new(-15.050000190734863, -89.94999694824219, -0.6600000262260437)
Part2349.Position = Vector3.new(2300.3115234375, 124.67675018310547, 2465.60986328125)
Part2349.Rotation = Vector3.new(-89.80000305175781, -74.94999694824219, -90.44999694824219)
Part2349.Transparency = 1
Part2349.Size = Vector3.new(1.3500009775161743, 23.749998092651367, 1.5)
Part2349.Anchored = true
Part2349.Material = Enum.Material.Fabric
Part2350.Name = "Tree_Collision"
Part2350.Parent = Model2341
Part2350.CFrame = CFrame.new(2302.47754, 125.842125, 2422.19653, 0.0251873694, 0.211018577, -0.977157712, 0.213534802, 0.953773439, 0.21147278, 0.976611495, -0.213983625, -0.0210365355)
Part2350.Orientation = Vector3.new(-12.210000038146973, -91.2300033569336, 12.619999885559082)
Part2350.Position = Vector3.new(2302.4775390625, 125.84212493896484, 2422.196533203125)
Part2350.Rotation = Vector3.new(-95.68000030517578, -77.7300033569336, -83.19000244140625)
Part2350.Transparency = 1
Part2350.Size = Vector3.new(1.3500009775161743, 26.749998092651367, 1.5)
Part2350.Anchored = true
Part2350.Material = Enum.Material.Fabric
Part2351.Name = "Tree_Collision"
Part2351.Parent = Model2341
Part2351.CFrame = CFrame.new(2269.54077, 124.608223, 2421.5625, -0.108196393, -0.296868533, -0.948769331, 0.0883334056, 0.947726488, -0.306615651, 0.990198135, -0.116982602, -0.0763169453)
Part2351.Orientation = Vector3.new(17.860000610351562, -94.5999984741211, 5.320000171661377)
Part2351.Position = Vector3.new(2269.540771484375, 124.60822296142578, 2421.5625)
Part2351.Rotation = Vector3.new(103.9800033569336, -71.58000183105469, 110.0199966430664)
Part2351.Transparency = 1
Part2351.Size = Vector3.new(1.3500009775161743, 22.749998092651367, 1.5)
Part2351.Anchored = true
Part2351.Material = Enum.Material.Fabric
Part2352.Name = "Tree_Collision"
Part2352.Parent = Model2341
Part2352.CFrame = CFrame.new(2283.11816, 125.481125, 2454.84058, -0.0426448397, 0.0323310904, -0.998567283, -0.162091792, 0.986011505, 0.0388468653, 0.985854506, 0.163516149, -0.0368074588)
Part2352.Orientation = Vector3.new(-2.2300000190734863, -92.11000061035156, -9.34000015258789)
Part2352.Position = Vector3.new(2283.1181640625, 125.48112487792969, 2454.840576171875)
Part2352.Rotation = Vector3.new(-133.4600067138672, -86.93000030517578, -142.8300018310547)
Part2352.Transparency = 1
Part2352.Size = Vector3.new(1.3500009775161743, 23.749998092651367, 1.5)
Part2352.Anchored = true
Part2352.Material = Enum.Material.Fabric
Part2353.Name = "Tree_Collision"
Part2353.Parent = Model2341
Part2353.CFrame = CFrame.new(2276.66626, 123.460571, 2468.30859, 0.0196159538, -0.154216066, -0.987842739, -0.165954933, 0.973825097, -0.155323118, 0.985939026, 0.166984186, -0.00649017608)
Part2353.Orientation = Vector3.new(8.9399995803833, -90.37999725341797, -9.670000076293945)
Part2353.Position = Vector3.new(2276.666259765625, 123.4605712890625, 2468.30859375)
Part2353.Rotation = Vector3.new(92.38999938964844, -81.05999755859375, 82.75)
Part2353.Transparency = 1
Part2353.Size = Vector3.new(1.3500009775161743, 20.749998092651367, 1.5)
Part2353.Anchored = true
Part2353.Material = Enum.Material.Fabric
Part2354.Name = "Tree_Collision"
Part2354.Parent = Model2341
Part2354.CFrame = CFrame.new(2303.32397, 124.38681, 2398.73706, -0.00581178907, -0.0816625729, -0.996643364, 0.267958373, 0.960084915, -0.0802296177, 0.963413835, -0.267525107, 0.0163025837)
Part2354.Orientation = Vector3.new(4.599999904632568, -89.05999755859375, 15.59000015258789)
Part2354.Position = Vector3.new(2303.323974609375, 124.38681030273438, 2398.737060546875)
Part2354.Rotation = Vector3.new(78.51000213623047, -85.30000305175781, 94.06999969482422)
Part2354.Transparency = 1
Part2354.Size = Vector3.new(1.3500009775161743, 22.749998092651367, 1.5)
Part2354.Anchored = true
Part2354.Material = Enum.Material.Fabric
Part2355.Name = "Tree_Collision"
Part2355.Parent = Model2341
Part2355.CFrame = CFrame.new(2310.1936, 125.237122, 2433.12402, -0.0414905101, 0.307749301, -0.950562656, -0.127581537, 0.941962481, 0.310533643, 0.990960658, 0.134158343, 0.000180852643)
Part2355.Orientation = Vector3.new(-18.09000015258789, -89.98999786376953, -7.710000038146973)
Part2355.Position = Vector3.new(2310.193603515625, 125.23712158203125, 2433.1240234375)
Part2355.Rotation = Vector3.new(-89.97000122070312, -71.91000366210938, -97.68000030517578)
Part2355.Transparency = 1
Part2355.Size = Vector3.new(1.3500009775161743, 23.749998092651367, 1.5)
Part2355.Anchored = true
Part2355.Material = Enum.Material.Fabric
Part2356.Name = "Tree_Collision"
Part2356.Parent = Model2341
Part2356.CFrame = CFrame.new(2298.63696, 124.785492, 2440.65552, -0.0408964343, 0.0345191024, -0.998567164, -0.110265993, 0.99314332, 0.0388475694, 0.993061125, 0.11169669, -0.0368094966)
Part2356.Orientation = Vector3.new(-2.2300000190734863, -92.11000061035156, -6.340000152587891)
Part2356.Position = Vector3.new(2298.636962890625, 124.78549194335938, 2440.655517578125)
Part2356.Rotation = Vector3.new(-133.4600067138672, -86.93000030517578, -139.8300018310547)
Part2356.Transparency = 1
Part2356.Size = Vector3.new(1.3500009775161743, 23.749998092651367, 1.5)
Part2356.Anchored = true
Part2356.Material = Enum.Material.Fabric
Part2357.Name = "Tree_Collision"
Part2357.Parent = Model2341
Part2357.CFrame = CFrame.new(2289.1731, 124.441109, 2391.18945, -0.00453302171, 0.00497297943, -0.999977648, 0.165792659, 0.986152649, 0.0041526733, 0.98615098, -0.165770069, -0.00529450132)
Part2357.Orientation = Vector3.new(-0.23999999463558197, -90.30000305175781, 9.539999961853027)
Part2357.Position = Vector3.new(2289.173095703125, 124.44110870361328, 2391.189453125)
Part2357.Rotation = Vector3.new(-141.88999938964844, -89.62000274658203, -132.35000610351562)
Part2357.Transparency = 1
Part2357.Size = Vector3.new(1.3500009775161743, 22.749998092651367, 1.5)
Part2357.Anchored = true
Part2357.Material = Enum.Material.Fabric
Model2358.Name = "?2"
Model2358.Parent = Folder0
Part2359.Name = "TreeMesh Bottom"
Part2359.Parent = Model2358
Part2359.CFrame = CFrame.new(2268.83667, 112.84845, 2498.77051, -1.16067838e-07, 4.35276888e-07, -1.00000024, 6.46105436e-09, 1.00000072, 4.39700671e-07, 1.00000072, 6.37676223e-09, 1.16068705e-07)
Part2359.Orientation = Vector3.new(0, -90, 0)
Part2359.Position = Vector3.new(2268.836669921875, 112.84844970703125, 2498.7705078125)
Part2359.Rotation = Vector3.new(0, -90, 0)
Part2359.Size = Vector3.new(8.250000953674316, 0.2499980926513672, 7)
Part2359.Anchored = true
Part2359.CanCollide = false
Part2359.Material = Enum.Material.Fabric
SpecialMesh2360.Name = "BarkMesh"
SpecialMesh2360.Parent = Part2359
SpecialMesh2360.MeshId = "rbxassetid://623621260"
SpecialMesh2360.Offset = Vector3.new(0, 3.4100000858306885, 0)
SpecialMesh2360.TextureId = "rbxassetid://623618671"
SpecialMesh2360.MeshType = Enum.MeshType.FileMesh
Part2361.Name = "TreeMeshTop"
Part2361.Parent = Model2358
Part2361.CFrame = CFrame.new(2268.83716, 142.988342, 2498.76978, -1.16067838e-07, 4.35276888e-07, -1.00000024, 6.46105436e-09, 1.00000072, 4.39700671e-07, 1.00000072, 6.37676223e-09, 1.16068705e-07)
Part2361.Orientation = Vector3.new(0, -90, 0)
Part2361.Position = Vector3.new(2268.837158203125, 142.98834228515625, 2498.769775390625)
Part2361.Rotation = Vector3.new(0, -90, 0)
Part2361.Transparency = 0.05000000074505806
Part2361.Size = Vector3.new(8.250000953674316, 0.2499980926513672, 7)
Part2361.Anchored = true
Part2361.CanCollide = false
Part2361.Material = Enum.Material.Fabric
SpecialMesh2362.Name = "TopTreeMesh"
SpecialMesh2362.Parent = Part2361
SpecialMesh2362.MeshId = "rbxassetid://623621456"
SpecialMesh2362.Offset = Vector3.new(0, 3.4100000858306885, 0)
SpecialMesh2362.Scale = Vector3.new(1.600000023841858, 1.600000023841858, 1.600000023841858)
SpecialMesh2362.TextureId = "rbxassetid://745556120"
SpecialMesh2362.MeshType = Enum.MeshType.FileMesh
Part2363.Name = "Tree_Collision"
Part2363.Parent = Model2358
Part2363.CFrame = CFrame.new(2263.91284, 125.978935, 2497.33179, -0.0048575257, -0.100119092, -0.994963944, 0.0966772735, 0.99026823, -0.100118592, 0.995304644, -0.0966766626, 0.00486921752)
Part2363.Orientation = Vector3.new(5.75, -89.72000122070312, 5.579999923706055)
Part2363.Position = Vector3.new(2263.912841796875, 125.97893524169922, 2497.331787109375)
Part2363.Rotation = Vector3.new(87.22000122070312, -84.25, 92.77999877929688)
Part2363.Transparency = 1
Part2363.Size = Vector3.new(1.3500009775161743, 26.749998092651367, 1.5)
Part2363.Anchored = true
Part2363.Material = Enum.Material.Fabric
Part2364.Name = "Tree_Collision"
Part2364.Parent = Model2358
Part2364.CFrame = CFrame.new(2254.97925, 124.97448, 2502.77075, -0.0477903374, -0.0851546898, -0.995221198, -0.301860869, 0.951004326, -0.0668760166, 0.95215416, 0.297222257, -0.0711534321)
Part2364.Orientation = Vector3.new(3.8299999237060547, -94.08999633789062, -17.610000610351562)
Part2364.Position = Vector3.new(2254.979248046875, 124.97447967529297, 2502.770751953125)
Part2364.Rotation = Vector3.new(136.77000427246094, -84.4000015258789, 119.30000305175781)
Part2364.Transparency = 1
Part2364.Size = Vector3.new(1.3500009775161743, 23.749998092651367, 1.5)
Part2364.Anchored = true
Part2364.Material = Enum.Material.Fabric
Part2365.Name = "Tree_Collision"
Part2365.Parent = Model2358
Part2365.CFrame = CFrame.new(2267.00171, 126.446365, 2480.5918, -0.00660338951, -0.169184193, -0.985562623, 0.113945588, 0.979037941, -0.168827593, 0.993465781, -0.113415271, 0.0128130494)
Part2365.Orientation = Vector3.new(9.720000267028809, -89.26000213623047, 6.639999866485596)
Part2365.Position = Vector3.new(2267.001708984375, 126.44636535644531, 2480.591796875)
Part2365.Rotation = Vector3.new(85.66000366210938, -80.25, 92.23999786376953)
Part2365.Transparency = 1
Part2365.Size = Vector3.new(1.3500009775161743, 26.749998092651367, 1.5)
Part2365.Anchored = true
Part2365.Material = Enum.Material.Fabric
Part2366.Name = "Tree_Collision"
Part2366.Parent = Model2358
Part2366.CFrame = CFrame.new(2279.25635, 124.67675, 2534.46265, -0.00204720744, 0.259664088, -0.96569705, -0.0111710001, 0.965633392, 0.259670645, 0.999936223, 0.0113193523, 0.000924083055)
Part2366.Orientation = Vector3.new(-15.050000190734863, -89.94999694824219, -0.6600000262260437)
Part2366.Position = Vector3.new(2279.25634765625, 124.67675018310547, 2534.462646484375)
Part2366.Rotation = Vector3.new(-89.80000305175781, -74.94999694824219, -90.44999694824219)
Part2366.Transparency = 1
Part2366.Size = Vector3.new(1.3500009775161743, 23.749998092651367, 1.5)
Part2366.Anchored = true
Part2366.Material = Enum.Material.Fabric
Part2367.Name = "Tree_Collision"
Part2367.Parent = Model2358
Part2367.CFrame = CFrame.new(2281.42236, 125.842125, 2491.04932, 0.0251873694, 0.211018577, -0.977157712, 0.213534802, 0.953773439, 0.21147278, 0.976611495, -0.213983625, -0.0210365355)
Part2367.Orientation = Vector3.new(-12.210000038146973, -91.2300033569336, 12.619999885559082)
Part2367.Position = Vector3.new(2281.42236328125, 125.84212493896484, 2491.04931640625)
Part2367.Rotation = Vector3.new(-95.68000030517578, -77.7300033569336, -83.19000244140625)
Part2367.Transparency = 1
Part2367.Size = Vector3.new(1.3500009775161743, 26.749998092651367, 1.5)
Part2367.Anchored = true
Part2367.Material = Enum.Material.Fabric
Part2368.Name = "Tree_Collision"
Part2368.Parent = Model2358
Part2368.CFrame = CFrame.new(2248.4856, 124.608223, 2490.41528, -0.108196393, -0.296868533, -0.948769331, 0.0883334056, 0.947726488, -0.306615651, 0.990198135, -0.116982602, -0.0763169453)
Part2368.Orientation = Vector3.new(17.860000610351562, -94.5999984741211, 5.320000171661377)
Part2368.Position = Vector3.new(2248.485595703125, 124.60822296142578, 2490.415283203125)
Part2368.Rotation = Vector3.new(103.9800033569336, -71.58000183105469, 110.0199966430664)
Part2368.Transparency = 1
Part2368.Size = Vector3.new(1.3500009775161743, 22.749998092651367, 1.5)
Part2368.Anchored = true
Part2368.Material = Enum.Material.Fabric
Part2369.Name = "Tree_Collision"
Part2369.Parent = Model2358
Part2369.CFrame = CFrame.new(2262.06299, 125.481125, 2523.69336, -0.0426448397, 0.0323310904, -0.998567283, -0.162091792, 0.986011505, 0.0388468653, 0.985854506, 0.163516149, -0.0368074588)
Part2369.Orientation = Vector3.new(-2.2300000190734863, -92.11000061035156, -9.34000015258789)
Part2369.Position = Vector3.new(2262.06298828125, 125.48112487792969, 2523.693359375)
Part2369.Rotation = Vector3.new(-133.4600067138672, -86.93000030517578, -142.8300018310547)
Part2369.Transparency = 1
Part2369.Size = Vector3.new(1.3500009775161743, 23.749998092651367, 1.5)
Part2369.Anchored = true
Part2369.Material = Enum.Material.Fabric
Part2370.Name = "Tree_Collision"
Part2370.Parent = Model2358
Part2370.CFrame = CFrame.new(2255.61108, 123.460571, 2537.16138, 0.0196159538, -0.154216066, -0.987842739, -0.165954933, 0.973825097, -0.155323118, 0.985939026, 0.166984186, -0.00649017608)
Part2370.Orientation = Vector3.new(8.9399995803833, -90.37999725341797, -9.670000076293945)
Part2370.Position = Vector3.new(2255.611083984375, 123.4605712890625, 2537.161376953125)
Part2370.Rotation = Vector3.new(92.38999938964844, -81.05999755859375, 82.75)
Part2370.Transparency = 1
Part2370.Size = Vector3.new(1.3500009775161743, 20.749998092651367, 1.5)
Part2370.Anchored = true
Part2370.Material = Enum.Material.Fabric
Part2371.Name = "Tree_Collision"
Part2371.Parent = Model2358
Part2371.CFrame = CFrame.new(2282.2688, 124.38681, 2467.58984, -0.00581178907, -0.0816625729, -0.996643364, 0.267958373, 0.960084915, -0.0802296177, 0.963413835, -0.267525107, 0.0163025837)
Part2371.Orientation = Vector3.new(4.599999904632568, -89.05999755859375, 15.59000015258789)
Part2371.Position = Vector3.new(2282.268798828125, 124.38681030273438, 2467.58984375)
Part2371.Rotation = Vector3.new(78.51000213623047, -85.30000305175781, 94.06999969482422)
Part2371.Transparency = 1
Part2371.Size = Vector3.new(1.3500009775161743, 22.749998092651367, 1.5)
Part2371.Anchored = true
Part2371.Material = Enum.Material.Fabric
Part2372.Name = "Tree_Collision"
Part2372.Parent = Model2358
Part2372.CFrame = CFrame.new(2289.13843, 125.237122, 2501.97681, -0.0414905101, 0.307749301, -0.950562656, -0.127581537, 0.941962481, 0.310533643, 0.990960658, 0.134158343, 0.000180852643)
Part2372.Orientation = Vector3.new(-18.09000015258789, -89.98999786376953, -7.710000038146973)
Part2372.Position = Vector3.new(2289.138427734375, 125.23712158203125, 2501.976806640625)
Part2372.Rotation = Vector3.new(-89.97000122070312, -71.91000366210938, -97.68000030517578)
Part2372.Transparency = 1
Part2372.Size = Vector3.new(1.3500009775161743, 23.749998092651367, 1.5)
Part2372.Anchored = true
Part2372.Material = Enum.Material.Fabric
Part2373.Name = "Tree_Collision"
Part2373.Parent = Model2358
Part2373.CFrame = CFrame.new(2277.58179, 124.785492, 2509.5083, -0.0408964343, 0.0345191024, -0.998567164, -0.110265993, 0.99314332, 0.0388475694, 0.993061125, 0.11169669, -0.0368094966)
Part2373.Orientation = Vector3.new(-2.2300000190734863, -92.11000061035156, -6.340000152587891)
Part2373.Position = Vector3.new(2277.581787109375, 124.78549194335938, 2509.50830078125)
Part2373.Rotation = Vector3.new(-133.4600067138672, -86.93000030517578, -139.8300018310547)
Part2373.Transparency = 1
Part2373.Size = Vector3.new(1.3500009775161743, 23.749998092651367, 1.5)
Part2373.Anchored = true
Part2373.Material = Enum.Material.Fabric
Part2374.Name = "Tree_Collision"
Part2374.Parent = Model2358
Part2374.CFrame = CFrame.new(2268.11792, 124.441109, 2460.04224, -0.00453302171, 0.00497297943, -0.999977648, 0.165792659, 0.986152649, 0.0041526733, 0.98615098, -0.165770069, -0.00529450132)
Part2374.Orientation = Vector3.new(-0.23999999463558197, -90.30000305175781, 9.539999961853027)
Part2374.Position = Vector3.new(2268.117919921875, 124.44110870361328, 2460.042236328125)
Part2374.Rotation = Vector3.new(-141.88999938964844, -89.62000274658203, -132.35000610351562)
Part2374.Transparency = 1
Part2374.Size = Vector3.new(1.3500009775161743, 22.749998092651367, 1.5)
Part2374.Anchored = true
Part2374.Material = Enum.Material.Fabric
Model2375.Name = "?2"
Model2375.Parent = Folder0
Part2376.Name = "TreeMesh Bottom"
Part2376.Parent = Model2375
Part2376.CFrame = CFrame.new(2188.06421, 112.2547, 2406.49219, -0.292432338, 0, -0.956286192, 0, 1, 0, 0.956286192, 0, -0.292432338)
Part2376.Orientation = Vector3.new(0, -107, 0)
Part2376.Position = Vector3.new(2188.064208984375, 112.25469970703125, 2406.4921875)
Part2376.Rotation = Vector3.new(-180, -73, -180)
Part2376.Size = Vector3.new(8.250000953674316, 0.2499980926513672, 7)
Part2376.Anchored = true
Part2376.CanCollide = false
Part2376.Material = Enum.Material.Fabric
SpecialMesh2377.Name = "BarkMesh"
SpecialMesh2377.Parent = Part2376
SpecialMesh2377.MeshId = "rbxassetid://623621260"
SpecialMesh2377.Offset = Vector3.new(0, 3.4100000858306885, 0)
SpecialMesh2377.TextureId = "rbxassetid://623618671"
SpecialMesh2377.MeshType = Enum.MeshType.FileMesh
Part2378.Name = "TreeMeshTop"
Part2378.Parent = Model2375
Part2378.CFrame = CFrame.new(2188.0647, 142.394562, 2406.49194, -0.292432338, 0, -0.956286192, 0, 1, 0, 0.956286192, 0, -0.292432338)
Part2378.Orientation = Vector3.new(0, -107, 0)
Part2378.Position = Vector3.new(2188.064697265625, 142.39456176757812, 2406.491943359375)
Part2378.Rotation = Vector3.new(-180, -73, -180)
Part2378.Transparency = 0.05000000074505806
Part2378.Size = Vector3.new(8.250000953674316, 0.2499980926513672, 7)
Part2378.Anchored = true
Part2378.CanCollide = false
Part2378.Material = Enum.Material.Fabric
SpecialMesh2379.Name = "TopTreeMesh"
SpecialMesh2379.Parent = Part2378
SpecialMesh2379.MeshId = "rbxassetid://623621456"
SpecialMesh2379.Offset = Vector3.new(0, 3.4100000858306885, 0)
SpecialMesh2379.Scale = Vector3.new(1.600000023841858, 1.600000023841858, 1.600000023841858)
SpecialMesh2379.TextureId = "rbxassetid://745556120"
SpecialMesh2379.MeshType = Enum.MeshType.FileMesh
Part2380.Name = "Tree_Collision"
Part2380.Parent = Model2375
Part2380.CFrame = CFrame.new(2183.77637, 125.385193, 2403.67651, -0.295703739, -0.067470789, -0.952894092, 0.0966779888, 0.990267456, -0.100118354, 0.950375021, -0.12172924, -0.286302865)
Part2380.Orientation = Vector3.new(5.75, -106.72000122070312, 5.579999923706055)
Part2380.Position = Vector3.new(2183.7763671875, 125.38519287109375, 2403.676513671875)
Part2380.Rotation = Vector3.new(160.72999572753906, -72.33999633789062, 167.14999389648438)
Part2380.Transparency = 1
Part2380.Size = Vector3.new(1.3500009775161743, 26.749998092651367, 1.5)
Part2380.Anchored = true
Part2380.Material = Enum.Material.Fabric
Part2381.Name = "Tree_Collision"
Part2381.Parent = Model2375
Part2381.CFrame = CFrame.new(2173.64282, 124.380707, 2406.26538, -0.324142277, -0.168349892, -0.930908203, -0.301860809, 0.951003432, -0.0668760687, 0.896555543, 0.259327352, -0.359078705)
Part2381.Orientation = Vector3.new(3.8299999237060547, -111.08999633789062, -17.610000610351562)
Part2381.Position = Vector3.new(2173.642822265625, 124.38070678710938, 2406.265380859375)
Part2381.Rotation = Vector3.new(169.4499969482422, -68.58000183105469, 152.5500030517578)
Part2381.Transparency = 1
Part2381.Size = Vector3.new(1.3500009775161743, 23.749998092651367, 1.5)
Part2381.Anchored = true
Part2381.Material = Enum.Material.Fabric
Part2382.Name = "Tree_Collision"
Part2382.Parent = Model2375
Part2382.CFrame = CFrame.new(2191.625, 125.85257, 2388.57178, -0.296835661, -0.128621951, -0.946226716, 0.113945998, 0.979037166, -0.16882731, 0.948105931, -0.157932714, -0.275957197)
Part2382.Orientation = Vector3.new(9.720000267028809, -106.26000213623047, 6.639999866485596)
Part2382.Position = Vector3.new(2191.625, 125.85256958007812, 2388.57177734375)
Part2382.Rotation = Vector3.new(148.5399932861328, -71.12999725341797, 156.57000732421875)
Part2382.Transparency = 1
Part2382.Size = Vector3.new(1.3500009775161743, 26.749998092651367, 1.5)
Part2382.Anchored = true
Part2382.Material = Enum.Material.Fabric
Part2383.Name = "Tree_Collision"
Part2383.Parent = Model2375
Part2383.CFrame = CFrame.new(2187.59106, 124.082977, 2443.6709, -0.294370979, 0.245002896, -0.923752844, -0.0111709945, 0.965632737, 0.259670377, 0.955625892, 0.0867586657, -0.281517327)
Part2383.Orientation = Vector3.new(-15.050000190734863, -106.94999694824219, -0.6600000262260437)
Part2383.Position = Vector3.new(2187.591064453125, 124.08297729492188, 2443.6708984375)
Part2383.Rotation = Vector3.new(-137.30999755859375, -67.4800033569336, -140.22999572753906)
Part2383.Transparency = 1
Part2383.Size = Vector3.new(1.3500009775161743, 23.749998092651367, 1.5)
Part2383.Anchored = true
Part2383.Material = Enum.Material.Fabric
Part2384.Name = "Tree_Collision"
Part2384.Parent = Model2375
Part2384.CFrame = CFrame.new(2202.35791, 125.248383, 2402.78882, -0.261505604, 0.264370233, -0.928290427, 0.213534921, 0.953772545, 0.211473107, 0.941285074, -0.142921016, -0.305869132)
Part2384.Orientation = Vector3.new(-12.210000038146973, -108.23999786376953, 12.619999885559082)
Part2384.Position = Vector3.new(2202.35791015625, 125.24838256835938, 2402.788818359375)
Part2384.Rotation = Vector3.new(-145.33999633789062, -68.16999816894531, -134.69000244140625)
Part2384.Transparency = 1
Part2384.Size = Vector3.new(1.3500009775161743, 26.749998092651367, 1.5)
Part2384.Anchored = true
Part2384.Material = Enum.Material.Fabric
Part2385.Name = "Tree_Collision"
Part2385.Parent = Model2375
Part2385.CFrame = CFrame.new(2171.04639, 124.014435, 2392.55103, -0.393032014, -0.249682337, -0.884977162, 0.0883329511, 0.947725713, -0.306615889, 0.915272117, -0.198682517, -0.350431383)
Part2385.Orientation = Vector3.new(17.860000610351562, -111.5999984741211, 5.320000171661377)
Part2385.Position = Vector3.new(2171.04638671875, 124.01443481445312, 2392.551025390625)
Part2385.Rotation = Vector3.new(138.82000732421875, -62.25, 147.57000732421875)
Part2385.Transparency = 1
Part2385.Size = Vector3.new(1.3500009775161743, 22.749998092651367, 1.5)
Part2385.Anchored = true
Part2385.Material = Enum.Material.Fabric
Part2386.Name = "Tree_Collision"
Part2386.Parent = Model2375
Part2386.CFrame = CFrame.new(2174.29858, 124.887329, 2428.34521, -0.32907638, -0.0168994665, -0.944152117, -0.162090987, 0.986010909, 0.0388467722, 0.930287719, 0.165822104, -0.327212155)
Part2386.Orientation = Vector3.new(-2.2300000190734863, -109.11000061035156, -9.34000015258789)
Part2386.Position = Vector3.new(2174.298583984375, 124.8873291015625, 2428.34521484375)
Part2386.Rotation = Vector3.new(-173.22999572753906, -70.76000213623047, 177.05999755859375)
Part2386.Transparency = 1
Part2386.Size = Vector3.new(1.3500009775161743, 23.749998092651367, 1.5)
Part2386.Anchored = true
Part2386.Material = Enum.Material.Fabric
Part2387.Name = "Tree_Collision"
Part2387.Parent = Model2375
Part2387.CFrame = CFrame.new(2164.19019, 122.86676, 2439.33716, -0.269561708, -0.196306109, -0.942762136, -0.165954873, 0.973824322, -0.155322924, 0.948575437, 0.11458686, -0.295083731)
Part2387.Orientation = Vector3.new(8.9399995803833, -107.37999725341797, -9.670000076293945)
Part2387.Position = Vector3.new(2164.190185546875, 122.86676025390625, 2439.337158203125)
Part2387.Rotation = Vector3.new(152.24000549316406, -70.5199966430664, 143.94000244140625)
Part2387.Transparency = 1
Part2387.Size = Vector3.new(1.3500009775161743, 20.749998092651367, 1.5)
Part2387.Anchored = true
Part2387.Material = Enum.Material.Fabric
Part2388.Name = "Tree_Collision"
Part2388.Parent = Model2375
Part2388.CFrame = CFrame.new(2210.0271, 123.79306, 2380.60254, -0.28729108, 0.00014064461, -0.957843304, 0.267958015, 0.960084319, -0.0802291036, 0.919599056, -0.279710889, -0.275861323)
Part2388.Orientation = Vector3.new(4.599999904632568, -106.06999969482422, 15.59000015258789)
Part2388.Position = Vector3.new(2210.027099609375, 123.79306030273438, 2380.6025390625)
Part2388.Rotation = Vector3.new(163.77999877929688, -73.30000305175781, -179.97000122070312)
Part2388.Transparency = 1
Part2388.Size = Vector3.new(1.3500009775161743, 22.749998092651367, 1.5)
Part2388.Anchored = true
Part2388.Material = Enum.Material.Fabric
Part2389.Name = "Tree_Collision"
Part2389.Parent = Model2375
Part2389.CFrame = CFrame.new(2206.54077, 124.643372, 2415.49536, -0.329465032, 0.255064577, -0.909062624, -0.127581984, 0.941961586, 0.310533941, 0.935508251, 0.218290091, -0.277801722)
Part2389.Orientation = Vector3.new(-18.09000015258789, -106.98999786376953, -7.710000038146973)
Part2389.Position = Vector3.new(2206.540771484375, 124.64337158203125, 2415.495361328125)
Part2389.Rotation = Vector3.new(-131.82000732421875, -65.37999725341797, -142.25)
Part2389.Transparency = 1
Part2389.Size = Vector3.new(1.3500009775161743, 23.749998092651367, 1.5)
Part2389.Anchored = true
Part2389.Material = Enum.Material.Fabric
Part2390.Name = "Tree_Collision"
Part2390.Parent = Model2375
Part2390.CFrame = CFrame.new(2193.28784, 124.191742, 2419.31812, -0.329511225, 0.000346310437, -0.94415158, -0.110265933, 0.993142724, 0.0388473608, 0.937690616, 0.116908394, -0.327213496)
Part2390.Orientation = Vector3.new(-2.2300000190734863, -109.11000061035156, -6.340000152587891)
Part2390.Position = Vector3.new(2193.287841796875, 124.19174194335938, 2419.318115234375)
Part2390.Rotation = Vector3.new(-173.22999572753906, -70.76000213623047, -179.94000244140625)
Part2390.Transparency = 1
Part2390.Size = Vector3.new(1.3500009775161743, 23.749998092651367, 1.5)
Part2390.Anchored = true
Part2390.Material = Enum.Material.Fabric
Part2391.Name = "Tree_Collision"
Part2391.Parent = Model2375
Part2391.CFrame = CFrame.new(2198.70239, 123.847382, 2369.24683, -0.29271704, 0.0532322153, -0.954716325, 0.165792868, 0.986151934, 0.00415268959, 0.941716135, -0.157069609, -0.297489017)
Part2391.Orientation = Vector3.new(-0.23999999463558197, -107.30999755859375, 9.539999961853027)
Part2391.Position = Vector3.new(2198.702392578125, 123.84738159179688, 2369.246826171875)
Part2391.Rotation = Vector3.new(-179.1999969482422, -72.69000244140625, -169.69000244140625)
Part2391.Transparency = 1
Part2391.Size = Vector3.new(1.3500009775161743, 22.749998092651367, 1.5)
Part2391.Anchored = true
Part2391.Material = Enum.Material.Fabric
Model2392.Name = "?2"
Model2392.Parent = Folder0
Part2393.Name = "TreeMesh Bottom"
Part2393.Parent = Model2392
Part2393.CFrame = CFrame.new(2406.89722, 112.268372, 2466.49829, -1.00000072, 2.85217094e-09, -1.15936871e-07, 1.39407392e-08, 1.00000024, 0.000976553303, -1.160697e-07, 0.000976549345, -0.999999762)
Part2393.Orientation = Vector3.new(-0.05999999865889549, -180, 0)
Part2393.Position = Vector3.new(2406.897216796875, 112.26837158203125, 2466.498291015625)
Part2393.Rotation = Vector3.new(-179.94000244140625, 0, -180)
Part2393.Size = Vector3.new(8.250000953674316, 0.2499980926513672, 7)
Part2393.Anchored = true
Part2393.CanCollide = false
Part2393.Material = Enum.Material.Fabric
SpecialMesh2394.Name = "BarkMesh"
SpecialMesh2394.Parent = Part2393
SpecialMesh2394.MeshId = "rbxassetid://623621260"
SpecialMesh2394.Offset = Vector3.new(0, 3.4100000858306885, 0)
SpecialMesh2394.TextureId = "rbxassetid://623618671"
SpecialMesh2394.MeshType = Enum.MeshType.FileMesh
Part2395.Name = "TreeMeshTop"
Part2395.Parent = Model2392
Part2395.CFrame = CFrame.new(2406.89795, 142.408234, 2466.52832, -1.00000072, 2.85217094e-09, -1.15936871e-07, 1.39407392e-08, 1.00000024, 0.000976553303, -1.160697e-07, 0.000976549345, -0.999999762)
Part2395.Orientation = Vector3.new(-0.05999999865889549, -180, 0)
Part2395.Position = Vector3.new(2406.89794921875, 142.40823364257812, 2466.5283203125)
Part2395.Rotation = Vector3.new(-179.94000244140625, 0, -180)
Part2395.Transparency = 0.05000000074505806
Part2395.Size = Vector3.new(8.250000953674316, 0.2499980926513672, 7)
Part2395.Anchored = true
Part2395.CanCollide = false
Part2395.Material = Enum.Material.Fabric
SpecialMesh2396.Name = "TopTreeMesh"
SpecialMesh2396.Parent = Part2395
SpecialMesh2396.MeshId = "rbxassetid://623621456"
SpecialMesh2396.Offset = Vector3.new(0, 3.4100000858306885, 0)
SpecialMesh2396.Scale = Vector3.new(1.600000023841858, 1.600000023841858, 1.600000023841858)
SpecialMesh2396.TextureId = "rbxassetid://745556120"
SpecialMesh2396.MeshType = Enum.MeshType.FileMesh
Part2397.Name = "Tree_Collision"
Part2397.Parent = Model2392
Part2397.CFrame = CFrame.new(2408.33594, 125.403656, 2461.5874, -0.995304704, 0.0966771394, -0.00486930367, 0.0966824368, 0.990365505, -0.0991472453, -0.0047631152, -0.0991523713, -0.9950611)
Part2397.Orientation = Vector3.new(5.690000057220459, -179.72000122070312, 5.579999923706055)
Part2397.Position = Vector3.new(2408.3359375, 125.40365600585938, 2461.58740234375)
Part2397.Rotation = Vector3.new(174.30999755859375, -0.2800000011920929, -174.4499969482422)
Part2397.Transparency = 1
Part2397.Size = Vector3.new(1.3500009775161743, 26.749998092651367, 1.5)
Part2397.Anchored = true
Part2397.Material = Enum.Material.Fabric
Part2398.Name = "Tree_Collision"
Part2398.Parent = Model2392
Part2398.CFrame = CFrame.new(2402.89697, 124.407928, 2452.65283, -0.95215404, -0.297222555, 0.0711539239, -0.301814318, 0.95108676, -0.0659041703, -0.0480854847, -0.0842261836, -0.995285988)
Part2398.Orientation = Vector3.new(3.7799999713897705, 175.91000366210938, -17.610000610351562)
Part2398.Position = Vector3.new(2402.89697265625, 124.40792846679688, 2452.65283203125)
Part2398.Rotation = Vector3.new(176.2100067138672, 4.079999923706055, 162.66000366210938)
Part2398.Transparency = 1
Part2398.Size = Vector3.new(1.3500009775161743, 23.749998092651367, 1.5)
Part2398.Anchored = true
Part2398.Material = Enum.Material.Fabric
Part2399.Name = "Tree_Collision"
Part2399.Parent = Model2392
Part2399.CFrame = CFrame.new(2425.07593, 125.868073, 2464.67651, -0.993465841, 0.113415428, -0.0128130801, 0.113952123, 0.979202509, -0.167864636, -0.00649209227, -0.168227658, -0.985727072)
Part2399.Orientation = Vector3.new(9.65999984741211, -179.25999450683594, 6.639999866485596)
Part2399.Position = Vector3.new(2425.075927734375, 125.86807250976562, 2464.676513671875)
Part2399.Rotation = Vector3.new(170.33999633789062, -0.7300000190734863, -173.49000549316406)
Part2399.Transparency = 1
Part2399.Size = Vector3.new(1.3500009775161743, 26.749998092651367, 1.5)
Part2399.Anchored = true
Part2399.Material = Enum.Material.Fabric
Part2400.Name = "Tree_Collision"
Part2400.Parent = Model2392
Part2400.CFrame = CFrame.new(2371.20532, 124.086487, 2476.92944, -0.999936223, -0.0113193626, -0.000923900981, -0.011168967, 0.965379417, 0.260613233, -0.00205826759, 0.260606617, -0.965443254)
Part2400.Orientation = Vector3.new(-15.109999656677246, -179.9499969482422, -0.6600000262260437)
Part2400.Position = Vector3.new(2371.205322265625, 124.08648681640625, 2476.929443359375)
Part2400.Rotation = Vector3.new(-164.88999938964844, -0.05000000074505806, 179.35000610351562)
Part2400.Transparency = 1
Part2400.Size = Vector3.new(1.3500009775161743, 23.749998092651367, 1.5)
Part2400.Anchored = true
Part2400.Material = Enum.Material.Fabric
Part2401.Name = "Tree_Collision"
Part2401.Parent = Model2392
Part2401.CFrame = CFrame.new(2414.61841, 125.249756, 2479.09668, -0.976611376, 0.213983953, 0.0210359897, 0.213510305, 0.953566611, 0.212427095, 0.0253964756, 0.211949959, -0.976950765)
Part2401.Orientation = Vector3.new(-12.260000228881836, 178.77000427246094, 12.619999885559082)
Part2401.Position = Vector3.new(2414.618408203125, 125.249755859375, 2479.0966796875)
Part2401.Rotation = Vector3.new(-167.72999572753906, 1.2100000381469727, -167.63999938964844)
Part2401.Transparency = 1
Part2401.Size = Vector3.new(1.3500009775161743, 26.749998092651367, 1.5)
Part2401.Anchored = true
Part2401.Material = Enum.Material.Fabric
Part2402.Name = "Tree_Collision"
Part2402.Parent = Model2392
Part2402.CFrame = CFrame.new(2415.25269, 124.048004, 2446.15869, -0.990198135, 0.116982535, 0.0763165653, 0.0884389803, 0.948015571, -0.305689424, -0.108109765, -0.295943379, -0.94906801)
Part2402.Orientation = Vector3.new(17.799999237060547, 175.39999389648438, 5.329999923706055)
Part2402.Position = Vector3.new(2415.252685546875, 124.04800415039062, 2446.15869140625)
Part2402.Rotation = Vector3.new(162.14999389648438, 4.380000114440918, -173.25999450683594)
Part2402.Transparency = 1
Part2402.Size = Vector3.new(1.3500009775161743, 22.749998092651367, 1.5)
Part2402.Anchored = true
Part2402.Material = Enum.Material.Fabric
Part2403.Name = "Tree_Collision"
Part2403.Parent = Model2392
Part2403.CFrame = CFrame.new(2381.97437, 124.907654, 2459.73706, -0.985854447, -0.163515761, 0.0368074849, -0.162049666, 0.985979378, 0.0398220047, -0.0428031795, 0.0332940035, -0.998528779)
Part2403.Orientation = Vector3.new(-2.2799999713897705, 177.88999938964844, -9.329999923706055)
Part2403.Position = Vector3.new(2381.974365234375, 124.90765380859375, 2459.737060546875)
Part2403.Rotation = Vector3.new(-177.72000122070312, 2.109999895095825, 170.5800018310547)
Part2403.Transparency = 1
Part2403.Size = Vector3.new(1.3500009775161743, 23.749998092651367, 1.5)
Part2403.Anchored = true
Part2403.Material = Enum.Material.Fabric
Part2404.Name = "Tree_Collision"
Part2404.Parent = Model2392
Part2404.CFrame = CFrame.new(2368.50635, 122.893402, 2453.2832, -0.985939026, -0.166983947, 0.00648974394, -0.165973723, 0.973975122, -0.154358238, 0.0194542222, -0.153264776, -0.987993896)
Part2404.Orientation = Vector3.new(8.880000114440918, 179.6199951171875, -9.670000076293945)
Part2404.Position = Vector3.new(2368.50634765625, 122.89340209960938, 2453.283203125)
Part2404.Rotation = Vector3.new(171.1199951171875, 0.3700000047683716, 170.38999938964844)
Part2404.Transparency = 1
Part2404.Size = Vector3.new(1.3500009775161743, 20.749998092651367, 1.5)
Part2404.Anchored = true
Part2404.Material = Enum.Material.Fabric
Part2405.Name = "Tree_Collision"
Part2405.Parent = Model2392
Part2405.CFrame = CFrame.new(2438.07788, 123.79361, 2479.94165, -0.963413775, 0.267525077, -0.0163024329, 0.267963856, 0.960164189, -0.0792559832, -0.00555015588, -0.0807246193, -0.996721387)
Part2405.Orientation = Vector3.new(4.550000190734863, -179.05999755859375, 15.59000015258789)
Part2405.Position = Vector3.new(2438.077880859375, 123.79360961914062, 2479.941650390625)
Part2405.Rotation = Vector3.new(175.4499969482422, -0.9300000071525574, -164.47999572753906)
Part2405.Transparency = 1
Part2405.Size = Vector3.new(1.3500009775161743, 22.749998092651367, 1.5)
Part2405.Anchored = true
Part2405.Material = Enum.Material.Fabric
Part2406.Name = "Tree_Collision"
Part2406.Parent = Model2392
Part2406.CFrame = CFrame.new(2403.69092, 124.637207, 2486.81226, -0.990960598, -0.134158701, -0.000181245996, -0.127541363, 0.941661239, 0.311462075, -0.0416149199, 0.308669418, -0.950258791)
Part2406.Orientation = Vector3.new(-18.149999618530273, -179.99000549316406, -7.710000038146973)
Part2406.Position = Vector3.new(2403.69091796875, 124.63720703125, 2486.812255859375)
Part2406.Rotation = Vector3.new(-161.85000610351562, -0.009999999776482582, 172.2899932861328)
Part2406.Transparency = 1
