Part3102.Name = "Tree_Collision"
Part3102.Parent = Model3091
Part3102.CFrame = CFrame.new(2635.46948, 125.542412, 2277.54858, 0.515481234, 0.117416196, -0.848818779, -0.161982566, 0.986060262, 0.0380299017, 0.841451883, 0.117890164, 0.527314782)
Part3102.Orientation = Vector3.new(-2.180000066757202, -58.150001525878906, -9.329999923706055)
Part3102.Position = Vector3.new(2635.469482421875, 125.54241180419922, 2277.548583984375)
Part3102.Rotation = Vector3.new(-4.130000114440918, -58.08000183105469, -12.829999923706055)
Part3102.Transparency = 1
Part3102.Size = Vector3.new(1.3500009775161743, 23.749998092651367, 1.5)
Part3102.Anchored = true
Part3102.Material = Enum.Material.Fabric
Part3103.Name = "Tree_Collision"
Part3103.Parent = Model3091
Part3103.CFrame = CFrame.new(2637.64331, 123.51857, 2292.323, 0.567171514, -0.0353621282, -0.822840631, -0.165795088, 0.973722816, -0.15612641, 0.806739748, 0.224973366, 0.546404898)
Part3103.Orientation = Vector3.new(8.979999542236328, -56.40999984741211, -9.65999984741211)
Part3103.Position = Vector3.new(2637.643310546875, 123.51856994628906, 2292.322998046875)
Part3103.Rotation = Vector3.new(15.949999809265137, -55.369998931884766, 3.569999933242798)
Part3103.Transparency = 1
Part3103.Size = Vector3.new(1.3500009775161743, 20.749998092651367, 1.5)
Part3103.Anchored = true
Part3103.Material = Enum.Material.Fabric
Part3104.Name = "Tree_Collision"
Part3104.Parent = Model3091
Part3104.CFrame = CFrame.new(2620.8877, 124.456291, 2219.72729, 0.533170044, -0.217905998, -0.817464054, 0.268094927, 0.959977984, -0.0810369328, 0.802406013, -0.175951555, 0.570250809)
Part3104.Orientation = Vector3.new(4.650000095367432, -55.099998474121094, 15.600000381469727)
Part3104.Position = Vector3.new(2620.8876953125, 124.45629119873047, 2219.727294921875)
Part3104.Rotation = Vector3.new(8.09000015258789, -54.83000183105469, 22.229999542236328)
Part3104.Transparency = 1
Part3104.Size = Vector3.new(1.3500009775161743, 22.749998092651367, 1.5)
Part3104.Anchored = true
Part3104.Material = Enum.Material.Fabric
Part3105.Name = "Tree_Collision"
Part3105.Parent = Model3091
Part3105.CFrame = CFrame.new(2645.79517, 125.31723, 2244.41138, 0.519264996, 0.329485238, -0.788545489, -0.127470553, 0.942230999, 0.309760451, 0.845053613, -0.0603313893, 0.531267166)
Part3105.Orientation = Vector3.new(-18.040000915527344, -56.029998779296875, -7.699999809265137)
Part3105.Position = Vector3.new(2645.795166015625, 125.31723022460938, 2244.411376953125)
Part3105.Rotation = Vector3.new(-30.239999771118164, -52.04999923706055, -32.400001525878906)
Part3105.Transparency = 1
Part3105.Size = Vector3.new(1.3500009775161743, 23.749998092651367, 1.5)
Part3105.Anchored = true
Part3105.Material = Enum.Material.Fabric
Part3106.Name = "Tree_Collision"
Part3106.Parent = Model3091
Part3106.CFrame = CFrame.new(2640.41772, 124.8573, 2257.11426, 0.520917952, 0.0902775377, -0.848819852, -0.110154167, 0.993186474, 0.0380306169, 0.84646976, 0.0736902207, 0.527313054)
Part3106.Orientation = Vector3.new(-2.180000066757202, -58.150001525878906, -6.329999923706055)
Part3106.Position = Vector3.new(2640.417724609375, 124.8572998046875, 2257.1142578125)
Part3106.Rotation = Vector3.new(-4.130000114440918, -58.08000183105469, -9.829999923706055)
Part3106.Transparency = 1
Part3106.Size = Vector3.new(1.3500009775161743, 23.749998092651367, 1.5)
Part3106.Anchored = true
Part3106.Material = Enum.Material.Fabric
Part3107.Name = "Tree_Collision"
Part3107.Parent = Model3091
Part3107.CFrame = CFrame.new(2604.93457, 124.497986, 2221.3728, 0.547009647, -0.0892252177, -0.832358122, 0.165933505, 0.986131072, 0.00333924778, 0.820516348, -0.139942706, 0.554228425)
Part3107.Orientation = Vector3.new(-0.1899999976158142, -56.34000015258789, 9.550000190734863)
Part3107.Position = Vector3.new(2604.9345703125, 124.49798583984375, 2221.372802734375)
Part3107.Rotation = Vector3.new(-0.3499999940395355, -56.34000015258789, 9.260000228881836)
Part3107.Transparency = 1
Part3107.Size = Vector3.new(1.3500009775161743, 22.749998092651367, 1.5)
Part3107.Anchored = true
Part3107.Material = Enum.Material.Fabric
Model3108.Name = "茂み"
Model3108.Parent = Folder0
Part3109.Name = "TreeMesh Bottom"
Part3109.Parent = Model3108
Part3109.CFrame = CFrame.new(2601.63062, 112.882301, 2282.91479, 0.829417646, -0.000755679561, 0.558629155, 0.000812568527, 0.999999523, 0.000146286897, -0.558628798, 0.000332590833, 0.829417944)
Part3109.Orientation = Vector3.new(-0.009999999776482582, 33.959999084472656, 0.05000000074505806)
Part3109.Position = Vector3.new(2601.630615234375, 112.8823013305664, 2282.914794921875)
Part3109.Rotation = Vector3.new(-0.009999999776482582, 33.959999084472656, 0.05000000074505806)
Part3109.Size = Vector3.new(8.250000953674316, 0.2499980926513672, 7)
Part3109.Anchored = true
Part3109.CanCollide = false
Part3109.Material = Enum.Material.Fabric
SpecialMesh3110.Name = "BarkMesh"
SpecialMesh3110.Parent = Part3109
SpecialMesh3110.MeshId = "rbxassetid://623621260"
SpecialMesh3110.Offset = Vector3.new(0, 3.4100000858306885, 0)
SpecialMesh3110.TextureId = "rbxassetid://623618671"
SpecialMesh3110.MeshType = Enum.MeshType.FileMesh
Part3111.Name = "TreeMeshTop"
Part3111.Parent = Model3108
Part3111.CFrame = CFrame.new(2601.60718, 143.022461, 2282.92407, 0.829417646, -0.000755679561, 0.558629155, 0.000812568527, 0.999999523, 0.000146286897, -0.558628798, 0.000332590833, 0.829417944)
Part3111.Orientation = Vector3.new(-0.009999999776482582, 33.959999084472656, 0.05000000074505806)
Part3111.Position = Vector3.new(2601.607177734375, 143.0224609375, 2282.924072265625)
Part3111.Rotation = Vector3.new(-0.009999999776482582, 33.959999084472656, 0.05000000074505806)
Part3111.Transparency = 0.05000000074505806
Part3111.Size = Vector3.new(8.250000953674316, 0.2499980926513672, 7)
Part3111.Anchored = true
Part3111.CanCollide = false
Part3111.Material = Enum.Material.Fabric
SpecialMesh3112.Name = "TopTreeMesh"
SpecialMesh3112.Parent = Part3111
SpecialMesh3112.MeshId = "rbxassetid://623621456"
SpecialMesh3112.Offset = Vector3.new(0, 3.4100000858306885, 0)
SpecialMesh3112.Scale = Vector3.new(1.600000023841858, 1.600000023841858, 1.600000023841858)
SpecialMesh3112.TextureId = "rbxassetid://745556120"
SpecialMesh3112.MeshType = Enum.MeshType.FileMesh
Part3113.Name = "Tree_Collision"
Part3113.Parent = Model3108
Part3113.CFrame = CFrame.new(2603.17773, 126.012474, 2287.8064, 0.828163326, -0.0250047054, 0.55992949, 0.09748739, 0.990202963, -0.0999692678, -0.551943898, 0.137376949, 0.822487533)
Part3113.Orientation = Vector3.new(5.739999771118164, 34.25, 5.619999885559082)
Part3113.Position = Vector3.new(2603.177734375, 126.0124740600586, 2287.806396484375)
Part3113.Rotation = Vector3.new(6.929999828338623, 34.04999923706055, 1.7300000190734863)
Part3113.Transparency = 1
Part3113.Size = Vector3.new(1.3500009775161743, 26.749998092651367, 1.5)
Part3113.Anchored = true
Part3113.Material = Enum.Material.Fabric
Part3114.Name = "Tree_Collision"
Part3114.Parent = Model3108
Part3114.CFrame = CFrame.new(2612.68066, 125.013725, 2292.17773, 0.816658258, 0.293372333, 0.496993631, -0.301079839, 0.95125699, -0.0667878166, -0.492362171, -0.0950918794, 0.865180492)
Part3114.Orientation = Vector3.new(3.8299999237060547, 29.8700008392334, -17.559999465942383)
Part3114.Position = Vector3.new(2612.6806640625, 125.01372528076172, 2292.177734375)
Part3114.Rotation = Vector3.new(4.409999847412109, 29.799999237060547, -19.760000228881836)
Part3114.Transparency = 1
Part3114.Size = Vector3.new(1.3500009775161743, 23.749998092651367, 1.5)
Part3114.Anchored = true
Part3114.Material = Enum.Material.Fabric
Part3115.Name = "Tree_Collision"
Part3115.Parent = Model3108
Part3115.CFrame = CFrame.new(2587.56689, 126.465828, 2294.59644, 0.827600598, -0.000298967585, 0.561318159, 0.114754148, 0.978969574, -0.168670654, -0.549462795, 0.20400551, 0.810230136)
Part3115.Orientation = Vector3.new(9.710000038146973, 34.709999084472656, 6.690000057220459)
Part3115.Position = Vector3.new(2587.56689453125, 126.46582794189453, 2294.596435546875)
Part3115.Rotation = Vector3.new(11.760000228881836, 34.150001525878906, 0.019999999552965164)
Part3115.Transparency = 1
Part3115.Size = Vector3.new(1.3500009775161743, 26.749998092651367, 1.5)
Part3115.Anchored = true
Part3115.Material = Enum.Material.Fabric
Part3116.Name = "Tree_Collision"
Part3116.Parent = Model3108
Part3116.CFrame = CFrame.new(2625.40454, 124.738197, 2254.3374, 0.830516696, -0.136396095, 0.540036082, -0.0103581715, 0.965603828, 0.259810805, -0.556897879, -0.221371025, 0.800537348)
Part3116.Orientation = Vector3.new(-15.0600004196167, 34, -0.6100000143051147)
Part3116.Position = Vector3.new(2625.404541015625, 124.73819732666016, 2254.33740234375)
Part3116.Rotation = Vector3.new(-17.979999542236328, 32.689998626708984, 9.329999923706055)
Part3116.Transparency = 1
Part3116.Size = Vector3.new(1.3500009775161743, 23.749998092651367, 1.5)
Part3116.Anchored = true
Part3116.Material = Enum.Material.Fabric
Part3117.Name = "Tree_Collision"
Part3117.Parent = Model3108
Part3117.CFrame = CFrame.new(2588.18555, 125.868011, 2276.79321, 0.795786679, -0.296083182, 0.52826041, 0.214324683, 0.953567564, 0.211597413, -0.566382289, -0.0551672354, 0.822294295)
Part3117.Orientation = Vector3.new(-12.220000267028809, 32.720001220703125, 12.670000076293945)
Part3117.Position = Vector3.new(2588.185546875, 125.86801147460938, 2276.793212890625)
Part3117.Rotation = Vector3.new(-14.430000305175781, 31.889999389648438, 20.40999984741211)
Part3117.Transparency = 1
Part3117.Size = Vector3.new(1.3500009775161743, 26.749998092651367, 1.5)
Part3117.Anchored = true
Part3117.Material = Enum.Material.Fabric
Part3118.Name = "Tree_Collision"
Part3118.Parent = Model3108
Part3118.CFrame = CFrame.new(2606.05981, 124.638351, 2304.46509, 0.881662011, 0.068095535, 0.466942906, 0.0891532823, 0.947674096, -0.30653736, -0.463383377, 0.311891854, 0.829457462)
Part3118.Orientation = Vector3.new(17.850000381469727, 29.3799991607666, 5.369999885559082)
Part3118.Position = Vector3.new(2606.059814453125, 124.63835144042969, 2304.465087890625)
Part3118.Rotation = Vector3.new(20.280000686645508, 27.84000015258789, -4.420000076293945)
Part3118.Transparency = 1
Part3118.Size = Vector3.new(1.3500009775161743, 22.749998092651367, 1.5)
Part3118.Anchored = true
Part3118.Material = Enum.Material.Fabric
Part3119.Name = "Tree_Collision"
Part3119.Parent = Model3108
Part3119.CFrame = CFrame.new(2626.07617, 125.536362, 2274.61426, 0.841629744, 0.116816401, 0.527270377, -0.161283568, 0.986138523, 0.0389626883, -0.515409946, -0.117832176, 0.848804116)
Part3119.Orientation = Vector3.new(-2.2300000190734863, 31.850000381469727, -9.289999961853027)
Part3119.Position = Vector3.new(2626.076171875, 125.53636169433594, 2274.6142578125)
Part3119.Rotation = Vector3.new(-2.630000114440918, 31.81999969482422, -7.900000095367432)
Part3119.Transparency = 1
Part3119.Size = Vector3.new(1.3500009775161743, 23.749998092651367, 1.5)
Part3119.Anchored = true
Part3119.Material = Enum.Material.Fabric
Part3120.Name = "Tree_Collision"
Part3120.Parent = Model3108
Part3120.CFrame = CFrame.new(2640.85278, 123.527626, 2272.44043, 0.806922555, 0.223912507, 0.546571016, -0.165156528, 0.973982215, -0.155182555, -0.567097545, 0.0349505655, 0.822908878)
Part3120.Orientation = Vector3.new(8.930000305175781, 33.59000015258789, -9.619999885559082)
Part3120.Position = Vector3.new(2640.852783203125, 123.52762603759766, 2272.4404296875)
Part3120.Rotation = Vector3.new(10.680000305175781, 33.130001068115234, -15.510000228881836)
Part3120.Transparency = 1
Part3120.Size = Vector3.new(1.3500009775161743, 20.749998092651367, 1.5)
Part3120.Anchored = true
Part3120.Material = Enum.Material.Fabric
Part3121.Name = "Tree_Collision"
Part3121.Parent = Model3108
Part3121.CFrame = CFrame.new(2568.25586, 124.393471, 2289.19653, 0.802116156, -0.176996544, 0.570335567, 0.26874125, 0.959878445, -0.0800695196, -0.533280611, 0.217497692, 0.817500412)
Part3121.Orientation = Vector3.new(4.590000152587891, 34.900001525878906, 15.640000343322754)
Part3121.Position = Vector3.new(2568.255859375, 124.39347076416016, 2289.196533203125)
Part3121.Rotation = Vector3.new(5.590000152587891, 34.77000045776367, 12.4399995803833)
Part3121.Transparency = 1
Part3121.Size = Vector3.new(1.3500009775161743, 22.749998092651367, 1.5)
Part3121.Anchored = true
Part3121.Material = Enum.Material.Fabric
Part3122.Name = "Tree_Collision"
Part3122.Parent = Model3108
Part3122.CFrame = CFrame.new(2592.93872, 125.270752, 2264.28882, 0.845193923, -0.0613551661, 0.530926943, -0.126770586, 0.942025602, 0.310671449, -0.519207954, -0.329883575, 0.788416266)
Part3122.Orientation = Vector3.new(-18.100000381469727, 33.959999084472656, -7.659999847412109)
Part3122.Position = Vector3.new(2592.938720703125, 125.270751953125, 2264.288818359375)
Part3122.Rotation = Vector3.new(-21.510000228881836, 32.06999969482422, 4.150000095367432)
Part3122.Transparency = 1
Part3122.Size = Vector3.new(1.3500009775161743, 23.749998092651367, 1.5)
Part3122.Anchored = true
Part3122.Material = Enum.Material.Fabric
Part3123.Name = "Tree_Collision"
Part3123.Parent = Model3108
Part3123.CFrame = CFrame.new(2605.64233, 124.826912, 2269.66675, 0.846590757, 0.0726080835, 0.527269125, -0.109451935, 0.993227899, 0.0389642753, -0.520869076, -0.0906974152, 0.848804832)
Part3123.Orientation = Vector3.new(-2.2300000190734863, 31.850000381469727, -6.289999961853027)
Part3123.Position = Vector3.new(2605.642333984375, 124.82691192626953, 2269.666748046875)
Part3123.Rotation = Vector3.new(-2.630000114440918, 31.81999969482422, -4.900000095367432)
Part3123.Transparency = 1
Part3123.Size = Vector3.new(1.3500009775161743, 23.749998092651367, 1.5)
Part3123.Anchored = true
Part3123.Material = Enum.Material.Fabric
Part3124.Name = "Tree_Collision"
Part3124.Parent = Model3108
Part3124.CFrame = CFrame.new(2569.90039, 124.44371, 2305.1499, 0.820337296, -0.141016752, 0.55422163, 0.166594908, 0.986015916, 0.00429561175, -0.547077, 0.0888066292, 0.83235842)
Part3124.Orientation = Vector3.new(-0.25, 33.65999984741211, 9.59000015258789)
Part3124.Position = Vector3.new(2569.900390625, 124.44371032714844, 2305.14990234375)
Part3124.Rotation = Vector3.new(-0.30000001192092896, 33.65999984741211, 9.75)
Part3124.Transparency = 1
Part3124.Size = Vector3.new(1.3500009775161743, 22.749998092651367, 1.5)
Part3124.Anchored = true
Part3124.Material = Enum.Material.Fabric
Model3125.Name = "茂み"
Model3125.Parent = Folder0
Part3126.Name = "TreeMesh Bottom"
Part3126.Parent = Model3125
Part3126.CFrame = CFrame.new(2718.88965, 112.412041, 2177.97192, 0.558631778, -0.000755718851, -0.829415917, 0.00014625449, 0.999999523, -0.000812639017, 0.829416335, 0.000332659401, 0.558631361)
Part3126.Orientation = Vector3.new(0.05000000074505806, -56.040000915527344, 0.009999999776482582)
Part3126.Position = Vector3.new(2718.8896484375, 112.41204071044922, 2177.971923828125)
Part3126.Rotation = Vector3.new(0.07999999821186066, -56.040000915527344, 0.07999999821186066)
Part3126.Size = Vector3.new(8.250000953674316, 0.2499980926513672, 7)
Part3126.Anchored = true
Part3126.CanCollide = false
Part3126.Material = Enum.Material.Fabric
SpecialMesh3127.Name = "BarkMesh"
SpecialMesh3127.Parent = Part3126
SpecialMesh3127.MeshId = "rbxassetid://623621260"
SpecialMesh3127.Offset = Vector3.new(0, 3.4100000858306885, 0)
SpecialMesh3127.TextureId = "rbxassetid://623618671"
SpecialMesh3127.MeshType = Enum.MeshType.FileMesh
Part3128.Name = "TreeMeshTop"
Part3128.Parent = Model3125
Part3128.CFrame = CFrame.new(2718.86646, 142.552094, 2177.98145, 0.558631778, -0.000755718851, -0.829415917, 0.00014625449, 0.999999523, -0.000812639017, 0.829416335, 0.000332659401, 0.558631361)
Part3128.Orientation = Vector3.new(0.05000000074505806, -56.040000915527344, 0.009999999776482582)
Part3128.Position = Vector3.new(2718.866455078125, 142.55209350585938, 2177.9814453125)
Part3128.Rotation = Vector3.new(0.07999999821186066, -56.040000915527344, 0.07999999821186066)
Part3128.Transparency = 0.05000000074505806
Part3128.Size = Vector3.new(8.250000953674316, 0.2499980926513672, 7)
Part3128.Anchored = true
Part3128.CanCollide = false
Part3128.Material = Enum.Material.Fabric
SpecialMesh3129.Name = "TopTreeMesh"
SpecialMesh3129.Parent = Part3128
SpecialMesh3129.MeshId = "rbxassetid://623621456"
SpecialMesh3129.Offset = Vector3.new(0, 3.4100000858306885, 0)
SpecialMesh3129.Scale = Vector3.new(1.600000023841858, 1.600000023841858, 1.600000023841858)
SpecialMesh3129.TextureId = "rbxassetid://745556120"
SpecialMesh3129.MeshType = Enum.MeshType.FileMesh
Part3130.Name = "Tree_Collision"
Part3130.Parent = Model3125
Part3130.CFrame = CFrame.new(2713.99219, 125.538414, 2179.53394, 0.551906705, -0.137795746, -0.82244271, 0.0968198627, 0.990171432, -0.100926057, 0.82826668, -0.023927059, 0.559823513)
Part3130.Orientation = Vector3.new(5.789999961853027, -55.7599983215332, 5.579999923706055)
Part3130.Position = Vector3.new(2713.9921875, 125.53841400146484, 2179.533935546875)
Part3130.Rotation = Vector3.new(10.220000267028809, -55.33000183105469, 14.020000457763672)
Part3130.Transparency = 1
Part3130.Size = Vector3.new(1.3500009775161743, 26.749998092651367, 1.5)
Part3130.Anchored = true
Part3130.Material = Enum.Material.Fabric
Part3131.Name = "Tree_Collision"
Part3131.Parent = Model3125
Part3131.CFrame = CFrame.new(2709.62134, 124.527435, 2189.0354, 0.492492288, 0.0946905613, -0.86515075, -0.301761121, 0.950976908, -0.0676951483, 0.816328406, 0.294408202, 0.496922553)
Part3131.Orientation = Vector3.new(3.880000114440918, -60.130001068115234, -17.610000610351562)
Part3131.Position = Vector3.new(2709.621337890625, 124.52743530273438, 2189.035400390625)
Part3131.Rotation = Vector3.new(7.760000228881836, -59.900001525878906, -10.880000114440918)
Part3131.Transparency = 1
Part3131.Size = Vector3.new(1.3500009775161743, 23.749998092651367, 1.5)
Part3131.Anchored = true
Part3131.Material = Enum.Material.Fabric
Part3132.Name = "Tree_Collision"
Part3132.Parent = Model3125
Part3132.CFrame = CFrame.new(2707.20166, 126.005844, 2163.92456, 0.549418211, -0.204421446, -0.81015569, 0.114086203, 0.978882492, -0.169626117, 0.82772243, 0.0007680282, 0.561137319)
Part3132.Orientation = Vector3.new(9.770000457763672, -55.290000915527344, 6.650000095367432)
Part3132.Position = Vector3.new(2707.20166015625, 126.00584411621094, 2163.924560546875)
Part3132.Rotation = Vector3.new(16.81999969482422, -54.11000061035156, 20.40999984741211)
Part3132.Transparency = 1
Part3132.Size = Vector3.new(1.3500009775161743, 26.749998092651367, 1.5)
Part3132.Anchored = true
Part3132.Material = Enum.Material.Fabric
Part3133.Name = "Tree_Collision"
Part3133.Parent = Model3125
Part3133.CFrame = CFrame.new(2747.46143, 124.254082, 2201.75854, 0.556906223, 0.220962793, -0.800644457, -0.0110264411, 0.96584481, 0.258885324, 0.83050257, -0.135346562, 0.54032135)
Part3133.Orientation = Vector3.new(-15, -55.9900016784668, -0.6499999761581421)
Part3133.Position = Vector3.new(2747.46142578125, 124.25408172607422, 2201.758544921875)
Part3133.Rotation = Vector3.new(-25.600000381469727, -53.189998626708984, -21.639999389648438)
Part3133.Transparency = 1
Part3133.Size = Vector3.new(1.3500009775161743, 23.749998092651367, 1.5)
Part3133.Anchored = true
Part3133.Material = Enum.Material.Fabric
Part3134.Name = "Tree_Collision"
Part3134.Parent = Model3125
Part3134.CFrame = CFrame.new(2725.00562, 125.414917, 2164.54126, 0.566295505, 0.0547630116, -0.822381258, 0.2136987, 0.95391202, 0.210675657, 0.796016812, -0.295046538, 0.528493166)
Part3134.Orientation = Vector3.new(-12.15999984741211, -57.27000045776367, 12.630000114440918)
Part3134.Position = Vector3.new(2725.005615234375, 125.4149169921875, 2164.541259765625)
Part3134.Rotation = Vector3.new(-21.729999542236328, -55.31999969482422, -5.519999980926514)
Part3134.Transparency = 1
Part3134.Size = Vector3.new(1.3500009775161743, 26.749998092651367, 1.5)
Part3134.Anchored = true
Part3134.Material = Enum.Material.Fabric
Part3135.Name = "Tree_Collision"
Part3135.Parent = Model3125
Part3135.CFrame = CFrame.new(2697.33374, 124.154091, 2182.41455, 0.463349283, -0.312293947, -0.829325378, 0.088390097, 0.94746691, -0.307397693, 0.881756902, 0.0691282526, 0.466611564)
Part3135.Orientation = Vector3.new(17.899999618530273, -60.63999938964844, 5.329999923706055)
Part3135.Position = Vector3.new(2697.333740234375, 124.15409088134766, 2182.41455078125)
Part3135.Rotation = Vector3.new(33.380001068115234, -56.029998779296875, 33.97999954223633)
Part3135.Transparency = 1
Part3135.Size = Vector3.new(1.3500009775161743, 22.749998092651367, 1.5)
Part3135.Anchored = true
Part3135.Material = Enum.Material.Fabric
Part3136.Name = "Tree_Collision"
Part3136.Parent = Model3125
Part3136.CFrame = CFrame.new(2727.1853, 125.042885, 2202.4314, 0.515481234, 0.117415786, -0.848818898, -0.161981881, 0.986060381, 0.0380298719, 0.841452181, 0.117889613, 0.527314663)
Part3136.Orientation = Vector3.new(-2.180000066757202, -58.150001525878906, -9.329999923706055)
Part3136.Position = Vector3.new(2727.185302734375, 125.04288482666016, 2202.431396484375)
Part3136.Rotation = Vector3.new(-4.130000114440918, -58.08000183105469, -12.829999923706055)
Part3136.Transparency = 1
Part3136.Size = Vector3.new(1.3500009775161743, 23.749998092651367, 1.5)
Part3136.Anchored = true
Part3136.Material = Enum.Material.Fabric
Part3137.Name = "Tree_Collision"
Part3137.Parent = Model3125
Part3137.CFrame = CFrame.new(2729.35864, 123.019043, 2217.20557, 0.567171574, -0.0353620946, -0.822840571, -0.165795162, 0.973722696, -0.156126395, 0.806739807, 0.22497344, 0.546404779)
Part3137.Orientation = Vector3.new(8.979999542236328, -56.40999984741211, -9.65999984741211)
Part3137.Position = Vector3.new(2729.358642578125, 123.01904296875, 2217.20556640625)
Part3137.Rotation = Vector3.new(15.949999809265137, -55.369998931884766, 3.569999933242798)
Part3137.Transparency = 1
Part3137.Size = Vector3.new(1.3500009775161743, 20.749998092651367, 1.5)
Part3137.Anchored = true
Part3137.Material = Enum.Material.Fabric
Part3138.Name = "Tree_Collision"
Part3138.Parent = Model3125
Part3138.CFrame = CFrame.new(2712.60303, 123.956825, 2144.61084, 0.533169925, -0.217905536, -0.817464292, 0.268094748, 0.959978104, -0.0810365304, 0.802406132, -0.175951719, 0.570250511)
Part3138.Orientation = Vector3.new(4.650000095367432, -55.099998474121094, 15.600000381469727)
Part3138.Position = Vector3.new(2712.60302734375, 123.95682525634766, 2144.61083984375)
Part3138.Rotation = Vector3.new(8.09000015258789, -54.83000183105469, 22.229999542236328)
Part3138.Transparency = 1
Part3138.Size = Vector3.new(1.3500009775161743, 22.749998092651367, 1.5)
Part3138.Anchored = true
Part3138.Material = Enum.Material.Fabric
Part3139.Name = "Tree_Collision"
Part3139.Parent = Model3125
Part3139.CFrame = CFrame.new(2737.51025, 124.817757, 2169.29443, 0.519265354, 0.329485983, -0.788545012, -0.127471104, 0.942230761, 0.309761077, 0.845053315, -0.0603314564, 0.531267703)
Part3139.Orientation = Vector3.new(-18.040000915527344, -56.029998779296875, -7.699999809265137)
Part3139.Position = Vector3.new(2737.51025390625, 124.81775665283203, 2169.29443359375)
Part3139.Rotation = Vector3.new(-30.239999771118164, -52.04999923706055, -32.400001525878906)
Part3139.Transparency = 1
Part3139.Size = Vector3.new(1.3500009775161743, 23.749998092651367, 1.5)
Part3139.Anchored = true
Part3139.Material = Enum.Material.Fabric
Part3140.Name = "Tree_Collision"
Part3140.Parent = Model3125
Part3140.CFrame = CFrame.new(2732.13306, 124.357834, 2181.99634, 0.520918429, 0.0902774632, -0.848819554, -0.110154212, 0.993186474, 0.0380304568, 0.846469522, 0.0736903101, 0.527313411)
Part3140.Orientation = Vector3.new(-2.180000066757202, -58.150001525878906, -6.329999923706055)
Part3140.Position = Vector3.new(2732.133056640625, 124.35783386230469, 2181.996337890625)
Part3140.Rotation = Vector3.new(-4.130000114440918, -58.08000183105469, -9.829999923706055)
Part3140.Transparency = 1
Part3140.Size = Vector3.new(1.3500009775161743, 23.749998092651367, 1.5)
Part3140.Anchored = true
Part3140.Material = Enum.Material.Fabric
Part3141.Name = "Tree_Collision"
Part3141.Parent = Model3125
Part3141.CFrame = CFrame.new(2696.65015, 123.998543, 2146.25562, 0.547009528, -0.0892253816, -0.832358122, 0.165933847, 0.986131072, 0.00333927223, 0.820516229, -0.139943019, 0.554228425)
Part3141.Orientation = Vector3.new(-0.1899999976158142, -56.34000015258789, 9.550000190734863)
Part3141.Position = Vector3.new(2696.650146484375, 123.99854278564453, 2146.255615234375)
Part3141.Rotation = Vector3.new(-0.3499999940395355, -56.34000015258789, 9.260000228881836)
Part3141.Transparency = 1
Part3141.Size = Vector3.new(1.3500009775161743, 22.749998092651367, 1.5)
Part3141.Anchored = true
Part3141.Material = Enum.Material.Fabric
Model3142.Name = "茂み"
Model3142.Parent = Folder0
Part3143.Name = "TreeMesh Bottom"
Part3143.Parent = Model3142
Part3143.CFrame = CFrame.new(2678.85425, 112.361397, 2239.13354, 0.558631718, -0.000755848072, -0.829415917, 0.000145902406, 0.999999523, -0.00081303186, 0.829416275, 0.000333170901, 0.558631361)
Part3143.Orientation = Vector3.new(0.05000000074505806, -56.040000915527344, 0.009999999776482582)
Part3143.Position = Vector3.new(2678.854248046875, 112.36139678955078, 2239.133544921875)
Part3143.Rotation = Vector3.new(0.07999999821186066, -56.040000915527344, 0.07999999821186066)
Part3143.Size = Vector3.new(8.250000953674316, 0.2499980926513672, 7)
Part3143.Anchored = true
Part3143.CanCollide = false
Part3143.Material = Enum.Material.Fabric
SpecialMesh3144.Name = "BarkMesh"
SpecialMesh3144.Parent = Part3143
SpecialMesh3144.MeshId = "rbxassetid://623621260"
SpecialMesh3144.Offset = Vector3.new(0, 3.4100000858306885, 0)
SpecialMesh3144.TextureId = "rbxassetid://623618671"
SpecialMesh3144.MeshType = Enum.MeshType.FileMesh
Part3145.Name = "TreeMeshTop"
Part3145.Parent = Model3142
Part3145.CFrame = CFrame.new(2678.83154, 142.501526, 2239.14258, 0.558631718, -0.000755848072, -0.829415917, 0.000145902406, 0.999999523, -0.00081303186, 0.829416275, 0.000333170901, 0.558631361)
Part3145.Orientation = Vector3.new(0.05000000074505806, -56.040000915527344, 0.009999999776482582)
Part3145.Position = Vector3.new(2678.83154296875, 142.50152587890625, 2239.142578125)
Part3145.Rotation = Vector3.new(0.07999999821186066, -56.040000915527344, 0.07999999821186066)
Part3145.Transparency = 0.05000000074505806
Part3145.Size = Vector3.new(8.250000953674316, 0.2499980926513672, 7)
Part3145.Anchored = true
Part3145.CanCollide = false
Part3145.Material = Enum.Material.Fabric
SpecialMesh3146.Name = "TopTreeMesh"
SpecialMesh3146.Parent = Part3145
SpecialMesh3146.MeshId = "rbxassetid://623621456"
SpecialMesh3146.Offset = Vector3.new(0, 3.4100000858306885, 0)
SpecialMesh3146.Scale = Vector3.new(1.600000023841858, 1.600000023841858, 1.600000023841858)
SpecialMesh3146.TextureId = "rbxassetid://745556120"
SpecialMesh3146.MeshType = Enum.MeshType.FileMesh
Part3147.Name = "Tree_Collision"
Part3147.Parent = Model3142
Part3147.CFrame = CFrame.new(2673.95703, 125.487747, 2240.69507, 0.551905751, -0.137796223, -0.822443247, 0.0968199819, 0.990171373, -0.100926578, 0.828267217, -0.0239270106, 0.5598225)
Part3147.Orientation = Vector3.new(5.789999961853027, -55.7599983215332, 5.579999923706055)
Part3147.Position = Vector3.new(2673.95703125, 125.48774719238281, 2240.695068359375)
Part3147.Rotation = Vector3.new(10.220000267028809, -55.33000183105469, 14.020000457763672)
Part3147.Transparency = 1
Part3147.Size = Vector3.new(1.3500009775161743, 26.749998092651367, 1.5)
Part3147.Anchored = true
Part3147.Material = Enum.Material.Fabric
Part3148.Name = "Tree_Collision"
Part3148.Parent = Model3142
Part3148.CFrame = CFrame.new(2669.58594, 124.47683, 2250.19678, 0.492492288, 0.0946909636, -0.86515069, -0.301761121, 0.950976968, -0.0676946491, 0.816328466, 0.294407934, 0.496922731)
Part3148.Orientation = Vector3.new(3.880000114440918, -60.130001068115234, -17.610000610351562)
Part3148.Position = Vector3.new(2669.5859375, 124.4768295288086, 2250.19677734375)
Part3148.Rotation = Vector3.new(7.760000228881836, -59.900001525878906, -10.880000114440918)
Part3148.Transparency = 1
Part3148.Size = Vector3.new(1.3500009775161743, 23.749998092651367, 1.5)
Part3148.Anchored = true
Part3148.Material = Enum.Material.Fabric
Part3149.Name = "Tree_Collision"
Part3149.Parent = Model3142
Part3149.CFrame = CFrame.new(2667.16724, 125.955238, 2225.08545, 0.549417377, -0.204420581, -0.810156465, 0.114085898, 0.978882611, -0.169625282, 0.827723086, 0.000767594203, 0.561136603)
Part3149.Orientation = Vector3.new(9.770000457763672, -55.290000915527344, 6.650000095367432)
Part3149.Position = Vector3.new(2667.167236328125, 125.95523834228516, 2225.08544921875)
Part3149.Rotation = Vector3.new(16.81999969482422, -54.11000061035156, 20.40999984741211)
Part3149.Transparency = 1
Part3149.Size = Vector3.new(1.3500009775161743, 26.749998092651367, 1.5)
Part3149.Anchored = true
Part3149.Material = Enum.Material.Fabric
Part3150.Name = "Tree_Collision"
Part3150.Parent = Model3142
Part3150.CFrame = CFrame.new(2707.42578, 124.203445, 2262.92017, 0.556905627, 0.220962375, -0.800644934, -0.011026103, 0.965844929, 0.258884907, 0.830502987, -0.135346472, 0.540320814)
Part3150.Orientation = Vector3.new(-15, -55.9900016784668, -0.6499999761581421)
Part3150.Position = Vector3.new(2707.42578125, 124.20344543457031, 2262.920166015625)
Part3150.Rotation = Vector3.new(-25.600000381469727, -53.189998626708984, -21.639999389648438)
Part3150.Transparency = 1
Part3150.Size = Vector3.new(1.3500009775161743, 23.749998092651367, 1.5)
Part3150.Anchored = true
Part3150.Material = Enum.Material.Fabric
Part3151.Name = "Tree_Collision"
Part3151.Parent = Model3142
Part3151.CFrame = CFrame.new(2684.96973, 125.364273, 2225.70288, 0.566294968, 0.054762654, -0.822381735, 0.213698924, 0.953912139, 0.210675165, 0.79601711, -0.295046389, 0.528492749)
Part3151.Orientation = Vector3.new(-12.15999984741211, -57.27000045776367, 12.630000114440918)
Part3151.Position = Vector3.new(2684.9697265625, 125.36427307128906, 2225.702880859375)
Part3151.Rotation = Vector3.new(-21.729999542236328, -55.31999969482422, -5.519999980926514)
Part3151.Transparency = 1
Part3151.Size = Vector3.new(1.3500009775161743, 26.749998092651367, 1.5)
Part3151.Anchored = true
Part3151.Material = Enum.Material.Fabric
Part3152.Name = "Tree_Collision"
Part3152.Parent = Model3142
Part3152.CFrame = CFrame.new(2657.29858, 124.103477, 2243.57593, 0.463348627, -0.312293977, -0.829325736, 0.088390477, 0.947466969, -0.307397515, 0.88175714, 0.0691276491, 0.466611266)
Part3152.Orientation = Vector3.new(17.899999618530273, -60.63999938964844, 5.329999923706055)
Part3152.Position = Vector3.new(2657.298583984375, 124.10347747802734, 2243.575927734375)
Part3152.Rotation = Vector3.new(33.380001068115234, -56.029998779296875, 33.97999954223633)
Part3152.Transparency = 1
Part3152.Size = Vector3.new(1.3500009775161743, 22.749998092651367, 1.5)
Part3152.Anchored = true
Part3152.Material = Enum.Material.Fabric
Part3153.Name = "Tree_Collision"
Part3153.Parent = Model3142
Part3153.CFrame = CFrame.new(2687.14893, 124.992287, 2263.59302, 0.515481234, 0.117415838, -0.848818839, -0.161982149, 0.986060441, 0.0380297415, 0.841452122, 0.117889896, 0.527314782)
Part3153.Orientation = Vector3.new(-2.180000066757202, -58.150001525878906, -9.329999923706055)
Part3153.Position = Vector3.new(2687.14892578125, 124.9922866821289, 2263.593017578125)
Part3153.Rotation = Vector3.new(-4.130000114440918, -58.08000183105469, -12.829999923706055)
Part3153.Transparency = 1
Part3153.Size = Vector3.new(1.3500009775161743, 23.749998092651367, 1.5)
Part3153.Anchored = true
Part3153.Material = Enum.Material.Fabric
Part3154.Name = "Tree_Collision"
Part3154.Parent = Model3142
Part3154.CFrame = CFrame.new(2689.323, 122.968422, 2278.36719, 0.567171097, -0.035362266, -0.822840869, -0.165794924, 0.973722756, -0.15612632, 0.806740165, 0.224973142, 0.546404362)
Part3154.Orientation = Vector3.new(8.979999542236328, -56.40999984741211, -9.65999984741211)
Part3154.Position = Vector3.new(2689.322998046875, 122.96842193603516, 2278.3671875)
Part3154.Rotation = Vector3.new(15.949999809265137, -55.369998931884766, 3.569999933242798)
Part3154.Transparency = 1
Part3154.Size = Vector3.new(1.3500009775161743, 20.749998092651367, 1.5)
Part3154.Anchored = true
Part3154.Material = Enum.Material.Fabric
Part3155.Name = "Tree_Collision"
Part3155.Parent = Model3142
Part3155.CFrame = CFrame.new(2672.56787, 123.906197, 2205.77124, 0.533169746, -0.217905194, -0.817464352, 0.26809442, 0.959978104, -0.0810364485, 0.802406311, -0.175951555, 0.570250273)
Part3155.Orientation = Vector3.new(4.650000095367432, -55.099998474121094, 15.600000381469727)
Part3155.Position = Vector3.new(2672.56787109375, 123.90619659423828, 2205.771240234375)
Part3155.Rotation = Vector3.new(8.09000015258789, -54.83000183105469, 22.229999542236328)
Part3155.Transparency = 1
Part3155.Size = Vector3.new(1.3500009775161743, 22.749998092651367, 1.5)
Part3155.Anchored = true
Part3155.Material = Enum.Material.Fabric
Part3156.Name = "Tree_Collision"
Part3156.Parent = Model3142
Part3156.CFrame = CFrame.new(2697.4751, 124.76712, 2230.45557, 0.519264936, 0.329485744, -0.78854543, -0.12747103, 0.94223088, 0.309760779, 0.845053673, -0.0603311583, 0.531267166)
Part3156.Orientation = Vector3.new(-18.040000915527344, -56.029998779296875, -7.699999809265137)
Part3156.Position = Vector3.new(2697.47509765625, 124.76712036132812, 2230.45556640625)
Part3156.Rotation = Vector3.new(-30.239999771118164, -52.04999923706055, -32.400001525878906)
Part3156.Transparency = 1
Part3156.Size = Vector3.new(1.3500009775161743, 23.749998092651367, 1.5)
Part3156.Anchored = true
Part3156.Material = Enum.Material.Fabric
Part3157.Name = "Tree_Collision"
Part3157.Parent = Model3142
Part3157.CFrame = CFrame.new(2692.09717, 124.307213, 2243.15771, 0.520918369, 0.0902775377, -0.848819613, -0.110153429, 0.993186533, 0.0380310342, 0.846469581, 0.073689349, 0.527313352)
Part3157.Orientation = Vector3.new(-2.180000066757202, -58.150001525878906, -6.329999923706055)
Part3157.Position = Vector3.new(2692.09716796875, 124.30721282958984, 2243.15771484375)
Part3157.Rotation = Vector3.new(-4.130000114440918, -58.08000183105469, -9.829999923706055)
Part3157.Transparency = 1
Part3157.Size = Vector3.new(1.3500009775161743, 23.749998092651367, 1.5)
Part3157.Anchored = true
Part3157.Material = Enum.Material.Fabric
Part3158.Name = "Tree_Collision"
Part3158.Parent = Model3142
Part3158.CFrame = CFrame.new(2656.61426, 123.947899, 2207.41675, 0.547009349, -0.0892250016, -0.83235842, 0.165933937, 0.986131072, 0.00333973905, 0.820516527, -0.139943376, 0.554228127)
Part3158.Orientation = Vector3.new(-0.1899999976158142, -56.34000015258789, 9.550000190734863)
Part3158.Position = Vector3.new(2656.6142578125, 123.9478988647461, 2207.416748046875)
Part3158.Rotation = Vector3.new(-0.3499999940395355, -56.34000015258789, 9.260000228881836)
Part3158.Transparency = 1
Part3158.Size = Vector3.new(1.3500009775161743, 22.749998092651367, 1.5)
Part3158.Anchored = true
Part3158.Material = Enum.Material.Fabric
Model3159.Name = "茂み"
Model3159.Parent = Folder0
Part3160.Name = "TreeMesh Bottom"
Part3160.Parent = Model3159
Part3160.CFrame = CFrame.new(2801.21606, 113.089409, 2113.63013, 0.776759863, -0.00075542042, -0.629796982, 0.000377482414, 0.999999523, -0.000733897672, 0.629797161, 0.000332324416, 0.776759803)
Part3160.Orientation = Vector3.new(0.03999999910593033, -39.040000915527344, 0.019999999552965164)
Part3160.Position = Vector3.new(2801.216064453125, 113.08940887451172, 2113.630126953125)
Part3160.Rotation = Vector3.new(0.05000000074505806, -39.040000915527344, 0.05999999865889549)
Part3160.Size = Vector3.new(8.250000953674316, 0.2499980926513672, 7)
Part3160.Anchored = true
Part3160.CanCollide = false
Part3160.Material = Enum.Material.Fabric
SpecialMesh3161.Name = "BarkMesh"
SpecialMesh3161.Parent = Part3160
SpecialMesh3161.MeshId = "rbxassetid://623621260"
SpecialMesh3161.Offset = Vector3.new(0, 3.4100000858306885, 0)
SpecialMesh3161.TextureId = "rbxassetid://623618671"
SpecialMesh3161.MeshType = Enum.MeshType.FileMesh
Part3162.Name = "TreeMeshTop"
Part3162.Parent = Model3159
Part3162.CFrame = CFrame.new(2801.1936, 143.229477, 2113.63916, 0.776759863, -0.00075542042, -0.629796982, 0.000377482414, 0.999999523, -0.000733897672, 0.629797161, 0.000332324416, 0.776759803)
Part3162.Orientation = Vector3.new(0.03999999910593033, -39.040000915527344, 0.019999999552965164)
Part3162.Position = Vector3.new(2801.193603515625, 143.22947692871094, 2113.63916015625)
Part3162.Rotation = Vector3.new(0.05000000074505806, -39.040000915527344, 0.05999999865889549)
Part3162.Transparency = 0.05000000074505806
Part3162.Size = Vector3.new(8.250000953674316, 0.2499980926513672, 7)
Part3162.Anchored = true
Part3162.CanCollide = false
Part3162.Material = Enum.Material.Fabric
SpecialMesh3163.Name = "TopTreeMesh"
SpecialMesh3163.Parent = Part3162
SpecialMesh3163.MeshId = "rbxassetid://623621456"
SpecialMesh3163.Offset = Vector3.new(0, 3.4100000858306885, 0)
SpecialMesh3163.Scale = Vector3.new(1.600000023841858, 1.600000023841858, 1.600000023841858)
SpecialMesh3163.TextureId = "rbxassetid://745556120"
SpecialMesh3163.MeshType = Enum.MeshType.FileMesh
Part3164.Name = "Tree_Collision"
Part3164.Parent = Model3159
Part3164.CFrame = CFrame.new(2796.98828, 126.215813, 2116.55273, 0.769980133, -0.138897523, -0.62276721, 0.0970495045, 0.990156949, -0.100847013, 0.630644917, 0.0172109175, 0.775880992)
Part3164.Orientation = Vector3.new(5.789999961853027, -38.75, 5.599999904632568)
Part3164.Position = Vector3.new(2796.98828125, 126.21581268310547, 2116.552734375)
Part3164.Rotation = Vector3.new(7.409999847412109, -38.52000045776367, 10.229999542236328)
Part3164.Transparency = 1
Part3164.Size = Vector3.new(1.3500009775161743, 26.749998092651367, 1.5)
Part3164.Anchored = true
Part3164.Material = Enum.Material.Fabric
Part3165.Name = "Tree_Collision"
Part3165.Parent = Model3159
Part3165.CFrame = CFrame.new(2795.58716, 125.206841, 2126.91724, 0.709724665, 0.176521927, -0.682005644, -0.301536739, 0.951052547, -0.0676334724, 0.636684656, 0.253650963, 0.728213131)
Part3165.Orientation = Vector3.new(3.880000114440918, -43.119998931884766, -17.59000015258789)
Part3165.Position = Vector3.new(2795.587158203125, 125.20684051513672, 2126.917236328125)
Part3165.Rotation = Vector3.new(5.309999942779541, -43, -13.970000267028809)
Part3165.Transparency = 1
Part3165.Size = Vector3.new(1.3500009775161743, 23.749998092651367, 1.5)
Part3165.Anchored = true
Part3165.Material = Enum.Material.Fabric
Part3166.Name = "Tree_Collision"
Part3166.Parent = Model3159
Part3166.CFrame = CFrame.new(2785.92993, 126.679199, 2103.61108, 0.767439008, -0.19538784, -0.610623896, 0.114315845, 0.978869557, -0.169545889, 0.630848646, 0.0603120774, 0.773558617)
Part3166.Orientation = Vector3.new(9.760000228881836, -38.290000915527344, 6.659999847412109)
Part3166.Position = Vector3.new(2785.929931640625, 126.67919921875, 2103.611083984375)
Part3166.Rotation = Vector3.new(12.359999656677246, -37.630001068115234, 14.279999732971191)
Part3166.Transparency = 1
Part3166.Size = Vector3.new(1.3500009775161743, 26.749998092651367, 1.5)
Part3166.Anchored = true
Part3166.Material = Enum.Material.Fabric
Part3167.Name = "Tree_Collision"
Part3167.Parent = Model3159
Part3167.CFrame = CFrame.new(2835.4939, 124.938896, 2128.01929, 0.77542901, 0.171597973, -0.60767138, -0.0107950615, 0.965827227, 0.258960962, 0.631343007, -0.194245994, 0.750782728)
Part3167.Orientation = Vector3.new(-15.010000228881836, -38.9900016784668, -0.6399999856948853)
Part3167.Position = Vector3.new(2835.493896484375, 124.93889617919922, 2128.019287109375)
Part3167.Rotation = Vector3.new(-19.030000686645508, -37.41999816894531, -12.479999542236328)
Part3167.Transparency = 1
