Model2156.Name = "??"
Model2156.Parent = Folder0
Part2157.Name = "TreeMesh Bottom"
Part2157.Parent = Model2156
Part2157.CFrame = CFrame.new(2901.86377, 227.009094, 2597.37158, 0.839997649, -0.0238344036, 0.54206723, 0.0216940567, 0.999711812, 0.010338746, -0.542158067, 0.00307510793, 0.840271533)
Part2157.Orientation = Vector3.new(-0.5899999737739563, 32.83000183105469, 1.2400000095367432)
Part2157.Position = Vector3.new(2901.86376953125, 227.00909423828125, 2597.37158203125)
Part2157.Rotation = Vector3.new(-0.699999988079071, 32.81999969482422, 1.6299999952316284)
Part2157.Size = Vector3.new(8.250000953674316, 0.2499980926513672, 7)
Part2157.Anchored = true
Part2157.CanCollide = false
Part2157.Material = Enum.Material.Fabric
SpecialMesh2158.Name = "BarkMesh"
SpecialMesh2158.Parent = Part2157
SpecialMesh2158.MeshId = "rbxassetid://623621260"
SpecialMesh2158.Offset = Vector3.new(0, 3.4100000858306885, 0)
SpecialMesh2158.TextureId = "rbxassetid://623618671"
SpecialMesh2158.MeshType = Enum.MeshType.FileMesh
Part2159.Name = "TreeMeshTop"
Part2159.Parent = Model2156
Part2159.CFrame = CFrame.new(2901.14404, 257.140289, 2597.46411, 0.839997649, -0.0238344036, 0.54206723, 0.0216940567, 0.999711812, 0.010338746, -0.542158067, 0.00307510793, 0.840271533)
Part2159.Orientation = Vector3.new(-0.5899999737739563, 32.83000183105469, 1.2400000095367432)
Part2159.Position = Vector3.new(2901.14404296875, 257.1402893066406, 2597.464111328125)
Part2159.Rotation = Vector3.new(-0.699999988079071, 32.81999969482422, 1.6299999952316284)
Part2159.Transparency = 0.05000000074505806
Part2159.Size = Vector3.new(8.250000953674316, 0.2499980926513672, 7)
Part2159.Anchored = true
Part2159.CanCollide = false
Part2159.Material = Enum.Material.Fabric
SpecialMesh2160.Name = "TopTreeMesh"
SpecialMesh2160.Parent = Part2159
SpecialMesh2160.MeshId = "rbxassetid://623621456"
SpecialMesh2160.Offset = Vector3.new(0, 3.4100000858306885, 0)
SpecialMesh2160.Scale = Vector3.new(1.600000023841858, 1.600000023841858, 1.600000023841858)
SpecialMesh2160.TextureId = "rbxassetid://745556120"
SpecialMesh2160.MeshType = Enum.MeshType.FileMesh
Part2161.Name = "Tree_Collision"
Part2161.Parent = Model2156
Part2161.CFrame = CFrame.new(2903.01123, 240.155518, 2602.32886, 0.836381912, -0.0505405627, 0.545813203, 0.11829298, 0.988919735, -0.0896970853, -0.535232782, 0.139586821, 0.833092034)
Part2161.Orientation = Vector3.new(5.150000095367432, 33.22999954223633, 6.820000171661377)
Part2161.Position = Vector3.new(2903.01123046875, 240.155517578125, 2602.328857421875)
Part2161.Rotation = Vector3.new(6.150000095367432, 33.08000183105469, 3.4600000381469727)
Part2161.Transparency = 1
Part2161.Size = Vector3.new(1.3500009775161743, 26.749998092651367, 1.5)
Part2161.Anchored = true
Part2161.CanCollide = false
Part2161.Material = Enum.Material.Fabric
Part2162.Name = "Tree_Collision"
Part2162.Parent = Model2156
Part2162.CFrame = CFrame.new(2912.44653, 239.361725, 2606.88403, 0.832907975, 0.27315852, 0.481300801, -0.280623674, 0.958058119, -0.0581102371, -0.476988643, -0.0866644531, 0.874627292)
Part2162.Orientation = Vector3.new(3.3299999237060547, 28.81999969482422, -16.329999923706055)
Part2162.Position = Vector3.new(2912.446533203125, 239.36172485351562, 2606.884033203125)
Part2162.Rotation = Vector3.new(3.799999952316284, 28.770000457763672, -18.15999984741211)
Part2162.Transparency = 1
Part2162.Size = Vector3.new(1.3500009775161743, 23.749998092651367, 1.5)
Part2162.Anchored = true
Part2162.CanCollide = false
Part2162.Material = Enum.Material.Fabric
Part2163.Name = "Tree_Collision"
Part2163.Parent = Model2156
Part2163.CFrame = CFrame.new(2887.26367, 240.227692, 2608.81079, 0.83537215, -0.026895754, 0.549027264, 0.135533974, 0.978043854, -0.158309698, -0.532715559, 0.206659272, 0.820674896)
Part2163.Orientation = Vector3.new(9.109999656677246, 33.779998779296875, 7.889999866485596)
Part2163.Position = Vector3.new(2887.263671875, 240.22769165039062, 2608.810791015625)
Part2163.Rotation = Vector3.new(10.920000076293945, 33.29999923706055, 1.840000033378601)
Part2163.Transparency = 1
Part2163.Size = Vector3.new(1.3500009775161743, 26.749998092651367, 1.5)
Part2163.Anchored = true
Part2163.CanCollide = false
Part2163.Material = Enum.Material.Fabric
Part2164.Name = "Tree_Collision"
Part2164.Parent = Model2156
Part2164.CFrame = CFrame.new(2925.91504, 239.500519, 2569.30151, 0.841320395, -0.154263332, 0.518058598, 0.0105469953, 0.96291554, 0.269600153, -0.5404374, -0.221355632, 0.811745584)
Part2164.Orientation = Vector3.new(-15.640000343322754, 32.54999923706055, 0.6299999952316284)
Part2164.Position = Vector3.new(2925.9150390625, 239.50051879882812, 2569.301513671875)
Part2164.Rotation = Vector3.new(-18.3700008392334, 31.200000762939453, 10.390000343322754)
Part2164.Transparency = 1
Part2164.Size = Vector3.new(1.3500009775161743, 23.749998092651367, 1.5)
Part2164.Anchored = true
Part2164.CanCollide = false
Part2164.Material = Enum.Material.Fabric
Part2165.Name = "Tree_Collision"
Part2165.Parent = Model2156
Part2165.CFrame = CFrame.new(2888.24609, 239.701233, 2591.02197, 0.801608801, -0.316865385, 0.506973028, 0.23439987, 0.946674049, 0.221058667, -0.54998517, -0.058367461, 0.833133519)
Part2165.Orientation = Vector3.new(-12.770000457763672, 31.31999969482422, 13.90999984741211)
Part2165.Position = Vector3.new(2888.24609375, 239.70123291015625, 2591.02197265625)
Part2165.Rotation = Vector3.new(-14.859999656677246, 30.459999084472656, 21.56999969482422)
Part2165.Transparency = 1
Part2165.Size = Vector3.new(1.3500009775161743, 26.749998092651367, 1.5)
Part2165.Anchored = true
Part2165.CanCollide = false
Part2165.Material = Enum.Material.Fabric
Part2166.Name = "Tree_Collision"
Part2166.Parent = Model2156
Part2166.CFrame = CFrame.new(2905.59668, 238.794647, 2619.03784, 0.888307989, 0.0400689468, 0.457497835, 0.110907964, 0.947983742, -0.298373848, -0.445657045, 0.315787822, 0.837656915)
Part2166.Orientation = Vector3.new(17.360000610351562, 28.639999389648438, 6.670000076293945)
Part2166.Position = Vector3.new(2905.5966796875, 238.79464721679688, 2619.037841796875)
Part2166.Rotation = Vector3.new(19.610000610351562, 27.229999542236328, -2.5799999237060547)
Part2166.Transparency = 1
Part2166.Size = Vector3.new(1.3500009775161743, 22.749998092651367, 1.5)
Part2166.Anchored = true
Part2166.CanCollide = false
Part2166.Material = Enum.Material.Fabric
Part2167.Name = "Tree_Collision"
Part2167.Parent = Model2156
Part2167.CFrame = CFrame.new(2926.1687, 240.248871, 2589.58984, 0.85509479, 0.0963252783, 0.509445786, -0.140215799, 0.988939703, 0.0483617485, -0.499153674, -0.112786382, 0.859142721)
Part2167.Orientation = Vector3.new(-2.7699999809265137, 30.670000076293945, -8.069999694824219)
Part2167.Position = Vector3.new(2926.168701171875, 240.24887084960938, 2589.58984375)
Part2167.Rotation = Vector3.new(-3.2200000286102295, 30.6299991607666, -6.429999828338623)
Part2167.Transparency = 1
Part2167.Size = Vector3.new(1.3500009775161743, 23.749998092651367, 1.5)
Part2167.Anchored = true
Part2167.CanCollide = false
Part2167.Material = Enum.Material.Fabric
Part2168.Name = "Tree_Collision"
Part2168.Parent = Model2156
Part2168.CFrame = CFrame.new(2941.02808, 238.58783, 2587.70312, 0.821509123, 0.200650588, 0.533726454, -0.144720942, 0.978760958, -0.145205155, -0.551527262, 0.0420454741, 0.833097577)
Part2168.Orientation = Vector3.new(8.350000381469727, 32.650001525878906, -8.40999984741211)
Part2168.Position = Vector3.new(2941.028076171875, 238.58782958984375, 2587.703125)
Part2168.Rotation = Vector3.new(9.890000343322754, 32.2599983215332, -13.729999542236328)
Part2168.Transparency = 1
Part2168.Size = Vector3.new(1.3500009775161743, 20.749998092651367, 1.5)
Part2168.Anchored = true
Part2168.CanCollide = false
Part2168.Material = Enum.Material.Fabric
Part2169.Name = "Tree_Collision"
Part2169.Parent = Model2156
Part2169.CFrame = CFrame.new(2868.11548, 237.728821, 2603.02539, 0.806028903, -0.203337371, 0.55585289, 0.288840801, 0.954848349, -0.0695469603, -0.516614377, 0.21660994, 0.82836622)
Part2169.Orientation = Vector3.new(3.990000009536743, 33.86000061035156, 16.829999923706055)
Part2169.Position = Vector3.new(2868.115478515625, 237.72882080078125, 2603.025390625)
Part2169.Rotation = Vector3.new(4.800000190734863, 33.77000045776367, 14.15999984741211)
Part2169.Transparency = 1
Part2169.Size = Vector3.new(1.3500009775161743, 22.749998092651367, 1.5)
Part2169.Anchored = true
Part2169.CanCollide = false
Part2169.Material = Enum.Material.Fabric
Part2170.Name = "Tree_Collision"
Part2170.Parent = Model2156
Part2170.CFrame = CFrame.new(2893.25635, 239.253845, 2578.61255, 0.857936084, -0.0765797049, 0.508018732, -0.105617926, 0.941418946, 0.320276678, -0.502786398, -0.328432411, 0.79958725)
Part2170.Orientation = Vector3.new(-18.68000030517578, 32.43000030517578, -6.400000095367432)
Part2170.Position = Vector3.new(2893.25634765625, 239.25384521484375, 2578.612548828125)
Part2170.Rotation = Vector3.new(-21.829999923706055, 30.530000686645508, 5.099999904632568)
Part2170.Transparency = 1
Part2170.Size = Vector3.new(1.3500009775161743, 23.749998092651367, 1.5)
Part2170.Anchored = true
Part2170.CanCollide = false
Part2170.Material = Enum.Material.Fabric
Part2171.Name = "Tree_Collision"
Part2171.Parent = Model2156
Part2171.CFrame = CFrame.new(2905.85815, 239.085205, 2584.23804, 0.858964741, 0.0514408872, 0.509445012, -0.0882668048, 0.994922698, 0.0483626798, -0.504371285, -0.0865089968, 0.859142959)
Part2171.Orientation = Vector3.new(-2.7699999809265137, 30.670000076293945, -5.070000171661377)
Part2171.Position = Vector3.new(2905.858154296875, 239.085205078125, 2584.238037109375)
Part2171.Rotation = Vector3.new(-3.2200000286102295, 30.6299991607666, -3.430000066757202)
Part2171.Transparency = 1
Part2171.Size = Vector3.new(1.3500009775161743, 23.749998092651367, 1.5)
Part2171.Anchored = true
Part2171.CanCollide = false
Part2171.Material = Enum.Material.Fabric
Part2172.Name = "Tree_Collision"
Part2172.Parent = Model2156
Part2172.CFrame = CFrame.new(2869.44556, 237.765564, 2619.0083, 0.826869845, -0.165447891, 0.537507534, 0.187185898, 0.982219875, 0.0143766403, -0.530329883, 0.0887263715, 0.843136489)
Part2172.Orientation = Vector3.new(-0.8199999928474426, 32.52000045776367, 10.789999961853027)
Part2172.Position = Vector3.new(2869.445556640625, 237.76556396484375, 2619.00830078125)
Part2172.Rotation = Vector3.new(-0.9800000190734863, 32.5099983215332, 11.3100004196167)
Part2172.Transparency = 1
Part2172.Size = Vector3.new(1.3500009775161743, 22.749998092651367, 1.5)
Part2172.Anchored = true
Part2172.CanCollide = false
Part2172.Material = Enum.Material.Fabric
Model2173.Name = "??"
Model2173.Parent = Folder0
Part2174.Name = "TreeMesh Bottom"
Part2174.Parent = Model2173
Part2174.CFrame = CFrame.new(1707.8916, 237.226715, 2409.92871, 0.512444794, 0.210739642, -0.83246541, -0.00354338437, 0.96993494, 0.243358642, 0.858718455, -0.121757507, 0.497781903)
Part2174.Orientation = Vector3.new(-14.079999923706055, -59.119998931884766, -0.20999999344348907)
Part2174.Position = Vector3.new(1707.8916015625, 237.22671508789062, 2409.9287109375)
Part2174.Rotation = Vector3.new(-26.049999237060547, -56.349998474121094, -22.350000381469727)
Part2174.Size = Vector3.new(8.250000953674316, 0.2499980926513672, 7)
Part2174.Anchored = true
Part2174.CanCollide = false
Part2174.Material = Enum.Material.Fabric
SpecialMesh2175.Name = "BarkMesh"
SpecialMesh2175.Parent = Part2174
SpecialMesh2175.MeshId = "rbxassetid://623621260"
SpecialMesh2175.Offset = Vector3.new(0, 3.4100000858306885, 0)
SpecialMesh2175.TextureId = "rbxassetid://623618671"
SpecialMesh2175.MeshType = Enum.MeshType.FileMesh
Part2176.Name = "TreeMeshTop"
Part2176.Parent = Model2173
Part2176.CFrame = CFrame.new(1714.24377, 266.460236, 2406.25806, 0.512444794, 0.210739642, -0.83246541, -0.00354338437, 0.96993494, 0.243358642, 0.858718455, -0.121757507, 0.497781903)
Part2176.Orientation = Vector3.new(-14.079999923706055, -59.119998931884766, -0.20999999344348907)
Part2176.Position = Vector3.new(1714.2437744140625, 266.4602355957031, 2406.258056640625)
Part2176.Rotation = Vector3.new(-26.049999237060547, -56.349998474121094, -22.350000381469727)
Part2176.Transparency = 0.05000000074505806
Part2176.Size = Vector3.new(8.250000953674316, 0.2499980926513672, 7)
Part2176.Anchored = true
Part2176.CanCollide = false
Part2176.Material = Enum.Material.Fabric
SpecialMesh2177.Name = "TopTreeMesh"
SpecialMesh2177.Parent = Part2176
SpecialMesh2177.MeshId = "rbxassetid://623621456"
SpecialMesh2177.Offset = Vector3.new(0, 3.4100000858306885, 0)
SpecialMesh2177.Scale = Vector3.new(1.600000023841858, 1.600000023841858, 1.600000023841858)
SpecialMesh2177.TextureId = "rbxassetid://745556120"
SpecialMesh2177.MeshType = Enum.MeshType.FileMesh
Part2178.Name = "Tree_Collision"
Part2178.Parent = Model2173
Part2178.CFrame = CFrame.new(1705.82251, 251.165756, 2409.54517, 0.526368141, 0.0758004859, -0.846876979, 0.0914267451, 0.985202432, 0.145006508, 0.845332801, -0.153753281, 0.511645973)
Part2178.Orientation = Vector3.new(-8.34000015258789, -58.86000061035156, 5.300000190734863)
Part2178.Position = Vector3.new(1705.822509765625, 251.16575622558594, 2409.545166015625)
Part2178.Rotation = Vector3.new(-15.819999694824219, -57.869998931884766, -8.1899995803833)
Part2178.Transparency = 1
Part2178.Size = Vector3.new(1.3500009775161743, 26.749998092651367, 1.5)
Part2178.Anchored = true
Part2178.Material = Enum.Material.Fabric
Part2179.Name = "Tree_Collision"
Part2179.Parent = Model2173
Part2179.CFrame = CFrame.new(1700.9613, 252.346313, 2418.7854, 0.384527951, 0.281835467, -0.879043043, -0.284528613, 0.942081451, 0.177582368, 0.87817508, 0.181826562, 0.442444026)
Part2179.Orientation = Vector3.new(-10.229999542236328, -63.279998779296875, -16.809999465942383)
Part2179.Position = Vector3.new(1700.9613037109375, 252.3463134765625, 2418.785400390625)
Part2179.Rotation = Vector3.new(-21.8700008392334, -61.529998779296875, -36.2400016784668)
Part2179.Transparency = 1
Part2179.Size = Vector3.new(1.3500009775161743, 23.749998092651367, 1.5)
Part2179.Anchored = true
Part2179.Material = Enum.Material.Fabric
Part2180.Name = "Tree_Collision"
Part2180.Parent = Model2173
Part2180.CFrame = CFrame.new(1699.91443, 250.926697, 2393.57568, 0.527608812, 0.0073638414, -0.849455535, 0.108606443, 0.991171598, 0.0760493577, 0.842516243, -0.132380664, 0.522151113)
Part2180.Orientation = Vector3.new(-4.360000133514404, -58.41999816894531, 6.25)
Part2180.Position = Vector3.new(1699.9144287109375, 250.92669677734375, 2393.57568359375)
Part2180.Rotation = Vector3.new(-8.289999961853027, -58.150001525878906, -0.800000011920929)
Part2180.Transparency = 1
Part2180.Size = Vector3.new(1.3500009775161743, 26.749998092651367, 1.5)
Part2180.Anchored = true
Part2180.Material = Enum.Material.Fabric
Part2181.Name = "Tree_Collision"
Part2181.Parent = Model2173
Part2181.CFrame = CFrame.new(1737.34875, 246.03714, 2433.95068, 0.508350313, 0.425456583, -0.748710036, -0.0138798198, 0.873365104, 0.486868262, 0.861038566, -0.237107649, 0.44988063)
Part2181.Orientation = Vector3.new(-29.1299991607666, -59, -0.9100000262260437)
Part2181.Position = Vector3.new(1737.3487548828125, 246.03713989257812, 2433.95068359375)
Part2181.Rotation = Vector3.new(-47.2599983215332, -48.47999954223633, -39.93000030517578)
Part2181.Transparency = 1
Part2181.Size = Vector3.new(1.3500009775161743, 23.749998092651367, 1.5)
Part2181.Anchored = true
Part2181.Material = Enum.Material.Fabric
Part2182.Name = "Tree_Collision"
Part2182.Parent = Model2173
Part2182.CFrame = CFrame.new(1717.15027, 246.794296, 2395.45117, 0.566423833, 0.267007291, -0.77966094, 0.197523832, 0.874498069, 0.442986935, 0.800092697, -0.404920012, 0.442596227)
Part2182.Orientation = Vector3.new(-26.290000915527344, -60.41999816894531, 12.729999542236328)
Part2182.Position = Vector3.new(1717.1502685546875, 246.79429626464844, 2395.451171875)
Part2182.Rotation = Vector3.new(-45.029998779296875, -51.22999954223633, -25.239999771118164)
Part2182.Transparency = 1
Part2182.Size = Vector3.new(1.3500009775161743, 26.749998092651367, 1.5)
Part2182.Anchored = true
Part2182.Material = Enum.Material.Fabric
Part2183.Name = "Tree_Collision"
Part2183.Parent = Model2173
Part2183.CFrame = CFrame.new(1689.14709, 253.615021, 2411.4519, 0.435964555, -0.107355982, -0.89353776, 0.108498558, 0.991887629, -0.0662350878, 0.893399656, -0.0680714026, 0.444075823)
Part2183.Orientation = Vector3.new(3.799999952316284, -63.56999969482422, 6.239999771118164)
Part2183.Position = Vector3.new(1689.1470947265625, 253.61502075195312, 2411.451904296875)
Part2183.Rotation = Vector3.new(8.479999542236328, -63.31999969482422, 13.829999923706055)
Part2183.Transparency = 1
Part2183.Size = Vector3.new(1.3500009775161743, 22.749998092651367, 1.5)
Part2183.Anchored = true
Part2183.Material = Enum.Material.Fabric
Part2184.Name = "Tree_Collision"
Part2184.Parent = Model2173
Part2184.CFrame = CFrame.new(1717.68665, 251.039627, 2433.16357, 0.435536444, 0.318498492, -0.841948032, -0.150332794, 0.947918952, 0.280819148, 0.887534618, 0.00426545739, 0.460731089)
Part2184.Orientation = Vector3.new(-16.309999465942383, -61.310001373291016, -9.010000228881836)
Part2184.Position = Vector3.new(1717.6866455078125, 251.0396270751953, 2433.16357421875)
Part2184.Rotation = Vector3.new(-31.360000610351562, -57.349998474121094, -36.18000030517578)
Part2184.Transparency = 1
Part2184.Size = Vector3.new(1.3500009775161743, 23.749998092651367, 1.5)
Part2184.Anchored = true
Part2184.Material = Enum.Material.Fabric
Part2185.Name = "Tree_Collision"
Part2185.Parent = Model2173
Part2185.CFrame = CFrame.new(1718.79187, 250.602188, 2448.18652, 0.486594588, 0.162414089, -0.858403742, -0.169232309, 0.981484175, 0.0897702426, 0.857085764, 0.1015874, 0.505067647)
Part2185.Orientation = Vector3.new(-5.150000095367432, -59.529998779296875, -9.779999732971191)
Part2185.Position = Vector3.new(1718.7918701171875, 250.60218811035156, 2448.1865234375)
Part2185.Rotation = Vector3.new(-10.079999923706055, -59.13999938964844, -18.459999084472656)
Part2185.Transparency = 1
Part2185.Size = Vector3.new(1.3500009775161743, 20.749998092651367, 1.5)
Part2185.Anchored = true
Part2185.Material = Enum.Material.Fabric
Part2186.Name = "Tree_Collision"
Part2186.Parent = Model2173
Part2186.CFrame = CFrame.new(1705.52661, 245.259827, 2375.06201, 0.545327187, -0.00274429144, -0.838224649, 0.257901907, 0.952040374, 0.16466707, 0.797568023, -0.305975735, 0.51987803)
Part2186.Orientation = Vector3.new(-9.479999542236328, -58.189998626708984, 15.15999984741211)
Part2186.Position = Vector3.new(1705.526611328125, 245.25982666015625, 2375.06201171875)
Part2186.Rotation = Vector3.new(-17.579999923706055, -56.95000076293945, 0.28999999165534973)
Part2186.Transparency = 1
Part2186.Size = Vector3.new(1.3500009775161743, 22.749998092651367, 1.5)
Part2186.Anchored = true
Part2186.Material = Enum.Material.Fabric
Part2187.Name = "Tree_Collision"
Part2187.Parent = Model2173
Part2187.CFrame = CFrame.new(1729.0459, 244.290878, 2401.06714, 0.44638595, 0.523448527, -0.725776196, -0.117160268, 0.838272452, 0.532524467, 0.887143016, -0.152678341, 0.435517758)
Part2187.Orientation = Vector3.new(-32.18000030517578, -59.029998779296875, -7.960000038146973)
Part2187.Position = Vector3.new(1729.0458984375, 244.29087829589844, 2401.067138671875)
Part2187.Rotation = Vector3.new(-50.720001220703125, -46.529998779296875, -49.540000915527344)
Part2187.Transparency = 1
Part2187.Size = Vector3.new(1.3500009775161743, 23.749998092651367, 1.5)
Part2187.Anchored = true
Part2187.Material = Enum.Material.Fabric
Part2188.Name = "Tree_Collision"
Part2188.Parent = Model2173
Part2188.CFrame = CFrame.new(1723.18994, 246.638565, 2413.34253, 0.451607108, 0.295269042, -0.84194833, -0.100516103, 0.954487324, 0.280820668, 0.886542261, -0.042190969, 0.460729718)
Part2188.Orientation = Vector3.new(-16.309999465942383, -61.310001373291016, -6.010000228881836)
Part2188.Position = Vector3.new(1723.18994140625, 246.63856506347656, 2413.342529296875)
Part2188.Rotation = Vector3.new(-31.360000610351562, -57.349998474121094, -33.18000030517578)
Part2188.Transparency = 1
Part2188.Size = Vector3.new(1.3500009775161743, 23.749998092651367, 1.5)
Part2188.Anchored = true
Part2188.Material = Enum.Material.Fabric
Part2189.Name = "Tree_Collision"
Part2189.Parent = Model2173
Part2189.CFrame = CFrame.new(1689.89001, 248.783035, 2375.61792, 0.53651309, 0.127013803, -0.834284604, 0.158417106, 0.955880046, 0.247400701, 0.828895211, -0.264897376, 0.492718101)
Part2189.Orientation = Vector3.new(-14.319999694824219, -59.43000030517578, 9.40999984741211)
Part2189.Position = Vector3.new(1689.8900146484375, 248.7830352783203, 2375.617919921875)
Part2189.Rotation = Vector3.new(-26.65999984741211, -56.540000915527344, -13.319999694824219)
Part2189.Transparency = 1
Part2189.Size = Vector3.new(1.3500009775161743, 22.749998092651367, 1.5)
Part2189.Anchored = true
Part2189.Material = Enum.Material.Fabric
Model2190.Name = "??"
Model2190.Parent = Folder0
Part2191.Name = "TreeMesh Bottom"
Part2191.Parent = Model2190
Part2191.CFrame = CFrame.new(2762.0708, 215.92276, 2406.57129, -0.989697456, 0.0146361645, -0.142424524, 0.00891601294, 0.999130964, 0.0407183282, 0.142896697, 0.0390289687, -0.988967836)
Part2191.Orientation = Vector3.new(-2.3299999237060547, -171.80999755859375, 0.5099999904632568)
Part2191.Position = Vector3.new(2762.07080078125, 215.92276000976562, 2406.5712890625)
Part2191.Rotation = Vector3.new(-177.63999938964844, -8.1899995803833, -179.14999389648438)
Part2191.Size = Vector3.new(8.250000953674316, 0.2499980926513672, 7)
Part2191.Anchored = true
Part2191.CanCollide = false
Part2191.Material = Enum.Material.Fabric
SpecialMesh2192.Name = "BarkMesh"
SpecialMesh2192.Parent = Part2191
SpecialMesh2192.MeshId = "rbxassetid://623621260"
SpecialMesh2192.Offset = Vector3.new(0, 3.4100000858306885, 0)
SpecialMesh2192.TextureId = "rbxassetid://623618671"
SpecialMesh2192.MeshType = Enum.MeshType.FileMesh
Part2193.Name = "TreeMeshTop"
Part2193.Parent = Model2190
Part2193.CFrame = CFrame.new(2762.5127, 246.036392, 2407.74902, -0.989697456, 0.0146361645, -0.142424524, 0.00891601294, 0.999130964, 0.0407183282, 0.142896697, 0.0390289687, -0.988967836)
Part2193.Orientation = Vector3.new(-2.3299999237060547, -171.80999755859375, 0.5099999904632568)
Part2193.Position = Vector3.new(2762.5126953125, 246.03639221191406, 2407.7490234375)
Part2193.Rotation = Vector3.new(-177.63999938964844, -8.1899995803833, -179.14999389648438)
Part2193.Transparency = 0.05000000074505806
Part2193.Size = Vector3.new(8.250000953674316, 0.2499980926513672, 7)
Part2193.Anchored = true
Part2193.CanCollide = false
Part2193.Material = Enum.Material.Fabric
SpecialMesh2194.Name = "TopTreeMesh"
SpecialMesh2194.Parent = Part2193
SpecialMesh2194.MeshId = "rbxassetid://623621456"
SpecialMesh2194.Offset = Vector3.new(0, 3.4100000858306885, 0)
SpecialMesh2194.Scale = Vector3.new(1.600000023841858, 1.600000023841858, 1.600000023841858)
SpecialMesh2194.TextureId = "rbxassetid://745556120"
SpecialMesh2194.MeshType = Enum.MeshType.FileMesh
Part2195.Name = "Tree_Collision"
Part2195.Parent = Model2190
Part2195.CFrame = CFrame.new(2762.98438, 229.229477, 2402.00879, -0.984326541, 0.095914118, -0.147991851, 0.105664678, 0.992621541, -0.0594773069, 0.141195163, -0.0741826147, -0.987198532)
Part2195.Orientation = Vector3.new(3.4100000858306885, -171.47000122070312, 6.079999923706055)
Part2195.Position = Vector3.new(2762.984375, 229.22947692871094, 2402.0087890625)
Part2195.Rotation = Vector3.new(176.5500030517578, -8.510000228881836, -174.42999267578125)
Part2195.Transparency = 1
Part2195.Size = Vector3.new(1.3500009775161743, 26.749998092651367, 1.5)
Part2195.Anchored = true
Part2195.Material = Enum.Material.Fabric
Part2196.Name = "Tree_Collision"
Part2196.Parent = Model2190
Part2196.CFrame = CFrame.new(2756.31519, 228.638184, 2393.91187, -0.953570426, -0.29236266, -0.0723025575, -0.291156471, 0.956296325, -0.0269304253, 0.0770161226, -0.00462869555, -0.997019112)
Part2196.Orientation = Vector3.new(1.5399999618530273, -175.85000610351562, -16.93000030517578)
Part2196.Position = Vector3.new(2756.315185546875, 228.63818359375, 2393.911865234375)
Part2196.Rotation = Vector3.new(178.4499969482422, -4.150000095367432, 162.9499969482422)
Part2196.Transparency = 1
Part2196.Size = Vector3.new(1.3500009775161743, 23.749998092651367, 1.5)
Part2196.Anchored = true
Part2196.Material = Enum.Material.Fabric
Part2197.Name = "Tree_Collision"
Part2197.Parent = Model2190
Part2197.CFrame = CFrame.new(2780.00049, 229.421432, 2402.69067, -0.982503176, 0.102476798, -0.155518711, 0.122969858, 0.984064043, -0.128438264, 0.139878422, -0.145315111, -0.979447603)
Part2197.Orientation = Vector3.new(7.380000114440918, -170.97999572753906, 7.119999885559082)
Part2197.Position = Vector3.new(2780.00048828125, 229.4214324951172, 2402.690673828125)
Part2197.Rotation = Vector3.new(172.52999877929688, -8.949999809265137, -174.0500030517578)
Part2197.Transparency = 1
Part2197.Size = Vector3.new(1.3500009775161743, 26.749998092651367, 1.5)
Part2197.Anchored = true
Part2197.Material = Enum.Material.Fabric
Part2198.Name = "Tree_Collision"
Part2198.Parent = Model2190
Part2198.CFrame = CFrame.new(2728.40283, 227.634705, 2422.43848, -0.99008882, 0.0399129018, -0.134652361, -0.00216300739, 0.954320073, 0.298778623, 0.140426576, 0.296108633, -0.944775105)
Part2198.Orientation = Vector3.new(-17.3799991607666, -171.88999938964844, -0.12999999523162842)
Part2198.Position = Vector3.new(2728.40283203125, 227.63470458984375, 2422.4384765625)
Part2198.Rotation = Vector3.new(-162.4499969482422, -7.739999771118164, -177.69000244140625)
Part2198.Transparency = 1
Part2198.Size = Vector3.new(1.3500009775161743, 23.749998092651367, 1.5)
Part2198.Anchored = true
Part2198.Material = Enum.Material.Fabric
Part2199.Name = "Tree_Collision"
Part2199.Parent = Model2190
Part2199.CFrame = CFrame.new(2771.69482, 228.323868, 2418.42261, -0.959837437, 0.255789638, -0.115255803, 0.221027255, 0.942443192, 0.25089398, 0.172798127, 0.21534273, -0.961128652)
Part2199.Orientation = Vector3.new(-14.529999732971191, -173.16000366210938, 13.199999809265137)
Part2199.Position = Vector3.new(2771.69482421875, 228.32386779785156, 2418.422607421875)
Part2199.Rotation = Vector3.new(-165.3699951171875, -6.619999885559082, -165.0800018310547)
Part2199.Transparency = 1
Part2199.Size = Vector3.new(1.3500009775161743, 26.749998092651367, 1.5)
Part2199.Anchored = true
Part2199.Material = Enum.Material.Fabric
Part2200.Name = "Tree_Collision"
Part2200.Parent = Model2190
Part2200.CFrame = CFrame.new(2767.61328, 228.426453, 2385.71021, -0.994113088, 0.0873643383, -0.0640837401, 0.101488091, 0.957945228, -0.268404722, 0.0379397161, -0.273328394, -0.961172283)
Part2200.Orientation = Vector3.new(15.569999694824219, -176.19000244140625, 6.050000190734863)
Part2200.Position = Vector3.new(2767.61328125, 228.42645263671875, 2385.710205078125)
Part2200.Rotation = Vector3.new(164.39999389648438, -3.6700000762939453, -174.97999572753906)
Part2200.Transparency = 1
Part2200.Size = Vector3.new(1.3500009775161743, 22.749998092651367, 1.5)
Part2200.Anchored = true
Part2200.Material = Enum.Material.Fabric
Part2201.Name = "Tree_Collision"
Part2201.Parent = Model2190
Part2201.CFrame = CFrame.new(2736.62476, 229.04245, 2403.92822, -0.984143436, -0.142791852, -0.105223909, -0.15142107, 0.985295892, 0.0791444108, 0.0923754945, 0.0938225836, -0.991294146)
Part2201.Orientation = Vector3.new(-4.539999961853027, -173.94000244140625, -8.739999771118164)
Part2201.Position = Vector3.new(2736.624755859375, 229.04244995117188, 2403.92822265625)
Part2201.Rotation = Vector3.new(-175.44000244140625, -6.039999961853027, 171.74000549316406)
Part2201.Transparency = 1
Part2201.Size = Vector3.new(1.3500009775161743, 23.749998092651367, 1.5)
Part2201.Anchored = true
Part2201.Material = Enum.Material.Fabric
Part2202.Name = "Tree_Collision"
Part2202.Parent = Model2190
Part2202.CFrame = CFrame.new(2722.34619, 227.406464, 2399.39258, -0.975416124, -0.172973156, -0.136542454, -0.15781641, 0.98074615, -0.115026958, 0.153810054, -0.0906505138, -0.983933389)
Part2202.Orientation = Vector3.new(6.610000133514404, -172.10000610351562, -9.140000343322754)
Part2202.Position = Vector3.new(2722.34619140625, 227.40646362304688, 2399.392578125)
Part2202.Rotation = Vector3.new(173.3300018310547, -7.849999904632568, 169.94000244140625)
Part2202.Transparency = 1
Part2202.Size = Vector3.new(1.3500009775161743, 20.749998092651367, 1.5)
Part2202.Anchored = true
Part2202.Material = Enum.Material.Fabric
Part2203.Name = "Tree_Collision"
Part2203.Parent = Model2190
Part2203.CFrame = CFrame.new(2795.01245, 226.626114, 2415.85034, -0.95039469, 0.267185569, -0.15925391, 0.276547283, 0.960190952, -0.0394332893, 0.142378151, -0.0815184265, -0.986449897)
Part2203.Orientation = Vector3.new(2.259999990463257, -170.8300018310547, 16.06999969482422)
Part2203.Position = Vector3.new(2795.012451171875, 226.62611389160156, 2415.850341796875)
Part2203.Rotation = Vector3.new(177.7100067138672, -9.15999984741211, -164.3000030517578)
Part2203.Transparency = 1
Part2203.Size = Vector3.new(1.3500009775161743, 22.749998092651367, 1.5)
Part2203.Anchored = true
Part2203.Material = Enum.Material.Fabric
Part2204.Name = "Tree_Collision"
Part2204.Parent = Model2190
Part2204.CFrame = CFrame.new(2761.97046, 227.502563, 2427.59229, -0.988527119, -0.075156562, -0.13101764, -0.116944656, 0.92980659, 0.348975152, 0.0955932885, 0.360293239, -0.92792815)
Part2204.Orientation = Vector3.new(-20.420000076293945, -171.9600067138672, -7.170000076293945)
Part2204.Position = Vector3.new(2761.970458984375, 227.5025634765625, 2427.59228515625)
Part2204.Rotation = Vector3.new(-159.38999938964844, -7.53000020980835, 175.64999389648438)
Part2204.Transparency = 1
Part2204.Size = Vector3.new(1.3500009775161743, 23.749998092651367, 1.5)
Part2204.Anchored = true
Part2204.Material = Enum.Material.Fabric
Part2205.Name = "Tree_Collision"
Part2205.Parent = Model2190
Part2205.CFrame = CFrame.new(2752.86377, 227.58902, 2417.22217, -0.990267813, -0.0910917968, -0.105223052, -0.0996488929, 0.991870046, 0.0791449472, 0.097158134, 0.0888600498, -0.991294205)
Part2205.Orientation = Vector3.new(-4.539999961853027, -173.94000244140625, -5.739999771118164)
Part2205.Position = Vector3.new(2752.86376953125, 227.58901977539062, 2417.22216796875)
Part2205.Rotation = Vector3.new(-175.44000244140625, -6.039999961853027, 174.74000549316406)
Part2205.Transparency = 1
Part2205.Size = Vector3.new(1.3500009775161743, 23.749998092651367, 1.5)
Part2205.Anchored = true
Part2205.Material = Enum.Material.Fabric
Part2206.Name = "Tree_Collision"
Part2206.Parent = Model2190
Part2206.CFrame = CFrame.new(2800.46802, 227.189301, 2400.7793, -0.974210203, 0.179200903, -0.13711901, 0.174622491, 0.983614862, 0.0448200144, 0.142904088, 0.0197200514, -0.98954016)
Part2206.Orientation = Vector3.new(-2.569999933242798, -172.11000061035156, 10.069999694824219)
Part2206.Position = Vector3.new(2800.468017578125, 227.18930053710938, 2400.779296875)
Part2206.Rotation = Vector3.new(-177.41000366210938, -7.880000114440918, -169.5800018310547)
Part2206.Transparency = 1
Part2206.Size = Vector3.new(1.3500009775161743, 22.749998092651367, 1.5)
Part2206.Anchored = true
Part2206.Material = Enum.Material.Fabric
Model2207.Name = "??"
Model2207.Parent = Folder0
Part2208.Name = "TreeMesh Bottom"
Part2208.Parent = Model2207
Part2208.CFrame = CFrame.new(2574.38574, 207.337296, 2807.67114, 0.837466359, -0.00841495302, 0.546424448, -0.00474184565, 0.999731898, 0.0226634014, -0.546468675, -0.0215708893, 0.837201834)
Part2208.Orientation = Vector3.new(-1.2999999523162842, 33.130001068115234, -0.27000001072883606)
Part2208.Position = Vector3.new(2574.3857421875, 207.33729553222656, 2807.671142578125)
Part2208.Rotation = Vector3.new(-1.5499999523162842, 33.119998931884766, 0.5799999833106995)
Part2208.Size = Vector3.new(8.250000953674316, 0.2499980926513672, 7)
Part2208.Anchored = true
Part2208.CanCollide = false
Part2208.Material = Enum.Material.Fabric
SpecialMesh2209.Name = "BarkMesh"
SpecialMesh2209.Parent = Part2208
SpecialMesh2209.MeshId = "rbxassetid://623621260"
SpecialMesh2209.Offset = Vector3.new(0, 3.4100000858306885, 0)
SpecialMesh2209.TextureId = "rbxassetid://623618671"
SpecialMesh2209.MeshType = Enum.MeshType.FileMesh
Part2210.Name = "TreeMeshTop"
Part2210.Parent = Model2207
Part2210.CFrame = CFrame.new(2574.13037, 237.469208, 2807.02075, 0.837466359, -0.00841495302, 0.546424448, -0.00474184565, 0.999731898, 0.0226634014, -0.546468675, -0.0215708893, 0.837201834)
Part2210.Orientation = Vector3.new(-1.2999999523162842, 33.130001068115234, -0.27000001072883606)
Part2210.Position = Vector3.new(2574.13037109375, 237.46920776367188, 2807.020751953125)
Part2210.Rotation = Vector3.new(-1.5499999523162842, 33.119998931884766, 0.5799999833106995)
Part2210.Transparency = 0.05000000074505806
Part2210.Size = Vector3.new(8.250000953674316, 0.2499980926513672, 7)
Part2210.Anchored = true
Part2210.CanCollide = false
Part2210.Material = Enum.Material.Fabric
SpecialMesh2211.Name = "TopTreeMesh"
SpecialMesh2211.Parent = Part2210
SpecialMesh2211.MeshId = "rbxassetid://623621456"
SpecialMesh2211.Offset = Vector3.new(0, 3.4100000858306885, 0)
SpecialMesh2211.Scale = Vector3.new(1.600000023841858, 1.600000023841858, 1.600000023841858)
SpecialMesh2211.TextureId = "rbxassetid://745556120"
SpecialMesh2211.MeshType = Enum.MeshType.FileMesh
Part2212.Name = "Tree_Collision"
Part2212.Parent = Model2207
Part2212.CFrame = CFrame.new(2575.76025, 220.582733, 2812.2959, 0.835374355, -0.0345888212, 0.548592329, 0.092041418, 0.992729604, -0.077565223, -0.54192096, 0.115289211, 0.832484424)
Part2212.Orientation = Vector3.new(4.449999809265137, 33.380001068115234, 5.300000190734863)
Part2212.Position = Vector3.new(2575.76025390625, 220.58273315429688, 2812.2958984375)
Part2212.Rotation = Vector3.new(5.320000171661377, 33.27000045776367, 2.369999885559082)
Part2212.Transparency = 1
Part2212.Size = Vector3.new(1.3500009775161743, 26.749998092651367, 1.5)
Part2212.Anchored = true
Part2212.Material = Enum.Material.Fabric
Part2213.Name = "Tree_Collision"
Part2213.Parent = Model2207
Part2213.CFrame = CFrame.new(2585.20557, 219.755219, 2816.82471, 0.82605052, 0.287440687, 0.484787166, -0.305210918, 0.951269269, -0.0439655408, -0.473800659, -0.111644529, 0.873526573)
Part2213.Orientation = Vector3.new(2.5199999809265137, 29.030000686645508, -17.790000915527344)
Part2213.Position = Vector3.new(2585.20556640625, 219.75521850585938, 2816.82470703125)
Part2213.Rotation = Vector3.new(2.880000114440918, 29, -19.190000534057617)
Part2213.Transparency = 1
Part2213.Size = Vector3.new(1.3500009775161743, 23.749998092651367, 1.5)
Part2213.Anchored = true
Part2213.Material = Enum.Material.Fabric
Part2214.Name = "Tree_Collision"
Part2214.Parent = Model2207
Part2214.CFrame = CFrame.new(2560.04956, 221.059433, 2818.84814, 0.834643304, -0.0107731, 0.550685763, 0.109352499, 0.983147025, -0.146505997, -0.539826751, 0.182499126, 0.821755052)
Part2214.Orientation = Vector3.new(8.420000076293945, 33.83000183105469, 6.349999904632568)
Part2214.Position = Vector3.new(2560.049560546875, 221.05943298339844, 2818.84814453125)
Part2214.Rotation = Vector3.new(10.109999656677246, 33.40999984741211, 0.7400000095367432)
Part2214.Transparency = 1
Part2214.Size = Vector3.new(1.3500009775161743, 26.749998092651367, 1.5)
Part2214.Anchored = true
Part2214.Material = Enum.Material.Fabric
Part2215.Name = "Tree_Collision"
Part2215.Parent = Model2207
Part2215.CFrame = CFrame.new(2598.48315, 218.757019, 2779.18799, 0.838625193, -0.140532479, 0.526268721, -0.015863603, 0.959435225, 0.281482548, -0.544478178, -0.244406804, 0.802377164)
Part2215.Orientation = Vector3.new(-16.350000381469727, 33.2599983215332, -0.949999988079071)
Part2215.Position = Vector3.new(2598.483154296875, 218.75701904296875, 2779.18798828125)
Part2215.Rotation = Vector3.new(-19.329999923706055, 31.75, 9.510000228881836)
Part2215.Transparency = 1
Part2215.Size = Vector3.new(1.3500009775161743, 23.749998092651367, 1.5)
Part2215.Anchored = true
Part2215.Material = Enum.Material.Fabric
Part2216.Name = "Tree_Collision"
Part2216.Parent = Model2207
Part2216.CFrame = CFrame.new(2560.93213, 220.078918, 2801.07324, 0.802318513, -0.302534759, 0.514546275, 0.208274096, 0.94974941, 0.233662248, -0.559380949, -0.0803048834, 0.825011611)
Part2216.Orientation = Vector3.new(-13.510000228881836, 31.950000762939453, 12.369999885559082)
Part2216.Position = Vector3.new(2560.93212890625, 220.07891845703125, 2801.0732421875)
Part2216.Rotation = Vector3.new(-15.8100004196167, 30.969999313354492, 20.65999984741211)
Part2216.Transparency = 1
Part2216.Size = Vector3.new(1.3500009775161743, 26.749998092651367, 1.5)
Part2216.Anchored = true
Part2216.Material = Enum.Material.Fabric
Part2217.Name = "Tree_Collision"
Part2217.Parent = Model2207
Part2217.CFrame = CFrame.new(2578.40918, 219.594803, 2829.02124, 0.887634397, 0.0562728867, 0.457098395, 0.0860659108, 0.954754472, -0.28466922, -0.452435941, 0.292022735, 0.842629731)
Part2217.Orientation = Vector3.new(16.540000915527344, 28.479999542236328, 5.150000095367432)
Part2217.Position = Vector3.new(2578.4091796875, 219.5948028564453, 2829.021240234375)
Part2217.Rotation = Vector3.new(18.670000076293945, 27.200000762939453, -3.630000114440918)
Part2217.Transparency = 1
Part2217.Size = Vector3.new(1.3500009775161743, 22.749998092651367, 1.5)
Part2217.Anchored = true
Part2217.Material = Enum.Material.Fabric
Part2218.Name = "Tree_Collision"
Part2218.Parent = Model2207
Part2218.CFrame = CFrame.new(2598.85254, 220.001953, 2799.44971, 0.850285709, 0.110974401, 0.514489174, -0.165755823, 0.984238386, 0.061642725, -0.499539196, -0.13769348, 0.855278492)
Part2218.Orientation = Vector3.new(-3.5299999713897705, 31.030000686645508, -9.5600004196167)
Part2218.Position = Vector3.new(2598.8525390625, 220.001953125, 2799.44970703125)
Part2218.Rotation = Vector3.new(-4.119999885559082, 30.959999084472656, -7.440000057220459)
Part2218.Transparency = 1
Part2218.Size = Vector3.new(1.3500009775161743, 23.749998092651367, 1.5)
Part2218.Anchored = true
Part2218.Material = Enum.Material.Fabric
Part2219.Name = "Tree_Collision"
Part2219.Parent = Model2207
Part2219.CFrame = CFrame.new(2613.67407, 218.064285, 2797.53516, 0.816367865, 0.215915829, 0.535653055, -0.171029687, 0.976266623, -0.132862628, -0.551627338, 0.0168522149, 0.833920598)
Part2219.Orientation = Vector3.new(7.639999866485596, 32.709999084472656, -9.9399995803833)
Part2219.Position = Vector3.new(2613.674072265625, 218.0642852783203, 2797.53515625)
Part2219.Rotation = Vector3.new(9.050000190734863, 32.38999938964844, -14.8100004196167)
Part2219.Transparency = 1
Part2219.Size = Vector3.new(1.3500009775161743, 20.749998092651367, 1.5)
Part2219.Anchored = true
Part2219.Material = Enum.Material.Fabric
Part2220.Name = "Tree_Collision"
Part2220.Parent = Model2207
Part2220.CFrame = CFrame.new(2540.83594, 218.716034, 2813.21631, 0.807747304, -0.18749845, 0.558917642, 0.263447821, 0.962946594, -0.0576976538, -0.527389646, 0.193850726, 0.827213645)
Part2220.Orientation = Vector3.new(3.309999942779541, 34.04999923706055, 15.300000190734863)
Part2220.Position = Vector3.new(2540.8359375, 218.71603393554688, 2813.21630859375)
Part2220.Rotation = Vector3.new(3.990000009536743, 33.97999954223633, 13.069999694824219)
Part2220.Transparency = 1
Part2220.Size = Vector3.new(1.3500009775161743, 22.749998092651367, 1.5)
Part2220.Anchored = true
Part2220.Material = Enum.Material.Fabric
Part2221.Name = "Tree_Collision"
Part2221.Parent = Model2207
Part2221.CFrame = CFrame.new(2565.87305, 219.247437, 2788.65479, 0.853640437, -0.0637352616, 0.516948879, -0.13130635, 0.934098125, 0.331992984, -0.504040658, -0.351281255, 0.789014995)
