Part1915.Name = "Tree_Collision"
Part1915.Parent = Model1901
Part1915.CFrame = CFrame.new(2837.25635, 239.253845, 2578.61255, 0.857936084, -0.0765797049, 0.508018732, -0.105617926, 0.941418946, 0.320276678, -0.502786398, -0.328432411, 0.79958725)
Part1915.Orientation = Vector3.new(-18.68000030517578, 32.43000030517578, -6.400000095367432)
Part1915.Position = Vector3.new(2837.25634765625, 239.25384521484375, 2578.612548828125)
Part1915.Rotation = Vector3.new(-21.829999923706055, 30.530000686645508, 5.099999904632568)
Part1915.Transparency = 1
Part1915.Size = Vector3.new(1.3500009775161743, 23.749998092651367, 1.5)
Part1915.Anchored = true
Part1915.Material = Enum.Material.Fabric
Part1916.Name = "Tree_Collision"
Part1916.Parent = Model1901
Part1916.CFrame = CFrame.new(2849.85815, 239.085205, 2584.23804, 0.858964741, 0.0514408872, 0.509445012, -0.0882668048, 0.994922698, 0.0483626798, -0.504371285, -0.0865089968, 0.859142959)
Part1916.Orientation = Vector3.new(-2.7699999809265137, 30.670000076293945, -5.070000171661377)
Part1916.Position = Vector3.new(2849.858154296875, 239.085205078125, 2584.238037109375)
Part1916.Rotation = Vector3.new(-3.2200000286102295, 30.6299991607666, -3.430000066757202)
Part1916.Transparency = 1
Part1916.Size = Vector3.new(1.3500009775161743, 23.749998092651367, 1.5)
Part1916.Anchored = true
Part1916.Material = Enum.Material.Fabric
Part1917.Name = "Tree_Collision"
Part1917.Parent = Model1901
Part1917.CFrame = CFrame.new(2813.44556, 237.765564, 2619.0083, 0.826869845, -0.165447891, 0.537507534, 0.187185898, 0.982219875, 0.0143766403, -0.530329883, 0.0887263715, 0.843136489)
Part1917.Orientation = Vector3.new(-0.8199999928474426, 32.52000045776367, 10.789999961853027)
Part1917.Position = Vector3.new(2813.445556640625, 237.76556396484375, 2619.00830078125)
Part1917.Rotation = Vector3.new(-0.9800000190734863, 32.5099983215332, 11.3100004196167)
Part1917.Transparency = 1
Part1917.Size = Vector3.new(1.3500009775161743, 22.749998092651367, 1.5)
Part1917.Anchored = true
Part1917.Material = Enum.Material.Fabric
Model1918.Name = "茂み"
Model1918.Parent = Folder0
Part1919.Name = "TreeMesh Bottom"
Part1919.Parent = Model1918
Part1919.CFrame = CFrame.new(1816.96741, 233.985153, 2572.89551, -0.83246541, 0.210739419, -0.5124439, 0.243358552, 0.969932854, 0.00354396552, 0.497781187, -0.121756896, -0.858716011)
Part1919.Orientation = Vector3.new(-0.20000000298023224, -149.1699981689453, 14.079999923706055)
Part1919.Position = Vector3.new(1816.9674072265625, 233.9851531982422, 2572.8955078125)
Part1919.Rotation = Vector3.new(-179.75999450683594, -30.829999923706055, -165.7899932861328)
Part1919.Size = Vector3.new(8.250000953674316, 0.2499980926513672, 7)
Part1919.Anchored = true
Part1919.CanCollide = false
Part1919.Material = Enum.Material.Fabric
SpecialMesh1920.Name = "BarkMesh"
SpecialMesh1920.Parent = Part1919
SpecialMesh1920.MeshId = "rbxassetid://623621260"
SpecialMesh1920.Offset = Vector3.new(0, 3.4100000858306885, 0)
SpecialMesh1920.TextureId = "rbxassetid://623618671"
SpecialMesh1920.MeshType = Enum.MeshType.FileMesh
Part1921.Name = "TreeMeshTop"
Part1921.Parent = Model1918
Part1921.CFrame = CFrame.new(1823.3197, 263.218628, 2569.22559, -0.83246541, 0.210739419, -0.5124439, 0.243358552, 0.969932854, 0.00354396552, 0.497781187, -0.121756896, -0.858716011)
Part1921.Orientation = Vector3.new(-0.20000000298023224, -149.1699981689453, 14.079999923706055)
Part1921.Position = Vector3.new(1823.3197021484375, 263.2186279296875, 2569.2255859375)
Part1921.Rotation = Vector3.new(-179.75999450683594, -30.829999923706055, -165.7899932861328)
Part1921.Transparency = 0.05000000074505806
Part1921.Size = Vector3.new(8.250000953674316, 0.2499980926513672, 7)
Part1921.Anchored = true
Part1921.CanCollide = false
Part1921.Material = Enum.Material.Fabric
SpecialMesh1922.Name = "TopTreeMesh"
SpecialMesh1922.Parent = Part1921
SpecialMesh1922.MeshId = "rbxassetid://623621456"
SpecialMesh1922.Offset = Vector3.new(0, 3.4100000858306885, 0)
SpecialMesh1922.Scale = Vector3.new(1.600000023841858, 1.600000023841858, 1.600000023841858)
SpecialMesh1922.TextureId = "rbxassetid://745556120"
SpecialMesh1922.MeshType = Enum.MeshType.FileMesh
Part1923.Name = "Tree_Collision"
Part1923.Parent = Model1918
Part1923.CFrame = CFrame.new(1818.40845, 246.388321, 2566.35254, -0.810671628, 0.237862676, -0.535015464, 0.336003333, 0.93732059, -0.0923976079, 0.479501337, -0.254669905, -0.839777291)
Part1923.Orientation = Vector3.new(5.300000190734863, -147.5, 19.719999313354492)
Part1923.Position = Vector3.new(1818.408447265625, 246.38832092285156, 2566.3525390625)
Part1923.Rotation = Vector3.new(173.72000122070312, -32.34000015258789, -163.64999389648438)
Part1923.Transparency = 1
Part1923.Size = Vector3.new(1.3500009775161743, 26.749998092651367, 1.5)
Part1923.Anchored = true
Part1923.Material = Enum.Material.Fabric
Part1924.Name = "Tree_Collision"
Part1924.Parent = Model1918
Part1924.CFrame = CFrame.new(1809.09143, 246.769226, 2561.51099, -0.880738497, -0.0906503424, -0.464855552, -0.0609005243, 0.995042801, -0.078654401, 0.469679594, -0.0409637168, -0.88188827)
Part1924.Orientation = Vector3.new(4.510000228881836, -152.2100067138672, -3.5)
Part1924.Position = Vector3.new(1809.0914306640625, 246.76922607421875, 2561.510986328125)
Part1924.Rotation = Vector3.new(174.89999389648438, -27.700000762939453, 174.1199951171875)
Part1924.Transparency = 1
Part1924.Size = Vector3.new(1.3500009775161743, 23.749998092651367, 1.5)
Part1924.Anchored = true
Part1924.Material = Enum.Material.Fabric
Part1925.Name = "Tree_Collision"
Part1925.Parent = Model1918
Part1925.CFrame = CFrame.new(1834.02527, 242.756851, 2560.61523, -0.806396246, 0.214038342, -0.551290393, 0.352311045, 0.922599375, -0.157140806, 0.474984139, -0.320941985, -0.819384158)
Part1925.Orientation = Vector3.new(9.039999961853027, -146.07000732421875, 20.899999618530273)
Part1925.Position = Vector3.new(1834.0252685546875, 242.75685119628906, 2560.615234375)
Part1925.Rotation = Vector3.new(169.13999938964844, -33.459999084472656, -165.1300048828125)
Part1925.Transparency = 1
Part1925.Size = Vector3.new(1.3500009775161743, 26.749998092651367, 1.5)
Part1925.Anchored = true
Part1925.Material = Enum.Material.Fabric
Part1926.Name = "Tree_Collision"
Part1926.Parent = Model1918
Part1926.CFrame = CFrame.new(1795.08667, 254.106949, 2598.17017, -0.835814893, 0.327136934, -0.440912068, 0.232514977, 0.938433349, 0.255509764, 0.497351319, 0.111039415, -0.860416174)
Part1926.Orientation = Vector3.new(-14.800000190734863, -152.8699951171875, 13.920000076293945)
Part1926.Position = Vector3.new(1795.086669921875, 254.10694885253906, 2598.170166015625)
Part1926.Rotation = Vector3.new(-163.4600067138672, -26.15999984741211, -158.6199951171875)
Part1926.Transparency = 1
Part1926.Size = Vector3.new(1.3500009775161743, 23.749998092651367, 1.5)
Part1926.Anchored = true
Part1926.Material = Enum.Material.Fabric
Part1927.Name = "Tree_Collision"
Part1927.Parent = Model1918
Part1927.CFrame = CFrame.new(1832.58215, 244.664642, 2578.27759, -0.755087495, 0.487266243, -0.438660622, 0.444691598, 0.872273028, 0.203457355, 0.481768012, -0.0414407626, -0.875320733)
Part1927.Orientation = Vector3.new(-11.739999771118164, -153.3800048828125, 27.010000228881836)
Part1927.Position = Vector3.new(1832.5821533203125, 244.66464233398438, 2578.277587890625)
Part1927.Rotation = Vector3.new(-166.91000366210938, -26.020000457763672, -147.1699981689453)
Part1927.Transparency = 1
Part1927.Size = Vector3.new(1.3500009775161743, 26.749998092651367, 1.5)
Part1927.Anchored = true
Part1927.Material = Enum.Material.Fabric
Part1928.Name = "Tree_Collision"
Part1928.Parent = Model1918
Part1928.CFrame = CFrame.new(1815.97205, 243.43013, 2549.82861, -0.861134291, 0.144978404, -0.487275749, 0.327033818, 0.891813576, -0.312606752, 0.389236569, -0.428549916, -0.815379679)
Part1928.Orientation = Vector3.new(18.219999313354492, -149.13999938964844, 20.139999389648438)
Part1928.Position = Vector3.new(1815.9720458984375, 243.4301300048828, 2549.82861328125)
Part1928.Rotation = Vector3.new(159.02000427246094, -29.15999984741211, -170.44000244140625)
Part1928.Transparency = 1
Part1928.Size = Vector3.new(1.3500009775161743, 22.749998092651367, 1.5)
Part1928.Anchored = true
Part1928.Material = Enum.Material.Fabric
Part1929.Name = "Tree_Collision"
Part1929.Parent = Model1918
Part1929.CFrame = CFrame.new(1795.41064, 252.327225, 2577.94629, -0.876701236, 0.0882375315, -0.472882062, 0.0828490257, 0.996042669, 0.0322598368, 0.473855615, -0.0108955353, -0.88053751)
Part1929.Orientation = Vector3.new(-1.850000023841858, -151.75999450683594, 4.75)
Part1929.Position = Vector3.new(1795.41064453125, 252.3272247314453, 2577.9462890625)
Part1929.Rotation = Vector3.new(-177.89999389648438, -28.219999313354492, -174.25)
Part1929.Transparency = 1
Part1929.Size = Vector3.new(1.3500009775161743, 23.749998092651367, 1.5)
Part1929.Anchored = true
Part1929.Material = Enum.Material.Fabric
Part1930.Name = "Tree_Collision"
Part1930.Parent = Model1918
Part1930.CFrame = CFrame.new(1780.46704, 253.667816, 2579.35645, -0.845680654, -0.0128125548, -0.533543706, 0.0789019912, 0.985727727, -0.148731887, 0.527832389, -0.167876422, -0.83259511)
Part1930.Orientation = Vector3.new(8.550000190734863, -147.35000610351562, 4.579999923706055)
Part1930.Position = Vector3.new(1780.467041015625, 253.66781616210938, 2579.3564453125)
Part1930.Rotation = Vector3.new(169.8699951171875, -32.25, 179.1300048828125)
Part1930.Transparency = 1
Part1930.Size = Vector3.new(1.3500009775161743, 20.749998092651367, 1.5)
Part1930.Anchored = true
Part1930.Material = Enum.Material.Fabric
Part1931.Name = "Tree_Collision"
Part1931.Parent = Model1918
Part1931.CFrame = CFrame.new(1852.23865, 237.540894, 2567.50366, -0.748517036, 0.383185089, -0.541202545, 0.494376838, 0.86640209, -0.0703182966, 0.441952467, -0.320191026, -0.837949812)
Part1931.Orientation = Vector3.new(4.03000020980835, -147.13999938964844, 29.709999084472656)
Part1931.Position = Vector3.new(1852.2386474609375, 237.5408935546875, 2567.503662109375)
Part1931.Rotation = Vector3.new(175.1999969482422, -32.77000045776367, -152.88999938964844)
Part1931.Transparency = 1
Part1931.Size = Vector3.new(1.3500009775161743, 22.749998092651367, 1.5)
Part1931.Anchored = true
Part1931.Material = Enum.Material.Fabric
Part1932.Name = "Tree_Collision"
Part1932.Parent = Model1918
Part1932.CFrame = CFrame.new(1827.31201, 246.709732, 2590.41675, -0.873087704, 0.244530424, -0.421818972, 0.117560133, 0.945197642, 0.304608911, 0.473186702, 0.216359973, -0.853982866)
Part1932.Orientation = Vector3.new(-17.729999542236328, -153.7100067138672, 7.090000152587891)
Part1932.Position = Vector3.new(1827.31201171875, 246.70973205566406, 2590.416748046875)
Part1932.Rotation = Vector3.new(-160.3699951171875, -24.950000762939453, -164.35000610351562)
Part1932.Transparency = 1
Part1932.Size = Vector3.new(1.3500009775161743, 23.749998092651367, 1.5)
Part1932.Anchored = true
Part1932.Material = Enum.Material.Fabric
Part1933.Name = "Tree_Collision"
Part1933.Parent = Model1918
Part1933.CFrame = CFrame.new(1815.0249, 248.145523, 2584.29663, -0.870882928, 0.133999601, -0.472880185, 0.134864122, 0.990341544, 0.0322600305, 0.472634137, -0.0356797427, -0.880538464)
Part1933.Orientation = Vector3.new(-1.850000023841858, -151.75999450683594, 7.75)
Part1933.Position = Vector3.new(1815.02490234375, 248.14552307128906, 2584.296630859375)
Part1933.Rotation = Vector3.new(-177.89999389648438, -28.219999313354492, -171.25)
Part1933.Transparency = 1
Part1933.Size = Vector3.new(1.3500009775161743, 23.749998092651367, 1.5)
Part1933.Anchored = true
Part1933.Material = Enum.Material.Fabric
Part1934.Name = "Tree_Collision"
Part1934.Parent = Model1918
Part1934.CFrame = CFrame.new(1851.28162, 235.807053, 2551.58911, -0.788319945, 0.348366946, -0.507149696, 0.400811762, 0.916141927, 0.0062827915, 0.46680814, -0.198317945, -0.861837685)
Part1934.Orientation = Vector3.new(-0.36000001430511475, -149.52999877929688, 23.6299991607666)
Part1934.Position = Vector3.new(1851.2816162109375, 235.8070526123047, 2551.589111328125)
Part1934.Rotation = Vector3.new(-179.5800018310547, -30.469999313354492, -156.16000366210938)
Part1934.Transparency = 1
Part1934.Size = Vector3.new(1.3500009775161743, 22.749998092651367, 1.5)
Part1934.Anchored = true
Part1934.Material = Enum.Material.Fabric
Model1935.Name = "茂み"
Model1935.Parent = Folder0
Part1936.Name = "TreeMesh Bottom"
Part1936.Parent = Model1935
Part1936.CFrame = CFrame.new(1832.42761, 210.30835, 2379.57568, -0.858434975, 0.0222270489, -0.512442589, 0.0237695277, 0.999711633, 0.0035439718, 0.512373149, -0.00913823675, -0.858714819)
Part1936.Orientation = Vector3.new(-0.20000000298023224, -149.1699981689453, 1.3600000143051147)
Part1936.Position = Vector3.new(1832.4276123046875, 210.308349609375, 2379.57568359375)
Part1936.Rotation = Vector3.new(-179.75999450683594, -30.829999923706055, -178.52000427246094)
Part1936.Size = Vector3.new(8.250000953674316, 0.2499980926513672, 7)
Part1936.Anchored = true
Part1936.CanCollide = false
Part1936.Material = Enum.Material.Fabric
SpecialMesh1937.Name = "BarkMesh"
SpecialMesh1937.Parent = Part1936
SpecialMesh1937.MeshId = "rbxassetid://623621260"
SpecialMesh1937.Offset = Vector3.new(0, 3.4100000858306885, 0)
SpecialMesh1937.TextureId = "rbxassetid://623618671"
SpecialMesh1937.MeshType = Enum.MeshType.FileMesh
Part1938.Name = "TreeMeshTop"
Part1938.Parent = Model1935
Part1938.CFrame = CFrame.new(1833.09827, 240.439514, 2379.30029, -0.858434975, 0.0222270489, -0.512442589, 0.0237695277, 0.999711633, 0.0035439718, 0.512373149, -0.00913823675, -0.858714819)
Part1938.Orientation = Vector3.new(-0.20000000298023224, -149.1699981689453, 1.3600000143051147)
Part1938.Position = Vector3.new(1833.0982666015625, 240.43951416015625, 2379.30029296875)
Part1938.Rotation = Vector3.new(-179.75999450683594, -30.829999923706055, -178.52000427246094)
Part1938.Transparency = 0.05000000074505806
Part1938.Size = Vector3.new(8.250000953674316, 0.2499980926513672, 7)
Part1938.Anchored = true
Part1938.CanCollide = false
Part1938.Material = Enum.Material.Fabric
SpecialMesh1939.Name = "TopTreeMesh"
SpecialMesh1939.Parent = Part1938
SpecialMesh1939.MeshId = "rbxassetid://623621456"
SpecialMesh1939.Offset = Vector3.new(0, 3.4100000858306885, 0)
SpecialMesh1939.Scale = Vector3.new(1.600000023841858, 1.600000023841858, 1.600000023841858)
SpecialMesh1939.TextureId = "rbxassetid://745556120"
SpecialMesh1939.MeshType = Enum.MeshType.FileMesh
Part1940.Name = "Tree_Collision"
Part1940.Parent = Model1935
Part1940.CFrame = CFrame.new(1831.43079, 223.418335, 2374.49072, -0.854744077, 0.0536958054, -0.516266942, 0.120324433, 0.988038719, -0.0964482352, 0.504912436, -0.144557893, -0.850980282)
Part1940.Orientation = Vector3.new(5.53000020980835, -148.75999450683594, 6.940000057220459)
Part1940.Position = Vector3.new(1831.4307861328125, 223.4183349609375, 2374.49072265625)
Part1940.Rotation = Vector3.new(173.52999877929688, -31.079999923706055, -176.41000366210938)
Part1940.Transparency = 1
Part1940.Size = Vector3.new(1.3500009775161743, 26.749998092651367, 1.5)
Part1940.Anchored = true
Part1940.Material = Enum.Material.Fabric
Part1941.Name = "Tree_Collision"
Part1941.Parent = Model1935
Part1941.CFrame = CFrame.new(1822.16199, 222.575073, 2369.61523, -0.848560929, -0.277644843, -0.450399399, -0.27897203, 0.958095849, -0.0650213733, 0.449578315, 0.0704741776, -0.890456915)
Part1941.Orientation = Vector3.new(3.7300000190734863, -153.1699981689453, -16.229999542236328)
Part1941.Position = Vector3.new(1822.1619873046875, 222.5750732421875, 2369.615234375)
Part1941.Rotation = Vector3.new(175.82000732421875, -26.770000457763672, 161.8800048828125)
Part1941.Transparency = 1
Part1941.Size = Vector3.new(1.3500009775161743, 23.749998092651367, 1.5)
Part1941.Anchored = true
Part1941.Material = Enum.Material.Fabric
Part1942.Name = "Tree_Collision"
Part1942.Parent = Model1935
Part1942.CFrame = CFrame.new(1847.39441, 223.476746, 2368.56152, -0.8536762, 0.0324232876, -0.519795716, 0.137550235, 0.976658642, -0.164981872, 0.502313137, -0.212338895, -0.838209212)
Part1942.Orientation = Vector3.new(9.5, -148.1999969482422, 8.020000457763672)
Part1942.Position = Vector3.new(1847.3944091796875, 223.47674560546875, 2368.5615234375)
Part1942.Rotation = Vector3.new(168.8699951171875, -31.31999969482422, -177.82000732421875)
Part1942.Transparency = 1
Part1942.Size = Vector3.new(1.3500009775161743, 26.749998092651367, 1.5)
Part1942.Anchored = true
Part1942.Material = Enum.Material.Fabric
Part1943.Name = "Tree_Collision"
Part1943.Parent = Model1935
Part1943.CFrame = CFrame.new(1807.39026, 222.944702, 2406.70312, -0.859676898, 0.144808933, -0.489885837, 0.012607472, 0.964703143, 0.263039529, 0.510684311, 0.219952539, -0.831157804)
Part1943.Orientation = Vector3.new(-15.25, -149.47999572753906, 0.75)
Part1943.Position = Vector3.new(1807.3902587890625, 222.9447021484375, 2406.703125)
Part1943.Rotation = Vector3.new(-162.44000244140625, -29.329999923706055, -170.44000244140625)
Part1943.Transparency = 1
Part1943.Size = Vector3.new(1.3500009775161743, 23.749998092651367, 1.5)
Part1943.Anchored = true
Part1943.Material = Enum.Material.Fabric
Part1944.Name = "Tree_Collision"
Part1944.Parent = Model1935
Part1944.CFrame = CFrame.new(1845.79346, 223.07016, 2386.30859, -0.820703506, 0.313025057, -0.47797817, 0.236597389, 0.947663665, 0.214374185, 0.520066619, 0.0628491566, -0.851810813)
Part1944.Orientation = Vector3.new(-12.380000114440918, -150.6999969482422, 14.020000457763672)
Part1944.Position = Vector3.new(1845.79345703125, 223.07015991210938, 2386.30859375)
Part1944.Rotation = Vector3.new(-165.8699951171875, -28.549999237060547, -159.1199951171875)
Part1944.Transparency = 1
Part1944.Size = Vector3.new(1.3500009775161743, 26.749998092651367, 1.5)
Part1944.Anchored = true
Part1944.Material = Enum.Material.Fabric
Part1945.Name = "Tree_Collision"
Part1945.Parent = Model1935
Part1945.CFrame = CFrame.new(1829.4325, 221.938232, 2357.71143, -0.903501034, -0.030641228, -0.427491695, 0.11222779, 0.945723772, -0.304979026, 0.413633615, -0.323524982, -0.85102284)
Part1945.Orientation = Vector3.new(17.760000228881836, -153.3300018310547, 6.769999980926514)
Part1945.Position = Vector3.new(1829.4324951171875, 221.938232421875, 2357.71142578125)
Part1945.Rotation = Vector3.new(160.27999877929688, -25.309999465942383, 178.05999755859375)
Part1945.Transparency = 1
Part1945.Size = Vector3.new(1.3500009775161743, 22.749998092651367, 1.5)
Part1945.Anchored = true
Part1945.Material = Enum.Material.Fabric
Part1946.Name = "Tree_Collision"
Part1946.Parent = Model1935
Part1946.CFrame = CFrame.new(1807.84229, 223.553802, 2386.41309, -0.871747077, -0.101884156, -0.479247928, -0.138460532, 0.989498556, 0.04149919, 0.469986677, 0.102533653, -0.876698613)
Part1946.Orientation = Vector3.new(-2.380000114440918, -151.33999633789062, -7.96999979019165)
Part1946.Position = Vector3.new(1807.84228515625, 223.55380249023438, 2386.4130859375)
Part1946.Rotation = Vector3.new(-177.2899932861328, -28.639999389648438, 173.3300018310547)
Part1946.Transparency = 1
Part1946.Size = Vector3.new(1.3500009775161743, 23.749998092651367, 1.5)
Part1946.Anchored = true
Part1946.Material = Enum.Material.Fabric
Part1947.Name = "Tree_Collision"
Part1947.Parent = Model1935
Part1947.CFrame = CFrame.new(1792.92993, 221.876801, 2387.79199, -0.840000451, -0.200726762, -0.504093468, -0.14254117, 0.978059173, -0.151932031, 0.52352953, -0.0557688251, -0.850180984)
Part1947.Orientation = Vector3.new(8.739999771118164, -149.33999633789062, -8.289999961853027)
Part1947.Position = Vector3.new(1792.929931640625, 221.87680053710938, 2387.7919921875)
Part1947.Rotation = Vector3.new(169.8699951171875, -30.270000457763672, 166.55999755859375)
Part1947.Transparency = 1
Part1947.Size = Vector3.new(1.3500009775161743, 20.749998092651367, 1.5)
Part1947.Anchored = true
Part1947.Material = Enum.Material.Fabric
Part1948.Name = "Tree_Collision"
Part1948.Parent = Model1935
Part1948.CFrame = CFrame.new(1866.33362, 221.054626, 2375.02832, -0.82404983, 0.209144965, -0.526500285, 0.290801376, 0.953737736, -0.0762872919, 0.486187637, -0.215971261, -0.846746087)
Part1948.Orientation = Vector3.new(4.380000114440918, -148.1300048828125, 16.959999084472656)
Part1948.Position = Vector3.new(1866.3336181640625, 221.05462646484375, 2375.0283203125)
Part1948.Rotation = Vector3.new(174.85000610351562, -31.770000457763672, -165.75999450683594)
Part1948.Transparency = 1
Part1948.Size = Vector3.new(1.3500009775161743, 22.749998092651367, 1.5)
Part1948.Anchored = true
Part1948.Material = Enum.Material.Fabric
Part1949.Name = "Tree_Collision"
Part1949.Parent = Model1935
Part1949.CFrame = CFrame.new(1840.35376, 222.697723, 2398.53906, -0.874771714, 0.0634745508, -0.48036173, -0.103842989, 0.943788469, 0.313816518, 0.473278761, 0.32439971, -0.819007277)
Part1949.Orientation = Vector3.new(-18.290000915527344, -149.61000061035156, -6.28000020980835)
Part1949.Position = Vector3.new(1840.353759765625, 222.69772338867188, 2398.5390625)
Part1949.Rotation = Vector3.new(-159.02999877929688, -28.709999084472656, -175.85000610351562)
Part1949.Transparency = 1
Part1949.Size = Vector3.new(1.3500009775161743, 23.749998092651367, 1.5)
Part1949.Anchored = true
Part1949.Material = Enum.Material.Fabric
Part1950.Name = "Tree_Collision"
Part1950.Parent = Model1935
Part1950.CFrame = CFrame.new(1827.95605, 222.466187, 2392.47803, -0.875885665, -0.0561208017, -0.47924614, -0.0864846185, 0.995388806, 0.0414998457, 0.474706888, 0.0777964666, -0.876699507)
Part1950.Orientation = Vector3.new(-2.380000114440918, -151.33999633789062, -4.96999979019165)
Part1950.Position = Vector3.new(1827.9560546875, 222.4661865234375, 2392.47802734375)
Part1950.Rotation = Vector3.new(-177.2899932861328, -28.639999389648438, 176.3300018310547)
Part1950.Transparency = 1
Part1950.Size = Vector3.new(1.3500009775161743, 23.749998092651367, 1.5)
Part1950.Anchored = true
Part1950.Material = Enum.Material.Fabric
Part1951.Name = "Tree_Collision"
Part1951.Parent = Model1935
Part1951.CFrame = CFrame.new(1865.56238, 220.979675, 2359.00977, -0.84518373, 0.166770101, -0.507793665, 0.189201102, 0.981909633, 0.00756907277, 0.499869347, -0.0896777734, -0.861446142)
Part1951.Orientation = Vector3.new(-0.4300000071525574, -149.47999572753906, 10.90999984741211)
Part1951.Position = Vector3.new(1865.5623779296875, 220.97967529296875, 2359.009765625)
Part1951.Rotation = Vector3.new(-179.5, -30.520000457763672, -168.83999633789062)
Part1951.Transparency = 1
Part1951.Size = Vector3.new(1.3500009775161743, 22.749998092651367, 1.5)
Part1951.Anchored = true
Part1951.Material = Enum.Material.Fabric
Model1952.Name = "茂み"
Model1952.Parent = Folder0
Part1953.Name = "TreeMesh Bottom"
Part1953.Parent = Model1952
Part1953.CFrame = CFrame.new(2961.86377, 170.009094, 2231.37158, 0.839997649, -0.0238344036, 0.54206723, 0.0216940567, 0.999711812, 0.010338746, -0.542158067, 0.00307510793, 0.840271533)
Part1953.Orientation = Vector3.new(-0.5899999737739563, 32.83000183105469, 1.2400000095367432)
Part1953.Position = Vector3.new(2961.86376953125, 170.00909423828125, 2231.37158203125)
Part1953.Rotation = Vector3.new(-0.699999988079071, 32.81999969482422, 1.6299999952316284)
Part1953.Size = Vector3.new(8.250000953674316, 0.2499980926513672, 7)
Part1953.Anchored = true
Part1953.CanCollide = false
Part1953.Material = Enum.Material.Fabric
SpecialMesh1954.Name = "BarkMesh"
SpecialMesh1954.Parent = Part1953
SpecialMesh1954.MeshId = "rbxassetid://623621260"
SpecialMesh1954.Offset = Vector3.new(0, 3.4100000858306885, 0)
SpecialMesh1954.TextureId = "rbxassetid://623618671"
SpecialMesh1954.MeshType = Enum.MeshType.FileMesh
Part1955.Name = "TreeMeshTop"
Part1955.Parent = Model1952
Part1955.CFrame = CFrame.new(2961.14404, 200.140289, 2231.46411, 0.839997649, -0.0238344036, 0.54206723, 0.0216940567, 0.999711812, 0.010338746, -0.542158067, 0.00307510793, 0.840271533)
Part1955.Orientation = Vector3.new(-0.5899999737739563, 32.83000183105469, 1.2400000095367432)
Part1955.Position = Vector3.new(2961.14404296875, 200.14028930664062, 2231.464111328125)
Part1955.Rotation = Vector3.new(-0.699999988079071, 32.81999969482422, 1.6299999952316284)
Part1955.Transparency = 0.05000000074505806
Part1955.Size = Vector3.new(8.250000953674316, 0.2499980926513672, 7)
Part1955.Anchored = true
Part1955.CanCollide = false
Part1955.Material = Enum.Material.Fabric
SpecialMesh1956.Name = "TopTreeMesh"
SpecialMesh1956.Parent = Part1955
SpecialMesh1956.MeshId = "rbxassetid://623621456"
SpecialMesh1956.Offset = Vector3.new(0, 3.4100000858306885, 0)
SpecialMesh1956.Scale = Vector3.new(1.600000023841858, 1.600000023841858, 1.600000023841858)
SpecialMesh1956.TextureId = "rbxassetid://745556120"
SpecialMesh1956.MeshType = Enum.MeshType.FileMesh
Part1957.Name = "Tree_Collision"
Part1957.Parent = Model1952
Part1957.CFrame = CFrame.new(2963.01123, 183.155518, 2236.32886, 0.836381912, -0.0505405627, 0.545813203, 0.11829298, 0.988919735, -0.0896970853, -0.535232782, 0.139586821, 0.833092034)
Part1957.Orientation = Vector3.new(5.150000095367432, 33.22999954223633, 6.820000171661377)
Part1957.Position = Vector3.new(2963.01123046875, 183.155517578125, 2236.328857421875)
Part1957.Rotation = Vector3.new(6.150000095367432, 33.08000183105469, 3.4600000381469727)
Part1957.Transparency = 1
Part1957.Size = Vector3.new(1.3500009775161743, 26.749998092651367, 1.5)
Part1957.Anchored = true
Part1957.Material = Enum.Material.Fabric
Part1958.Name = "Tree_Collision"
Part1958.Parent = Model1952
Part1958.CFrame = CFrame.new(2972.44653, 182.361725, 2240.88403, 0.832907975, 0.27315852, 0.481300801, -0.280623674, 0.958058119, -0.0581102371, -0.476988643, -0.0866644531, 0.874627292)
Part1958.Orientation = Vector3.new(3.3299999237060547, 28.81999969482422, -16.329999923706055)
Part1958.Position = Vector3.new(2972.446533203125, 182.36172485351562, 2240.884033203125)
Part1958.Rotation = Vector3.new(3.799999952316284, 28.770000457763672, -18.15999984741211)
Part1958.Transparency = 1
Part1958.Size = Vector3.new(1.3500009775161743, 23.749998092651367, 1.5)
Part1958.Anchored = true
Part1958.Material = Enum.Material.Fabric
Part1959.Name = "Tree_Collision"
Part1959.Parent = Model1952
Part1959.CFrame = CFrame.new(2947.26367, 183.227692, 2242.81079, 0.83537215, -0.026895754, 0.549027264, 0.135533974, 0.978043854, -0.158309698, -0.532715559, 0.206659272, 0.820674896)
Part1959.Orientation = Vector3.new(9.109999656677246, 33.779998779296875, 7.889999866485596)
Part1959.Position = Vector3.new(2947.263671875, 183.22769165039062, 2242.810791015625)
Part1959.Rotation = Vector3.new(10.920000076293945, 33.29999923706055, 1.840000033378601)
Part1959.Transparency = 1
Part1959.Size = Vector3.new(1.3500009775161743, 26.749998092651367, 1.5)
Part1959.Anchored = true
Part1959.Material = Enum.Material.Fabric
Part1960.Name = "Tree_Collision"
Part1960.Parent = Model1952
Part1960.CFrame = CFrame.new(2985.91504, 182.500519, 2203.30151, 0.841320395, -0.154263332, 0.518058598, 0.0105469953, 0.96291554, 0.269600153, -0.5404374, -0.221355632, 0.811745584)
Part1960.Orientation = Vector3.new(-15.640000343322754, 32.54999923706055, 0.6299999952316284)
Part1960.Position = Vector3.new(2985.9150390625, 182.50051879882812, 2203.301513671875)
Part1960.Rotation = Vector3.new(-18.3700008392334, 31.200000762939453, 10.390000343322754)
Part1960.Transparency = 1
Part1960.Size = Vector3.new(1.3500009775161743, 23.749998092651367, 1.5)
Part1960.Anchored = true
Part1960.Material = Enum.Material.Fabric
Part1961.Name = "Tree_Collision"
Part1961.Parent = Model1952
Part1961.CFrame = CFrame.new(2948.24609, 182.701233, 2225.02197, 0.801608801, -0.316865385, 0.506973028, 0.23439987, 0.946674049, 0.221058667, -0.54998517, -0.058367461, 0.833133519)
Part1961.Orientation = Vector3.new(-12.770000457763672, 31.31999969482422, 13.90999984741211)
Part1961.Position = Vector3.new(2948.24609375, 182.70123291015625, 2225.02197265625)
Part1961.Rotation = Vector3.new(-14.859999656677246, 30.459999084472656, 21.56999969482422)
Part1961.Transparency = 1
Part1961.Size = Vector3.new(1.3500009775161743, 26.749998092651367, 1.5)
Part1961.Anchored = true
Part1961.Material = Enum.Material.Fabric
Part1962.Name = "Tree_Collision"
Part1962.Parent = Model1952
Part1962.CFrame = CFrame.new(2965.59668, 181.794647, 2253.03784, 0.888307989, 0.0400689468, 0.457497835, 0.110907964, 0.947983742, -0.298373848, -0.445657045, 0.315787822, 0.837656915)
Part1962.Orientation = Vector3.new(17.360000610351562, 28.639999389648438, 6.670000076293945)
Part1962.Position = Vector3.new(2965.5966796875, 181.79464721679688, 2253.037841796875)
Part1962.Rotation = Vector3.new(19.610000610351562, 27.229999542236328, -2.5799999237060547)
Part1962.Transparency = 1
Part1962.Size = Vector3.new(1.3500009775161743, 22.749998092651367, 1.5)
Part1962.Anchored = true
Part1962.Material = Enum.Material.Fabric
Part1963.Name = "Tree_Collision"
Part1963.Parent = Model1952
Part1963.CFrame = CFrame.new(2986.1687, 183.248871, 2223.58984, 0.85509479, 0.0963252783, 0.509445786, -0.140215799, 0.988939703, 0.0483617485, -0.499153674, -0.112786382, 0.859142721)
Part1963.Orientation = Vector3.new(-2.7699999809265137, 30.670000076293945, -8.069999694824219)
Part1963.Position = Vector3.new(2986.168701171875, 183.24887084960938, 2223.58984375)
Part1963.Rotation = Vector3.new(-3.2200000286102295, 30.6299991607666, -6.429999828338623)
Part1963.Transparency = 1
Part1963.Size = Vector3.new(1.3500009775161743, 23.749998092651367, 1.5)
Part1963.Anchored = true
Part1963.Material = Enum.Material.Fabric
Part1964.Name = "Tree_Collision"
Part1964.Parent = Model1952
Part1964.CFrame = CFrame.new(3001.02808, 181.58783, 2221.70312, 0.821509123, 0.200650588, 0.533726454, -0.144720942, 0.978760958, -0.145205155, -0.551527262, 0.0420454741, 0.833097577)
Part1964.Orientation = Vector3.new(8.350000381469727, 32.650001525878906, -8.40999984741211)
Part1964.Position = Vector3.new(3001.028076171875, 181.58782958984375, 2221.703125)
Part1964.Rotation = Vector3.new(9.890000343322754, 32.2599983215332, -13.729999542236328)
Part1964.Transparency = 1
Part1964.Size = Vector3.new(1.3500009775161743, 20.749998092651367, 1.5)
Part1964.Anchored = true
Part1964.Material = Enum.Material.Fabric
Part1965.Name = "Tree_Collision"
Part1965.Parent = Model1952
Part1965.CFrame = CFrame.new(2928.11548, 180.728821, 2237.02539, 0.806028903, -0.203337371, 0.55585289, 0.288840801, 0.954848349, -0.0695469603, -0.516614377, 0.21660994, 0.82836622)
Part1965.Orientation = Vector3.new(3.990000009536743, 33.86000061035156, 16.829999923706055)
Part1965.Position = Vector3.new(2928.115478515625, 180.72882080078125, 2237.025390625)
Part1965.Rotation = Vector3.new(4.800000190734863, 33.77000045776367, 14.15999984741211)
Part1965.Transparency = 1
Part1965.Size = Vector3.new(1.3500009775161743, 22.749998092651367, 1.5)
Part1965.Anchored = true
Part1965.Material = Enum.Material.Fabric
Part1966.Name = "Tree_Collision"
Part1966.Parent = Model1952
Part1966.CFrame = CFrame.new(2953.25635, 182.253845, 2212.61255, 0.857936084, -0.0765797049, 0.508018732, -0.105617926, 0.941418946, 0.320276678, -0.502786398, -0.328432411, 0.79958725)
Part1966.Orientation = Vector3.new(-18.68000030517578, 32.43000030517578, -6.400000095367432)
Part1966.Position = Vector3.new(2953.25634765625, 182.25384521484375, 2212.612548828125)
Part1966.Rotation = Vector3.new(-21.829999923706055, 30.530000686645508, 5.099999904632568)
Part1966.Transparency = 1
Part1966.Size = Vector3.new(1.3500009775161743, 23.749998092651367, 1.5)
Part1966.Anchored = true
Part1966.Material = Enum.Material.Fabric
Part1967.Name = "Tree_Collision"
Part1967.Parent = Model1952
Part1967.CFrame = CFrame.new(2965.85815, 182.085205, 2218.23804, 0.858964741, 0.0514408872, 0.509445012, -0.0882668048, 0.994922698, 0.0483626798, -0.504371285, -0.0865089968, 0.859142959)
Part1967.Orientation = Vector3.new(-2.7699999809265137, 30.670000076293945, -5.070000171661377)
Part1967.Position = Vector3.new(2965.858154296875, 182.085205078125, 2218.238037109375)
Part1967.Rotation = Vector3.new(-3.2200000286102295, 30.6299991607666, -3.430000066757202)
Part1967.Transparency = 1
Part1967.Size = Vector3.new(1.3500009775161743, 23.749998092651367, 1.5)
Part1967.Anchored = true
Part1967.Material = Enum.Material.Fabric
Part1968.Name = "Tree_Collision"
Part1968.Parent = Model1952
Part1968.CFrame = CFrame.new(2929.44556, 180.765564, 2253.0083, 0.826869845, -0.165447891, 0.537507534, 0.187185898, 0.982219875, 0.0143766403, -0.530329883, 0.0887263715, 0.843136489)
Part1968.Orientation = Vector3.new(-0.8199999928474426, 32.52000045776367, 10.789999961853027)
Part1968.Position = Vector3.new(2929.445556640625, 180.76556396484375, 2253.00830078125)
Part1968.Rotation = Vector3.new(-0.9800000190734863, 32.5099983215332, 11.3100004196167)
Part1968.Transparency = 1
Part1968.Size = Vector3.new(1.3500009775161743, 22.749998092651367, 1.5)
Part1968.Anchored = true
Part1968.Material = Enum.Material.Fabric
Model1969.Name = "茂み"
Model1969.Parent = Folder0
Part1970.Name = "TreeMesh Bottom"
Part1970.Parent = Model1969
Part1970.CFrame = CFrame.new(1788.85779, 236.666885, 2545.60571, 0.512444794, 0.210739642, -0.83246541, -0.00354338437, 0.96993494, 0.243358642, 0.858718455, -0.121757507, 0.497781903)
Part1970.Orientation = Vector3.new(-14.079999923706055, -59.119998931884766, -0.20999999344348907)
Part1970.Position = Vector3.new(1788.8577880859375, 236.66688537597656, 2545.605712890625)
Part1970.Rotation = Vector3.new(-26.049999237060547, -56.349998474121094, -22.350000381469727)
Part1970.Size = Vector3.new(8.250000953674316, 0.2499980926513672, 7)
Part1970.Anchored = true
Part1970.CanCollide = false
Part1970.Material = Enum.Material.Fabric
SpecialMesh1971.Name = "BarkMesh"
SpecialMesh1971.Parent = Part1970
SpecialMesh1971.MeshId = "rbxassetid://623621260"
SpecialMesh1971.Offset = Vector3.new(0, 3.4100000858306885, 0)
SpecialMesh1971.TextureId = "rbxassetid://623618671"
SpecialMesh1971.MeshType = Enum.MeshType.FileMesh
Part1972.Name = "TreeMeshTop"
Part1972.Parent = Model1969
Part1972.CFrame = CFrame.new(1795.20996, 265.90036, 2541.9353, 0.512444794, 0.210739642, -0.83246541, -0.00354338437, 0.96993494, 0.243358642, 0.858718455, -0.121757507, 0.497781903)
Part1972.Orientation = Vector3.new(-14.079999923706055, -59.119998931884766, -0.20999999344348907)
Part1972.Position = Vector3.new(1795.2099609375, 265.9003601074219, 2541.935302734375)
Part1972.Rotation = Vector3.new(-26.049999237060547, -56.349998474121094, -22.350000381469727)
Part1972.Transparency = 0.05000000074505806
Part1972.Size = Vector3.new(8.250000953674316, 0.2499980926513672, 7)
Part1972.Anchored = true
Part1972.CanCollide = false
Part1972.Material = Enum.Material.Fabric
SpecialMesh1973.Name = "TopTreeMesh"
SpecialMesh1973.Parent = Part1972
SpecialMesh1973.MeshId = "rbxassetid://623621456"
SpecialMesh1973.Offset = Vector3.new(0, 3.4100000858306885, 0)
SpecialMesh1973.Scale = Vector3.new(1.600000023841858, 1.600000023841858, 1.600000023841858)
SpecialMesh1973.TextureId = "rbxassetid://745556120"
SpecialMesh1973.MeshType = Enum.MeshType.FileMesh
Part1974.Name = "Tree_Collision"
Part1974.Parent = Model1969
Part1974.CFrame = CFrame.new(1786.7887, 250.605896, 2545.22241, 0.526368141, 0.0758004859, -0.846876979, 0.0914267451, 0.985202432, 0.145006508, 0.845332801, -0.153753281, 0.511645973)
Part1974.Orientation = Vector3.new(-8.34000015258789, -58.86000061035156, 5.300000190734863)
Part1974.Position = Vector3.new(1786.7886962890625, 250.60589599609375, 2545.222412109375)
Part1974.Rotation = Vector3.new(-15.819999694824219, -57.869998931884766, -8.1899995803833)
Part1974.Transparency = 1
Part1974.Size = Vector3.new(1.3500009775161743, 26.749998092651367, 1.5)
Part1974.Anchored = true
Part1974.Material = Enum.Material.Fabric
Part1975.Name = "Tree_Collision"
Part1975.Parent = Model1969
Part1975.CFrame = CFrame.new(1781.92749, 251.786453, 2554.4624, 0.384527951, 0.281835467, -0.879043043, -0.284528613, 0.942081451, 0.177582368, 0.87817508, 0.181826562, 0.442444026)
Part1975.Orientation = Vector3.new(-10.229999542236328, -63.279998779296875, -16.809999465942383)
Part1975.Position = Vector3.new(1781.927490234375, 251.7864532470703, 2554.46240234375)
Part1975.Rotation = Vector3.new(-21.8700008392334, -61.529998779296875, -36.2400016784668)
Part1975.Transparency = 1
Part1975.Size = Vector3.new(1.3500009775161743, 23.749998092651367, 1.5)
Part1975.Anchored = true
Part1975.Material = Enum.Material.Fabric
Part1976.Name = "Tree_Collision"
Part1976.Parent = Model1969
Part1976.CFrame = CFrame.new(1780.88049, 250.366806, 2529.25269, 0.527608812, 0.0073638414, -0.849455535, 0.108606443, 0.991171598, 0.0760493577, 0.842516243, -0.132380664, 0.522151113)
Part1976.Orientation = Vector3.new(-4.360000133514404, -58.41999816894531, 6.25)
Part1976.Position = Vector3.new(1780.8804931640625, 250.36680603027344, 2529.252685546875)
Part1976.Rotation = Vector3.new(-8.289999961853027, -58.150001525878906, -0.800000011920929)
Part1976.Transparency = 1
Part1976.Size = Vector3.new(1.3500009775161743, 26.749998092651367, 1.5)
Part1976.Anchored = true
Part1976.Material = Enum.Material.Fabric
Part1977.Name = "Tree_Collision"
Part1977.Parent = Model1969
Part1977.CFrame = CFrame.new(1818.31494, 245.47728, 2569.62793, 0.508350313, 0.425456583, -0.748710036, -0.0138798198, 0.873365104, 0.486868262, 0.861038566, -0.237107649, 0.44988063)
Part1977.Orientation = Vector3.new(-29.1299991607666, -59, -0.9100000262260437)
Part1977.Position = Vector3.new(1818.31494140625, 245.47727966308594, 2569.6279296875)
Part1977.Rotation = Vector3.new(-47.2599983215332, -48.47999954223633, -39.93000030517578)
Part1977.Transparency = 1
Part1977.Size = Vector3.new(1.3500009775161743, 23.749998092651367, 1.5)
Part1977.Anchored = true
Part1977.Material = Enum.Material.Fabric
Part1978.Name = "Tree_Collision"
Part1978.Parent = Model1969
Part1978.CFrame = CFrame.new(1798.11646, 246.234406, 2531.12842, 0.566423833, 0.267007291, -0.77966094, 0.197523832, 0.874498069, 0.442986935, 0.800092697, -0.404920012, 0.442596227)
Part1978.Orientation = Vector3.new(-26.290000915527344, -60.41999816894531, 12.729999542236328)
Part1978.Position = Vector3.new(1798.116455078125, 246.23440551757812, 2531.12841796875)
Part1978.Rotation = Vector3.new(-45.029998779296875, -51.22999954223633, -25.239999771118164)
Part1978.Transparency = 1
Part1978.Size = Vector3.new(1.3500009775161743, 26.749998092651367, 1.5)
Part1978.Anchored = true
Part1978.Material = Enum.Material.Fabric
Part1979.Name = "Tree_Collision"
Part1979.Parent = Model1969
Part1979.CFrame = CFrame.new(1770.11316, 253.05513, 2547.12891, 0.435964555, -0.107355982, -0.89353776, 0.108498558, 0.991887629, -0.0662350878, 0.893399656, -0.0680714026, 0.444075823)
Part1979.Orientation = Vector3.new(3.799999952316284, -63.56999969482422, 6.239999771118164)
Part1979.Position = Vector3.new(1770.1131591796875, 253.0551300048828, 2547.12890625)
Part1979.Rotation = Vector3.new(8.479999542236328, -63.31999969482422, 13.829999923706055)
Part1979.Transparency = 1
Part1979.Size = Vector3.new(1.3500009775161743, 22.749998092651367, 1.5)
Part1979.Anchored = true
Part1979.Material = Enum.Material.Fabric
Part1980.Name = "Tree_Collision"
Part1980.Parent = Model1969
Part1980.CFrame = CFrame.new(1798.65283, 250.479797, 2568.84082, 0.435536444, 0.318498492, -0.841948032, -0.150332794, 0.947918952, 0.280819148, 0.887534618, 0.00426545739, 0.460731089)
Part1980.Orientation = Vector3.new(-16.309999465942383, -61.310001373291016, -9.010000228881836)
Part1980.Position = Vector3.new(1798.65283203125, 250.47979736328125, 2568.8408203125)
Part1980.Rotation = Vector3.new(-31.360000610351562, -57.349998474121094, -36.18000030517578)
Part1980.Transparency = 1
Part1980.Size = Vector3.new(1.3500009775161743, 23.749998092651367, 1.5)
Part1980.Anchored = true
Part1980.Material = Enum.Material.Fabric
