Part1520.Name = "Tree_Collision"
Part1520.Parent = Model1510
Part1520.CFrame = CFrame.new(2839.19336, 227.322021, 2387.14502, -0.988798499, 0.130840436, 0.071822457, 0.106960051, 0.956778049, -0.270435423, -0.104102053, -0.259723991, -0.960055351)
Part1520.Orientation = Vector3.new(15.6899995803833, 175.72000122070312, 6.380000114440918)
Part1520.Position = Vector3.new(2839.193359375, 227.322021484375, 2387.14501953125)
Part1520.Rotation = Vector3.new(164.27000427246094, 4.119999885559082, -172.4600067138672)
Part1520.Transparency = 1
Part1520.Size = Vector3.new(1.3500009775161743, 22.749998092651367, 1.5)
Part1520.Anchored = true
Part1520.Material = Enum.Material.Fabric
Part1521.Name = "Tree_Collision"
Part1521.Parent = Model1510
Part1521.CFrame = CFrame.new(2805.93213, 228.150879, 2400.76611, -0.988120854, -0.149065912, 0.037372116, -0.14586699, 0.986283541, 0.0772509873, -0.0483749919, 0.0708819628, -0.996311009)
Part1521.Orientation = Vector3.new(-4.429999828338623, 177.85000610351562, -8.40999984741211)
Part1521.Position = Vector3.new(2805.93212890625, 228.15087890625, 2400.76611328125)
Part1521.Rotation = Vector3.new(-175.57000732421875, 2.140000104904175, 171.4199981689453)
Part1521.Transparency = 1
Part1521.Size = Vector3.new(1.3500009775161743, 23.749998092651367, 1.5)
Part1521.Anchored = true
Part1521.Material = Enum.Material.Fabric
Part1522.Name = "Tree_Collision"
Part1522.Parent = Model1510
Part1522.CFrame = CFrame.new(2792.4353, 226.580902, 2394.24707, -0.98826164, -0.15271306, 0.00421695132, -0.152156934, 0.981439352, -0.1167266, 0.013686995, -0.115998045, -0.993155181)
Part1522.Orientation = Vector3.new(6.699999809265137, 179.75999450683594, -8.8100004196167)
Part1522.Position = Vector3.new(2792.435302734375, 226.58090209960938, 2394.2470703125)
Part1522.Rotation = Vector3.new(173.3000030517578, 0.23999999463558197, 171.22000122070312)
Part1522.Transparency = 1
Part1522.Size = Vector3.new(1.3500009775161743, 20.749998092651367, 1.5)
Part1522.Anchored = true
Part1522.Material = Enum.Material.Fabric
Part1523.Name = "Tree_Collision"
Part1523.Parent = Model1510
Part1523.CFrame = CFrame.new(2862.01343, 225.448303, 2420.88062, -0.959388256, 0.281547278, -0.0174733941, 0.282041073, 0.958525062, -0.0410186276, 0.00520000141, -0.0442810021, -0.999005616)
Part1523.Orientation = Vector3.new(2.3499999046325684, -179, 16.399999618530273)
Part1523.Position = Vector3.new(2862.013427734375, 225.44830322265625, 2420.880615234375)
Part1523.Rotation = Vector3.new(177.64999389648438, -1, -163.63999938964844)
Part1523.Transparency = 1
Part1523.Size = Vector3.new(1.3500009775161743, 22.749998092651367, 1.5)
Part1523.Anchored = true
Part1523.Material = Enum.Material.Fabric
Part1524.Name = "Tree_Collision"
Part1524.Parent = Model1510
Part1524.CFrame = CFrame.new(2827.64258, 226.532654, 2427.79883, -0.992721021, -0.120357901, 0.00436392007, -0.111359, 0.931092381, 0.347370565, -0.0458719991, 0.34435612, -0.937717855)
Part1524.Orientation = Vector3.new(-20.329999923706055, 179.72999572753906, -6.820000171661377)
Part1524.Position = Vector3.new(2827.642578125, 226.53265380859375, 2427.798828125)
Part1524.Rotation = Vector3.new(-159.6699981689453, 0.25, 173.08999633789062)
Part1524.Transparency = 1
Part1524.Size = Vector3.new(1.3500009775161743, 23.749998092651367, 1.5)
Part1524.Anchored = true
Part1524.Material = Enum.Material.Fabric
Part1525.Name = "Tree_Collision"
Part1525.Parent = Model1510
Part1525.CFrame = CFrame.new(2820.10498, 226.642639, 2416.23804, -0.99456799, -0.0971484557, 0.0373729728, -0.0940499976, 0.992565811, 0.0772515312, -0.0445999987, 0.073316969, -0.996310949)
Part1525.Orientation = Vector3.new(-4.429999828338623, 177.85000610351562, -5.409999847412109)
Part1525.Position = Vector3.new(2820.10498046875, 226.64263916015625, 2416.238037109375)
Part1525.Rotation = Vector3.new(-175.57000732421875, 2.140000104904175, 174.4199981689453)
Part1525.Transparency = 1
Part1525.Size = Vector3.new(1.3500009775161743, 23.749998092651367, 1.5)
Part1525.Anchored = true
Part1525.Material = Enum.Material.Fabric
Part1526.Name = "Tree_Collision"
Part1526.Parent = Model1510
Part1526.CFrame = CFrame.new(2869.56128, 225.94455, 2406.73853, -0.983618259, 0.180184811, 0.00535658933, 0.180247039, 0.982676446, 0.0431046039, 0.00250300067, 0.0433639809, -0.99905622)
Part1526.Orientation = Vector3.new(-2.4700000286102295, 179.69000244140625, 10.390000343322754)
Part1526.Position = Vector3.new(2869.561279296875, 225.94454956054688, 2406.738525390625)
Part1526.Rotation = Vector3.new(-177.52999877929688, 0.3100000023841858, -169.6199951171875)
Part1526.Transparency = 1
Part1526.Size = Vector3.new(1.3500009775161743, 22.749998092651367, 1.5)
Part1526.Anchored = true
Part1526.Material = Enum.Material.Fabric
Model1527.Name = "茂み"
Model1527.Parent = Folder0
Part1528.Name = "TreeMesh Bottom"
Part1528.Parent = Model1527
Part1528.CFrame = CFrame.new(2995.86377, 194.009094, 2289.37158, 0.839997649, -0.0238344036, 0.54206723, 0.0216940567, 0.999711812, 0.010338746, -0.542158067, 0.00307510793, 0.840271533)
Part1528.Orientation = Vector3.new(-0.5899999737739563, 32.83000183105469, 1.2400000095367432)
Part1528.Position = Vector3.new(2995.86376953125, 194.00909423828125, 2289.37158203125)
Part1528.Rotation = Vector3.new(-0.699999988079071, 32.81999969482422, 1.6299999952316284)
Part1528.Size = Vector3.new(8.250000953674316, 0.2499980926513672, 7)
Part1528.Anchored = true
Part1528.CanCollide = false
Part1528.Material = Enum.Material.Fabric
SpecialMesh1529.Name = "BarkMesh"
SpecialMesh1529.Parent = Part1528
SpecialMesh1529.MeshId = "rbxassetid://623621260"
SpecialMesh1529.Offset = Vector3.new(0, 3.4100000858306885, 0)
SpecialMesh1529.TextureId = "rbxassetid://623618671"
SpecialMesh1529.MeshType = Enum.MeshType.FileMesh
Part1530.Name = "TreeMeshTop"
Part1530.Parent = Model1527
Part1530.CFrame = CFrame.new(2995.14404, 224.140289, 2289.46411, 0.839997649, -0.0238344036, 0.54206723, 0.0216940567, 0.999711812, 0.010338746, -0.542158067, 0.00307510793, 0.840271533)
Part1530.Orientation = Vector3.new(-0.5899999737739563, 32.83000183105469, 1.2400000095367432)
Part1530.Position = Vector3.new(2995.14404296875, 224.14028930664062, 2289.464111328125)
Part1530.Rotation = Vector3.new(-0.699999988079071, 32.81999969482422, 1.6299999952316284)
Part1530.Transparency = 0.05000000074505806
Part1530.Size = Vector3.new(8.250000953674316, 0.2499980926513672, 7)
Part1530.Anchored = true
Part1530.CanCollide = false
Part1530.Material = Enum.Material.Fabric
SpecialMesh1531.Name = "TopTreeMesh"
SpecialMesh1531.Parent = Part1530
SpecialMesh1531.MeshId = "rbxassetid://623621456"
SpecialMesh1531.Offset = Vector3.new(0, 3.4100000858306885, 0)
SpecialMesh1531.Scale = Vector3.new(1.600000023841858, 1.600000023841858, 1.600000023841858)
SpecialMesh1531.TextureId = "rbxassetid://745556120"
SpecialMesh1531.MeshType = Enum.MeshType.FileMesh
Part1532.Name = "Tree_Collision"
Part1532.Parent = Model1527
Part1532.CFrame = CFrame.new(2997.01123, 207.155518, 2294.32886, 0.836381912, -0.0505405627, 0.545813203, 0.11829298, 0.988919735, -0.0896970853, -0.535232782, 0.139586821, 0.833092034)
Part1532.Orientation = Vector3.new(5.150000095367432, 33.22999954223633, 6.820000171661377)
Part1532.Position = Vector3.new(2997.01123046875, 207.155517578125, 2294.328857421875)
Part1532.Rotation = Vector3.new(6.150000095367432, 33.08000183105469, 3.4600000381469727)
Part1532.Transparency = 1
Part1532.Size = Vector3.new(1.3500009775161743, 26.749998092651367, 1.5)
Part1532.Anchored = true
Part1532.Material = Enum.Material.Fabric
Part1533.Name = "Tree_Collision"
Part1533.Parent = Model1527
Part1533.CFrame = CFrame.new(3006.44653, 206.361725, 2298.88403, 0.832907975, 0.27315852, 0.481300801, -0.280623674, 0.958058119, -0.0581102371, -0.476988643, -0.0866644531, 0.874627292)
Part1533.Orientation = Vector3.new(3.3299999237060547, 28.81999969482422, -16.329999923706055)
Part1533.Position = Vector3.new(3006.446533203125, 206.36172485351562, 2298.884033203125)
Part1533.Rotation = Vector3.new(3.799999952316284, 28.770000457763672, -18.15999984741211)
Part1533.Transparency = 1
Part1533.Size = Vector3.new(1.3500009775161743, 23.749998092651367, 1.5)
Part1533.Anchored = true
Part1533.Material = Enum.Material.Fabric
Part1534.Name = "Tree_Collision"
Part1534.Parent = Model1527
Part1534.CFrame = CFrame.new(2981.26367, 207.227692, 2300.81079, 0.83537215, -0.026895754, 0.549027264, 0.135533974, 0.978043854, -0.158309698, -0.532715559, 0.206659272, 0.820674896)
Part1534.Orientation = Vector3.new(9.109999656677246, 33.779998779296875, 7.889999866485596)
Part1534.Position = Vector3.new(2981.263671875, 207.22769165039062, 2300.810791015625)
Part1534.Rotation = Vector3.new(10.920000076293945, 33.29999923706055, 1.840000033378601)
Part1534.Transparency = 1
Part1534.Size = Vector3.new(1.3500009775161743, 26.749998092651367, 1.5)
Part1534.Anchored = true
Part1534.Material = Enum.Material.Fabric
Part1535.Name = "Tree_Collision"
Part1535.Parent = Model1527
Part1535.CFrame = CFrame.new(3019.91504, 206.500519, 2261.30151, 0.841320395, -0.154263332, 0.518058598, 0.0105469953, 0.96291554, 0.269600153, -0.5404374, -0.221355632, 0.811745584)
Part1535.Orientation = Vector3.new(-15.640000343322754, 32.54999923706055, 0.6299999952316284)
Part1535.Position = Vector3.new(3019.9150390625, 206.50051879882812, 2261.301513671875)
Part1535.Rotation = Vector3.new(-18.3700008392334, 31.200000762939453, 10.390000343322754)
Part1535.Transparency = 1
Part1535.Size = Vector3.new(1.3500009775161743, 23.749998092651367, 1.5)
Part1535.Anchored = true
Part1535.Material = Enum.Material.Fabric
Part1536.Name = "Tree_Collision"
Part1536.Parent = Model1527
Part1536.CFrame = CFrame.new(2982.24609, 206.701233, 2283.02197, 0.801608801, -0.316865385, 0.506973028, 0.23439987, 0.946674049, 0.221058667, -0.54998517, -0.058367461, 0.833133519)
Part1536.Orientation = Vector3.new(-12.770000457763672, 31.31999969482422, 13.90999984741211)
Part1536.Position = Vector3.new(2982.24609375, 206.70123291015625, 2283.02197265625)
Part1536.Rotation = Vector3.new(-14.859999656677246, 30.459999084472656, 21.56999969482422)
Part1536.Transparency = 1
Part1536.Size = Vector3.new(1.3500009775161743, 26.749998092651367, 1.5)
Part1536.Anchored = true
Part1536.Material = Enum.Material.Fabric
Part1537.Name = "Tree_Collision"
Part1537.Parent = Model1527
Part1537.CFrame = CFrame.new(2999.59668, 205.794647, 2311.03784, 0.888307989, 0.0400689468, 0.457497835, 0.110907964, 0.947983742, -0.298373848, -0.445657045, 0.315787822, 0.837656915)
Part1537.Orientation = Vector3.new(17.360000610351562, 28.639999389648438, 6.670000076293945)
Part1537.Position = Vector3.new(2999.5966796875, 205.79464721679688, 2311.037841796875)
Part1537.Rotation = Vector3.new(19.610000610351562, 27.229999542236328, -2.5799999237060547)
Part1537.Transparency = 1
Part1537.Size = Vector3.new(1.3500009775161743, 22.749998092651367, 1.5)
Part1537.Anchored = true
Part1537.Material = Enum.Material.Fabric
Part1538.Name = "Tree_Collision"
Part1538.Parent = Model1527
Part1538.CFrame = CFrame.new(3020.1687, 207.248871, 2281.58984, 0.85509479, 0.0963252783, 0.509445786, -0.140215799, 0.988939703, 0.0483617485, -0.499153674, -0.112786382, 0.859142721)
Part1538.Orientation = Vector3.new(-2.7699999809265137, 30.670000076293945, -8.069999694824219)
Part1538.Position = Vector3.new(3020.168701171875, 207.24887084960938, 2281.58984375)
Part1538.Rotation = Vector3.new(-3.2200000286102295, 30.6299991607666, -6.429999828338623)
Part1538.Transparency = 1
Part1538.Size = Vector3.new(1.3500009775161743, 23.749998092651367, 1.5)
Part1538.Anchored = true
Part1538.Material = Enum.Material.Fabric
Part1539.Name = "Tree_Collision"
Part1539.Parent = Model1527
Part1539.CFrame = CFrame.new(3035.02808, 205.58783, 2279.70312, 0.821509123, 0.200650588, 0.533726454, -0.144720942, 0.978760958, -0.145205155, -0.551527262, 0.0420454741, 0.833097577)
Part1539.Orientation = Vector3.new(8.350000381469727, 32.650001525878906, -8.40999984741211)
Part1539.Position = Vector3.new(3035.028076171875, 205.58782958984375, 2279.703125)
Part1539.Rotation = Vector3.new(9.890000343322754, 32.2599983215332, -13.729999542236328)
Part1539.Transparency = 1
Part1539.Size = Vector3.new(1.3500009775161743, 20.749998092651367, 1.5)
Part1539.Anchored = true
Part1539.Material = Enum.Material.Fabric
Part1540.Name = "Tree_Collision"
Part1540.Parent = Model1527
Part1540.CFrame = CFrame.new(2962.11548, 204.728821, 2295.02539, 0.806028903, -0.203337371, 0.55585289, 0.288840801, 0.954848349, -0.0695469603, -0.516614377, 0.21660994, 0.82836622)
Part1540.Orientation = Vector3.new(3.990000009536743, 33.86000061035156, 16.829999923706055)
Part1540.Position = Vector3.new(2962.115478515625, 204.72882080078125, 2295.025390625)
Part1540.Rotation = Vector3.new(4.800000190734863, 33.77000045776367, 14.15999984741211)
Part1540.Transparency = 1
Part1540.Size = Vector3.new(1.3500009775161743, 22.749998092651367, 1.5)
Part1540.Anchored = true
Part1540.Material = Enum.Material.Fabric
Part1541.Name = "Tree_Collision"
Part1541.Parent = Model1527
Part1541.CFrame = CFrame.new(2987.25635, 206.253845, 2270.61255, 0.857936084, -0.0765797049, 0.508018732, -0.105617926, 0.941418946, 0.320276678, -0.502786398, -0.328432411, 0.79958725)
Part1541.Orientation = Vector3.new(-18.68000030517578, 32.43000030517578, -6.400000095367432)
Part1541.Position = Vector3.new(2987.25634765625, 206.25384521484375, 2270.612548828125)
Part1541.Rotation = Vector3.new(-21.829999923706055, 30.530000686645508, 5.099999904632568)
Part1541.Transparency = 1
Part1541.Size = Vector3.new(1.3500009775161743, 23.749998092651367, 1.5)
Part1541.Anchored = true
Part1541.Material = Enum.Material.Fabric
Part1542.Name = "Tree_Collision"
Part1542.Parent = Model1527
Part1542.CFrame = CFrame.new(2999.85815, 206.085205, 2276.23804, 0.858964741, 0.0514408872, 0.509445012, -0.0882668048, 0.994922698, 0.0483626798, -0.504371285, -0.0865089968, 0.859142959)
Part1542.Orientation = Vector3.new(-2.7699999809265137, 30.670000076293945, -5.070000171661377)
Part1542.Position = Vector3.new(2999.858154296875, 206.085205078125, 2276.238037109375)
Part1542.Rotation = Vector3.new(-3.2200000286102295, 30.6299991607666, -3.430000066757202)
Part1542.Transparency = 1
Part1542.Size = Vector3.new(1.3500009775161743, 23.749998092651367, 1.5)
Part1542.Anchored = true
Part1542.Material = Enum.Material.Fabric
Part1543.Name = "Tree_Collision"
Part1543.Parent = Model1527
Part1543.CFrame = CFrame.new(2963.44556, 204.765564, 2311.0083, 0.826869845, -0.165447891, 0.537507534, 0.187185898, 0.982219875, 0.0143766403, -0.530329883, 0.0887263715, 0.843136489)
Part1543.Orientation = Vector3.new(-0.8199999928474426, 32.52000045776367, 10.789999961853027)
Part1543.Position = Vector3.new(2963.445556640625, 204.76556396484375, 2311.00830078125)
Part1543.Rotation = Vector3.new(-0.9800000190734863, 32.5099983215332, 11.3100004196167)
Part1543.Transparency = 1
Part1543.Size = Vector3.new(1.3500009775161743, 22.749998092651367, 1.5)
Part1543.Anchored = true
Part1543.Material = Enum.Material.Fabric
Model1544.Name = "茂み"
Model1544.Parent = Folder0
Part1545.Name = "TreeMesh Bottom"
Part1545.Parent = Model1544
Part1545.CFrame = CFrame.new(2167.00903, 112.2547, 2475.34497, -0.292432338, 0, -0.956286192, 0, 1, 0, 0.956286192, 0, -0.292432338)
Part1545.Orientation = Vector3.new(0, -107, 0)
Part1545.Position = Vector3.new(2167.009033203125, 112.25469970703125, 2475.344970703125)
Part1545.Rotation = Vector3.new(-180, -73, -180)
Part1545.Size = Vector3.new(8.250000953674316, 0.2499980926513672, 7)
Part1545.Anchored = true
Part1545.CanCollide = false
Part1545.Material = Enum.Material.Fabric
SpecialMesh1546.Name = "BarkMesh"
SpecialMesh1546.Parent = Part1545
SpecialMesh1546.MeshId = "rbxassetid://623621260"
SpecialMesh1546.Offset = Vector3.new(0, 3.4100000858306885, 0)
SpecialMesh1546.TextureId = "rbxassetid://623618671"
SpecialMesh1546.MeshType = Enum.MeshType.FileMesh
Part1547.Name = "TreeMeshTop"
Part1547.Parent = Model1544
Part1547.CFrame = CFrame.new(2167.00952, 142.394562, 2475.34473, -0.292432338, 0, -0.956286192, 0, 1, 0, 0.956286192, 0, -0.292432338)
Part1547.Orientation = Vector3.new(0, -107, 0)
Part1547.Position = Vector3.new(2167.009521484375, 142.39456176757812, 2475.3447265625)
Part1547.Rotation = Vector3.new(-180, -73, -180)
Part1547.Transparency = 0.05000000074505806
Part1547.Size = Vector3.new(8.250000953674316, 0.2499980926513672, 7)
Part1547.Anchored = true
Part1547.CanCollide = false
Part1547.Material = Enum.Material.Fabric
SpecialMesh1548.Name = "TopTreeMesh"
SpecialMesh1548.Parent = Part1547
SpecialMesh1548.MeshId = "rbxassetid://623621456"
SpecialMesh1548.Offset = Vector3.new(0, 3.4100000858306885, 0)
SpecialMesh1548.Scale = Vector3.new(1.600000023841858, 1.600000023841858, 1.600000023841858)
SpecialMesh1548.TextureId = "rbxassetid://745556120"
SpecialMesh1548.MeshType = Enum.MeshType.FileMesh
Part1549.Name = "Tree_Collision"
Part1549.Parent = Model1544
Part1549.CFrame = CFrame.new(2162.72119, 125.385193, 2472.5293, -0.295703739, -0.067470789, -0.952894092, 0.0966779888, 0.990267456, -0.100118354, 0.950375021, -0.12172924, -0.286302865)
Part1549.Orientation = Vector3.new(5.75, -106.72000122070312, 5.579999923706055)
Part1549.Position = Vector3.new(2162.72119140625, 125.38519287109375, 2472.529296875)
Part1549.Rotation = Vector3.new(160.72999572753906, -72.33999633789062, 167.14999389648438)
Part1549.Transparency = 1
Part1549.Size = Vector3.new(1.3500009775161743, 26.749998092651367, 1.5)
Part1549.Anchored = true
Part1549.Material = Enum.Material.Fabric
Part1550.Name = "Tree_Collision"
Part1550.Parent = Model1544
Part1550.CFrame = CFrame.new(2152.58765, 124.380707, 2475.11816, -0.324142277, -0.168349892, -0.930908203, -0.301860809, 0.951003432, -0.0668760687, 0.896555543, 0.259327352, -0.359078705)
Part1550.Orientation = Vector3.new(3.8299999237060547, -111.08999633789062, -17.610000610351562)
Part1550.Position = Vector3.new(2152.587646484375, 124.38070678710938, 2475.1181640625)
Part1550.Rotation = Vector3.new(169.4499969482422, -68.58000183105469, 152.5500030517578)
Part1550.Transparency = 1
Part1550.Size = Vector3.new(1.3500009775161743, 23.749998092651367, 1.5)
Part1550.Anchored = true
Part1550.Material = Enum.Material.Fabric
Part1551.Name = "Tree_Collision"
Part1551.Parent = Model1544
Part1551.CFrame = CFrame.new(2170.56982, 125.85257, 2457.42456, -0.296835661, -0.128621951, -0.946226716, 0.113945998, 0.979037166, -0.16882731, 0.948105931, -0.157932714, -0.275957197)
Part1551.Orientation = Vector3.new(9.720000267028809, -106.26000213623047, 6.639999866485596)
Part1551.Position = Vector3.new(2170.56982421875, 125.85256958007812, 2457.424560546875)
Part1551.Rotation = Vector3.new(148.5399932861328, -71.12999725341797, 156.57000732421875)
Part1551.Transparency = 1
Part1551.Size = Vector3.new(1.3500009775161743, 26.749998092651367, 1.5)
Part1551.Anchored = true
Part1551.Material = Enum.Material.Fabric
Part1552.Name = "Tree_Collision"
Part1552.Parent = Model1544
Part1552.CFrame = CFrame.new(2166.53589, 124.082977, 2512.52368, -0.294370979, 0.245002896, -0.923752844, -0.0111709945, 0.965632737, 0.259670377, 0.955625892, 0.0867586657, -0.281517327)
Part1552.Orientation = Vector3.new(-15.050000190734863, -106.94999694824219, -0.6600000262260437)
Part1552.Position = Vector3.new(2166.535888671875, 124.08297729492188, 2512.523681640625)
Part1552.Rotation = Vector3.new(-137.30999755859375, -67.4800033569336, -140.22999572753906)
Part1552.Transparency = 1
Part1552.Size = Vector3.new(1.3500009775161743, 23.749998092651367, 1.5)
Part1552.Anchored = true
Part1552.Material = Enum.Material.Fabric
Part1553.Name = "Tree_Collision"
Part1553.Parent = Model1544
Part1553.CFrame = CFrame.new(2181.30273, 125.248383, 2471.6416, -0.261505604, 0.264370233, -0.928290427, 0.213534921, 0.953772545, 0.211473107, 0.941285074, -0.142921016, -0.305869132)
Part1553.Orientation = Vector3.new(-12.210000038146973, -108.23999786376953, 12.619999885559082)
Part1553.Position = Vector3.new(2181.302734375, 125.24838256835938, 2471.6416015625)
Part1553.Rotation = Vector3.new(-145.33999633789062, -68.16999816894531, -134.69000244140625)
Part1553.Transparency = 1
Part1553.Size = Vector3.new(1.3500009775161743, 26.749998092651367, 1.5)
Part1553.Anchored = true
Part1553.Material = Enum.Material.Fabric
Part1554.Name = "Tree_Collision"
Part1554.Parent = Model1544
Part1554.CFrame = CFrame.new(2149.99121, 124.014435, 2461.40381, -0.393032014, -0.249682337, -0.884977162, 0.0883329511, 0.947725713, -0.306615889, 0.915272117, -0.198682517, -0.350431383)
Part1554.Orientation = Vector3.new(17.860000610351562, -111.5999984741211, 5.320000171661377)
Part1554.Position = Vector3.new(2149.9912109375, 124.01443481445312, 2461.40380859375)
Part1554.Rotation = Vector3.new(138.82000732421875, -62.25, 147.57000732421875)
Part1554.Transparency = 1
Part1554.Size = Vector3.new(1.3500009775161743, 22.749998092651367, 1.5)
Part1554.Anchored = true
Part1554.Material = Enum.Material.Fabric
Part1555.Name = "Tree_Collision"
Part1555.Parent = Model1544
Part1555.CFrame = CFrame.new(2153.24341, 124.887329, 2497.198, -0.32907638, -0.0168994665, -0.944152117, -0.162090987, 0.986010909, 0.0388467722, 0.930287719, 0.165822104, -0.327212155)
Part1555.Orientation = Vector3.new(-2.2300000190734863, -109.11000061035156, -9.34000015258789)
Part1555.Position = Vector3.new(2153.243408203125, 124.8873291015625, 2497.197998046875)
Part1555.Rotation = Vector3.new(-173.22999572753906, -70.76000213623047, 177.05999755859375)
Part1555.Transparency = 1
Part1555.Size = Vector3.new(1.3500009775161743, 23.749998092651367, 1.5)
Part1555.Anchored = true
Part1555.Material = Enum.Material.Fabric
Part1556.Name = "Tree_Collision"
Part1556.Parent = Model1544
Part1556.CFrame = CFrame.new(2143.13501, 122.86676, 2508.18994, -0.269561708, -0.196306109, -0.942762136, -0.165954873, 0.973824322, -0.155322924, 0.948575437, 0.11458686, -0.295083731)
Part1556.Orientation = Vector3.new(8.9399995803833, -107.37999725341797, -9.670000076293945)
Part1556.Position = Vector3.new(2143.135009765625, 122.86676025390625, 2508.18994140625)
Part1556.Rotation = Vector3.new(152.24000549316406, -70.5199966430664, 143.94000244140625)
Part1556.Transparency = 1
Part1556.Size = Vector3.new(1.3500009775161743, 20.749998092651367, 1.5)
Part1556.Anchored = true
Part1556.Material = Enum.Material.Fabric
Part1557.Name = "Tree_Collision"
Part1557.Parent = Model1544
Part1557.CFrame = CFrame.new(2188.97192, 123.79306, 2449.45532, -0.28729108, 0.00014064461, -0.957843304, 0.267958015, 0.960084319, -0.0802291036, 0.919599056, -0.279710889, -0.275861323)
Part1557.Orientation = Vector3.new(4.599999904632568, -106.06999969482422, 15.59000015258789)
Part1557.Position = Vector3.new(2188.971923828125, 123.79306030273438, 2449.455322265625)
Part1557.Rotation = Vector3.new(163.77999877929688, -73.30000305175781, -179.97000122070312)
Part1557.Transparency = 1
Part1557.Size = Vector3.new(1.3500009775161743, 22.749998092651367, 1.5)
Part1557.Anchored = true
Part1557.Material = Enum.Material.Fabric
Part1558.Name = "Tree_Collision"
Part1558.Parent = Model1544
Part1558.CFrame = CFrame.new(2185.4856, 124.643372, 2484.34814, -0.329465032, 0.255064577, -0.909062624, -0.127581984, 0.941961586, 0.310533941, 0.935508251, 0.218290091, -0.277801722)
Part1558.Orientation = Vector3.new(-18.09000015258789, -106.98999786376953, -7.710000038146973)
Part1558.Position = Vector3.new(2185.485595703125, 124.64337158203125, 2484.34814453125)
Part1558.Rotation = Vector3.new(-131.82000732421875, -65.37999725341797, -142.25)
Part1558.Transparency = 1
Part1558.Size = Vector3.new(1.3500009775161743, 23.749998092651367, 1.5)
Part1558.Anchored = true
Part1558.Material = Enum.Material.Fabric
Part1559.Name = "Tree_Collision"
Part1559.Parent = Model1544
Part1559.CFrame = CFrame.new(2172.23267, 124.191742, 2488.1709, -0.329511225, 0.000346310437, -0.94415158, -0.110265933, 0.993142724, 0.0388473608, 0.937690616, 0.116908394, -0.327213496)
Part1559.Orientation = Vector3.new(-2.2300000190734863, -109.11000061035156, -6.340000152587891)
Part1559.Position = Vector3.new(2172.232666015625, 124.19174194335938, 2488.1708984375)
Part1559.Rotation = Vector3.new(-173.22999572753906, -70.76000213623047, -179.94000244140625)
Part1559.Transparency = 1
Part1559.Size = Vector3.new(1.3500009775161743, 23.749998092651367, 1.5)
Part1559.Anchored = true
Part1559.Material = Enum.Material.Fabric
Part1560.Name = "Tree_Collision"
Part1560.Parent = Model1544
Part1560.CFrame = CFrame.new(2177.64722, 123.847382, 2438.09961, -0.29271704, 0.0532322153, -0.954716325, 0.165792868, 0.986151934, 0.00415268959, 0.941716135, -0.157069609, -0.297489017)
Part1560.Orientation = Vector3.new(-0.23999999463558197, -107.30999755859375, 9.539999961853027)
Part1560.Position = Vector3.new(2177.647216796875, 123.84738159179688, 2438.099609375)
Part1560.Rotation = Vector3.new(-179.1999969482422, -72.69000244140625, -169.69000244140625)
Part1560.Transparency = 1
Part1560.Size = Vector3.new(1.3500009775161743, 22.749998092651367, 1.5)
Part1560.Anchored = true
Part1560.Material = Enum.Material.Fabric
Model1561.Name = "茂み"
Model1561.Parent = Folder0
Part1562.Name = "TreeMesh Bottom"
Part1562.Parent = Model1561
Part1562.CFrame = CFrame.new(2901.49854, 212.254593, 2423.87524, 1.1920929e-07, -5.19677997e-07, -1.00000179, -3.7997961e-07, 0.999998868, -5.36441803e-07, 1.00000215, 3.57627869e-07, 4.47034836e-07)
Part1562.Orientation = Vector3.new(0, -90, 0)
Part1562.Position = Vector3.new(2901.49853515625, 212.2545928955078, 2423.875244140625)
Part1562.Rotation = Vector3.new(0, -90, 0)
Part1562.Size = Vector3.new(8.250000953674316, 0.2499980926513672, 7)
Part1562.Anchored = true
Part1562.CanCollide = false
Part1562.Material = Enum.Material.Fabric
SpecialMesh1563.Name = "BarkMesh"
SpecialMesh1563.Parent = Part1562
SpecialMesh1563.MeshId = "rbxassetid://623621260"
SpecialMesh1563.Offset = Vector3.new(0, 3.4100000858306885, 0)
SpecialMesh1563.TextureId = "rbxassetid://623618671"
SpecialMesh1563.MeshType = Enum.MeshType.FileMesh
Part1564.Name = "TreeMeshTop"
Part1564.Parent = Model1561
Part1564.CFrame = CFrame.new(2901.5, 242.394669, 2423.875, 1.1920929e-07, -5.19677997e-07, -1.00000179, -3.7997961e-07, 0.999998868, -5.36441803e-07, 1.00000215, 3.57627869e-07, 4.47034836e-07)
Part1564.Orientation = Vector3.new(0, -90, 0)
Part1564.Position = Vector3.new(2901.5, 242.39466857910156, 2423.875)
Part1564.Rotation = Vector3.new(0, -90, 0)
Part1564.Transparency = 0.05000000074505806
Part1564.Size = Vector3.new(8.250000953674316, 0.2499980926513672, 7)
Part1564.Anchored = true
Part1564.CanCollide = false
Part1564.Material = Enum.Material.Fabric
SpecialMesh1565.Name = "TopTreeMesh"
SpecialMesh1565.Parent = Part1564
SpecialMesh1565.MeshId = "rbxassetid://623621456"
SpecialMesh1565.Offset = Vector3.new(0, 3.4100000858306885, 0)
SpecialMesh1565.Scale = Vector3.new(1.600000023841858, 1.600000023841858, 1.600000023841858)
SpecialMesh1565.TextureId = "rbxassetid://745556120"
SpecialMesh1565.MeshType = Enum.MeshType.FileMesh
Part1566.Name = "Tree_Collision"
Part1566.Parent = Model1561
Part1566.CFrame = CFrame.new(2896.5752, 225.385162, 2422.4375, -0.00485697389, -0.100119486, -0.994965374, 0.0966786295, 0.990266263, -0.100118585, 0.995305777, -0.0966782868, 0.00487008691)
Part1566.Orientation = Vector3.new(5.75, -89.72000122070312, 5.579999923706055)
Part1566.Position = Vector3.new(2896.5751953125, 225.38516235351562, 2422.4375)
Part1566.Rotation = Vector3.new(87.22000122070312, -84.25, 92.77999877929688)
Part1566.Transparency = 1
Part1566.Size = Vector3.new(1.3500009775161743, 26.749998092651367, 1.5)
Part1566.Anchored = true
Part1566.Material = Enum.Material.Fabric
Part1567.Name = "Tree_Collision"
Part1567.Parent = Model1561
Part1567.CFrame = CFrame.new(2887.64209, 224.380737, 2427.87598, -0.0477904379, -0.0851553082, -0.995222807, -0.301859409, 0.951002777, -0.0668764263, 0.95215565, 0.29722172, -0.0711535811)
Part1567.Orientation = Vector3.new(3.8299999237060547, -94.08999633789062, -17.610000610351562)
Part1567.Position = Vector3.new(2887.64208984375, 224.3807373046875, 2427.8759765625)
Part1567.Rotation = Vector3.new(136.77000427246094, -84.4000015258789, 119.30000305175781)
Part1567.Transparency = 1
Part1567.Size = Vector3.new(1.3500009775161743, 23.749998092651367, 1.5)
Part1567.Anchored = true
Part1567.Material = Enum.Material.Fabric
Part1568.Name = "Tree_Collision"
Part1568.Parent = Model1561
Part1568.CFrame = CFrame.new(2899.66504, 225.8526, 2405.69629, -0.00660359859, -0.169183075, -0.98556447, 0.113945127, 0.979036212, -0.168825924, 0.993467093, -0.113415226, 0.0128127038)
Part1568.Orientation = Vector3.new(9.720000267028809, -89.26000213623047, 6.639999866485596)
Part1568.Position = Vector3.new(2899.6650390625, 225.85260009765625, 2405.6962890625)
Part1568.Rotation = Vector3.new(85.66000366210938, -80.25, 92.23999786376953)
Part1568.Transparency = 1
Part1568.Size = Vector3.new(1.3500009775161743, 26.749998092651367, 1.5)
Part1568.Anchored = true
Part1568.Material = Enum.Material.Fabric
Part1569.Name = "Tree_Collision"
Part1569.Parent = Model1561
Part1569.CFrame = CFrame.new(2911.91895, 224.082947, 2459.56787, -0.00204774737, 0.259664327, -0.965698719, -0.0111706275, 0.965631545, 0.25966996, 0.999937534, 0.0113190934, 0.000923633575)
Part1569.Orientation = Vector3.new(-15.050000190734863, -89.94999694824219, -0.6600000262260437)
Part1569.Position = Vector3.new(2911.9189453125, 224.08294677734375, 2459.56787109375)
Part1569.Rotation = Vector3.new(-89.80000305175781, -74.94999694824219, -90.44999694824219)
Part1569.Transparency = 1
Part1569.Size = Vector3.new(1.3500009775161743, 23.749998092651367, 1.5)
Part1569.Anchored = true
Part1569.Material = Enum.Material.Fabric
Part1570.Name = "Tree_Collision"
Part1570.Parent = Model1561
Part1570.CFrame = CFrame.new(2914.08472, 225.248383, 2416.15479, 0.0251870155, 0.211019695, -0.977159142, 0.213535264, 0.953771293, 0.211473063, 0.976612449, -0.213984728, -0.0210371614)
Part1570.Orientation = Vector3.new(-12.210000038146973, -91.2300033569336, 12.619999885559082)
Part1570.Position = Vector3.new(2914.084716796875, 225.24838256835938, 2416.15478515625)
Part1570.Rotation = Vector3.new(-95.68000030517578, -77.7300033569336, -83.19000244140625)
Part1570.Transparency = 1
Part1570.Size = Vector3.new(1.3500009775161743, 26.749998092651367, 1.5)
Part1570.Anchored = true
Part1570.Material = Enum.Material.Fabric
Part1571.Name = "Tree_Collision"
Part1571.Parent = Model1561
Part1571.CFrame = CFrame.new(2881.14844, 224.014435, 2415.52051, -0.108197302, -0.296870828, -0.948770046, 0.0883328989, 0.947724104, -0.306617022, 0.990199327, -0.116982833, -0.0763174891)
Part1571.Orientation = Vector3.new(17.860000610351562, -94.5999984741211, 5.320000171661377)
Part1571.Position = Vector3.new(2881.1484375, 224.01443481445312, 2415.5205078125)
Part1571.Rotation = Vector3.new(103.9800033569336, -71.58000183105469, 110.0199966430664)
Part1571.Transparency = 1
Part1571.Size = Vector3.new(1.3500009775161743, 22.749998092651367, 1.5)
Part1571.Anchored = true
Part1571.Material = Enum.Material.Fabric
Part1572.Name = "Tree_Collision"
Part1572.Parent = Model1561
Part1572.CFrame = CFrame.new(2894.72681, 224.887405, 2448.79834, -0.0426443219, 0.032331273, -0.998568892, -0.162090659, 0.986009777, 0.0388467759, 0.985855997, 0.163515419, -0.0368068218)
Part1572.Orientation = Vector3.new(-2.2300000190734863, -92.11000061035156, -9.34000015258789)
Part1572.Position = Vector3.new(2894.726806640625, 224.8874053955078, 2448.79833984375)
Part1572.Rotation = Vector3.new(-133.4600067138672, -86.93000030517578, -142.8300018310547)
Part1572.Transparency = 1
Part1572.Size = Vector3.new(1.3500009775161743, 23.749998092651367, 1.5)
Part1572.Anchored = true
Part1572.Material = Enum.Material.Fabric
Part1573.Name = "Tree_Collision"
Part1573.Parent = Model1561
Part1573.CFrame = CFrame.new(2888.27393, 222.866806, 2462.2666, 0.0196156204, -0.154216796, -0.987844169, -0.165954754, 0.973823071, -0.155323327, 0.985940218, 0.166984454, -0.00649049878)
Part1573.Orientation = Vector3.new(8.9399995803833, -90.37999725341797, -9.670000076293945)
Part1573.Position = Vector3.new(2888.27392578125, 222.86680603027344, 2462.2666015625)
Part1573.Rotation = Vector3.new(92.38999938964844, -81.05999755859375, 82.75)
Part1573.Transparency = 1
Part1573.Size = Vector3.new(1.3500009775161743, 20.749998092651367, 1.5)
Part1573.Anchored = true
Part1573.Material = Enum.Material.Fabric
Part1574.Name = "Tree_Collision"
Part1574.Parent = Model1561
Part1574.CFrame = CFrame.new(2914.9314, 223.792999, 2392.69482, -0.0058132112, -0.0816607177, -0.996645212, 0.267957985, 0.960083246, -0.0802279636, 0.963414967, -0.267525703, 0.0163008571)
Part1574.Orientation = Vector3.new(4.599999904632568, -89.05999755859375, 15.59000015258789)
Part1574.Position = Vector3.new(2914.931396484375, 223.79299926757812, 2392.69482421875)
Part1574.Rotation = Vector3.new(78.51000213623047, -85.30999755859375, 94.06999969482422)
Part1574.Transparency = 1
Part1574.Size = Vector3.new(1.3500009775161743, 22.749998092651367, 1.5)
Part1574.Anchored = true
Part1574.Material = Enum.Material.Fabric
Part1575.Name = "Tree_Collision"
Part1575.Parent = Model1561
Part1575.CFrame = CFrame.new(2921.80176, 224.643356, 2427.08179, -0.0414904356, 0.307750165, -0.950564086, -0.127582103, 0.941960633, 0.310533375, 0.99096173, 0.134159207, 0.000181436539)
Part1575.Orientation = Vector3.new(-18.09000015258789, -89.98999786376953, -7.710000038146973)
Part1575.Position = Vector3.new(2921.8017578125, 224.6433563232422, 2427.081787109375)
Part1575.Rotation = Vector3.new(-89.97000122070312, -71.91000366210938, -97.68000030517578)
Part1575.Transparency = 1
Part1575.Size = Vector3.new(1.3500009775161743, 23.749998092651367, 1.5)
Part1575.Anchored = true
Part1575.Material = Enum.Material.Fabric
Part1576.Name = "Tree_Collision"
Part1576.Parent = Model1561
Part1576.CFrame = CFrame.new(2910.24561, 224.191727, 2434.61353, -0.0408954918, 0.0345194265, -0.998568892, -0.110264584, 0.993141592, 0.038847588, 0.993062496, 0.111695595, -0.0368085206)
Part1576.Orientation = Vector3.new(-2.2300000190734863, -92.11000061035156, -6.340000152587891)
Part1576.Position = Vector3.new(2910.24560546875, 224.1917266845703, 2434.613525390625)
Part1576.Rotation = Vector3.new(-133.4600067138672, -86.93000030517578, -139.8300018310547)
Part1576.Transparency = 1
Part1576.Size = Vector3.new(1.3500009775161743, 23.749998092651367, 1.5)
Part1576.Anchored = true
Part1576.Material = Enum.Material.Fabric
Part1577.Name = "Tree_Collision"
Part1577.Parent = Model1561
Part1577.CFrame = CFrame.new(2900.78076, 223.847351, 2385.14697, -0.00453400612, 0.0049739629, -0.999979258, 0.165792555, 0.986150742, 0.00415345747, 0.986152291, -0.165770516, -0.00529551506)
Part1577.Orientation = Vector3.new(-0.23999999463558197, -90.30000305175781, 9.539999961853027)
Part1577.Position = Vector3.new(2900.78076171875, 223.84735107421875, 2385.14697265625)
Part1577.Rotation = Vector3.new(-141.88999938964844, -89.62999725341797, -132.35000610351562)
Part1577.Transparency = 1
Part1577.Size = Vector3.new(1.3500009775161743, 22.749998092651367, 1.5)
Part1577.Anchored = true
Part1577.Material = Enum.Material.Fabric
Model1578.Name = "茂み"
Model1578.Parent = Folder0
Part1579.Name = "TreeMesh Bottom"
Part1579.Parent = Model1578
Part1579.CFrame = CFrame.new(2757.21436, 211.831787, 2458.53247, -0.000570998818, -0.0390290357, 0.999237955, 0.01462497, 0.999130964, 0.0390332118, -0.99989295, 0.0146361124, 2.95895944e-07)
Part1579.Orientation = Vector3.new(-2.240000009536743, 90, 0.8399999737739563)
Part1579.Position = Vector3.new(2757.21435546875, 211.831787109375, 2458.532470703125)
Part1579.Rotation = Vector3.new(-90, 87.76000213623047, 90.83999633789062)
Part1579.Size = Vector3.new(8.250000953674316, 0.2499980926513672, 7)
Part1579.Anchored = true
Part1579.CanCollide = false
Part1579.Material = Enum.Material.Fabric
SpecialMesh1580.Name = "BarkMesh"
SpecialMesh1580.Parent = Part1579
SpecialMesh1580.MeshId = "rbxassetid://623621260"
SpecialMesh1580.Offset = Vector3.new(0, 3.4100000858306885, 0)
SpecialMesh1580.TextureId = "rbxassetid://623618671"
SpecialMesh1580.MeshType = Enum.MeshType.FileMesh
Part1581.Name = "TreeMeshTop"
Part1581.Parent = Model1578
Part1581.CFrame = CFrame.new(2756.03638, 241.945557, 2458.97388, -0.000570998818, -0.0390290357, 0.999237955, 0.01462497, 0.999130964, 0.0390332118, -0.99989295, 0.0146361124, 2.95895944e-07)
Part1581.Orientation = Vector3.new(-2.240000009536743, 90, 0.8399999737739563)
Part1581.Position = Vector3.new(2756.036376953125, 241.945556640625, 2458.973876953125)
Part1581.Rotation = Vector3.new(-90, 87.76000213623047, 90.83999633789062)
Part1581.Transparency = 0.05000000074505806
Part1581.Size = Vector3.new(8.250000953674316, 0.2499980926513672, 7)
Part1581.Anchored = true
Part1581.CanCollide = false
Part1581.Material = Enum.Material.Fabric
SpecialMesh1582.Name = "TopTreeMesh"
SpecialMesh1582.Parent = Part1581
SpecialMesh1582.MeshId = "rbxassetid://623621456"
SpecialMesh1582.Offset = Vector3.new(0, 3.4100000858306885, 0)
SpecialMesh1582.Scale = Vector3.new(1.600000023841858, 1.600000023841858, 1.600000023841858)
SpecialMesh1582.TextureId = "rbxassetid://745556120"
SpecialMesh1582.MeshType = Enum.MeshType.FileMesh
Part1583.Name = "Tree_Collision"
Part1583.Parent = Model1578
Part1583.CFrame = CFrame.new(2761.62256, 225.12207, 2460.16211, 0.000511998602, 0.061450053, 0.998110056, 0.111339696, 0.991900921, -0.0611248836, -0.993782282, 0.111160569, -0.00633397745)
Part1583.Orientation = Vector3.new(3.5, 90.36000061035156, 6.400000095367432)
Part1583.Position = Vector3.new(2761.62255859375, 225.1220703125, 2460.162109375)
Part1583.Rotation = Vector3.new(95.91999816894531, 86.4800033569336, -89.5199966430664)
Part1583.Transparency = 1
Part1583.Size = Vector3.new(1.3500009775161743, 26.749998092651367, 1.5)
Part1583.Anchored = true
Part1583.Material = Enum.Material.Fabric
Part1584.Name = "Tree_Collision"
Part1584.Parent = Model1578
Part1584.CFrame = CFrame.new(2770.58521, 224.546753, 2454.70972, 0.0589909069, 0.0478039123, 0.997113228, -0.28580454, 0.957848728, -0.0290127918, -0.95647049, -0.283268005, 0.0701669306)
Part1584.Orientation = Vector3.new(1.659999966621399, 85.97000122070312, -16.610000610351562)
Part1584.Position = Vector3.new(2770.585205078125, 224.5467529296875, 2454.709716796875)
Part1584.Rotation = Vector3.new(22.459999084472656, 85.6500015258789, -39.02000045776367)
Part1584.Transparency = 1
Part1584.Size = Vector3.new(1.3500009775161743, 23.749998092651367, 1.5)
Part1584.Anchored = true
Part1584.Material = Enum.Material.Fabric
Part1585.Name = "Tree_Collision"
Part1585.Parent = Model1578
Part1585.CFrame = CFrame.new(2758.52612, 225.223663, 2476.90845, 0.00158499693, 0.13090919, 0.991393089, 0.128631756, 0.983131588, -0.130023941, -0.991691113, 0.127730712, -0.0152808204)
Part1585.Orientation = Vector3.new(7.46999979019165, 90.87999725341797, 7.449999809265137)
Part1585.Position = Vector3.new(2758.526123046875, 225.22366333007812, 2476.908447265625)
Part1585.Rotation = Vector3.new(96.69999694824219, 82.4800033569336, -89.30999755859375)
Part1585.Transparency = 1
Part1585.Size = Vector3.new(1.3500009775161743, 26.749998092651367, 1.5)
Part1585.Anchored = true
Part1585.Material = Enum.Material.Fabric
Part1586.Name = "Tree_Collision"
Part1586.Parent = Model1578
Part1586.CFrame = CFrame.new(2746.32007, 223.765106, 2423.0166, 0.00191099616, -0.297161371, 0.954825461, 0.00354199274, 0.954823136, 0.297153622, -0.999991953, 0.00281412504, 0.00287720654)
Part1586.Orientation = Vector3.new(-17.290000915527344, 89.83000183105469, 0.20999999344348907)
Part1586.Position = Vector3.new(2746.320068359375, 223.76510620117188, 2423.0166015625)
Part1586.Rotation = Vector3.new(-89.44999694824219, 72.70999908447266, 89.62999725341797)
Part1586.Transparency = 1
