Part2749.Name = "Tree_Collision"
Part2749.Parent = Model2734
Part2749.CFrame = CFrame.new(2391.91162, 253.946411, 3248.96851, -0.855209768, 0.0745192021, -0.512904406, 0.0736493543, 0.99703908, 0.0220591165, 0.513029814, -0.0189095493, -0.858164191)
Part2749.Orientation = Vector3.new(-1.2599999904632568, -149.1300048828125, 4.21999979019165)
Part2749.Position = Vector3.new(2391.91162109375, 253.9464111328125, 3248.968505859375)
Part2749.Rotation = Vector3.new(-178.52999877929688, -30.860000610351562, -175.02000427246094)
Part2749.Transparency = 1
Part2749.Size = Vector3.new(1.3500009775161743, 23.749998092651367, 1.5)
Part2749.Anchored = true
Part2749.Material = Enum.Material.Fabric
Part2750.Name = "Tree_Collision"
Part2750.Parent = Model2734
Part2750.CFrame = CFrame.new(2427.323, 244.432587, 3214.44019, -0.788578868, 0.285336196, -0.544733465, 0.344067335, 0.938922882, -0.00626776833, 0.50967443, -0.192367271, -0.838587821)
Part2750.Orientation = Vector3.new(0.36000001430511475, -146.99000549316406, 20.1299991607666)
Part2750.Position = Vector3.new(2427.322998046875, 244.43258666992188, 3214.440185546875)
Part2750.Rotation = Vector3.new(179.57000732421875, -33.0099983215332, -160.11000061035156)
Part2750.Transparency = 1
Part2750.Size = Vector3.new(1.3500009775161743, 22.749998092651367, 1.5)
Part2750.Anchored = true
Part2750.Material = Enum.Material.Fabric
Model2751.Name = "??"
Model2751.Parent = Folder0
Part2752.Name = "TreeMesh Bottom"
Part2752.Parent = Model2751
Part2752.CFrame = CFrame.new(2155.01196, 240.254211, 3112.7793, 0.60699141, 0.156489655, -0.779153585, -0.0405459031, 0.985240698, 0.166296184, 0.793675482, -0.0693485588, 0.604377747)
Part2752.Orientation = Vector3.new(-9.569999694824219, -52.20000076293945, -2.359999895095825)
Part2752.Position = Vector3.new(2155.011962890625, 240.25421142578125, 3112.779296875)
Part2752.Rotation = Vector3.new(-15.380000114440918, -51.18000030517578, -14.460000038146973)
Part2752.Size = Vector3.new(8.250000953674316, 0.2499980926513672, 7)
Part2752.Anchored = true
Part2752.CanCollide = false
Part2752.Material = Enum.Material.Fabric
SpecialMesh2753.Name = "BarkMesh"
SpecialMesh2753.Parent = Part2752
SpecialMesh2753.MeshId = "rbxassetid://623621260"
SpecialMesh2753.Offset = Vector3.new(0, 3.4100000858306885, 0)
SpecialMesh2753.TextureId = "rbxassetid://623618671"
SpecialMesh2753.MeshType = Enum.MeshType.FileMesh
Part2754.Name = "TreeMeshTop"
Part2754.Parent = Model2751
Part2754.CFrame = CFrame.new(2159.72974, 269.949402, 3110.68726, 0.60699141, 0.156489655, -0.779153585, -0.0405459031, 0.985240698, 0.166296184, 0.793675482, -0.0693485588, 0.604377747)
Part2754.Orientation = Vector3.new(-9.569999694824219, -52.20000076293945, -2.359999895095825)
Part2754.Position = Vector3.new(2159.729736328125, 269.94940185546875, 3110.687255859375)
Part2754.Rotation = Vector3.new(-15.380000114440918, -51.18000030517578, -14.460000038146973)
Part2754.Transparency = 0.05000000074505806
Part2754.Size = Vector3.new(8.250000953674316, 0.2499980926513672, 7)
Part2754.Anchored = true
Part2754.CanCollide = false
Part2754.Material = Enum.Material.Fabric
SpecialMesh2755.Name = "TopTreeMesh"
SpecialMesh2755.Parent = Part2754
SpecialMesh2755.MeshId = "rbxassetid://623621456"
SpecialMesh2755.Offset = Vector3.new(0, 3.4100000858306885, 0)
SpecialMesh2755.Scale = Vector3.new(1.600000023841858, 1.600000023841858, 1.600000023841858)
SpecialMesh2755.TextureId = "rbxassetid://745556120"
SpecialMesh2755.MeshType = Enum.MeshType.FileMesh
Part2756.Name = "Tree_Collision"
Part2756.Parent = Model2751
Part2756.CFrame = CFrame.new(2152.35864, 254.067963, 3113.70215, 0.615485728, 0.0182754621, -0.787940919, 0.05570421, 0.996221066, 0.0666202828, 0.786179185, -0.084894985, 0.612142026)
Part2756.Orientation = Vector3.new(-3.819999933242798, -52.15999984741211, 3.200000047683716)
Part2756.Position = Vector3.new(2152.358642578125, 254.06796264648438, 3113.7021484375)
Part2756.Rotation = Vector3.new(-6.210000038146973, -51.9900016784668, -1.7000000476837158)
Part2756.Transparency = 1
Part2756.Size = Vector3.new(1.3500009775161743, 26.749998092651367, 1.5)
Part2756.Anchored = true
Part2756.Material = Enum.Material.Fabric
Part2757.Name = "Tree_Collision"
Part2757.Parent = Model2751
Part2757.CFrame = CFrame.new(2148.54175, 254.343597, 3123.48804, 0.493475944, 0.262883395, -0.829084873, -0.328061372, 0.939078152, 0.102497377, 0.805518568, 0.221410453, 0.549654424)
Part2757.Orientation = Vector3.new(-5.880000114440918, -56.459999084472656, -19.260000228881836)
Part2757.Position = Vector3.new(2148.541748046875, 254.34359741210938, 3123.488037109375)
Part2757.Rotation = Vector3.new(-10.5600004196167, -56, -28.049999237060547)
Part2757.Transparency = 1
Part2757.Size = Vector3.new(1.3500009775161743, 23.749998092651367, 1.5)
Part2757.Anchored = true
Part2757.Material = Enum.Material.Fabric
Part2758.Name = "Tree_Collision"
Part2758.Parent = Model2751
Part2758.CFrame = CFrame.new(2144.67627, 254.693695, 3098.51636, 0.615710855, -0.0474521928, -0.786547005, 0.0730813891, 0.997320354, -0.00295815617, 0.784577906, -0.0556600392, 0.617528975)
Part2758.Orientation = Vector3.new(0.17000000178813934, -51.86000061035156, 4.190000057220459)
Part2758.Position = Vector3.new(2144.67626953125, 254.69369506835938, 3098.516357421875)
Part2758.Rotation = Vector3.new(0.27000001072883606, -51.86000061035156, 4.409999847412109)
Part2758.Transparency = 1
Part2758.Size = Vector3.new(1.3500009775161743, 26.749998092651367, 1.5)
Part2758.Anchored = true
Part2758.Material = Enum.Material.Fabric
Part2759.Name = "Tree_Collision"
Part2759.Parent = Model2751
Part2759.CFrame = CFrame.new(2186.64819, 248.727905, 3133.98877, 0.603608966, 0.360299706, -0.71122998, -0.0512076542, 0.907740653, 0.416392207, 0.795636415, -0.214917406, 0.566370845)
Part2759.Orientation = Vector3.new(-24.610000610351562, -51.470001220703125, -3.2300000190734863)
Part2759.Position = Vector3.new(2186.648193359375, 248.7279052734375, 3133.98876953125)
Part2759.Rotation = Vector3.new(-36.31999969482422, -45.34000015258789, -30.829999923706055)
Part2759.Transparency = 1
Part2759.Size = Vector3.new(1.3500009775161743, 23.749998092651367, 1.5)
Part2759.Anchored = true
Part2759.Material = Enum.Material.Fabric
Part2760.Name = "Tree_Collision"
Part2760.Parent = Model2751
Part2760.CFrame = CFrame.new(2162.16577, 251.276276, 3098.14331, 0.645834863, 0.183785468, -0.741031766, 0.166597366, 0.913279951, 0.371702373, 0.745081365, -0.363511592, 0.559210122)
Part2760.Orientation = Vector3.new(-21.81999969482422, -52.959999084472656, 10.34000015258789)
Part2760.Position = Vector3.new(2162.165771484375, 251.27627563476562, 3098.143310546875)
Part2760.Rotation = Vector3.new(-33.61000061035156, -47.81999969482422, -15.880000114440918)
Part2760.Transparency = 1
Part2760.Size = Vector3.new(1.3500009775161743, 26.749998092651367, 1.5)
Part2760.Anchored = true
Part2760.Material = Enum.Material.Fabric
Part2761.Name = "Tree_Collision"
Part2761.Parent = Model2751
Part2761.CFrame = CFrame.new(2135.92529, 255.563416, 3117.63159, 0.530563056, -0.154005229, -0.833542526, 0.0648735315, 0.987849176, -0.141220286, 0.845161259, 0.0208519492, 0.534107149)
Part2761.Orientation = Vector3.new(8.119999885559082, -57.349998474121094, 3.759999990463257)
Part2761.Position = Vector3.new(2135.92529296875, 255.56341552734375, 3117.631591796875)
Part2761.Rotation = Vector3.new(14.8100004196167, -56.459999084472656, 16.190000534057617)
Part2761.Transparency = 1
Part2761.Size = Vector3.new(1.3500009775161743, 22.749998092651367, 1.5)
Part2761.Anchored = true
Part2761.Material = Enum.Material.Fabric
Part2762.Name = "Tree_Collision"
Part2762.Parent = Model2751
Part2762.CFrame = CFrame.new(2166.84033, 252.816437, 3135.7771, 0.539813042, 0.278743029, -0.794299722, -0.192578122, 0.959451854, 0.2058236, 0.819462419, 0.0418584943, 0.571604669)
Part2762.Orientation = Vector3.new(-11.880000114440918, -54.2599983215332, -11.350000381469727)
Part2762.Position = Vector3.new(2166.84033203125, 252.81643676757812, 3135.777099609375)
Part2762.Rotation = Vector3.new(-19.799999237060547, -52.59000015258789, -27.309999465942383)
Part2762.Transparency = 1
Part2762.Size = Vector3.new(1.3500009775161743, 23.749998092651367, 1.5)
Part2762.Anchored = true
Part2762.Material = Enum.Material.Fabric
Part2763.Name = "Tree_Collision"
Part2763.Parent = Model2751
Part2763.CFrame = CFrame.new(2169.67188, 251.352539, 3150.5061, 0.587769687, 0.133592725, -0.79792726, -0.206742048, 0.97832644, 0.0115072411, 0.782168865, 0.158201501, 0.602649987)
Part2763.Orientation = Vector3.new(-0.6600000262260437, -52.939998626708984, -11.930000305175781)
Part2763.Position = Vector3.new(2169.671875, 251.3525390625, 3150.506103515625)
Part2763.Rotation = Vector3.new(-1.090000033378601, -52.93000030517578, -12.8100004196167)
Part2763.Transparency = 1
Part2763.Size = Vector3.new(1.3500009775161743, 20.749998092651367, 1.5)
Part2763.Anchored = true
Part2763.Material = Enum.Material.Fabric
Part2764.Name = "Tree_Collision"
Part2764.Parent = Model2751
Part2764.CFrame = CFrame.new(2148.35718, 250.652832, 3079.11304, 0.622187316, -0.0757675171, -0.779198468, 0.22590676, 0.970341206, 0.0860336572, 0.749568045, -0.229554415, 0.620850444)
Part2764.Orientation = Vector3.new(-4.940000057220459, -51.45000076293945, 13.109999656677246)
Part2764.Position = Vector3.new(2148.357177734375, 250.65283203125, 3079.113037109375)
Part2764.Rotation = Vector3.new(-7.889999866485596, -51.189998626708984, 6.940000057220459)
Part2764.Transparency = 1
Part2764.Size = Vector3.new(1.3500009775161743, 22.749998092651367, 1.5)
Part2764.Anchored = true
Part2764.Material = Enum.Material.Fabric
Part2765.Name = "Tree_Collision"
Part2765.Parent = Model2751
Part2765.CFrame = CFrame.new(2174.71631, 248.953888, 3102.19385, 0.54921174, 0.468624145, -0.691929042, -0.15897727, 0.871441841, 0.464018315, 0.820424259, -0.144843325, 0.553106844)
Part2765.Orientation = Vector3.new(-27.649999618530273, -51.36000061035156, -10.34000015258789)
Part2765.Position = Vector3.new(2174.71630859375, 248.95388793945312, 3102.19384765625)
Part2765.Rotation = Vector3.new(-39.9900016784668, -43.779998779296875, -40.470001220703125)
Part2765.Transparency = 1
Part2765.Size = Vector3.new(1.3500009775161743, 23.749998092651367, 1.5)
Part2765.Anchored = true
Part2765.Material = Enum.Material.Fabric
Part2766.Name = "Tree_Collision"
Part2766.Parent = Model2751
Part2766.CFrame = CFrame.new(2170.21313, 250.125397, 3115.18799, 0.553660631, 0.250110209, -0.79430002, -0.142100066, 0.968215525, 0.205824912, 0.820530772, -0.00108694844, 0.571603656)
Part2766.Orientation = Vector3.new(-11.880000114440918, -54.2599983215332, -8.350000381469727)
Part2766.Position = Vector3.new(2170.213134765625, 250.12539672851562, 3115.18798828125)
Part2766.Rotation = Vector3.new(-19.799999237060547, -52.59000015258789, -24.309999465942383)
Part2766.Transparency = 1
Part2766.Size = Vector3.new(1.3500009775161743, 23.749998092651367, 1.5)
Part2766.Anchored = true
Part2766.Material = Enum.Material.Fabric
Part2767.Name = "Tree_Collision"
Part2767.Parent = Model2751
Part2767.CFrame = CFrame.new(2132.75879, 253.365631, 3081.6709, 0.620996892, 0.0575771667, -0.781700432, 0.124115422, 0.977490962, 0.170599639, 0.773926079, -0.202962309, 0.599872887)
Part2767.Orientation = Vector3.new(-9.819999694824219, -52.5, 7.239999771118164)
Part2767.Position = Vector3.new(2132.7587890625, 253.36563110351562, 3081.6708984375)
Part2767.Rotation = Vector3.new(-15.880000114440918, -51.41999816894531, -5.300000190734863)
Part2767.Transparency = 1
Part2767.Size = Vector3.new(1.3500009775161743, 22.749998092651367, 1.5)
Part2767.Anchored = true
Part2767.Material = Enum.Material.Fabric
Model2768.Name = "??"
Model2768.Parent = Folder0
Part2769.Name = "TreeMesh Bottom"
Part2769.Parent = Model2768
Part2769.CFrame = CFrame.new(2092.30371, 249.809448, 3057.87305, -0.599820673, 0.201297, 0.774404705, 0.0798964351, 0.978066564, -0.19235377, -0.79613781, -0.053505376, -0.6027475)
Part2769.Orientation = Vector3.new(11.09000015258789, 127.88999938964844, 4.670000076293945)
Part2769.Position = Vector3.new(2092.3037109375, 249.8094482421875, 3057.873046875)
Part2769.Rotation = Vector3.new(162.3000030517578, 50.75, -161.4499969482422)
Part2769.Size = Vector3.new(8.250000953674316, 0.2499980926513672, 7)
Part2769.Anchored = true
Part2769.CanCollide = false
Part2769.Material = Enum.Material.Fabric
SpecialMesh2770.Name = "BarkMesh"
SpecialMesh2770.Parent = Part2769
SpecialMesh2770.MeshId = "rbxassetid://623621260"
SpecialMesh2770.Offset = Vector3.new(0, 3.4100000858306885, 0)
SpecialMesh2770.TextureId = "rbxassetid://623618671"
SpecialMesh2770.MeshType = Enum.MeshType.FileMesh
Part2771.Name = "TreeMeshTop"
Part2771.Parent = Model2768
Part2771.CFrame = CFrame.new(2098.37134, 279.288696, 3056.26099, -0.599820673, 0.201297, 0.774404705, 0.0798964351, 0.978066564, -0.19235377, -0.79613781, -0.053505376, -0.6027475)
Part2771.Orientation = Vector3.new(11.09000015258789, 127.88999938964844, 4.670000076293945)
Part2771.Position = Vector3.new(2098.371337890625, 279.2886962890625, 3056.260986328125)
Part2771.Rotation = Vector3.new(162.3000030517578, 50.75, -161.4499969482422)
Part2771.Transparency = 0.05000000074505806
Part2771.Size = Vector3.new(8.250000953674316, 0.2499980926513672, 7)
Part2771.Anchored = true
Part2771.CanCollide = false
Part2771.Material = Enum.Material.Fabric
SpecialMesh2772.Name = "TopTreeMesh"
SpecialMesh2772.Parent = Part2771
SpecialMesh2772.MeshId = "rbxassetid://623621456"
SpecialMesh2772.Offset = Vector3.new(0, 3.4100000858306885, 0)
SpecialMesh2772.Scale = Vector3.new(1.600000023841858, 1.600000023841858, 1.600000023841858)
SpecialMesh2772.TextureId = "rbxassetid://745556120"
SpecialMesh2772.MeshType = Enum.MeshType.FileMesh
Part2773.Name = "Tree_Collision"
Part2773.Parent = Model2768
Part2773.CFrame = CFrame.new(2099.62231, 261.590179, 3055.34814, -0.573780835, 0.33485949, 0.747430623, 0.1731444, 0.941565096, -0.288918287, -0.800499618, -0.0363623463, -0.598231316)
Part2773.Orientation = Vector3.new(16.790000915527344, 128.6699981689453, 10.420000076293945)
Part2773.Position = Vector3.new(2099.622314453125, 261.5901794433594, 3055.34814453125)
Part2773.Rotation = Vector3.new(154.22000122070312, 48.369998931884766, -149.72999572753906)
Part2773.Transparency = 1
Part2773.Size = Vector3.new(1.3500009775161743, 26.749998092651367, 1.5)
Part2773.Anchored = true
Part2773.Material = Enum.Material.Fabric
Part2774.Name = "Tree_Collision"
Part2774.Parent = Model2768
Part2774.CFrame = CFrame.new(2103.0769, 259.323792, 3045.68628, -0.594875097, 0.0790991858, 0.799921691, -0.228357062, 0.937512696, -0.262527883, -0.770700693, -0.338838309, -0.539640367)
Part2774.Orientation = Vector3.new(15.220000267028809, 124, -13.6899995803833)
Part2774.Position = Vector3.new(2103.076904296875, 259.32379150390625, 3045.686279296875)
Part2774.Rotation = Vector3.new(154.05999755859375, 53.119998931884766, -172.42999267578125)
Part2774.Transparency = 1
Part2774.Size = Vector3.new(1.3500009775161743, 23.749998092651367, 1.5)
Part2774.Anchored = true
Part2774.Material = Enum.Material.Fabric
Part2775.Name = "Tree_Collision"
Part2775.Parent = Model2768
Part2775.CFrame = CFrame.new(2107.36646, 261.303955, 3070.5127, -0.567849696, 0.396121532, 0.721555471, 0.189550623, 0.915959597, -0.353675216, -0.801012158, -0.0640630946, -0.595212698)
Part2775.Orientation = Vector3.new(20.709999084472656, 129.52000427246094, 11.6899995803833)
Part2775.Position = Vector3.new(2107.366455078125, 261.303955078125, 3070.5126953125)
Part2775.Rotation = Vector3.new(149.27999877929688, 46.18000030517578, -145.10000610351562)
Part2775.Transparency = 1
Part2775.Size = Vector3.new(1.3500009775161743, 26.749998092651367, 1.5)
Part2775.Anchored = true
Part2775.Material = Enum.Material.Fabric
Part2776.Name = "Tree_Collision"
Part2776.Parent = Model2768
Part2776.CFrame = CFrame.new(2065.20703, 266.234436, 3035.10425, -0.600444555, -0.0134954015, 0.799557269, 0.0685724393, 0.995304525, 0.0682936236, -0.796723068, 0.0958343968, -0.596699893)
Part2776.Orientation = Vector3.new(-3.9200000762939453, 126.7300033569336, 3.940000057220459)
Part2776.Position = Vector3.new(2065.20703125, 266.23443603515625, 3035.104248046875)
Part2776.Rotation = Vector3.new(-173.47000122070312, 53.09000015258789, 178.7100067138672)
Part2776.Transparency = 1
Part2776.Size = Vector3.new(1.3500009775161743, 23.749998092651367, 1.5)
Part2776.Anchored = true
Part2776.Material = Enum.Material.Fabric
Part2777.Name = "Tree_Collision"
Part2777.Parent = Model2768
Part2777.CFrame = CFrame.new(2089.80444, 264.322327, 3070.91064, -0.562312305, 0.156928688, 0.811902881, 0.29172346, 0.956346929, 0.0171943028, -0.773760676, 0.246519536, -0.583545506)
Part2777.Orientation = Vector3.new(-0.9900000095367432, 125.70999908447266, 16.959999084472656)
Part2777.Position = Vector3.new(2089.804443359375, 264.32232666015625, 3070.91064453125)
Part2777.Rotation = Vector3.new(-178.30999755859375, 54.279998779296875, -164.41000366210938)
Part2777.Transparency = 1
Part2777.Size = Vector3.new(1.3500009775161743, 26.749998092651367, 1.5)
Part2777.Anchored = true
Part2777.Material = Enum.Material.Fabric
Part2778.Name = "Tree_Collision"
Part2778.Parent = Model2768
Part2778.CFrame = CFrame.new(2115.44238, 256.72937, 3051.62939, -0.492371798, 0.490839273, 0.718786836, 0.144696817, 0.860488474, -0.488487333, -0.858274877, -0.136511236, -0.494703591)
Part2778.Orientation = Vector3.new(29.239999771118164, 124.54000091552734, 9.550000190734863)
Part2778.Position = Vector3.new(2115.4423828125, 256.7293701171875, 3051.62939453125)
Part2778.Rotation = Vector3.new(135.36000061035156, 45.95000076293945, -135.08999633789062)
Part2778.Transparency = 1
Part2778.Size = Vector3.new(1.3500009775161743, 22.749998092651367, 1.5)
Part2778.Anchored = true
Part2778.Material = Enum.Material.Fabric
Part2779.Name = "Tree_Collision"
Part2779.Parent = Model2768
Part2779.CFrame = CFrame.new(2085.14258, 262.853699, 3033.27295, -0.590939224, 0.0753638446, 0.803192973, -0.087971583, 0.983667731, -0.157023489, -0.801907122, -0.163448989, -0.574658275)
Part2779.Orientation = Vector3.new(9.029999732971191, 125.58000183105469, -5.110000133514404)
Part2779.Position = Vector3.new(2085.142578125, 262.85369873046875, 3033.27294921875)
Part2779.Rotation = Vector3.new(164.72000122070312, 53.439998626708984, -172.72999572753906)
Part2779.Transparency = 1
Part2779.Size = Vector3.new(1.3500009775161743, 23.749998092651367, 1.5)
Part2779.Anchored = true
Part2779.Material = Enum.Material.Fabric
Part2780.Name = "Tree_Collision"
Part2780.Parent = Model2768
Part2780.CFrame = CFrame.new(2081.65381, 260.712463, 3018.76904, -0.639982045, 0.215292946, 0.737617552, -0.0797683671, 0.936142743, -0.342449278, -0.764240324, -0.277999401, -0.581941247)
Part2780.Orientation = Vector3.new(20.030000686645508, 128.27000427246094, -4.869999885559082)
Part2780.Position = Vector3.new(2081.65380859375, 260.71246337890625, 3018.76904296875)
Part2780.Rotation = Vector3.new(149.52000427246094, 47.529998779296875, -161.41000366210938)
Part2780.Transparency = 1
Part2780.Size = Vector3.new(1.3500009775161743, 20.749998092651367, 1.5)
Part2780.Anchored = true
Part2780.Material = Enum.Material.Fabric
Part2781.Name = "Tree_Collision"
Part2781.Parent = Model2768
Part2781.CFrame = CFrame.new(2102.92822, 261.187286, 3090.17651, -0.519435346, 0.41696617, 0.745877922, 0.337934822, 0.901945174, -0.268873185, -0.78485024, 0.112395652, -0.60940963)
Part2781.Orientation = Vector3.new(15.600000381469727, 129.25, 20.540000915527344)
Part2781.Position = Vector3.new(2102.92822265625, 261.1872863769531, 3090.176513671875)
Part2781.Rotation = Vector3.new(156.19000244140625, 48.22999954223633, -141.24000549316406)
Part2781.Transparency = 1
Part2781.Size = Vector3.new(1.3500009775161743, 22.749998092651367, 1.5)
Part2781.Anchored = true
Part2781.Material = Enum.Material.Fabric
Part2782.Name = "Tree_Collision"
Part2782.Parent = Model2768
Part2782.CFrame = CFrame.new(2077.15186, 266.088013, 3066.89453, -0.587949395, -0.129180089, 0.798521042, -0.0535894483, 0.991216719, 0.120893754, -0.807122588, 0.0282876343, -0.58970803)
Part2782.Orientation = Vector3.new(-6.940000057220459, 126.44999694824219, -3.0899999141693115)
Part2782.Position = Vector3.new(2077.15185546875, 266.0880126953125, 3066.89453125)
Part2782.Rotation = Vector3.new(-168.41000366210938, 52.9900016784668, 167.61000061035156)
Part2782.Transparency = 1
Part2782.Size = Vector3.new(1.3500009775161743, 23.749998092651367, 1.5)
Part2782.Anchored = true
Part2782.Material = Enum.Material.Fabric
Part2783.Name = "Tree_Collision"
Part2783.Parent = Model2768
Part2783.CFrame = CFrame.new(2081.49292, 264.025146, 3053.95728, -0.586184502, 0.106186964, 0.803193569, -0.0363704525, 0.986923754, -0.157022625, -0.809362948, -0.121256277, -0.574657619)
Part2783.Orientation = Vector3.new(9.029999732971191, 125.58000183105469, -2.109999895095825)
Part2783.Position = Vector3.new(2081.492919921875, 264.025146484375, 3053.957275390625)
Part2783.Rotation = Vector3.new(164.72000122070312, 53.439998626708984, -169.72999572753906)
Part2783.Transparency = 1
Part2783.Size = Vector3.new(1.3500009775161743, 23.749998092651367, 1.5)
Part2783.Anchored = true
Part2783.Material = Enum.Material.Fabric
Part2784.Name = "Tree_Collision"
Part2784.Parent = Model2768
Part2784.CFrame = CFrame.new(2118.4248, 257.915405, 3087.65308, -0.554628611, 0.294089347, 0.778399825, 0.240074039, 0.952234566, -0.188709497, -0.796714962, 0.0822098702, -0.598739922)
Part2784.Orientation = Vector3.new(10.880000114440918, 127.56999969482422, 14.149999618530273)
Part2784.Position = Vector3.new(2118.4248046875, 257.9154052734375, 3087.653076171875)
Part2784.Rotation = Vector3.new(162.50999450683594, 51.11000061035156, -152.07000732421875)
Part2784.Transparency = 1
Part2784.Size = Vector3.new(1.3500009775161743, 22.749998092651367, 1.5)
Part2784.Anchored = true
Part2784.Material = Enum.Material.Fabric
Model2785.Name = "??"
Model2785.Parent = Folder0
Part2786.Name = "TreeMesh Bottom"
Part2786.Parent = Model2785
Part2786.CFrame = CFrame.new(2202.47437, 246.238037, 3204.50806, 0.11888878, 0.157446861, -0.980348885, 0.0509133786, 0.985080659, 0.164382502, 0.991602719, -0.069455795, 0.109099932)
Part2786.Orientation = Vector3.new(-9.460000038146973, -83.6500015258789, 2.9600000381469727)
Part2786.Position = Vector3.new(2202.474365234375, 246.238037109375, 3204.508056640625)
Part2786.Rotation = Vector3.new(-56.43000030517578, -78.62000274658203, -52.939998626708984)
Part2786.Size = Vector3.new(8.250000953674316, 0.2499980926513672, 7)
Part2786.Anchored = true
Part2786.CanCollide = false
Part2786.Material = Enum.Material.Fabric
SpecialMesh2787.Name = "BarkMesh"
SpecialMesh2787.Parent = Part2786
SpecialMesh2787.MeshId = "rbxassetid://623621260"
SpecialMesh2787.Offset = Vector3.new(0, 3.4100000858306885, 0)
SpecialMesh2787.TextureId = "rbxassetid://623618671"
SpecialMesh2787.MeshType = Enum.MeshType.FileMesh
Part2788.Name = "TreeMeshTop"
Part2788.Parent = Model2785
Part2788.CFrame = CFrame.new(2207.22046, 275.928223, 3202.41382, 0.11888878, 0.157446861, -0.980348885, 0.0509133786, 0.985080659, 0.164382502, 0.991602719, -0.069455795, 0.109099932)
Part2788.Orientation = Vector3.new(-9.460000038146973, -83.6500015258789, 2.9600000381469727)
Part2788.Position = Vector3.new(2207.220458984375, 275.92822265625, 3202.413818359375)
Part2788.Rotation = Vector3.new(-56.43000030517578, -78.62000274658203, -52.939998626708984)
Part2788.Transparency = 0.05000000074505806
Part2788.Size = Vector3.new(8.250000953674316, 0.2499980926513672, 7)
Part2788.Anchored = true
Part2788.CanCollide = false
Part2788.Material = Enum.Material.Fabric
SpecialMesh2789.Name = "TopTreeMesh"
SpecialMesh2789.Parent = Part2788
SpecialMesh2789.MeshId = "rbxassetid://623621456"
SpecialMesh2789.Offset = Vector3.new(0, 3.4100000858306885, 0)
SpecialMesh2789.Scale = Vector3.new(1.600000023841858, 1.600000023841858, 1.600000023841858)
SpecialMesh2789.TextureId = "rbxassetid://745556120"
SpecialMesh2789.MeshType = Enum.MeshType.FileMesh
Part2790.Name = "Tree_Collision"
Part2790.Parent = Model2785
Part2790.CFrame = CFrame.new(2199.54419, 259.908813, 3202.70703, 0.128790066, 0.0462688021, -0.990595818, 0.146707475, 0.987029076, 0.0651773512, 0.98076117, -0.153721452, 0.120332561)
Part2790.Orientation = Vector3.new(-3.740000009536743, -83.06999969482422, 8.449999809265137)
Part2790.Position = Vector3.new(2199.544189453125, 259.9088134765625, 3202.70703125)
Part2790.Rotation = Vector3.new(-28.440000534057617, -82.13999938964844, -19.760000228881836)
Part2790.Transparency = 1
Part2790.Size = Vector3.new(1.3500009775161743, 26.749998092651367, 1.5)
Part2790.Anchored = true
Part2790.Material = Enum.Material.Fabric
Part2791.Name = "Tree_Collision"
Part2791.Parent = Model2785
Part2791.CFrame = CFrame.new(2191.2749, 260.664764, 3209.14429, 0.0188224353, 0.101587504, -0.99465245, -0.241022542, 0.965945959, 0.0940959156, 0.970338166, 0.23796241, 0.042667456)
Part2791.Orientation = Vector3.new(-5.400000095367432, -87.54000091552734, -14.010000228881836)
Part2791.Position = Vector3.new(2191.27490234375, 260.6647644042969, 3209.144287109375)
Part2791.Rotation = Vector3.new(-65.61000061035156, -84.06999969482422, -79.5)
Part2791.Transparency = 1
Part2791.Size = Vector3.new(1.3500009775161743, 23.749998092651367, 1.5)
Part2791.Anchored = true
Part2791.Material = Enum.Material.Fabric
Part2792.Name = "Tree_Collision"
Part2792.Parent = Model2785
Part2792.CFrame = CFrame.new(2200.65552, 259.009186, 3185.73779, 0.12957868, -0.0251964778, -0.991252899, 0.163911059, 0.986467242, -0.0036466918, 0.977928817, -0.162004173, 0.131956041)
Part2792.Orientation = Vector3.new(0.20999999344348907, -82.41999816894531, 9.430000305175781)
Part2792.Position = Vector3.new(2200.655517578125, 259.0091857910156, 3185.73779296875)
Part2792.Rotation = Vector3.new(1.5800000429153442, -82.41999816894531, 11)
Part2792.Transparency = 1
Part2792.Size = Vector3.new(1.3500009775161743, 26.749998092651367, 1.5)
Part2792.Anchored = true
Part2792.Material = Enum.Material.Fabric
Part2793.Name = "Tree_Collision"
Part2793.Parent = Model2785
Part2793.CFrame = CFrame.new(2218.79565, 257.994263, 3237.94238, 0.115115292, 0.407942563, -0.905725777, 0.0402423739, 0.909118414, 0.414586693, 0.992537856, -0.0841738135, 0.0882379264)
Part2793.Orientation = Vector3.new(-24.489999771118164, -84.44000244140625, 2.5299999713897705)
Part2793.Position = Vector3.new(2218.795654296875, 257.9942626953125, 3237.9423828125)
Part2793.Rotation = Vector3.new(-77.9800033569336, -64.91999816894531, -74.23999786376953)
Part2793.Transparency = 1
Part2793.Size = Vector3.new(1.3500009775161743, 23.749998092651367, 1.5)
Part2793.Anchored = true
Part2793.Material = Enum.Material.Fabric
Part2794.Name = "Tree_Collision"
Part2794.Parent = Model2785
Part2794.CFrame = CFrame.new(2215.94043, 256.575958, 3194.57593, 0.17442134, 0.331600308, -0.927160203, 0.255929917, 0.893960714, 0.367874384, 0.950830877, -0.301452786, 0.0710605085)
Part2794.Orientation = Vector3.new(-21.579999923706055, -85.62000274658203, 15.979999542236328)
Part2794.Position = Vector3.new(2215.9404296875, 256.5759582519531, 3194.575927734375)
Part2794.Rotation = Vector3.new(-79.06999969482422, -68, -62.2599983215332)
Part2794.Transparency = 1
Part2794.Size = Vector3.new(1.3500009775161743, 26.749998092651367, 1.5)
Part2794.Anchored = true
Part2794.Material = Enum.Material.Fabric
Part2795.Name = "Tree_Collision"
Part2795.Parent = Model2785
Part2795.CFrame = CFrame.new(2183.38135, 260.742401, 3197.62646, 0.025561979, -0.155726671, -0.987473547, 0.155214623, 0.976430476, -0.149965882, 0.987551391, -0.149436131, 0.0491315462)
Part2795.Orientation = Vector3.new(8.619999885559082, -87.1500015258789, 9.029999732971191)
Part2795.Position = Vector3.new(2183.38134765625, 260.7424011230469, 3197.62646484375)
Part2795.Rotation = Vector3.new(71.86000061035156, -80.91999816894531, 80.68000030517578)
Part2795.Transparency = 1
Part2795.Size = Vector3.new(1.3500009775161743, 22.749998092651367, 1.5)
Part2795.Anchored = true
Part2795.Material = Enum.Material.Fabric
Part2796.Name = "Tree_Collision"
Part2796.Parent = Model2785
Part2796.CFrame = CFrame.new(2200.78564, 261.064789, 3229.08423, 0.0498798713, 0.206380293, -0.977203608, -0.1024689, 0.974310696, 0.200540289, 0.993486106, 0.0901300907, 0.0697471574)
Part2796.Orientation = Vector3.new(-11.569999694824219, -85.91999816894531, -6)
Part2796.Position = Vector3.new(2200.78564453125, 261.0647888183594, 3229.084228515625)
Part2796.Rotation = Vector3.new(-70.81999969482422, -77.73999786376953, -76.41000366210938)
Part2796.Transparency = 1
Part2796.Size = Vector3.new(1.3500009775161743, 23.749998092651367, 1.5)
Part2796.Anchored = true
Part2796.Material = Enum.Material.Fabric
Part2797.Name = "Tree_Collision"
Part2797.Parent = Model2785
Part2797.CFrame = CFrame.new(2195.74487, 260.820465, 3243.28271, 0.110318914, 0.0219927356, -0.993656814, -0.116504773, 0.993147552, 0.00904806796, 0.987045646, 0.114767767, 0.112126186)
Part2797.Orientation = Vector3.new(-0.5199999809265137, -83.55999755859375, -6.690000057220459)
Part2797.Position = Vector3.new(2195.744873046875, 260.8204650878906, 3243.28271484375)
Part2797.Rotation = Vector3.new(-4.610000133514404, -83.54000091552734, -11.270000457763672)
Part2797.Transparency = 1
Part2797.Size = Vector3.new(1.3500009775161743, 20.749998092651367, 1.5)
Part2797.Anchored = true
Part2797.Material = Enum.Material.Fabric
Part2798.Name = "Tree_Collision"
Part2798.Parent = Model2785
Part2798.CFrame = CFrame.new(2213.75195, 253.808807, 3171.32227, 0.151030466, 0.0392993167, -0.987751603, 0.313964814, 0.945564032, 0.085628435, 0.93734628, -0.323050976, 0.130471379)
Part2798.Orientation = Vector3.new(-4.909999847412109, -82.4800033569336, 18.3700008392334)
Part2798.Position = Vector3.new(2213.751953125, 253.80880737304688, 3171.322265625)
Part2798.Rotation = Vector3.new(-33.279998779296875, -81.0199966430664, -14.59000015258789)
Part2798.Transparency = 1
Part2798.Size = Vector3.new(1.3500009775161743, 22.749998092651367, 1.5)
Part2798.Anchored = true
Part2798.Material = Enum.Material.Fabric
Part2799.Name = "Tree_Collision"
Part2799.Parent = Model2785
Part2799.CFrame = CFrame.new(2224.70923, 255.267883, 3204.61182, 0.0570521988, 0.46596083, -0.882968545, -0.0684043467, 0.884149969, 0.462165892, 0.996026278, 0.0340310931, 0.0823175311)
Part2799.Orientation = Vector3.new(-27.530000686645508, -84.66999816894531, -4.420000076293945)
Part2799.Position = Vector3.new(2224.709228515625, 255.26788330078125, 3204.61181640625)
Part2799.Rotation = Vector3.new(-79.9000015258789, -62, -83.0199966430664)
Part2799.Transparency = 1
Part2799.Size = Vector3.new(1.3500009775161743, 23.749998092651367, 1.5)
Part2799.Anchored = true
Part2799.Material = Enum.Material.Fabric
Part2800.Name = "Tree_Collision"
Part2800.Parent = Model2785
Part2800.CFrame = CFrame.new(2214.20386, 257.106232, 3213.3728, 0.0606109984, 0.203487694, -0.977203608, -0.0513372719, 0.978338003, 0.200541049, 0.996841729, 0.0380121022, 0.0697456449)
Part2800.Orientation = Vector3.new(-11.569999694824219, -85.91999816894531, -3)
Part2800.Position = Vector3.new(2214.203857421875, 257.1062316894531, 3213.372802734375)
Part2800.Rotation = Vector3.new(-70.81999969482422, -77.73999786376953, -73.41000366210938)
Part2800.Transparency = 1
Part2800.Size = Vector3.new(1.3500009775161743, 23.749998092651367, 1.5)
Part2800.Anchored = true
Part2800.Material = Enum.Material.Fabric
Part2801.Name = "Tree_Collision"
Part2801.Parent = Model2785
Part2801.CFrame = CFrame.new(2198.99121, 255.804077, 3165.37793, 0.138901666, 0.140434042, -0.980302095, 0.214271545, 0.962181866, 0.168200254, 0.966848791, -0.233413622, 0.103558704)
Part2801.Orientation = Vector3.new(-9.680000305175781, -83.97000122070312, 12.550000190734863)
Part2801.Position = Vector3.new(2198.9912109375, 255.8040771484375, 3165.3779296875)
Part2801.Rotation = Vector3.new(-58.380001068115234, -78.61000061035156, -45.310001373291016)
Part2801.Transparency = 1
Part2801.Size = Vector3.new(1.3500009775161743, 22.749998092651367, 1.5)
Part2801.Anchored = true
Part2801.Material = Enum.Material.Fabric
Model2802.Name = "??"
Model2802.Parent = Folder0
Part2803.Name = "TreeMesh Bottom"
Part2803.Parent = Model2802
Part2803.CFrame = CFrame.new(1927.09241, 144.956055, 2418.0481, 0.402919978, 0.179647893, -0.897430599, -0.00342452526, 0.980835974, 0.194806367, 0.915228665, -0.0754181743, 0.395813823)
Part2803.Orientation = Vector3.new(-11.229999542236328, -66.19999694824219, -0.20000000298023224)
Part2803.Position = Vector3.new(1927.0924072265625, 144.9560546875, 2418.048095703125)
Part2803.Rotation = Vector3.new(-26.200000762939453, -63.81999969482422, -24.030000686645508)
Part2803.Size = Vector3.new(8.250000953674316, 0.2499980926513672, 7)
Part2803.Anchored = true
Part2803.CanCollide = false
Part2803.Material = Enum.Material.Fabric
SpecialMesh2804.Name = "BarkMesh"
SpecialMesh2804.Parent = Part2803
SpecialMesh2804.MeshId = "rbxassetid://623621260"
SpecialMesh2804.Offset = Vector3.new(0, 3.4100000858306885, 0)
SpecialMesh2804.TextureId = "rbxassetid://623618671"
SpecialMesh2804.MeshType = Enum.MeshType.FileMesh
Part2805.Name = "TreeMeshTop"
Part2805.Parent = Model2802
Part2805.CFrame = CFrame.new(1932.50745, 174.518005, 2415.77441, 0.402919978, 0.179647893, -0.897430599, -0.00342452526, 0.980835974, 0.194806367, 0.915228665, -0.0754181743, 0.395813823)
Part2805.Orientation = Vector3.new(-11.229999542236328, -66.19999694824219, -0.20000000298023224)
Part2805.Position = Vector3.new(1932.5074462890625, 174.51800537109375, 2415.7744140625)
Part2805.Rotation = Vector3.new(-26.200000762939453, -63.81999969482422, -24.030000686645508)
Part2805.Transparency = 0.05000000074505806
Part2805.Size = Vector3.new(8.250000953674316, 0.2499980926513672, 7)
Part2805.Anchored = true
Part2805.CanCollide = false
Part2805.Material = Enum.Material.Fabric
SpecialMesh2806.Name = "TopTreeMesh"
SpecialMesh2806.Parent = Part2805
SpecialMesh2806.MeshId = "rbxassetid://623621456"
SpecialMesh2806.Offset = Vector3.new(0, 3.4100000858306885, 0)
SpecialMesh2806.Scale = Vector3.new(1.600000023841858, 1.600000023841858, 1.600000023841858)
SpecialMesh2806.TextureId = "rbxassetid://745556120"
SpecialMesh2806.MeshType = Enum.MeshType.FileMesh
Part2807.Name = "Tree_Collision"
Part2807.Parent = Model2802
Part2807.CFrame = CFrame.new(1924.45361, 158.79895, 2417.69092, 0.414035738, 0.0490953177, -0.908935249, 0.0923607945, 0.991125345, 0.0956065431, 0.90556252, -0.12353462, 0.405826926)
Part2807.Orientation = Vector3.new(-5.489999771118164, -65.94000244140625, 5.320000171661377)
Part2807.Position = Vector3.new(1924.45361328125, 158.7989501953125, 2417.69091796875)
Part2807.Rotation = Vector3.new(-13.260000228881836, -65.36000061035156, -6.760000228881836)
Part2807.Transparency = 1
Part2807.Size = Vector3.new(1.3500009775161743, 26.749998092651367, 1.5)
Part2807.Anchored = true
Part2807.Material = Enum.Material.Fabric
Part2808.Name = "Tree_Collision"
Part2808.Parent = Model2802
Part2808.CFrame = CFrame.new(1918.44641, 159.5354, 2426.27954, 0.286526561, 0.214179084, -0.933825135, -0.290019929, 0.948351502, 0.128523588, 0.913121581, 0.234002352, 0.333844244)
Part2808.Orientation = Vector3.new(-7.380000114440918, -70.33000183105469, -17)
Part2808.Position = Vector3.new(1918.4464111328125, 159.535400390625, 2426.279541015625)
Part2808.Rotation = Vector3.new(-21.059999465942383, -69.04000091552734, -36.779998779296875)
Part2808.Transparency = 1
Part2808.Size = Vector3.new(1.3500009775161743, 23.749998092651367, 1.5)
Part2808.Anchored = true
Part2808.Material = Enum.Material.Fabric
Part2809.Name = "Tree_Collision"
Part2809.Parent = Model2802
Part2809.CFrame = CFrame.new(1920.56384, 158.712891, 2401.11084, 0.414830208, -0.0216460563, -0.909641027, 0.109643981, 0.993621647, 0.0263571218, 0.903268456, -0.110670447, 0.414557755)
Part2809.Orientation = Vector3.new(-1.5099999904632568, -65.5, 6.300000190734863)
Part2809.Position = Vector3.new(1920.5638427734375, 158.712890625, 2401.11083984375)
Part2809.Rotation = Vector3.new(-3.640000104904175, -65.45999908447266, 2.990000009536743)
Part2809.Transparency = 1
Part2809.Size = Vector3.new(1.3500009775161743, 26.749998092651367, 1.5)
Part2809.Anchored = true
Part2809.Material = Enum.Material.Fabric
Part2810.Name = "Tree_Collision"
Part2810.Parent = Model2802
Part2810.CFrame = CFrame.new(1952.9502, 154.405334, 2445.69897, 0.399049282, 0.411067873, -0.819623351, -0.0139820278, 0.896502852, 0.442817867, 0.916822791, -0.165246263, 0.363496453)
Part2810.Orientation = Vector3.new(-26.280000686645508, -66.08000183105469, -0.8899999856948853)
Part2810.Position = Vector3.new(1952.9501953125, 154.40533447265625, 2445.698974609375)
Part2810.Rotation = Vector3.new(-50.619998931884766, -55.04999923706055, -45.849998474121094)
Part2810.Transparency = 1
Part2810.Size = Vector3.new(1.3500009775161743, 23.749998092651367, 1.5)
Part2810.Anchored = true
Part2810.Material = Enum.Material.Fabric
Part2811.Name = "Tree_Collision"
Part2811.Parent = Model2802
Part2811.CFrame = CFrame.new(1937.61047, 155.275269, 2405.01978, 0.454459935, 0.274504244, -0.847415566, 0.201186806, 0.895119488, 0.397851259, 0.86774987, -0.351296365, 0.351569414)
Part2811.Orientation = Vector3.new(-23.440000534057617, -67.47000122070312, 12.670000076293945)
Part2811.Position = Vector3.new(1937.6104736328125, 155.2752685546875, 2405.019775390625)
Part2811.Rotation = Vector3.new(-48.529998779296875, -57.93000030517578, -31.1299991607666)
Part2811.Transparency = 1
Part2811.Size = Vector3.new(1.3500009775161743, 26.749998092651367, 1.5)
Part2811.Anchored = true
Part2811.Material = Enum.Material.Fabric
Part2812.Name = "Tree_Collision"
Part2812.Parent = Model2802
Part2812.CFrame = CFrame.new(1907.57507, 160.483582, 2417.56909, 0.31774056, -0.143299803, -0.937286258, 0.104324654, 0.98779577, -0.115656115, 0.9424209, -0.0610334575, 0.328812689)
Part2812.Orientation = Vector3.new(6.639999866485596, -70.66999816894531, 6.03000020980835)
Part2812.Position = Vector3.new(1907.5750732421875, 160.48358154296875, 2417.569091796875)
Part2812.Rotation = Vector3.new(19.3799991607666, -69.5999984741211, 24.280000686645508)
Part2812.Transparency = 1
Part2812.Size = Vector3.new(1.3500009775161743, 22.749998092651367, 1.5)
Part2812.Anchored = true
Part2812.Material = Enum.Material.Fabric
Part2813.Name = "Tree_Collision"
Part2813.Parent = Model2802
Part2813.CFrame = CFrame.new(1933.3252, 158.580688, 2442.58667, 0.329831511, 0.27203235, -0.90399605, -0.154049486, 0.960257292, 0.232755959, 0.931385994, 0.0624897927, 0.358629674)
Part2813.Orientation = Vector3.new(-13.460000038146973, -68.36000061035156, -9.109999656677246)
Part2813.Position = Vector3.new(1933.3251953125, 158.5806884765625, 2442.586669921875)
Part2813.Rotation = Vector3.new(-32.97999954223633, -64.69000244140625, -39.5099983215332)
Part2813.Transparency = 1
Part2813.Size = Vector3.new(1.3500009775161743, 23.749998092651367, 1.5)
Part2813.Anchored = true
Part2813.Material = Enum.Material.Fabric
Part2814.Name = "Tree_Collision"
Part2814.Parent = Model2802
Part2814.CFrame = CFrame.new(1932.59937, 157.80957, 2457.61987, 0.385044783, 0.103825271, -0.917038977, -0.169968098, 0.984633088, 0.0401120931, 0.907111466, 0.140422314, 0.396774948)
Part2814.Orientation = Vector3.new(-2.299999952316284, -66.5999984741211, -9.789999961853027)
Part2814.Position = Vector3.new(1932.599365234375, 157.8095703125, 2457.619873046875)
Part2814.Rotation = Vector3.new(-5.769999980926514, -66.5, -15.09000015258789)
Part2814.Transparency = 1
Part2814.Size = Vector3.new(1.3500009775161743, 20.749998092651367, 1.5)
Part2814.Anchored = true
Part2814.Material = Enum.Material.Fabric
Part2815.Name = "Tree_Collision"
Part2815.Parent = Model2802
