Part1958.Name = "Tree_Collision"
Part1958.Parent = Model1952
Part1958.CFrame = CFrame.new(2972.44653, 182.361725, 2240.88403, 0.832907975, 0.27315852, 0.481300801, -0.280623674, 0.958058119, -0.0581102371, -0.476988643, -0.0866644531, 0.874627292)
Part1958.Orientation = Vector3.new(3.3299999237060547, 28.81999969482422, -16.329999923706055)
Part1958.Position = Vector3.new(2972.446533203125, 182.36172485351562, 2240.884033203125)
Part1958.Rotation = Vector3.new(3.799999952316284, 28.770000457763672, -18.15999984741211)
Part1958.Transparency = 1
Part1958.Size = Vector3.new(1.3500009775161743, 23.749998092651367, 1.5)
Part1958.Anchored = true
Part1958.Material = Enum.Material.Fabric
Part1959.Name = "Tree_Collision"
Part1959.Parent = Model1952
Part1959.CFrame = CFrame.new(2947.26367, 183.227692, 2242.81079, 0.83537215, -0.026895754, 0.549027264, 0.135533974, 0.978043854, -0.158309698, -0.532715559, 0.206659272, 0.820674896)
Part1959.Orientation = Vector3.new(9.109999656677246, 33.779998779296875, 7.889999866485596)
Part1959.Position = Vector3.new(2947.263671875, 183.22769165039062, 2242.810791015625)
Part1959.Rotation = Vector3.new(10.920000076293945, 33.29999923706055, 1.840000033378601)
Part1959.Transparency = 1
Part1959.Size = Vector3.new(1.3500009775161743, 26.749998092651367, 1.5)
Part1959.Anchored = true
Part1959.Material = Enum.Material.Fabric
Part1960.Name = "Tree_Collision"
Part1960.Parent = Model1952
Part1960.CFrame = CFrame.new(2985.91504, 182.500519, 2203.30151, 0.841320395, -0.154263332, 0.518058598, 0.0105469953, 0.96291554, 0.269600153, -0.5404374, -0.221355632, 0.811745584)
Part1960.Orientation = Vector3.new(-15.640000343322754, 32.54999923706055, 0.6299999952316284)
Part1960.Position = Vector3.new(2985.9150390625, 182.50051879882812, 2203.301513671875)
Part1960.Rotation = Vector3.new(-18.3700008392334, 31.200000762939453, 10.390000343322754)
Part1960.Transparency = 1
Part1960.Size = Vector3.new(1.3500009775161743, 23.749998092651367, 1.5)
Part1960.Anchored = true
Part1960.Material = Enum.Material.Fabric
Part1961.Name = "Tree_Collision"
Part1961.Parent = Model1952
Part1961.CFrame = CFrame.new(2948.24609, 182.701233, 2225.02197, 0.801608801, -0.316865385, 0.506973028, 0.23439987, 0.946674049, 0.221058667, -0.54998517, -0.058367461, 0.833133519)
Part1961.Orientation = Vector3.new(-12.770000457763672, 31.31999969482422, 13.90999984741211)
Part1961.Position = Vector3.new(2948.24609375, 182.70123291015625, 2225.02197265625)
Part1961.Rotation = Vector3.new(-14.859999656677246, 30.459999084472656, 21.56999969482422)
Part1961.Transparency = 1
Part1961.Size = Vector3.new(1.3500009775161743, 26.749998092651367, 1.5)
Part1961.Anchored = true
Part1961.Material = Enum.Material.Fabric
Part1962.Name = "Tree_Collision"
Part1962.Parent = Model1952
Part1962.CFrame = CFrame.new(2965.59668, 181.794647, 2253.03784, 0.888307989, 0.0400689468, 0.457497835, 0.110907964, 0.947983742, -0.298373848, -0.445657045, 0.315787822, 0.837656915)
Part1962.Orientation = Vector3.new(17.360000610351562, 28.639999389648438, 6.670000076293945)
Part1962.Position = Vector3.new(2965.5966796875, 181.79464721679688, 2253.037841796875)
Part1962.Rotation = Vector3.new(19.610000610351562, 27.229999542236328, -2.5799999237060547)
Part1962.Transparency = 1
Part1962.Size = Vector3.new(1.3500009775161743, 22.749998092651367, 1.5)
Part1962.Anchored = true
Part1962.Material = Enum.Material.Fabric
Part1963.Name = "Tree_Collision"
Part1963.Parent = Model1952
Part1963.CFrame = CFrame.new(2986.1687, 183.248871, 2223.58984, 0.85509479, 0.0963252783, 0.509445786, -0.140215799, 0.988939703, 0.0483617485, -0.499153674, -0.112786382, 0.859142721)
Part1963.Orientation = Vector3.new(-2.7699999809265137, 30.670000076293945, -8.069999694824219)
Part1963.Position = Vector3.new(2986.168701171875, 183.24887084960938, 2223.58984375)
Part1963.Rotation = Vector3.new(-3.2200000286102295, 30.6299991607666, -6.429999828338623)
Part1963.Transparency = 1
Part1963.Size = Vector3.new(1.3500009775161743, 23.749998092651367, 1.5)
Part1963.Anchored = true
Part1963.Material = Enum.Material.Fabric
Part1964.Name = "Tree_Collision"
Part1964.Parent = Model1952
Part1964.CFrame = CFrame.new(3001.02808, 181.58783, 2221.70312, 0.821509123, 0.200650588, 0.533726454, -0.144720942, 0.978760958, -0.145205155, -0.551527262, 0.0420454741, 0.833097577)
Part1964.Orientation = Vector3.new(8.350000381469727, 32.650001525878906, -8.40999984741211)
Part1964.Position = Vector3.new(3001.028076171875, 181.58782958984375, 2221.703125)
Part1964.Rotation = Vector3.new(9.890000343322754, 32.2599983215332, -13.729999542236328)
Part1964.Transparency = 1
Part1964.Size = Vector3.new(1.3500009775161743, 20.749998092651367, 1.5)
Part1964.Anchored = true
Part1964.Material = Enum.Material.Fabric
Part1965.Name = "Tree_Collision"
Part1965.Parent = Model1952
Part1965.CFrame = CFrame.new(2928.11548, 180.728821, 2237.02539, 0.806028903, -0.203337371, 0.55585289, 0.288840801, 0.954848349, -0.0695469603, -0.516614377, 0.21660994, 0.82836622)
Part1965.Orientation = Vector3.new(3.990000009536743, 33.86000061035156, 16.829999923706055)
Part1965.Position = Vector3.new(2928.115478515625, 180.72882080078125, 2237.025390625)
Part1965.Rotation = Vector3.new(4.800000190734863, 33.77000045776367, 14.15999984741211)
Part1965.Transparency = 1
Part1965.Size = Vector3.new(1.3500009775161743, 22.749998092651367, 1.5)
Part1965.Anchored = true
Part1965.Material = Enum.Material.Fabric
Part1966.Name = "Tree_Collision"
Part1966.Parent = Model1952
Part1966.CFrame = CFrame.new(2953.25635, 182.253845, 2212.61255, 0.857936084, -0.0765797049, 0.508018732, -0.105617926, 0.941418946, 0.320276678, -0.502786398, -0.328432411, 0.79958725)
Part1966.Orientation = Vector3.new(-18.68000030517578, 32.43000030517578, -6.400000095367432)
Part1966.Position = Vector3.new(2953.25634765625, 182.25384521484375, 2212.612548828125)
Part1966.Rotation = Vector3.new(-21.829999923706055, 30.530000686645508, 5.099999904632568)
Part1966.Transparency = 1
Part1966.Size = Vector3.new(1.3500009775161743, 23.749998092651367, 1.5)
Part1966.Anchored = true
Part1966.Material = Enum.Material.Fabric
Part1967.Name = "Tree_Collision"
Part1967.Parent = Model1952
Part1967.CFrame = CFrame.new(2965.85815, 182.085205, 2218.23804, 0.858964741, 0.0514408872, 0.509445012, -0.0882668048, 0.994922698, 0.0483626798, -0.504371285, -0.0865089968, 0.859142959)
Part1967.Orientation = Vector3.new(-2.7699999809265137, 30.670000076293945, -5.070000171661377)
Part1967.Position = Vector3.new(2965.858154296875, 182.085205078125, 2218.238037109375)
Part1967.Rotation = Vector3.new(-3.2200000286102295, 30.6299991607666, -3.430000066757202)
Part1967.Transparency = 1
Part1967.Size = Vector3.new(1.3500009775161743, 23.749998092651367, 1.5)
Part1967.Anchored = true
Part1967.Material = Enum.Material.Fabric
Part1968.Name = "Tree_Collision"
Part1968.Parent = Model1952
Part1968.CFrame = CFrame.new(2929.44556, 180.765564, 2253.0083, 0.826869845, -0.165447891, 0.537507534, 0.187185898, 0.982219875, 0.0143766403, -0.530329883, 0.0887263715, 0.843136489)
Part1968.Orientation = Vector3.new(-0.8199999928474426, 32.52000045776367, 10.789999961853027)
Part1968.Position = Vector3.new(2929.445556640625, 180.76556396484375, 2253.00830078125)
Part1968.Rotation = Vector3.new(-0.9800000190734863, 32.5099983215332, 11.3100004196167)
Part1968.Transparency = 1
Part1968.Size = Vector3.new(1.3500009775161743, 22.749998092651367, 1.5)
Part1968.Anchored = true
Part1968.Material = Enum.Material.Fabric
Model1969.Name = "??"
Model1969.Parent = Folder0
Part1970.Name = "TreeMesh Bottom"
Part1970.Parent = Model1969
Part1970.CFrame = CFrame.new(1788.85779, 236.666885, 2545.60571, 0.512444794, 0.210739642, -0.83246541, -0.00354338437, 0.96993494, 0.243358642, 0.858718455, -0.121757507, 0.497781903)
Part1970.Orientation = Vector3.new(-14.079999923706055, -59.119998931884766, -0.20999999344348907)
Part1970.Position = Vector3.new(1788.8577880859375, 236.66688537597656, 2545.605712890625)
Part1970.Rotation = Vector3.new(-26.049999237060547, -56.349998474121094, -22.350000381469727)
Part1970.Size = Vector3.new(8.250000953674316, 0.2499980926513672, 7)
Part1970.Anchored = true
Part1970.CanCollide = false
Part1970.Material = Enum.Material.Fabric
SpecialMesh1971.Name = "BarkMesh"
SpecialMesh1971.Parent = Part1970
SpecialMesh1971.MeshId = "rbxassetid://623621260"
SpecialMesh1971.Offset = Vector3.new(0, 3.4100000858306885, 0)
SpecialMesh1971.TextureId = "rbxassetid://623618671"
SpecialMesh1971.MeshType = Enum.MeshType.FileMesh
Part1972.Name = "TreeMeshTop"
Part1972.Parent = Model1969
Part1972.CFrame = CFrame.new(1795.20996, 265.90036, 2541.9353, 0.512444794, 0.210739642, -0.83246541, -0.00354338437, 0.96993494, 0.243358642, 0.858718455, -0.121757507, 0.497781903)
Part1972.Orientation = Vector3.new(-14.079999923706055, -59.119998931884766, -0.20999999344348907)
Part1972.Position = Vector3.new(1795.2099609375, 265.9003601074219, 2541.935302734375)
Part1972.Rotation = Vector3.new(-26.049999237060547, -56.349998474121094, -22.350000381469727)
Part1972.Transparency = 0.05000000074505806
Part1972.Size = Vector3.new(8.250000953674316, 0.2499980926513672, 7)
Part1972.Anchored = true
Part1972.CanCollide = false
Part1972.Material = Enum.Material.Fabric
SpecialMesh1973.Name = "TopTreeMesh"
SpecialMesh1973.Parent = Part1972
SpecialMesh1973.MeshId = "rbxassetid://623621456"
SpecialMesh1973.Offset = Vector3.new(0, 3.4100000858306885, 0)
SpecialMesh1973.Scale = Vector3.new(1.600000023841858, 1.600000023841858, 1.600000023841858)
SpecialMesh1973.TextureId = "rbxassetid://745556120"
SpecialMesh1973.MeshType = Enum.MeshType.FileMesh
Part1974.Name = "Tree_Collision"
Part1974.Parent = Model1969
Part1974.CFrame = CFrame.new(1786.7887, 250.605896, 2545.22241, 0.526368141, 0.0758004859, -0.846876979, 0.0914267451, 0.985202432, 0.145006508, 0.845332801, -0.153753281, 0.511645973)
Part1974.Orientation = Vector3.new(-8.34000015258789, -58.86000061035156, 5.300000190734863)
Part1974.Position = Vector3.new(1786.7886962890625, 250.60589599609375, 2545.222412109375)
Part1974.Rotation = Vector3.new(-15.819999694824219, -57.869998931884766, -8.1899995803833)
Part1974.Transparency = 1
Part1974.Size = Vector3.new(1.3500009775161743, 26.749998092651367, 1.5)
Part1974.Anchored = true
Part1974.Material = Enum.Material.Fabric
Part1975.Name = "Tree_Collision"
Part1975.Parent = Model1969
Part1975.CFrame = CFrame.new(1781.92749, 251.786453, 2554.4624, 0.384527951, 0.281835467, -0.879043043, -0.284528613, 0.942081451, 0.177582368, 0.87817508, 0.181826562, 0.442444026)
Part1975.Orientation = Vector3.new(-10.229999542236328, -63.279998779296875, -16.809999465942383)
Part1975.Position = Vector3.new(1781.927490234375, 251.7864532470703, 2554.46240234375)
Part1975.Rotation = Vector3.new(-21.8700008392334, -61.529998779296875, -36.2400016784668)
Part1975.Transparency = 1
Part1975.Size = Vector3.new(1.3500009775161743, 23.749998092651367, 1.5)
Part1975.Anchored = true
Part1975.Material = Enum.Material.Fabric
Part1976.Name = "Tree_Collision"
Part1976.Parent = Model1969
Part1976.CFrame = CFrame.new(1780.88049, 250.366806, 2529.25269, 0.527608812, 0.0073638414, -0.849455535, 0.108606443, 0.991171598, 0.0760493577, 0.842516243, -0.132380664, 0.522151113)
Part1976.Orientation = Vector3.new(-4.360000133514404, -58.41999816894531, 6.25)
Part1976.Position = Vector3.new(1780.8804931640625, 250.36680603027344, 2529.252685546875)
Part1976.Rotation = Vector3.new(-8.289999961853027, -58.150001525878906, -0.800000011920929)
Part1976.Transparency = 1
Part1976.Size = Vector3.new(1.3500009775161743, 26.749998092651367, 1.5)
Part1976.Anchored = true
Part1976.Material = Enum.Material.Fabric
Part1977.Name = "Tree_Collision"
Part1977.Parent = Model1969
Part1977.CFrame = CFrame.new(1818.31494, 245.47728, 2569.62793, 0.508350313, 0.425456583, -0.748710036, -0.0138798198, 0.873365104, 0.486868262, 0.861038566, -0.237107649, 0.44988063)
Part1977.Orientation = Vector3.new(-29.1299991607666, -59, -0.9100000262260437)
Part1977.Position = Vector3.new(1818.31494140625, 245.47727966308594, 2569.6279296875)
Part1977.Rotation = Vector3.new(-47.2599983215332, -48.47999954223633, -39.93000030517578)
Part1977.Transparency = 1
Part1977.Size = Vector3.new(1.3500009775161743, 23.749998092651367, 1.5)
Part1977.Anchored = true
Part1977.Material = Enum.Material.Fabric
Part1978.Name = "Tree_Collision"
Part1978.Parent = Model1969
Part1978.CFrame = CFrame.new(1798.11646, 246.234406, 2531.12842, 0.566423833, 0.267007291, -0.77966094, 0.197523832, 0.874498069, 0.442986935, 0.800092697, -0.404920012, 0.442596227)
Part1978.Orientation = Vector3.new(-26.290000915527344, -60.41999816894531, 12.729999542236328)
Part1978.Position = Vector3.new(1798.116455078125, 246.23440551757812, 2531.12841796875)
Part1978.Rotation = Vector3.new(-45.029998779296875, -51.22999954223633, -25.239999771118164)
Part1978.Transparency = 1
Part1978.Size = Vector3.new(1.3500009775161743, 26.749998092651367, 1.5)
Part1978.Anchored = true
Part1978.Material = Enum.Material.Fabric
Part1979.Name = "Tree_Collision"
Part1979.Parent = Model1969
Part1979.CFrame = CFrame.new(1770.11316, 253.05513, 2547.12891, 0.435964555, -0.107355982, -0.89353776, 0.108498558, 0.991887629, -0.0662350878, 0.893399656, -0.0680714026, 0.444075823)
Part1979.Orientation = Vector3.new(3.799999952316284, -63.56999969482422, 6.239999771118164)
Part1979.Position = Vector3.new(1770.1131591796875, 253.0551300048828, 2547.12890625)
Part1979.Rotation = Vector3.new(8.479999542236328, -63.31999969482422, 13.829999923706055)
Part1979.Transparency = 1
Part1979.Size = Vector3.new(1.3500009775161743, 22.749998092651367, 1.5)
Part1979.Anchored = true
Part1979.Material = Enum.Material.Fabric
Part1980.Name = "Tree_Collision"
Part1980.Parent = Model1969
Part1980.CFrame = CFrame.new(1798.65283, 250.479797, 2568.84082, 0.435536444, 0.318498492, -0.841948032, -0.150332794, 0.947918952, 0.280819148, 0.887534618, 0.00426545739, 0.460731089)
Part1980.Orientation = Vector3.new(-16.309999465942383, -61.310001373291016, -9.010000228881836)
Part1980.Position = Vector3.new(1798.65283203125, 250.47979736328125, 2568.8408203125)
Part1980.Rotation = Vector3.new(-31.360000610351562, -57.349998474121094, -36.18000030517578)
Part1980.Transparency = 1
Part1980.Size = Vector3.new(1.3500009775161743, 23.749998092651367, 1.5)
Part1980.Anchored = true
Part1980.Material = Enum.Material.Fabric
Part1981.Name = "Tree_Collision"
Part1981.Parent = Model1969
Part1981.CFrame = CFrame.new(1799.75793, 250.042297, 2583.86401, 0.486594588, 0.162414089, -0.858403742, -0.169232309, 0.981484175, 0.0897702426, 0.857085764, 0.1015874, 0.505067647)
Part1981.Orientation = Vector3.new(-5.150000095367432, -59.529998779296875, -9.779999732971191)
Part1981.Position = Vector3.new(1799.7579345703125, 250.04229736328125, 2583.864013671875)
Part1981.Rotation = Vector3.new(-10.079999923706055, -59.13999938964844, -18.459999084472656)
Part1981.Transparency = 1
Part1981.Size = Vector3.new(1.3500009775161743, 20.749998092651367, 1.5)
Part1981.Anchored = true
Part1981.Material = Enum.Material.Fabric
Part1982.Name = "Tree_Collision"
Part1982.Parent = Model1969
Part1982.CFrame = CFrame.new(1786.49268, 244.699966, 2510.73926, 0.545327187, -0.00274429144, -0.838224649, 0.257901907, 0.952040374, 0.16466707, 0.797568023, -0.305975735, 0.51987803)
Part1982.Orientation = Vector3.new(-9.479999542236328, -58.189998626708984, 15.15999984741211)
Part1982.Position = Vector3.new(1786.49267578125, 244.69996643066406, 2510.7392578125)
Part1982.Rotation = Vector3.new(-17.579999923706055, -56.95000076293945, 0.28999999165534973)
Part1982.Transparency = 1
Part1982.Size = Vector3.new(1.3500009775161743, 22.749998092651367, 1.5)
Part1982.Anchored = true
Part1982.Material = Enum.Material.Fabric
Part1983.Name = "Tree_Collision"
Part1983.Parent = Model1969
Part1983.CFrame = CFrame.new(1810.01221, 243.731018, 2536.74414, 0.44638595, 0.523448527, -0.725776196, -0.117160268, 0.838272452, 0.532524467, 0.887143016, -0.152678341, 0.435517758)
Part1983.Orientation = Vector3.new(-32.18000030517578, -59.029998779296875, -7.960000038146973)
Part1983.Position = Vector3.new(1810.01220703125, 243.73101806640625, 2536.744140625)
Part1983.Rotation = Vector3.new(-50.720001220703125, -46.529998779296875, -49.540000915527344)
Part1983.Transparency = 1
Part1983.Size = Vector3.new(1.3500009775161743, 23.749998092651367, 1.5)
Part1983.Anchored = true
Part1983.Material = Enum.Material.Fabric
Part1984.Name = "Tree_Collision"
Part1984.Parent = Model1969
Part1984.CFrame = CFrame.new(1804.15613, 246.078674, 2549.01953, 0.451607108, 0.295269042, -0.84194833, -0.100516103, 0.954487324, 0.280820668, 0.886542261, -0.042190969, 0.460729718)
Part1984.Orientation = Vector3.new(-16.309999465942383, -61.310001373291016, -6.010000228881836)
Part1984.Position = Vector3.new(1804.1561279296875, 246.07867431640625, 2549.01953125)
Part1984.Rotation = Vector3.new(-31.360000610351562, -57.349998474121094, -33.18000030517578)
Part1984.Transparency = 1
Part1984.Size = Vector3.new(1.3500009775161743, 23.749998092651367, 1.5)
Part1984.Anchored = true
Part1984.Material = Enum.Material.Fabric
Part1985.Name = "Tree_Collision"
Part1985.Parent = Model1969
Part1985.CFrame = CFrame.new(1770.8562, 248.22316, 2511.29517, 0.53651309, 0.127013803, -0.834284604, 0.158417106, 0.955880046, 0.247400701, 0.828895211, -0.264897376, 0.492718101)
Part1985.Orientation = Vector3.new(-14.319999694824219, -59.43000030517578, 9.40999984741211)
Part1985.Position = Vector3.new(1770.856201171875, 248.22315979003906, 2511.295166015625)
Part1985.Rotation = Vector3.new(-26.65999984741211, -56.540000915527344, -13.319999694824219)
Part1985.Transparency = 1
Part1985.Size = Vector3.new(1.3500009775161743, 22.749998092651367, 1.5)
Part1985.Anchored = true
Part1985.Material = Enum.Material.Fabric
Model1986.Name = "??"
Model1986.Parent = Folder0
Part1987.Name = "TreeMesh Bottom"
Part1987.Parent = Model1986
Part1987.CFrame = CFrame.new(2406.89722, 112.268372, 2466.49829, -1.00000072, 2.85217094e-09, -1.15936871e-07, 1.39407392e-08, 1.00000024, 0.000976553303, -1.160697e-07, 0.000976549345, -0.999999762)
Part1987.Orientation = Vector3.new(-0.05999999865889549, -180, 0)
Part1987.Position = Vector3.new(2406.897216796875, 112.26837158203125, 2466.498291015625)
Part1987.Rotation = Vector3.new(-179.94000244140625, 0, -180)
Part1987.Size = Vector3.new(8.250000953674316, 0.2499980926513672, 7)
Part1987.Anchored = true
Part1987.CanCollide = false
Part1987.Material = Enum.Material.Fabric
SpecialMesh1988.Name = "BarkMesh"
SpecialMesh1988.Parent = Part1987
SpecialMesh1988.MeshId = "rbxassetid://623621260"
SpecialMesh1988.Offset = Vector3.new(0, 3.4100000858306885, 0)
SpecialMesh1988.TextureId = "rbxassetid://623618671"
SpecialMesh1988.MeshType = Enum.MeshType.FileMesh
Part1989.Name = "TreeMeshTop"
Part1989.Parent = Model1986
Part1989.CFrame = CFrame.new(2406.89795, 142.408234, 2466.52832, -1.00000072, 2.85217094e-09, -1.15936871e-07, 1.39407392e-08, 1.00000024, 0.000976553303, -1.160697e-07, 0.000976549345, -0.999999762)
Part1989.Orientation = Vector3.new(-0.05999999865889549, -180, 0)
Part1989.Position = Vector3.new(2406.89794921875, 142.40823364257812, 2466.5283203125)
Part1989.Rotation = Vector3.new(-179.94000244140625, 0, -180)
Part1989.Transparency = 0.05000000074505806
Part1989.Size = Vector3.new(8.250000953674316, 0.2499980926513672, 7)
Part1989.Anchored = true
Part1989.CanCollide = false
Part1989.Material = Enum.Material.Fabric
SpecialMesh1990.Name = "TopTreeMesh"
SpecialMesh1990.Parent = Part1989
SpecialMesh1990.MeshId = "rbxassetid://623621456"
SpecialMesh1990.Offset = Vector3.new(0, 3.4100000858306885, 0)
SpecialMesh1990.Scale = Vector3.new(1.600000023841858, 1.600000023841858, 1.600000023841858)
SpecialMesh1990.TextureId = "rbxassetid://745556120"
SpecialMesh1990.MeshType = Enum.MeshType.FileMesh
Part1991.Name = "Tree_Collision"
Part1991.Parent = Model1986
Part1991.CFrame = CFrame.new(2408.33594, 125.403656, 2461.5874, -0.995304704, 0.0966771394, -0.00486930367, 0.0966824368, 0.990365505, -0.0991472453, -0.0047631152, -0.0991523713, -0.9950611)
Part1991.Orientation = Vector3.new(5.690000057220459, -179.72000122070312, 5.579999923706055)
Part1991.Position = Vector3.new(2408.3359375, 125.40365600585938, 2461.58740234375)
Part1991.Rotation = Vector3.new(174.30999755859375, -0.2800000011920929, -174.4499969482422)
Part1991.Transparency = 1
Part1991.Size = Vector3.new(1.3500009775161743, 26.749998092651367, 1.5)
Part1991.Anchored = true
Part1991.Material = Enum.Material.Fabric
Part1992.Name = "Tree_Collision"
Part1992.Parent = Model1986
Part1992.CFrame = CFrame.new(2402.89697, 124.407928, 2452.65283, -0.95215404, -0.297222555, 0.0711539239, -0.301814318, 0.95108676, -0.0659041703, -0.0480854847, -0.0842261836, -0.995285988)
Part1992.Orientation = Vector3.new(3.7799999713897705, 175.91000366210938, -17.610000610351562)
Part1992.Position = Vector3.new(2402.89697265625, 124.40792846679688, 2452.65283203125)
Part1992.Rotation = Vector3.new(176.2100067138672, 4.079999923706055, 162.66000366210938)
Part1992.Transparency = 1
Part1992.Size = Vector3.new(1.3500009775161743, 23.749998092651367, 1.5)
Part1992.Anchored = true
Part1992.Material = Enum.Material.Fabric
Part1993.Name = "Tree_Collision"
Part1993.Parent = Model1986
Part1993.CFrame = CFrame.new(2425.07593, 125.868073, 2464.67651, -0.993465841, 0.113415428, -0.0128130801, 0.113952123, 0.979202509, -0.167864636, -0.00649209227, -0.168227658, -0.985727072)
Part1993.Orientation = Vector3.new(9.65999984741211, -179.25999450683594, 6.639999866485596)
Part1993.Position = Vector3.new(2425.075927734375, 125.86807250976562, 2464.676513671875)
Part1993.Rotation = Vector3.new(170.33999633789062, -0.7300000190734863, -173.49000549316406)
Part1993.Transparency = 1
Part1993.Size = Vector3.new(1.3500009775161743, 26.749998092651367, 1.5)
Part1993.Anchored = true
Part1993.Material = Enum.Material.Fabric
Part1994.Name = "Tree_Collision"
Part1994.Parent = Model1986
Part1994.CFrame = CFrame.new(2371.20532, 124.086487, 2476.92944, -0.999936223, -0.0113193626, -0.000923900981, -0.011168967, 0.965379417, 0.260613233, -0.00205826759, 0.260606617, -0.965443254)
Part1994.Orientation = Vector3.new(-15.109999656677246, -179.9499969482422, -0.6600000262260437)
Part1994.Position = Vector3.new(2371.205322265625, 124.08648681640625, 2476.929443359375)
Part1994.Rotation = Vector3.new(-164.88999938964844, -0.05000000074505806, 179.35000610351562)
Part1994.Transparency = 1
Part1994.Size = Vector3.new(1.3500009775161743, 23.749998092651367, 1.5)
Part1994.Anchored = true
Part1994.Material = Enum.Material.Fabric
Part1995.Name = "Tree_Collision"
Part1995.Parent = Model1986
Part1995.CFrame = CFrame.new(2414.61841, 125.249756, 2479.09668, -0.976611376, 0.213983953, 0.0210359897, 0.213510305, 0.953566611, 0.212427095, 0.0253964756, 0.211949959, -0.976950765)
Part1995.Orientation = Vector3.new(-12.260000228881836, 178.77000427246094, 12.619999885559082)
Part1995.Position = Vector3.new(2414.618408203125, 125.249755859375, 2479.0966796875)
Part1995.Rotation = Vector3.new(-167.72999572753906, 1.2100000381469727, -167.63999938964844)
Part1995.Transparency = 1
Part1995.Size = Vector3.new(1.3500009775161743, 26.749998092651367, 1.5)
Part1995.Anchored = true
Part1995.Material = Enum.Material.Fabric
Part1996.Name = "Tree_Collision"
Part1996.Parent = Model1986
Part1996.CFrame = CFrame.new(2415.25269, 124.048004, 2446.15869, -0.990198135, 0.116982535, 0.0763165653, 0.0884389803, 0.948015571, -0.305689424, -0.108109765, -0.295943379, -0.94906801)
Part1996.Orientation = Vector3.new(17.799999237060547, 175.39999389648438, 5.329999923706055)
Part1996.Position = Vector3.new(2415.252685546875, 124.04800415039062, 2446.15869140625)
Part1996.Rotation = Vector3.new(162.14999389648438, 4.380000114440918, -173.25999450683594)
Part1996.Transparency = 1
Part1996.Size = Vector3.new(1.3500009775161743, 22.749998092651367, 1.5)
Part1996.Anchored = true
Part1996.Material = Enum.Material.Fabric
Part1997.Name = "Tree_Collision"
Part1997.Parent = Model1986
Part1997.CFrame = CFrame.new(2381.97437, 124.907654, 2459.73706, -0.985854447, -0.163515761, 0.0368074849, -0.162049666, 0.985979378, 0.0398220047, -0.0428031795, 0.0332940035, -0.998528779)
Part1997.Orientation = Vector3.new(-2.2799999713897705, 177.88999938964844, -9.329999923706055)
Part1997.Position = Vector3.new(2381.974365234375, 124.90765380859375, 2459.737060546875)
Part1997.Rotation = Vector3.new(-177.72000122070312, 2.109999895095825, 170.5800018310547)
Part1997.Transparency = 1
Part1997.Size = Vector3.new(1.3500009775161743, 23.749998092651367, 1.5)
Part1997.Anchored = true
Part1997.Material = Enum.Material.Fabric
Part1998.Name = "Tree_Collision"
Part1998.Parent = Model1986
Part1998.CFrame = CFrame.new(2368.50635, 122.893402, 2453.2832, -0.985939026, -0.166983947, 0.00648974394, -0.165973723, 0.973975122, -0.154358238, 0.0194542222, -0.153264776, -0.987993896)
Part1998.Orientation = Vector3.new(8.880000114440918, 179.6199951171875, -9.670000076293945)
Part1998.Position = Vector3.new(2368.50634765625, 122.89340209960938, 2453.283203125)
Part1998.Rotation = Vector3.new(171.1199951171875, 0.3700000047683716, 170.38999938964844)
Part1998.Transparency = 1
Part1998.Size = Vector3.new(1.3500009775161743, 20.749998092651367, 1.5)
Part1998.Anchored = true
Part1998.Material = Enum.Material.Fabric
Part1999.Name = "Tree_Collision"
Part1999.Parent = Model1986
Part1999.CFrame = CFrame.new(2438.07788, 123.79361, 2479.94165, -0.963413775, 0.267525077, -0.0163024329, 0.267963856, 0.960164189, -0.0792559832, -0.00555015588, -0.0807246193, -0.996721387)
Part1999.Orientation = Vector3.new(4.550000190734863, -179.05999755859375, 15.59000015258789)
Part1999.Position = Vector3.new(2438.077880859375, 123.79360961914062, 2479.941650390625)
Part1999.Rotation = Vector3.new(175.4499969482422, -0.9300000071525574, -164.47999572753906)
Part1999.Transparency = 1
Part1999.Size = Vector3.new(1.3500009775161743, 22.749998092651367, 1.5)
Part1999.Anchored = true
Part1999.Material = Enum.Material.Fabric
Part2000.Name = "Tree_Collision"
Part2000.Parent = Model1986
Part2000.CFrame = CFrame.new(2403.69092, 124.637207, 2486.81226, -0.990960598, -0.134158701, -0.000181245996, -0.127541363, 0.941661239, 0.311462075, -0.0416149199, 0.308669418, -0.950258791)
Part2000.Orientation = Vector3.new(-18.149999618530273, -179.99000549316406, -7.710000038146973)
Part2000.Position = Vector3.new(2403.69091796875, 124.63720703125, 2486.812255859375)
Part2000.Rotation = Vector3.new(-161.85000610351562, -0.009999999776482582, 172.2899932861328)
Part2000.Transparency = 1
Part2000.Size = Vector3.new(1.3500009775161743, 23.749998092651367, 1.5)
Part2000.Anchored = true
Part2000.Material = Enum.Material.Fabric
Part2001.Name = "Tree_Collision"
Part2001.Parent = Model1986
Part2001.CFrame = CFrame.new(2396.15942, 124.196869, 2475.25513, -0.993061066, -0.111696355, 0.0368089341, -0.110225655, 0.993108928, 0.0398228765, -0.0410035923, 0.0354891904, -0.998528779)
Part2001.Orientation = Vector3.new(-2.2799999713897705, 177.88999938964844, -6.329999923706055)
Part2001.Position = Vector3.new(2396.159423828125, 124.19686889648438, 2475.255126953125)
Part2001.Rotation = Vector3.new(-177.72000122070312, 2.109999895095825, 173.5800018310547)
Part2001.Transparency = 1
Part2001.Size = Vector3.new(1.3500009775161743, 23.749998092651367, 1.5)
Part2001.Anchored = true
Part2001.Material = Enum.Material.Fabric
Part2002.Name = "Tree_Collision"
Part2002.Parent = Model1986
Part2002.CFrame = CFrame.new(2445.62549, 123.861725, 2465.79077, -0.986150861, 0.165770173, 0.00529475464, 0.165797085, 0.986147106, 0.00512951612, -0.00437131617, 0.00593636883, -0.999973059)
Part2002.Orientation = Vector3.new(-0.28999999165534973, 179.6999969482422, 9.539999961853027)
Part2002.Position = Vector3.new(2445.62548828125, 123.86172485351562, 2465.790771484375)
Part2002.Rotation = Vector3.new(-179.7100067138672, 0.30000001192092896, -170.4600067138672)
Part2002.Transparency = 1
Part2002.Size = Vector3.new(1.3500009775161743, 22.749998092651367, 1.5)
Part2002.Anchored = true
Part2002.Material = Enum.Material.Fabric
Model2003.Name = "??"
Model2003.Parent = Folder0
Part2004.Name = "TreeMesh Bottom"
Part2004.Parent = Model2003
Part2004.CFrame = CFrame.new(2938.86377, 153.009094, 2216.37158, 0.839997649, -0.0238344036, 0.54206723, 0.0216940567, 0.999711812, 0.010338746, -0.542158067, 0.00307510793, 0.840271533)
Part2004.Orientation = Vector3.new(-0.5899999737739563, 32.83000183105469, 1.2400000095367432)
Part2004.Position = Vector3.new(2938.86376953125, 153.00909423828125, 2216.37158203125)
Part2004.Rotation = Vector3.new(-0.699999988079071, 32.81999969482422, 1.6299999952316284)
Part2004.Size = Vector3.new(8.250000953674316, 0.2499980926513672, 7)
Part2004.Anchored = true
Part2004.CanCollide = false
Part2004.Material = Enum.Material.Fabric
SpecialMesh2005.Name = "BarkMesh"
SpecialMesh2005.Parent = Part2004
SpecialMesh2005.MeshId = "rbxassetid://623621260"
SpecialMesh2005.Offset = Vector3.new(0, 3.4100000858306885, 0)
SpecialMesh2005.TextureId = "rbxassetid://623618671"
SpecialMesh2005.MeshType = Enum.MeshType.FileMesh
Part2006.Name = "TreeMeshTop"
Part2006.Parent = Model2003
Part2006.CFrame = CFrame.new(2938.14404, 183.140289, 2216.46411, 0.839997649, -0.0238344036, 0.54206723, 0.0216940567, 0.999711812, 0.010338746, -0.542158067, 0.00307510793, 0.840271533)
Part2006.Orientation = Vector3.new(-0.5899999737739563, 32.83000183105469, 1.2400000095367432)
Part2006.Position = Vector3.new(2938.14404296875, 183.14028930664062, 2216.464111328125)
Part2006.Rotation = Vector3.new(-0.699999988079071, 32.81999969482422, 1.6299999952316284)
Part2006.Transparency = 0.05000000074505806
Part2006.Size = Vector3.new(8.250000953674316, 0.2499980926513672, 7)
Part2006.Anchored = true
Part2006.CanCollide = false
Part2006.Material = Enum.Material.Fabric
SpecialMesh2007.Name = "TopTreeMesh"
SpecialMesh2007.Parent = Part2006
SpecialMesh2007.MeshId = "rbxassetid://623621456"
SpecialMesh2007.Offset = Vector3.new(0, 3.4100000858306885, 0)
SpecialMesh2007.Scale = Vector3.new(1.600000023841858, 1.600000023841858, 1.600000023841858)
SpecialMesh2007.TextureId = "rbxassetid://745556120"
SpecialMesh2007.MeshType = Enum.MeshType.FileMesh
Part2008.Name = "Tree_Collision"
Part2008.Parent = Model2003
Part2008.CFrame = CFrame.new(2940.01123, 166.155518, 2221.32886, 0.836381912, -0.0505405627, 0.545813203, 0.11829298, 0.988919735, -0.0896970853, -0.535232782, 0.139586821, 0.833092034)
Part2008.Orientation = Vector3.new(5.150000095367432, 33.22999954223633, 6.820000171661377)
Part2008.Position = Vector3.new(2940.01123046875, 166.155517578125, 2221.328857421875)
Part2008.Rotation = Vector3.new(6.150000095367432, 33.08000183105469, 3.4600000381469727)
Part2008.Transparency = 1
Part2008.Size = Vector3.new(1.3500009775161743, 26.749998092651367, 1.5)
Part2008.Anchored = true
Part2008.Material = Enum.Material.Fabric
Part2009.Name = "Tree_Collision"
Part2009.Parent = Model2003
Part2009.CFrame = CFrame.new(2949.44653, 165.361725, 2225.88403, 0.832907975, 0.27315852, 0.481300801, -0.280623674, 0.958058119, -0.0581102371, -0.476988643, -0.0866644531, 0.874627292)
Part2009.Orientation = Vector3.new(3.3299999237060547, 28.81999969482422, -16.329999923706055)
Part2009.Position = Vector3.new(2949.446533203125, 165.36172485351562, 2225.884033203125)
Part2009.Rotation = Vector3.new(3.799999952316284, 28.770000457763672, -18.15999984741211)
Part2009.Transparency = 1
Part2009.Size = Vector3.new(1.3500009775161743, 23.749998092651367, 1.5)
Part2009.Anchored = true
Part2009.Material = Enum.Material.Fabric
Part2010.Name = "Tree_Collision"
Part2010.Parent = Model2003
Part2010.CFrame = CFrame.new(2924.26367, 166.227692, 2227.81079, 0.83537215, -0.026895754, 0.549027264, 0.135533974, 0.978043854, -0.158309698, -0.532715559, 0.206659272, 0.820674896)
Part2010.Orientation = Vector3.new(9.109999656677246, 33.779998779296875, 7.889999866485596)
Part2010.Position = Vector3.new(2924.263671875, 166.22769165039062, 2227.810791015625)
Part2010.Rotation = Vector3.new(10.920000076293945, 33.29999923706055, 1.840000033378601)
Part2010.Transparency = 1
Part2010.Size = Vector3.new(1.3500009775161743, 26.749998092651367, 1.5)
Part2010.Anchored = true
Part2010.Material = Enum.Material.Fabric
Part2011.Name = "Tree_Collision"
Part2011.Parent = Model2003
Part2011.CFrame = CFrame.new(2962.91504, 165.500519, 2188.30151, 0.841320395, -0.154263332, 0.518058598, 0.0105469953, 0.96291554, 0.269600153, -0.5404374, -0.221355632, 0.811745584)
Part2011.Orientation = Vector3.new(-15.640000343322754, 32.54999923706055, 0.6299999952316284)
Part2011.Position = Vector3.new(2962.9150390625, 165.50051879882812, 2188.301513671875)
Part2011.Rotation = Vector3.new(-18.3700008392334, 31.200000762939453, 10.390000343322754)
Part2011.Transparency = 1
Part2011.Size = Vector3.new(1.3500009775161743, 23.749998092651367, 1.5)
Part2011.Anchored = true
Part2011.Material = Enum.Material.Fabric
Part2012.Name = "Tree_Collision"
Part2012.Parent = Model2003
Part2012.CFrame = CFrame.new(2925.24609, 165.701233, 2210.02197, 0.801608801, -0.316865385, 0.506973028, 0.23439987, 0.946674049, 0.221058667, -0.54998517, -0.058367461, 0.833133519)
Part2012.Orientation = Vector3.new(-12.770000457763672, 31.31999969482422, 13.90999984741211)
Part2012.Position = Vector3.new(2925.24609375, 165.70123291015625, 2210.02197265625)
Part2012.Rotation = Vector3.new(-14.859999656677246, 30.459999084472656, 21.56999969482422)
Part2012.Transparency = 1
Part2012.Size = Vector3.new(1.3500009775161743, 26.749998092651367, 1.5)
Part2012.Anchored = true
Part2012.Material = Enum.Material.Fabric
Part2013.Name = "Tree_Collision"
Part2013.Parent = Model2003
Part2013.CFrame = CFrame.new(2942.59668, 164.794647, 2238.03784, 0.888307989, 0.0400689468, 0.457497835, 0.110907964, 0.947983742, -0.298373848, -0.445657045, 0.315787822, 0.837656915)
Part2013.Orientation = Vector3.new(17.360000610351562, 28.639999389648438, 6.670000076293945)
Part2013.Position = Vector3.new(2942.5966796875, 164.79464721679688, 2238.037841796875)
Part2013.Rotation = Vector3.new(19.610000610351562, 27.229999542236328, -2.5799999237060547)
Part2013.Transparency = 1
Part2013.Size = Vector3.new(1.3500009775161743, 22.749998092651367, 1.5)
Part2013.Anchored = true
Part2013.Material = Enum.Material.Fabric
Part2014.Name = "Tree_Collision"
Part2014.Parent = Model2003
Part2014.CFrame = CFrame.new(2963.1687, 166.248871, 2208.58984, 0.85509479, 0.0963252783, 0.509445786, -0.140215799, 0.988939703, 0.0483617485, -0.499153674, -0.112786382, 0.859142721)
Part2014.Orientation = Vector3.new(-2.7699999809265137, 30.670000076293945, -8.069999694824219)
Part2014.Position = Vector3.new(2963.168701171875, 166.24887084960938, 2208.58984375)
Part2014.Rotation = Vector3.new(-3.2200000286102295, 30.6299991607666, -6.429999828338623)
Part2014.Transparency = 1
Part2014.Size = Vector3.new(1.3500009775161743, 23.749998092651367, 1.5)
Part2014.Anchored = true
Part2014.Material = Enum.Material.Fabric
Part2015.Name = "Tree_Collision"
Part2015.Parent = Model2003
Part2015.CFrame = CFrame.new(2978.02808, 164.58783, 2206.70312, 0.821509123, 0.200650588, 0.533726454, -0.144720942, 0.978760958, -0.145205155, -0.551527262, 0.0420454741, 0.833097577)
Part2015.Orientation = Vector3.new(8.350000381469727, 32.650001525878906, -8.40999984741211)
Part2015.Position = Vector3.new(2978.028076171875, 164.58782958984375, 2206.703125)
Part2015.Rotation = Vector3.new(9.890000343322754, 32.2599983215332, -13.729999542236328)
Part2015.Transparency = 1
Part2015.Size = Vector3.new(1.3500009775161743, 20.749998092651367, 1.5)
Part2015.Anchored = true
Part2015.Material = Enum.Material.Fabric
Part2016.Name = "Tree_Collision"
Part2016.Parent = Model2003
Part2016.CFrame = CFrame.new(2905.11548, 163.728821, 2222.02539, 0.806028903, -0.203337371, 0.55585289, 0.288840801, 0.954848349, -0.0695469603, -0.516614377, 0.21660994, 0.82836622)
Part2016.Orientation = Vector3.new(3.990000009536743, 33.86000061035156, 16.829999923706055)
Part2016.Position = Vector3.new(2905.115478515625, 163.72882080078125, 2222.025390625)
Part2016.Rotation = Vector3.new(4.800000190734863, 33.77000045776367, 14.15999984741211)
Part2016.Transparency = 1
Part2016.Size = Vector3.new(1.3500009775161743, 22.749998092651367, 1.5)
Part2016.Anchored = true
Part2016.Material = Enum.Material.Fabric
Part2017.Name = "Tree_Collision"
Part2017.Parent = Model2003
Part2017.CFrame = CFrame.new(2930.25635, 165.253845, 2197.61255, 0.857936084, -0.0765797049, 0.508018732, -0.105617926, 0.941418946, 0.320276678, -0.502786398, -0.328432411, 0.79958725)
Part2017.Orientation = Vector3.new(-18.68000030517578, 32.43000030517578, -6.400000095367432)
Part2017.Position = Vector3.new(2930.25634765625, 165.25384521484375, 2197.612548828125)
Part2017.Rotation = Vector3.new(-21.829999923706055, 30.530000686645508, 5.099999904632568)
Part2017.Transparency = 1
Part2017.Size = Vector3.new(1.3500009775161743, 23.749998092651367, 1.5)
Part2017.Anchored = true
Part2017.Material = Enum.Material.Fabric
Part2018.Name = "Tree_Collision"
Part2018.Parent = Model2003
Part2018.CFrame = CFrame.new(2942.85815, 165.085205, 2203.23804, 0.858964741, 0.0514408872, 0.509445012, -0.0882668048, 0.994922698, 0.0483626798, -0.504371285, -0.0865089968, 0.859142959)
Part2018.Orientation = Vector3.new(-2.7699999809265137, 30.670000076293945, -5.070000171661377)
Part2018.Position = Vector3.new(2942.858154296875, 165.085205078125, 2203.238037109375)
Part2018.Rotation = Vector3.new(-3.2200000286102295, 30.6299991607666, -3.430000066757202)
Part2018.Transparency = 1
Part2018.Size = Vector3.new(1.3500009775161743, 23.749998092651367, 1.5)
Part2018.Anchored = true
Part2018.Material = Enum.Material.Fabric
Part2019.Name = "Tree_Collision"
Part2019.Parent = Model2003
Part2019.CFrame = CFrame.new(2906.44556, 163.765564, 2238.0083, 0.826869845, -0.165447891, 0.537507534, 0.187185898, 0.982219875, 0.0143766403, -0.530329883, 0.0887263715, 0.843136489)
Part2019.Orientation = Vector3.new(-0.8199999928474426, 32.52000045776367, 10.789999961853027)
Part2019.Position = Vector3.new(2906.445556640625, 163.76556396484375, 2238.00830078125)
Part2019.Rotation = Vector3.new(-0.9800000190734863, 32.5099983215332, 11.3100004196167)
Part2019.Transparency = 1
Part2019.Size = Vector3.new(1.3500009775161743, 22.749998092651367, 1.5)
Part2019.Anchored = true
Part2019.Material = Enum.Material.Fabric
Model2020.Name = "??"
Model2020.Parent = Folder0
Part2021.Name = "TreeMesh Bottom"
Part2021.Parent = Model2020
Part2021.CFrame = CFrame.new(2803.86377, 268.009094, 2836.37158, 0.839997649, -0.0238344036, 0.54206723, 0.0216940567, 0.999711812, 0.010338746, -0.542158067, 0.00307510793, 0.840271533)
Part2021.Orientation = Vector3.new(-0.5899999737739563, 32.83000183105469, 1.2400000095367432)
Part2021.Position = Vector3.new(2803.86376953125, 268.00909423828125, 2836.37158203125)
Part2021.Rotation = Vector3.new(-0.699999988079071, 32.81999969482422, 1.6299999952316284)
Part2021.Size = Vector3.new(8.250000953674316, 0.2499980926513672, 7)
Part2021.Anchored = true
Part2021.CanCollide = false
Part2021.Material = Enum.Material.Fabric
SpecialMesh2022.Name = "BarkMesh"
SpecialMesh2022.Parent = Part2021
SpecialMesh2022.MeshId = "rbxassetid://623621260"
SpecialMesh2022.Offset = Vector3.new(0, 3.4100000858306885, 0)
SpecialMesh2022.TextureId = "rbxassetid://623618671"
SpecialMesh2022.MeshType = Enum.MeshType.FileMesh
Part2023.Name = "TreeMeshTop"
Part2023.Parent = Model2020
Part2023.CFrame = CFrame.new(2803.14404, 298.140289, 2836.46411, 0.839997649, -0.0238344036, 0.54206723, 0.0216940567, 0.999711812, 0.010338746, -0.542158067, 0.00307510793, 0.840271533)
Part2023.Orientation = Vector3.new(-0.5899999737739563, 32.83000183105469, 1.2400000095367432)
Part2023.Position = Vector3.new(2803.14404296875, 298.1402893066406, 2836.464111328125)
