Part2948.Name = "Tree_Collision"
Part2948.Parent = Model2938
Part2948.CFrame = CFrame.new(2618.36328, 124.266693, 2061.59766, 0.583470345, -0.299493372, -0.754894912, 0.0884607062, 0.947425842, -0.307504535, 0.807302475, 0.112641223, 0.579288304)
Part2948.Orientation = Vector3.new(17.90999984741211, -52.5, 5.329999923706055)
Part2948.Position = Vector3.new(2618.36328125, 124.26669311523438, 2061.59765625)
Part2948.Rotation = Vector3.new(27.959999084472656, -49.02000045776367, 27.170000076293945)
Part2948.Transparency = 1
Part2948.Size = Vector3.new(1.3500009775161743, 22.749998092651367, 1.5)
Part2948.Anchored = true
Part2948.Material = Enum.Material.Fabric
Part2949.Name = "Tree_Collision"
Part2949.Parent = Model2938
Part2949.CFrame = CFrame.new(2650.74609, 125.159691, 2077.18848, 0.629407167, 0.132786959, -0.765646458, -0.161905333, 0.986077428, 0.0379206985, 0.760022163, 0.100094691, 0.64214313)
Part2949.Orientation = Vector3.new(-2.1700000762939453, -50.0099983215332, -9.319999694824219)
Part2949.Position = Vector3.new(2650.74609375, 125.1596908569336, 2077.1884765625)
Part2949.Rotation = Vector3.new(-3.380000114440918, -49.959999084472656, -11.90999984741211)
Part2949.Transparency = 1
Part2949.Size = Vector3.new(1.3500009775161743, 23.749998092651367, 1.5)
Part2949.Anchored = true
Part2949.Material = Enum.Material.Fabric
Part2950.Name = "Tree_Collision"
Part2950.Parent = Model2938
Part2950.CFrame = CFrame.new(2654.9895, 123.136253, 2091.5061, 0.675664306, -0.00329566002, -0.737202168, -0.165711492, 0.973720253, -0.156231746, 0.718343735, 0.227723062, 0.657361865)
Part2950.Orientation = Vector3.new(8.989999771118164, -48.279998779296875, -9.65999984741211)
Part2950.Position = Vector3.new(2654.989501953125, 123.1362533569336, 2091.506103515625)
Part2950.Rotation = Vector3.new(13.369999885559082, -47.4900016784668, 0.2800000011920929)
Part2950.Transparency = 1
Part2950.Size = Vector3.new(1.3500009775161743, 20.749998092651367, 1.5)
Part2950.Anchored = true
Part2950.Material = Enum.Material.Fabric
Part2951.Name = "Tree_Collision"
Part2951.Parent = Model2938
Part2951.CFrame = CFrame.new(2628.12817, 124.071114, 2022.01257, 0.64133364, -0.240743324, -0.72851491, 0.268173337, 0.959947407, -0.0811409131, 0.718870163, -0.143329918, 0.680207491)
Part2951.Orientation = Vector3.new(4.650000095367432, -46.959999084472656, 15.609999656677246)
Part2951.Position = Vector3.new(2628.128173828125, 124.07111358642578, 2022.0125732421875)
Part2951.Rotation = Vector3.new(6.800000190734863, -46.7599983215332, 20.579999923706055)
Part2951.Transparency = 1
Part2951.Size = Vector3.new(1.3500009775161743, 22.749998092651367, 1.5)
Part2951.Anchored = true
Part2951.Material = Enum.Material.Fabric
Part2952.Name = "Tree_Collision"
Part2952.Parent = Model2938
Part2952.CFrame = CFrame.new(2656.27808, 124.9356, 2042.92297, 0.633657932, 0.317503691, -0.705456853, -0.127393678, 0.94227469, 0.309659898, 0.763052285, -0.106347695, 0.637527704)
Part2952.Orientation = Vector3.new(-18.040000915527344, -47.900001525878906, -7.699999809265137)
Part2952.Position = Vector3.new(2656.278076171875, 124.93560028076172, 2042.9229736328125)
Part2952.Rotation = Vector3.new(-25.90999984741211, -44.869998931884766, -26.610000610351562)
Part2952.Transparency = 1
Part2952.Size = Vector3.new(1.3500009775161743, 23.749998092651367, 1.5)
Part2952.Anchored = true
Part2952.Material = Enum.Material.Fabric
Part2953.Name = "Tree_Collision"
Part2953.Parent = Model2938
Part2953.CFrame = CFrame.new(2652.75244, 124.47509, 2056.25854, 0.635492802, 0.0996650606, -0.765647471, -0.110075839, 0.993199468, 0.0379219912, 0.764220119, 0.0601801388, 0.642141819)
Part2953.Orientation = Vector3.new(-2.1700000762939453, -50.0099983215332, -6.320000171661377)
Part2953.Position = Vector3.new(2652.75244140625, 124.47509002685547, 2056.258544921875)
Part2953.Rotation = Vector3.new(-3.380000114440918, -49.959999084472656, -8.90999984741211)
Part2953.Transparency = 1
Part2953.Size = Vector3.new(1.3500009775161743, 23.749998092651367, 1.5)
Part2953.Anchored = true
Part2953.Material = Enum.Material.Fabric
Part2954.Name = "Tree_Collision"
Part2954.Parent = Model2938
Part2954.CFrame = CFrame.new(2612.56812, 124.110687, 2025.89929, 0.657610834, -0.108265668, -0.745537937, 0.166014835, 0.986117959, 0.00323314522, 0.734838307, -0.125896499, 0.666455507)
Part2954.Orientation = Vector3.new(-0.1899999976158142, -48.209999084472656, 9.5600004196167)
Part2954.Position = Vector3.new(2612.568115234375, 124.11068725585938, 2025.8992919921875)
Part2954.Rotation = Vector3.new(-0.2800000011920929, -48.209999084472656, 9.350000381469727)
Part2954.Transparency = 1
Part2954.Size = Vector3.new(1.3500009775161743, 22.749998092651367, 1.5)
Part2954.Anchored = true
Part2954.Material = Enum.Material.Fabric
Model2955.Name = "??"
Model2955.Parent = Folder0
Part2956.Name = "TreeMesh Bottom"
Part2956.Parent = Model2955
Part2956.CFrame = CFrame.new(2749.14575, 113.273033, 1920.01086, 0.858077645, -0.000834868173, -0.513519466, 0.000487434037, 0.999999583, -0.000811286503, 0.513519824, 0.000445839833, 0.858077765)
Part2956.Orientation = Vector3.new(0.05000000074505806, -30.899999618530273, 0.029999999329447746)
Part2956.Position = Vector3.new(2749.145751953125, 113.27303314208984, 1920.0108642578125)
Part2956.Rotation = Vector3.new(0.05000000074505806, -30.899999618530273, 0.05999999865889549)
Part2956.Size = Vector3.new(8.250000953674316, 0.2499980926513672, 7)
Part2956.Anchored = true
Part2956.CanCollide = false
Part2956.Material = Enum.Material.Fabric
SpecialMesh2957.Name = "BarkMesh"
SpecialMesh2957.Parent = Part2956
SpecialMesh2957.MeshId = "rbxassetid://623621260"
SpecialMesh2957.Offset = Vector3.new(0, 3.4100000858306885, 0)
SpecialMesh2957.TextureId = "rbxassetid://623618671"
SpecialMesh2957.MeshType = Enum.MeshType.FileMesh
Part2958.Name = "TreeMeshTop"
Part2958.Parent = Model2955
Part2958.CFrame = CFrame.new(2749.12061, 143.413101, 1920.02319, 0.858077645, -0.000834868173, -0.513519466, 0.000487434037, 0.999999583, -0.000811286503, 0.513519824, 0.000445839833, 0.858077765)
Part2958.Orientation = Vector3.new(0.05000000074505806, -30.899999618530273, 0.029999999329447746)
Part2958.Position = Vector3.new(2749.12060546875, 143.41310119628906, 1920.023193359375)
Part2958.Rotation = Vector3.new(0.05000000074505806, -30.899999618530273, 0.05999999865889549)
Part2958.Transparency = 0.05000000074505806
Part2958.Size = Vector3.new(8.250000953674316, 0.2499980926513672, 7)
Part2958.Anchored = true
Part2958.CanCollide = false
Part2958.Material = Enum.Material.Fabric
SpecialMesh2959.Name = "TopTreeMesh"
SpecialMesh2959.Parent = Part2958
SpecialMesh2959.MeshId = "rbxassetid://623621456"
SpecialMesh2959.Offset = Vector3.new(0, 3.4100000858306885, 0)
SpecialMesh2959.Scale = Vector3.new(1.600000023841858, 1.600000023841858, 1.600000023841858)
SpecialMesh2959.TextureId = "rbxassetid://745556120"
SpecialMesh2959.MeshType = Enum.MeshType.FileMesh
Part2960.Name = "Tree_Collision"
Part2960.Parent = Model2955
Part2960.CFrame = CFrame.new(2745.37231, 126.398895, 1923.50244, 0.851473093, -0.135196134, -0.506671488, 0.0971585661, 0.99013865, -0.100923486, 0.515319586, 0.0367061459, 0.856211901)
Part2960.Orientation = Vector3.new(5.789999961853027, -30.6200008392334, 5.599999904632568)
Part2960.Position = Vector3.new(2745.372314453125, 126.39889526367188, 1923.50244140625)
Part2960.Rotation = Vector3.new(6.71999979019165, -30.440000534057617, 9.020000457763672)
Part2960.Transparency = 1
Part2960.Size = Vector3.new(1.3500009775161743, 26.749998092651367, 1.5)
Part2960.Anchored = true
Part2960.Material = Enum.Material.Fabric
Part2961.Name = "Tree_Collision"
Part2961.Parent = Model2955
Part2961.CFrame = CFrame.new(2745.45215, 125.389832, 1933.96094, 0.792732477, 0.210517451, -0.572064638, -0.301435769, 0.951078713, -0.0677183196, 0.529822707, 0.226123273, 0.817408442)
Part2961.Orientation = Vector3.new(3.880000114440918, -34.9900016784668, -17.59000015258789)
Part2961.Position = Vector3.new(2745.4521484375, 125.38983154296875, 1933.9609375)
Part2961.Rotation = Vector3.new(4.739999771118164, -34.88999938964844, -14.869999885559082)
Part2961.Transparency = 1
Part2961.Size = Vector3.new(1.3500009775161743, 23.749998092651367, 1.5)
Part2961.Anchored = true
Part2961.Material = Enum.Material.Fabric
Part2962.Name = "Tree_Collision"
Part2962.Parent = Model2955
Part2962.CFrame = CFrame.new(2732.59351, 126.86068, 1912.25623, 0.848984122, -0.185016006, -0.494969904, 0.114424579, 0.978844047, -0.169620767, 0.515881062, 0.0873685777, 0.852193475)
Part2962.Orientation = Vector3.new(9.770000457763672, -30.149999618530273, 6.670000076293945)
Part2962.Position = Vector3.new(2732.593505859375, 126.86067962646484, 1912.2562255859375)
Part2962.Rotation = Vector3.new(11.260000228881836, -29.670000076293945, 12.289999961853027)
Part2962.Transparency = 1
Part2962.Size = Vector3.new(1.3500009775161743, 26.749998092651367, 1.5)
Part2962.Anchored = true
Part2962.Material = Enum.Material.Fabric
Part2963.Name = "Tree_Collision"
Part2963.Parent = Model2955
Part2963.CFrame = CFrame.new(2785.11328, 125.127251, 1929.40356, 0.856980443, 0.14224875, -0.495328069, -0.0106852762, 0.965848625, 0.258886337, 0.515238345, -0.216567844, 0.829233289)
Part2963.Orientation = Vector3.new(-15, -30.850000381469727, -0.6299999952316284)
Part2963.Position = Vector3.new(2785.11328125, 125.12725067138672, 1929.403564453125)
Part2963.Rotation = Vector3.new(-17.34000015258789, -29.690000534057617, -9.420000076293945)
Part2963.Transparency = 1
Part2963.Size = Vector3.new(1.3500009775161743, 23.749998092651367, 1.5)
Part2963.Anchored = true
Part2963.Material = Enum.Material.Fabric
Part2964.Name = "Tree_Collision"
Part2964.Parent = Model2955
Part2964.CFrame = CFrame.new(2748.97266, 126.273239, 1905.25195, 0.850763798, -0.0760493875, -0.520017087, 0.214031413, 0.953839242, 0.210668609, 0.479991496, -0.290529191, 0.827768803)
Part2964.Orientation = Vector3.new(-12.15999984741211, -32.13999938964844, 12.649999618530273)
Part2964.Position = Vector3.new(2748.97265625, 126.27323913574219, 1905.251953125)
Part2964.Rotation = Vector3.new(-14.279999732971191, -31.329999923706055, 5.110000133514404)
Part2964.Transparency = 1
Part2964.Size = Vector3.new(1.3500009775161743, 26.749998092651367, 1.5)
Part2964.Anchored = true
Part2964.Material = Enum.Material.Fabric
Part2965.Name = "Tree_Collision"
Part2965.Parent = Model2955
Part2965.CFrame = CFrame.new(2731.51562, 125.012276, 1933.18787, 0.79403162, -0.253619134, -0.55244118, 0.0887283385, 0.947427511, -0.307422072, 0.601366162, 0.19508566, 0.774790585)
Part2965.Orientation = Vector3.new(17.899999618530273, -35.4900016784668, 5.349999904632568)
Part2965.Position = Vector3.new(2731.515625, 125.01227569580078, 1933.1878662109375)
Part2965.Rotation = Vector3.new(21.639999389648438, -33.529998779296875, 17.709999084472656)
Part2965.Transparency = 1
Part2965.Size = Vector3.new(1.3500009775161743, 22.749998092651367, 1.5)
Part2965.Anchored = true
Part2965.Material = Enum.Material.Fabric
Part2966.Name = "Tree_Collision"
Part2966.Parent = Model2955
Part2966.CFrame = CFrame.new(2767.04248, 125.91243, 1938.62671, 0.824175596, 0.156088933, -0.544399798, -0.161646023, 0.986116171, 0.0380182266, 0.542775631, 0.0566663742, 0.837964058)
Part2966.Orientation = Vector3.new(-2.180000066757202, -33.0099983215332, -9.3100004196167)
Part2966.Position = Vector3.new(2767.04248046875, 125.91242980957031, 1938.626708984375)
Part2966.Rotation = Vector3.new(-2.5999999046325684, -32.97999954223633, -10.720000267028809)
Part2966.Transparency = 1
Part2966.Size = Vector3.new(1.3500009775161743, 23.749998092651367, 1.5)
Part2966.Anchored = true
Part2966.Material = Enum.Material.Fabric
Part2967.Name = "Tree_Collision"
Part2967.Parent = Model2955
Part2967.CFrame = CFrame.new(2775.2876, 123.893196, 1951.07837, 0.856223285, 0.0632795841, -0.512715757, -0.165458545, 0.973780036, -0.156127632, 0.489392638, 0.21851334, 0.844243288)
Part2967.Orientation = Vector3.new(8.979999542236328, -31.270000457763672, -9.640000343322754)
Part2967.Position = Vector3.new(2775.28759765625, 123.89319610595703, 1951.078369140625)
Part2967.Rotation = Vector3.new(10.479999542236328, -30.84000015258789, -4.230000019073486)
Part2967.Transparency = 1
Part2967.Size = Vector3.new(1.3500009775161743, 20.749998092651367, 1.5)
Part2967.Anchored = true
Part2967.Material = Enum.Material.Fabric
Part2968.Name = "Tree_Collision"
Part2968.Parent = Model2955
Part2968.CFrame = CFrame.new(2729.27832, 124.807152, 1892.47791, 0.823474944, -0.272294581, -0.497739762, 0.268423408, 0.959886909, -0.0810303837, 0.499838084, -0.0668785274, 0.86353308)
Part2968.Orientation = Vector3.new(4.650000095367432, -29.959999084472656, 15.619999885559082)
Part2968.Position = Vector3.new(2729.2783203125, 124.8071517944336, 1892.4779052734375)
Part2968.Rotation = Vector3.new(5.360000133514404, -29.850000381469727, 18.299999237060547)
Part2968.Transparency = 1
Part2968.Size = Vector3.new(1.3500009775161743, 22.749998092651367, 1.5)
Part2968.Anchored = true
Part2968.Material = Enum.Material.Fabric
Part2969.Name = "Tree_Collision"
Part2969.Parent = Model2955
Part2969.CFrame = CFrame.new(2762.31226, 125.679817, 1904.24207, 0.829120994, 0.272366732, -0.488236576, -0.127132326, 0.942276716, 0.309761137, 0.544422626, -0.194758818, 0.815887988)
Part2969.Orientation = Vector3.new(-18.040000915527344, -30.899999618530273, -7.679999828338623)
Part2969.Position = Vector3.new(2762.312255859375, 125.67981719970703, 1904.2420654296875)
Part2969.Rotation = Vector3.new(-20.790000915527344, -29.219999313354492, -18.190000534057617)
Part2969.Transparency = 1
Part2969.Size = Vector3.new(1.3500009775161743, 23.749998092651367, 1.5)
Part2969.Anchored = true
Part2969.Material = Enum.Material.Fabric
Part2970.Name = "Tree_Collision"
Part2970.Parent = Model2955
Part2970.CFrame = CFrame.new(2762.84058, 125.222473, 1918.02612, 0.831213951, 0.112741396, -0.544401467, -0.109815232, 0.993224561, 0.0380189344, 0.544999182, 0.0281817056, 0.837962985)
Part2970.Orientation = Vector3.new(-2.180000066757202, -33.0099983215332, -6.309999942779541)
Part2970.Position = Vector3.new(2762.840576171875, 125.22247314453125, 1918.026123046875)
Part2970.Rotation = Vector3.new(-2.5999999046325684, -32.97999954223633, -7.71999979019165)
Part2970.Transparency = 1
Part2970.Size = Vector3.new(1.3500009775161743, 23.749998092651367, 1.5)
Part2970.Anchored = true
Part2970.Material = Enum.Material.Fabric
Part2971.Name = "Tree_Collision"
Part2971.Parent = Model2955
Part2971.CFrame = CFrame.new(2715.53491, 124.846291, 1900.74463, 0.84372735, -0.140513599, -0.518054366, 0.166269794, 0.986074567, 0.00333837536, 0.510371268, -0.0889534801, 0.855341196)
Part2971.Orientation = Vector3.new(-0.1899999976158142, -31.200000762939453, 9.569999694824219)
Part2971.Position = Vector3.new(2715.534912109375, 124.8462905883789, 1900.74462890625)
Part2971.Rotation = Vector3.new(-0.2199999988079071, -31.200000762939453, 9.460000038146973)
Part2971.Transparency = 1
Part2971.Size = Vector3.new(1.3500009775161743, 22.749998092651367, 1.5)
Part2971.Anchored = true
Part2971.Material = Enum.Material.Fabric
Model2972.Name = "??"
Model2972.Parent = Folder0
Part2973.Name = "TreeMesh Bottom"
Part2973.Parent = Model2972
Part2973.CFrame = CFrame.new(2738.69287, 113.247421, 1957.86279, 0.513522565, -0.000835110142, 0.858075857, 0.000811669568, 0.999999583, 0.000487484853, -0.858075798, 0.00044613934, 0.513522983)
Part2973.Orientation = Vector3.new(-0.029999999329447746, 59.099998474121094, 0.05000000074505806)
Part2973.Position = Vector3.new(2738.69287109375, 113.24742126464844, 1957.86279296875)
Part2973.Rotation = Vector3.new(-0.05000000074505806, 59.099998474121094, 0.09000000357627869)
Part2973.Size = Vector3.new(8.250000953674316, 0.2499980926513672, 7)
Part2973.Anchored = true
Part2973.CanCollide = false
Part2973.Material = Enum.Material.Fabric
SpecialMesh2974.Name = "BarkMesh"
SpecialMesh2974.Parent = Part2973
SpecialMesh2974.MeshId = "rbxassetid://623621260"
SpecialMesh2974.Offset = Vector3.new(0, 3.4100000858306885, 0)
SpecialMesh2974.TextureId = "rbxassetid://623618671"
SpecialMesh2974.MeshType = Enum.MeshType.FileMesh
Part2975.Name = "TreeMeshTop"
Part2975.Parent = Model2972
Part2975.CFrame = CFrame.new(2738.66626, 143.387619, 1957.87622, 0.513522565, -0.000835110142, 0.858075857, 0.000811669568, 0.999999583, 0.000487484853, -0.858075798, 0.00044613934, 0.513522983)
Part2975.Orientation = Vector3.new(-0.029999999329447746, 59.099998474121094, 0.05000000074505806)
Part2975.Position = Vector3.new(2738.666259765625, 143.3876190185547, 1957.876220703125)
Part2975.Rotation = Vector3.new(-0.05000000074505806, 59.099998474121094, 0.09000000357627869)
Part2975.Transparency = 0.05000000074505806
Part2975.Size = Vector3.new(8.250000953674316, 0.2499980926513672, 7)
Part2975.Anchored = true
Part2975.CanCollide = false
Part2975.Material = Enum.Material.Fabric
SpecialMesh2976.Name = "TopTreeMesh"
SpecialMesh2976.Parent = Part2975
SpecialMesh2976.MeshId = "rbxassetid://623621456"
SpecialMesh2976.Offset = Vector3.new(0, 3.4100000858306885, 0)
SpecialMesh2976.Scale = Vector3.new(1.600000023841858, 1.600000023841858, 1.600000023841858)
SpecialMesh2976.TextureId = "rbxassetid://745556120"
SpecialMesh2976.MeshType = Enum.MeshType.FileMesh
Part2977.Name = "Tree_Collision"
Part2977.Parent = Model2972
Part2977.CFrame = CFrame.new(2742.16748, 126.379265, 1961.63135, 0.515198708, 0.0354370028, 0.856337905, 0.0974882394, 0.990237236, -0.0996299013, -0.851508379, 0.134812087, 0.506714404)
Part2977.Orientation = Vector3.new(5.71999979019165, 59.38999938964844, 5.619999885559082)
Part2977.Position = Vector3.new(2742.16748046875, 126.37926483154297, 1961.63134765625)
Part2977.Rotation = Vector3.new(11.119999885559082, 58.90999984741211, -3.930000066757202)
Part2977.Transparency = 1
Part2977.Size = Vector3.new(1.3500009775161743, 26.749998092651367, 1.5)
Part2977.Anchored = true
Part2977.Material = Enum.Material.Fabric
Part2978.Name = "Tree_Collision"
Part2978.Parent = Model2972
Part2978.CFrame = CFrame.new(2752.62695, 125.383568, 1961.55127, 0.530212522, 0.224905163, 0.817491651, -0.3010647, 0.951285779, -0.0664482266, -0.792612791, -0.210886151, 0.572094679)
Part2978.Orientation = Vector3.new(3.809999942779541, 55.02000045776367, -17.559999465942383)
Part2978.Position = Vector3.new(2752.626953125, 125.3835678100586, 1961.55126953125)
Part2978.Rotation = Vector3.new(6.630000114440918, 54.83000183105469, -22.989999771118164)
Part2978.Transparency = 1
Part2978.Size = Vector3.new(1.3500009775161743, 23.749998092651367, 1.5)
Part2978.Anchored = true
Part2978.Material = Enum.Material.Fabric
Part2979.Name = "Tree_Collision"
Part2979.Parent = Model2972
Part2979.CFrame = CFrame.new(2730.92041, 126.831604, 1974.40979, 0.515738249, 0.0861117914, 0.852407813, 0.114755608, 0.97902739, -0.168334529, -0.849026144, 0.184635118, 0.495040119)
Part2979.Orientation = Vector3.new(9.6899995803833, 59.849998474121094, 6.690000057220459)
Part2979.Position = Vector3.new(2730.92041015625, 126.83160400390625, 1974.4097900390625)
Part2979.Rotation = Vector3.new(18.780000686645508, 58.470001220703125, -9.479999542236328)
Part2979.Transparency = 1
Part2979.Size = Vector3.new(1.3500009775161743, 26.749998092651367, 1.5)
Part2979.Anchored = true
Part2979.Material = Enum.Material.Fabric
Part2980.Name = "Tree_Collision"
Part2980.Parent = Model2972
Part2980.CFrame = CFrame.new(2748.07056, 125.099716, 1921.89075, 0.515256107, -0.217803836, 0.828898609, -0.0103583829, 0.965515137, 0.260140538, -0.856973767, -0.142625049, 0.495231509)
Part2980.Orientation = Vector3.new(-15.079999923706055, 59.13999938964844, -0.6100000143051147)
Part2980.Position = Vector3.new(2748.070556640625, 125.09971618652344, 1921.8907470703125)
Part2980.Rotation = Vector3.new(-27.709999084472656, 55.9900016784668, 22.90999984741211)
Part2980.Transparency = 1
Part2980.Size = Vector3.new(1.3500009775161743, 23.749998092651367, 1.5)
Part2980.Anchored = true
Part2980.Material = Enum.Material.Fabric
Part2981.Name = "Tree_Collision"
Part2981.Parent = Model2972
Part2981.CFrame = CFrame.new(2723.91699, 126.228844, 1958.03064, 0.47972101, -0.291751325, 0.827495754, 0.2143154, 0.953495741, 0.21193102, -0.850844741, 0.0756773055, 0.519938707)
Part2981.Orientation = Vector3.new(-12.239999771118164, 57.86000061035156, 12.670000076293945)
Part2981.Position = Vector3.new(2723.9169921875, 126.22884368896484, 1958.0306396484375)
Part2981.Rotation = Vector3.new(-22.18000030517578, 55.84000015258789, 31.309999465942383)
Part2981.Transparency = 1
Part2981.Size = Vector3.new(1.3500009775161743, 26.749998092651367, 1.5)
Part2981.Anchored = true
Part2981.Material = Enum.Material.Fabric
Part2982.Name = "Tree_Collision"
Part2982.Parent = Model2972
Part2982.CFrame = CFrame.new(2751.85449, 125.010437, 1975.48816, 0.601255715, 0.193870395, 0.775181353, 0.089189373, 0.947775483, -0.306213826, -0.794063449, 0.253250778, 0.552564263)
Part2982.Orientation = Vector3.new(17.829999923706055, 54.52000045776367, 5.380000114440918)
Part2982.Position = Vector3.new(2751.8544921875, 125.01043701171875, 1975.4881591796875)
Part2982.Rotation = Vector3.new(28.989999771118164, 50.81999969482422, -17.8700008392334)
Part2982.Transparency = 1
Part2982.Size = Vector3.new(1.3500009775161743, 22.749998092651367, 1.5)
Part2982.Anchored = true
Part2982.Material = Enum.Material.Fabric
Part2983.Name = "Tree_Collision"
Part2983.Parent = Model2972
Part2983.CFrame = CFrame.new(2757.29248, 125.90377, 1939.96069, 0.542986035, 0.0554031208, 0.837912261, -0.161270022, 0.986127317, 0.0393034816, -0.824110508, -0.156471372, 0.544388413)
Part2983.Orientation = Vector3.new(-2.25, 56.9900016784668, -9.289999961853027)
Part2983.Position = Vector3.new(2757.29248046875, 125.90377044677734, 1939.960693359375)
Part2983.Rotation = Vector3.new(-4.130000114440918, 56.91999816894531, -5.829999923706055)
Part2983.Transparency = 1
Part2983.Size = Vector3.new(1.3500009775161743, 23.749998092651367, 1.5)
Part2983.Anchored = true
Part2983.Material = Enum.Material.Fabric
Part2984.Name = "Tree_Collision"
Part2984.Parent = Model2972
Part2984.CFrame = CFrame.new(2769.74658, 123.897232, 1931.71594, 0.489609033, 0.217265129, 0.844440043, -0.165164247, 0.974034667, -0.15484564, -0.856156468, -0.0636574775, 0.512780666)
Part2984.Orientation = Vector3.new(8.90999984741211, 58.72999954223633, -9.619999885559082)
Part2984.Position = Vector3.new(2769.74658203125, 123.89723205566406, 1931.7159423828125)
Part2984.Rotation = Vector3.new(16.799999237060547, 57.61000061035156, -23.93000030517578)
Part2984.Transparency = 1
Part2984.Size = Vector3.new(1.3500009775161743, 20.749998092651367, 1.5)
Part2984.Anchored = true
Part2984.Material = Enum.Material.Fabric
Part2985.Name = "Tree_Collision"
Part2985.Parent = Model2972
Part2985.CFrame = CFrame.new(2711.14478, 124.754036, 1977.72595, 0.499497592, -0.0681099594, 0.863633871, 0.268742621, 0.959906518, -0.0797295272, -0.823577285, 0.271919936, 0.497775137)
Part2985.Orientation = Vector3.new(4.570000171661377, 60.040000915527344, 15.640000343322754)
Part2985.Position = Vector3.new(2711.144775390625, 124.75403594970703, 1977.7259521484375)
Part2985.Rotation = Vector3.new(9.100000381469727, 59.72999954223633, 7.760000228881836)
Part2985.Transparency = 1
Part2985.Size = Vector3.new(1.3500009775161743, 22.749998092651367, 1.5)
Part2985.Anchored = true
Part2985.Material = Enum.Material.Fabric
Part2986.Name = "Tree_Collision"
Part2986.Parent = Model2972
Part2986.CFrame = CFrame.new(2722.90771, 125.628944, 1944.69153, 0.544589102, -0.195964426, 0.81548804, -0.126757443, 0.9419204, 0.310996026, -0.829069018, -0.272734255, 0.488119632)
Part2986.Orientation = Vector3.new(-18.1200008392334, 59.099998474121094, -7.659999847412109)
Part2986.Position = Vector3.new(2722.90771484375, 125.62894439697266, 1944.6915283203125)
Part2986.Rotation = Vector3.new(-32.5, 54.63999938964844, 19.790000915527344)
Part2986.Transparency = 1
Part2986.Size = Vector3.new(1.3500009775161743, 23.749998092651367, 1.5)
Part2986.Anchored = true
Part2986.Material = Enum.Material.Fabric
Part2987.Name = "Tree_Collision"
Part2987.Parent = Model2972
Part2987.CFrame = CFrame.new(2736.69238, 125.189049, 1944.16333, 0.545142829, 0.026908271, 0.837911427, -0.109438993, 0.993216038, 0.0393050574, -0.831169486, -0.113127038, 0.544389427)
Part2987.Orientation = Vector3.new(-2.25, 56.9900016784668, -6.289999961853027)
Part2987.Position = Vector3.new(2736.6923828125, 125.18904876708984, 1944.163330078125)
Part2987.Rotation = Vector3.new(-4.130000114440918, 56.91999816894531, -2.8299999237060547)
Part2987.Transparency = 1
Part2987.Size = Vector3.new(1.3500009775161743, 23.749998092651367, 1.5)
Part2987.Anchored = true
Part2987.Material = Enum.Material.Fabric
Part2988.Name = "Tree_Collision"
Part2988.Parent = Model2972
Part2988.CFrame = CFrame.new(2719.41162, 124.80912, 1991.46912, 0.510161638, -0.0902185366, 0.855333865, 0.166595742, 0.986014426, 0.00463680783, -0.843789816, 0.140129447, 0.518056691)
Part2988.Orientation = Vector3.new(-0.27000001072883606, 58.79999923706055, 9.59000015258789)
Part2988.Position = Vector3.new(2719.41162109375, 124.80912017822266, 1991.4691162109375)
Part2988.Rotation = Vector3.new(-0.5099999904632568, 58.79999923706055, 10.029999732971191)
Part2988.Transparency = 1
Part2988.Size = Vector3.new(1.3500009775161743, 22.749998092651367, 1.5)
Part2988.Anchored = true
Part2988.Material = Enum.Material.Fabric
Model2989.Name = "??"
Model2989.Parent = Folder0
Part2990.Name = "TreeMesh Bottom"
Part2990.Parent = Model2989
Part2990.CFrame = CFrame.new(2767.69141, 112.716087, 1872.07031, 0.858077765, -0.000834985811, -0.513519287, 0.000487075624, 0.999999583, -0.000812114566, 0.513519704, 0.000446734542, 0.858077765)
Part2990.Orientation = Vector3.new(0.05000000074505806, -30.899999618530273, 0.029999999329447746)
Part2990.Position = Vector3.new(2767.69140625, 112.7160873413086, 1872.0703125)
Part2990.Rotation = Vector3.new(0.05000000074505806, -30.899999618530273, 0.05999999865889549)
Part2990.Size = Vector3.new(8.250000953674316, 0.2499980926513672, 7)
Part2990.Anchored = true
Part2990.CanCollide = false
Part2990.Material = Enum.Material.Fabric
SpecialMesh2991.Name = "BarkMesh"
SpecialMesh2991.Parent = Part2990
SpecialMesh2991.MeshId = "rbxassetid://623621260"
SpecialMesh2991.Offset = Vector3.new(0, 3.4100000858306885, 0)
SpecialMesh2991.TextureId = "rbxassetid://623618671"
SpecialMesh2991.MeshType = Enum.MeshType.FileMesh
Part2992.Name = "TreeMeshTop"
Part2992.Parent = Model2989
Part2992.CFrame = CFrame.new(2767.66553, 142.856155, 1872.08313, 0.858077765, -0.000834985811, -0.513519287, 0.000487075624, 0.999999583, -0.000812114566, 0.513519704, 0.000446734542, 0.858077765)
Part2992.Orientation = Vector3.new(0.05000000074505806, -30.899999618530273, 0.029999999329447746)
Part2992.Position = Vector3.new(2767.66552734375, 142.8561553955078, 1872.0831298828125)
Part2992.Rotation = Vector3.new(0.05000000074505806, -30.899999618530273, 0.05999999865889549)
Part2992.Transparency = 0.05000000074505806
Part2992.Size = Vector3.new(8.250000953674316, 0.2499980926513672, 7)
Part2992.Anchored = true
Part2992.CanCollide = false
Part2992.Material = Enum.Material.Fabric
SpecialMesh2993.Name = "TopTreeMesh"
SpecialMesh2993.Parent = Part2992
SpecialMesh2993.MeshId = "rbxassetid://623621456"
SpecialMesh2993.Offset = Vector3.new(0, 3.4100000858306885, 0)
SpecialMesh2993.Scale = Vector3.new(1.600000023841858, 1.600000023841858, 1.600000023841858)
SpecialMesh2993.TextureId = "rbxassetid://745556120"
SpecialMesh2993.MeshType = Enum.MeshType.FileMesh
Part2994.Name = "Tree_Collision"
Part2994.Parent = Model2989
Part2994.CFrame = CFrame.new(2763.91724, 125.84198, 1875.5625, 0.851472557, -0.135197163, -0.506671846, 0.0971594676, 0.99013859, -0.100923903, 0.515319943, 0.0367059745, 0.856211424)
Part2994.Orientation = Vector3.new(5.789999961853027, -30.6200008392334, 5.599999904632568)
Part2994.Position = Vector3.new(2763.917236328125, 125.84197998046875, 1875.5625)
Part2994.Rotation = Vector3.new(6.71999979019165, -30.440000534057617, 9.020000457763672)
Part2994.Transparency = 1
Part2994.Size = Vector3.new(1.3500009775161743, 26.749998092651367, 1.5)
Part2994.Anchored = true
Part2994.Material = Enum.Material.Fabric
Part2995.Name = "Tree_Collision"
Part2995.Parent = Model2989
Part2995.CFrame = CFrame.new(2763.9978, 124.832909, 1886.02063, 0.792732, 0.210517555, -0.572065175, -0.301435888, 0.951078653, -0.0677179545, 0.529823303, 0.226123169, 0.817407966)
Part2995.Orientation = Vector3.new(3.880000114440918, -34.9900016784668, -17.59000015258789)
Part2995.Position = Vector3.new(2763.997802734375, 124.8329086303711, 1886.0206298828125)
Part2995.Rotation = Vector3.new(4.739999771118164, -34.88999938964844, -14.869999885559082)
Part2995.Transparency = 1
Part2995.Size = Vector3.new(1.3500009775161743, 23.749998092651367, 1.5)
Part2995.Anchored = true
Part2995.Material = Enum.Material.Fabric
Part2996.Name = "Tree_Collision"
Part2996.Parent = Model2989
Part2996.CFrame = CFrame.new(2751.13867, 126.303741, 1864.31543, 0.848983765, -0.185015783, -0.49497062, 0.114424765, 0.978844166, -0.169619873, 0.515881538, 0.0873676091, 0.852193236)
Part2996.Orientation = Vector3.new(9.770000457763672, -30.149999618530273, 6.670000076293945)
Part2996.Position = Vector3.new(2751.138671875, 126.30374145507812, 1864.3154296875)
Part2996.Rotation = Vector3.new(11.260000228881836, -29.670000076293945, 12.289999961853027)
Part2996.Transparency = 1
Part2996.Size = Vector3.new(1.3500009775161743, 26.749998092651367, 1.5)
Part2996.Anchored = true
Part2996.Material = Enum.Material.Fabric
Part2997.Name = "Tree_Collision"
Part2997.Parent = Model2989
Part2997.CFrame = CFrame.new(2803.65869, 124.570312, 1881.46301, 0.856980205, 0.142248392, -0.495328784, -0.010684941, 0.965848684, 0.25888598, 0.515238762, -0.216567576, 0.82923311)
Part2997.Orientation = Vector3.new(-15, -30.850000381469727, -0.6299999952316284)
Part2997.Position = Vector3.new(2803.65869140625, 124.5703125, 1881.4630126953125)
Part2997.Rotation = Vector3.new(-17.34000015258789, -29.690000534057617, -9.420000076293945)
Part2997.Transparency = 1
Part2997.Size = Vector3.new(1.3500009775161743, 23.749998092651367, 1.5)
Part2997.Anchored = true
Part2997.Material = Enum.Material.Fabric
Part2998.Name = "Tree_Collision"
Part2998.Parent = Model2989
Part2998.CFrame = CFrame.new(2767.51831, 125.716331, 1857.31165, 0.850763679, -0.07604976, -0.520017266, 0.214031935, 0.953839123, 0.210668698, 0.479991436, -0.290529549, 0.827768683)
Part2998.Orientation = Vector3.new(-12.15999984741211, -32.13999938964844, 12.649999618530273)
Part2998.Position = Vector3.new(2767.518310546875, 125.7163314819336, 1857.3116455078125)
Part2998.Rotation = Vector3.new(-14.279999732971191, -31.329999923706055, 5.110000133514404)
Part2998.Transparency = 1
Part2998.Size = Vector3.new(1.3500009775161743, 26.749998092651367, 1.5)
Part2998.Anchored = true
Part2998.Material = Enum.Material.Fabric
Part2999.Name = "Tree_Collision"
Part2999.Parent = Model2989
Part2999.CFrame = CFrame.new(2750.06128, 124.455338, 1885.24756, 0.794031501, -0.253619403, -0.552441299, 0.0887283459, 0.947427392, -0.307422459, 0.601366341, 0.195085883, 0.774790406)
Part2999.Orientation = Vector3.new(17.899999618530273, -35.4900016784668, 5.349999904632568)
Part2999.Position = Vector3.new(2750.061279296875, 124.45533752441406, 1885.24755859375)
Part2999.Rotation = Vector3.new(21.639999389648438, -33.529998779296875, 17.709999084472656)
Part2999.Transparency = 1
Part2999.Size = Vector3.new(1.3500009775161743, 22.749998092651367, 1.5)
Part2999.Anchored = true
Part2999.Material = Enum.Material.Fabric
Part3000.Name = "Tree_Collision"
Part3000.Parent = Model2989
Part3000.CFrame = CFrame.new(2785.58838, 125.355507, 1890.68652, 0.824175656, 0.156088486, -0.544399858, -0.161645606, 0.98611635, 0.038018059, 0.54277575, 0.0566662848, 0.837963939)
Part3000.Orientation = Vector3.new(-2.180000066757202, -33.0099983215332, -9.3100004196167)
Part3000.Position = Vector3.new(2785.58837890625, 125.35550689697266, 1890.6865234375)
Part3000.Rotation = Vector3.new(-2.5999999046325684, -32.97999954223633, -10.720000267028809)
Part3000.Transparency = 1
Part3000.Size = Vector3.new(1.3500009775161743, 23.749998092651367, 1.5)
Part3000.Anchored = true
Part3000.Material = Enum.Material.Fabric
Part3001.Name = "Tree_Collision"
Part3001.Parent = Model2989
Part3001.CFrame = CFrame.new(2793.8335, 123.336227, 1903.13745, 0.856223106, 0.0632793754, -0.512716115, -0.165458366, 0.973780096, -0.156127542, 0.489393085, 0.218513191, 0.844243169)
Part3001.Orientation = Vector3.new(8.979999542236328, -31.270000457763672, -9.640000343322754)
Part3001.Position = Vector3.new(2793.83349609375, 123.33622741699219, 1903.137451171875)
Part3001.Rotation = Vector3.new(10.479999542236328, -30.84000015258789, -4.230000019073486)
Part3001.Transparency = 1
Part3001.Size = Vector3.new(1.3500009775161743, 20.749998092651367, 1.5)
Part3001.Anchored = true
Part3001.Material = Enum.Material.Fabric
Part3002.Name = "Tree_Collision"
Part3002.Parent = Model2989
Part3002.CFrame = CFrame.new(2747.82373, 124.250244, 1844.53723, 0.823474765, -0.272293925, -0.497740328, 0.268422931, 0.959887207, -0.0810298622, 0.499838471, -0.066878885, 0.863532722)
Part3002.Orientation = Vector3.new(4.650000095367432, -29.959999084472656, 15.619999885559082)
Part3002.Position = Vector3.new(2747.82373046875, 124.250244140625, 1844.5372314453125)
Part3002.Rotation = Vector3.new(5.360000133514404, -29.850000381469727, 18.299999237060547)
Part3002.Transparency = 1
Part3002.Size = Vector3.new(1.3500009775161743, 22.749998092651367, 1.5)
Part3002.Anchored = true
Part3002.Material = Enum.Material.Fabric
Part3003.Name = "Tree_Collision"
Part3003.Parent = Model2989
Part3003.CFrame = CFrame.new(2780.85718, 125.122887, 1856.30151, 0.829120874, 0.272367299, -0.488236308, -0.127132803, 0.942276478, 0.309761494, 0.544422567, -0.194758832, 0.815887928)
Part3003.Orientation = Vector3.new(-18.040000915527344, -30.899999618530273, -7.679999828338623)
Part3003.Position = Vector3.new(2780.857177734375, 125.12288665771484, 1856.301513671875)
Part3003.Rotation = Vector3.new(-20.790000915527344, -29.219999313354492, -18.190000534057617)
Part3003.Transparency = 1
Part3003.Size = Vector3.new(1.3500009775161743, 23.749998092651367, 1.5)
Part3003.Anchored = true
Part3003.Material = Enum.Material.Fabric
Part3004.Name = "Tree_Collision"
Part3004.Parent = Model2989
Part3004.CFrame = CFrame.new(2781.38599, 124.66555, 1870.08521, 0.831214309, 0.112741016, -0.544401169, -0.109814502, 0.993224621, 0.0380193666, 0.544999003, 0.028180901, 0.837962985)
Part3004.Orientation = Vector3.new(-2.180000066757202, -33.0099983215332, -6.309999942779541)
Part3004.Position = Vector3.new(2781.385986328125, 124.6655502319336, 1870.085205078125)
Part3004.Rotation = Vector3.new(-2.5999999046325684, -32.97999954223633, -7.71999979019165)
Part3004.Transparency = 1
Part3004.Size = Vector3.new(1.3500009775161743, 23.749998092651367, 1.5)
Part3004.Anchored = true
Part3004.Material = Enum.Material.Fabric
Part3005.Name = "Tree_Collision"
Part3005.Parent = Model2989
Part3005.CFrame = CFrame.new(2734.08032, 124.289391, 1852.80457, 0.843726993, -0.140513688, -0.518054724, 0.166270196, 0.986074567, 0.00333884708, 0.510371506, -0.0889541581, 0.855340958)
Part3005.Orientation = Vector3.new(-0.1899999976158142, -31.200000762939453, 9.569999694824219)
Part3005.Position = Vector3.new(2734.080322265625, 124.28939056396484, 1852.8045654296875)
Part3005.Rotation = Vector3.new(-0.2199999988079071, -31.200000762939453, 9.460000038146973)
Part3005.Transparency = 1
Part3005.Size = Vector3.new(1.3500009775161743, 22.749998092651367, 1.5)
Part3005.Anchored = true
Part3005.Material = Enum.Material.Fabric
Model3006.Name = "??"
Model3006.Parent = Folder0
Part3007.Name = "TreeMesh Bottom"
Part3007.Parent = Model3006
Part3007.CFrame = CFrame.new(2778.15918, 112.742569, 1832.45056, 0.858077884, -0.000835086103, -0.513519287, 0.000487427693, 0.999999583, -0.000811721664, 0.513519764, 0.000446216669, 0.858077705)
Part3007.Orientation = Vector3.new(0.05000000074505806, -30.899999618530273, 0.029999999329447746)
Part3007.Position = Vector3.new(2778.1591796875, 112.74256896972656, 1832.4505615234375)
Part3007.Rotation = Vector3.new(0.05000000074505806, -30.899999618530273, 0.05999999865889549)
Part3007.Size = Vector3.new(8.250000953674316, 0.2499980926513672, 7)
Part3007.Anchored = true
Part3007.CanCollide = false
Part3007.Material = Enum.Material.Fabric
SpecialMesh3008.Name = "BarkMesh"
SpecialMesh3008.Parent = Part3007
SpecialMesh3008.MeshId = "rbxassetid://623621260"
SpecialMesh3008.Offset = Vector3.new(0, 3.4100000858306885, 0)
SpecialMesh3008.TextureId = "rbxassetid://623618671"
SpecialMesh3008.MeshType = Enum.MeshType.FileMesh
Part3009.Name = "TreeMeshTop"
Part3009.Parent = Model3006
Part3009.CFrame = CFrame.new(2778.13354, 142.882599, 1832.46338, 0.858077884, -0.000835086103, -0.513519287, 0.000487427693, 0.999999583, -0.000811721664, 0.513519764, 0.000446216669, 0.858077705)
Part3009.Orientation = Vector3.new(0.05000000074505806, -30.899999618530273, 0.029999999329447746)
Part3009.Position = Vector3.new(2778.133544921875, 142.88259887695312, 1832.46337890625)
Part3009.Rotation = Vector3.new(0.05000000074505806, -30.899999618530273, 0.05999999865889549)
Part3009.Transparency = 0.05000000074505806
Part3009.Size = Vector3.new(8.250000953674316, 0.2499980926513672, 7)
Part3009.Anchored = true
Part3009.CanCollide = false
Part3009.Material = Enum.Material.Fabric
SpecialMesh3010.Name = "TopTreeMesh"
SpecialMesh3010.Parent = Part3009
SpecialMesh3010.MeshId = "rbxassetid://623621456"
SpecialMesh3010.Offset = Vector3.new(0, 3.4100000858306885, 0)
SpecialMesh3010.Scale = Vector3.new(1.600000023841858, 1.600000023841858, 1.600000023841858)
SpecialMesh3010.TextureId = "rbxassetid://745556120"
SpecialMesh3010.MeshType = Enum.MeshType.FileMesh
Part3011.Name = "Tree_Collision"
Part3011.Parent = Model3006
Part3011.CFrame = CFrame.new(2774.38525, 125.868446, 1835.94202, 0.851473212, -0.135196745, -0.506670952, 0.0971593484, 0.99013859, -0.100923397, 0.515319049, 0.0367057323, 0.856212139)
Part3011.Orientation = Vector3.new(5.789999961853027, -30.6200008392334, 5.599999904632568)
Part3011.Position = Vector3.new(2774.38525390625, 125.86844635009766, 1835.9420166015625)
Part3011.Rotation = Vector3.new(6.71999979019165, -30.440000534057617, 9.020000457763672)
Part3011.Transparency = 1
Part3011.Size = Vector3.new(1.3500009775161743, 26.749998092651367, 1.5)
Part3011.Anchored = true
Part3011.Material = Enum.Material.Fabric
Part3012.Name = "Tree_Collision"
Part3012.Parent = Model3006
Part3012.CFrame = CFrame.new(2774.46558, 124.859352, 1846.40076, 0.792732, 0.210517317, -0.572065234, -0.301435918, 0.951078594, -0.0677184314, 0.529823244, 0.226123631, 0.817407846)
Part3012.Orientation = Vector3.new(3.880000114440918, -34.9900016784668, -17.59000015258789)
Part3012.Position = Vector3.new(2774.465576171875, 124.8593521118164, 1846.4007568359375)
Part3012.Rotation = Vector3.new(4.739999771118164, -34.88999938964844, -14.869999885559082)
Part3012.Transparency = 1
Part3012.Size = Vector3.new(1.3500009775161743, 23.749998092651367, 1.5)
Part3012.Anchored = true
Part3012.Material = Enum.Material.Fabric
Part3013.Name = "Tree_Collision"
Part3013.Parent = Model3006
Part3013.CFrame = CFrame.new(2761.60693, 126.33017, 1824.69592, 0.848984241, -0.185016349, -0.494969457, 0.114425056, 0.978843987, -0.169620678, 0.515880525, 0.0873683691, 0.852193713)
Part3013.Orientation = Vector3.new(9.770000457763672, -30.149999618530273, 6.670000076293945)
Part3013.Position = Vector3.new(2761.60693359375, 126.33016967773438, 1824.6959228515625)
Part3013.Rotation = Vector3.new(11.260000228881836, -29.670000076293945, 12.289999961853027)
Part3013.Transparency = 1
