Part2114.Name = "Tree_Collision"
Part2114.Parent = Model2105
Part2114.CFrame = CFrame.new(2202.35791, 125.248383, 2402.78882, -0.261505604, 0.264370233, -0.928290427, 0.213534921, 0.953772545, 0.211473107, 0.941285074, -0.142921016, -0.305869132)
Part2114.Orientation = Vector3.new(-12.210000038146973, -108.23999786376953, 12.619999885559082)
Part2114.Position = Vector3.new(2202.35791015625, 125.24838256835938, 2402.788818359375)
Part2114.Rotation = Vector3.new(-145.33999633789062, -68.16999816894531, -134.69000244140625)
Part2114.Transparency = 1
Part2114.Size = Vector3.new(1.3500009775161743, 26.749998092651367, 1.5)
Part2114.Anchored = true
Part2114.Material = Enum.Material.Fabric
Part2115.Name = "Tree_Collision"
Part2115.Parent = Model2105
Part2115.CFrame = CFrame.new(2171.04639, 124.014435, 2392.55103, -0.393032014, -0.249682337, -0.884977162, 0.0883329511, 0.947725713, -0.306615889, 0.915272117, -0.198682517, -0.350431383)
Part2115.Orientation = Vector3.new(17.860000610351562, -111.5999984741211, 5.320000171661377)
Part2115.Position = Vector3.new(2171.04638671875, 124.01443481445312, 2392.551025390625)
Part2115.Rotation = Vector3.new(138.82000732421875, -62.25, 147.57000732421875)
Part2115.Transparency = 1
Part2115.Size = Vector3.new(1.3500009775161743, 22.749998092651367, 1.5)
Part2115.Anchored = true
Part2115.Material = Enum.Material.Fabric
Part2116.Name = "Tree_Collision"
Part2116.Parent = Model2105
Part2116.CFrame = CFrame.new(2174.29858, 124.887329, 2428.34521, -0.32907638, -0.0168994665, -0.944152117, -0.162090987, 0.986010909, 0.0388467722, 0.930287719, 0.165822104, -0.327212155)
Part2116.Orientation = Vector3.new(-2.2300000190734863, -109.11000061035156, -9.34000015258789)
Part2116.Position = Vector3.new(2174.298583984375, 124.8873291015625, 2428.34521484375)
Part2116.Rotation = Vector3.new(-173.22999572753906, -70.76000213623047, 177.05999755859375)
Part2116.Transparency = 1
Part2116.Size = Vector3.new(1.3500009775161743, 23.749998092651367, 1.5)
Part2116.Anchored = true
Part2116.Material = Enum.Material.Fabric
Part2117.Name = "Tree_Collision"
Part2117.Parent = Model2105
Part2117.CFrame = CFrame.new(2164.19019, 122.86676, 2439.33716, -0.269561708, -0.196306109, -0.942762136, -0.165954873, 0.973824322, -0.155322924, 0.948575437, 0.11458686, -0.295083731)
Part2117.Orientation = Vector3.new(8.9399995803833, -107.37999725341797, -9.670000076293945)
Part2117.Position = Vector3.new(2164.190185546875, 122.86676025390625, 2439.337158203125)
Part2117.Rotation = Vector3.new(152.24000549316406, -70.5199966430664, 143.94000244140625)
Part2117.Transparency = 1
Part2117.Size = Vector3.new(1.3500009775161743, 20.749998092651367, 1.5)
Part2117.Anchored = true
Part2117.Material = Enum.Material.Fabric
Part2118.Name = "Tree_Collision"
Part2118.Parent = Model2105
Part2118.CFrame = CFrame.new(2210.0271, 123.79306, 2380.60254, -0.28729108, 0.00014064461, -0.957843304, 0.267958015, 0.960084319, -0.0802291036, 0.919599056, -0.279710889, -0.275861323)
Part2118.Orientation = Vector3.new(4.599999904632568, -106.06999969482422, 15.59000015258789)
Part2118.Position = Vector3.new(2210.027099609375, 123.79306030273438, 2380.6025390625)
Part2118.Rotation = Vector3.new(163.77999877929688, -73.30000305175781, -179.97000122070312)
Part2118.Transparency = 1
Part2118.Size = Vector3.new(1.3500009775161743, 22.749998092651367, 1.5)
Part2118.Anchored = true
Part2118.Material = Enum.Material.Fabric
Part2119.Name = "Tree_Collision"
Part2119.Parent = Model2105
Part2119.CFrame = CFrame.new(2206.54077, 124.643372, 2415.49536, -0.329465032, 0.255064577, -0.909062624, -0.127581984, 0.941961586, 0.310533941, 0.935508251, 0.218290091, -0.277801722)
Part2119.Orientation = Vector3.new(-18.09000015258789, -106.98999786376953, -7.710000038146973)
Part2119.Position = Vector3.new(2206.540771484375, 124.64337158203125, 2415.495361328125)
Part2119.Rotation = Vector3.new(-131.82000732421875, -65.37999725341797, -142.25)
Part2119.Transparency = 1
Part2119.Size = Vector3.new(1.3500009775161743, 23.749998092651367, 1.5)
Part2119.Anchored = true
Part2119.Material = Enum.Material.Fabric
Part2120.Name = "Tree_Collision"
Part2120.Parent = Model2105
Part2120.CFrame = CFrame.new(2193.28784, 124.191742, 2419.31812, -0.329511225, 0.000346310437, -0.94415158, -0.110265933, 0.993142724, 0.0388473608, 0.937690616, 0.116908394, -0.327213496)
Part2120.Orientation = Vector3.new(-2.2300000190734863, -109.11000061035156, -6.340000152587891)
Part2120.Position = Vector3.new(2193.287841796875, 124.19174194335938, 2419.318115234375)
Part2120.Rotation = Vector3.new(-173.22999572753906, -70.76000213623047, -179.94000244140625)
Part2120.Transparency = 1
Part2120.Size = Vector3.new(1.3500009775161743, 23.749998092651367, 1.5)
Part2120.Anchored = true
Part2120.Material = Enum.Material.Fabric
Part2121.Name = "Tree_Collision"
Part2121.Parent = Model2105
Part2121.CFrame = CFrame.new(2198.70239, 123.847382, 2369.24683, -0.29271704, 0.0532322153, -0.954716325, 0.165792868, 0.986151934, 0.00415268959, 0.941716135, -0.157069609, -0.297489017)
Part2121.Orientation = Vector3.new(-0.23999999463558197, -107.30999755859375, 9.539999961853027)
Part2121.Position = Vector3.new(2198.702392578125, 123.84738159179688, 2369.246826171875)
Part2121.Rotation = Vector3.new(-179.1999969482422, -72.69000244140625, -169.69000244140625)
Part2121.Transparency = 1
Part2121.Size = Vector3.new(1.3500009775161743, 22.749998092651367, 1.5)
Part2121.Anchored = true
Part2121.Material = Enum.Material.Fabric
Model2122.Name = "茂み"
Model2122.Parent = Folder0
Part2123.Name = "TreeMesh Bottom"
Part2123.Parent = Model2122
Part2123.CFrame = CFrame.new(3040.71704, 268.606323, 2790.91992, 0.805760145, -0.281766295, 0.520921052, 0.238362014, 0.959478378, 0.150283784, -0.54215759, 0.00307510048, 0.840271473)
Part2123.Orientation = Vector3.new(-8.640000343322754, 31.799999237060547, 13.949999809265137)
Part2123.Position = Vector3.new(3040.717041015625, 268.6063232421875, 2790.919921875)
Part2123.Rotation = Vector3.new(-10.140000343322754, 31.389999389648438, 19.270000457763672)
Part2123.Size = Vector3.new(8.250000953674316, 0.2499980926513672, 7)
Part2123.Anchored = true
Part2123.CanCollide = false
Part2123.Material = Enum.Material.Fabric
SpecialMesh2124.Name = "BarkMesh"
SpecialMesh2124.Parent = Part2123
SpecialMesh2124.MeshId = "rbxassetid://623621260"
SpecialMesh2124.Offset = Vector3.new(0, 3.4100000858306885, 0)
SpecialMesh2124.TextureId = "rbxassetid://623618671"
SpecialMesh2124.MeshType = Enum.MeshType.FileMesh
Part2125.Name = "TreeMeshTop"
Part2125.Parent = Model2122
Part2125.CFrame = CFrame.new(3032.22339, 297.524506, 2791.01221, 0.805760145, -0.281766295, 0.520921052, 0.238362014, 0.959478378, 0.150283784, -0.54215759, 0.00307510048, 0.840271473)
Part2125.Orientation = Vector3.new(-8.640000343322754, 31.799999237060547, 13.949999809265137)
Part2125.Position = Vector3.new(3032.223388671875, 297.5245056152344, 2791.01220703125)
Part2125.Rotation = Vector3.new(-10.140000343322754, 31.389999389648438, 19.270000457763672)
Part2125.Transparency = 0.05000000074505806
Part2125.Size = Vector3.new(8.250000953674316, 0.2499980926513672, 7)
Part2125.Anchored = true
Part2125.CanCollide = false
Part2125.Material = Enum.Material.Fabric
SpecialMesh2126.Name = "TopTreeMesh"
SpecialMesh2126.Parent = Part2125
SpecialMesh2126.MeshId = "rbxassetid://623621456"
SpecialMesh2126.Offset = Vector3.new(0, 3.4100000858306885, 0)
SpecialMesh2126.Scale = Vector3.new(1.600000023841858, 1.600000023841858, 1.600000023841858)
SpecialMesh2126.TextureId = "rbxassetid://745556120"
SpecialMesh2126.MeshType = Enum.MeshType.FileMesh
Part2127.Name = "Tree_Collision"
Part2127.Parent = Model2122
Part2127.CFrame = CFrame.new(3038.42285, 281.601715, 2795.8772, 0.777265966, -0.304769218, 0.550430477, 0.330733538, 0.94214201, 0.0546261296, -0.535232306, 0.139586776, 0.833091974)
Part2127.Orientation = Vector3.new(-3.130000114440918, 33.45000076293945, 19.34000015258789)
Part2127.Position = Vector3.new(3038.4228515625, 281.6017150878906, 2795.877197265625)
Part2127.Rotation = Vector3.new(-3.75, 33.400001525878906, 21.40999984741211)
Part2127.Transparency = 1
Part2127.Size = Vector3.new(1.3500009775161743, 26.749998092651367, 1.5)
Part2127.Anchored = true
Part2127.Material = Enum.Material.Fabric
Part2128.Name = "Tree_Collision"
Part2128.Parent = Model2122
Part2128.CFrame = CFrame.new(3047.74194, 283.276978, 2800.43237, 0.877157032, 0.0158874989, 0.479941249, -0.0554893017, 0.996111095, 0.0684397966, -0.47698772, -0.0866641551, 0.874627113)
Part2128.Orientation = Vector3.new(-3.9200000762939453, 28.760000228881836, -3.190000057220459)
Part2128.Position = Vector3.new(3047.741943359375, 283.2769775390625, 2800.432373046875)
Part2128.Rotation = Vector3.new(-4.46999979019165, 28.68000030517578, -1.0399999618530273)
Part2128.Transparency = 1
Part2128.Size = Vector3.new(1.3500009775161743, 23.749998092651367, 1.5)
Part2128.Anchored = true
Part2128.Material = Enum.Material.Fabric
Part2129.Name = "Tree_Collision"
Part2129.Parent = Model2122
Part2129.CFrame = CFrame.new(3023.19336, 277.595703, 2802.35913, 0.771828413, -0.2791152, 0.571293294, 0.347125739, 0.937756419, -0.0108166635, -0.532715082, 0.206659213, 0.820674777)
Part2129.Orientation = Vector3.new(0.6200000047683716, 34.84000015258789, 20.309999465942383)
Part2129.Position = Vector3.new(3023.193359375, 277.595703125, 2802.359130859375)
Part2129.Rotation = Vector3.new(0.7599999904632568, 34.84000015258789, 19.8799991607666)
Part2129.Transparency = 1
Part2129.Size = Vector3.new(1.3500009775161743, 26.749998092651367, 1.5)
Part2129.Anchored = true
Part2129.Material = Enum.Material.Fabric
Part2130.Name = "Tree_Collision"
Part2130.Parent = Model2122
Part2130.CFrame = CFrame.new(3060.71558, 286.896942, 2762.84985, 0.809922397, -0.398227334, 0.430628955, 0.227937073, 0.890178204, 0.394497097, -0.540436387, -0.221355602, 0.811745465)
Part2130.Orientation = Vector3.new(-23.229999542236328, 27.950000762939453, 14.359999656677246)
Part2130.Position = Vector3.new(3060.715576171875, 286.8969421386719, 2762.849853515625)
Part2130.Rotation = Vector3.new(-25.920000076293945, 25.510000228881836, 26.18000030517578)
Part2130.Transparency = 1
Part2130.Size = Vector3.new(1.3500009775161743, 23.749998092651367, 1.5)
Part2130.Anchored = true
Part2130.Material = Enum.Material.Fabric
Part2131.Name = "Tree_Collision"
Part2131.Parent = Model2122
Part2131.CFrame = CFrame.new(3024.27832, 277.341492, 2784.57007, 0.713626623, -0.551084995, 0.432484537, 0.433884084, 0.832405567, 0.34474048, -0.549984217, -0.0583676547, 0.83313334)
Part2131.Orientation = Vector3.new(-20.170000076293945, 27.43000030517578, 27.530000686645508)
Part2131.Position = Vector3.new(3024.2783203125, 277.34149169921875, 2784.570068359375)
Part2131.Rotation = Vector3.new(-22.479999542236328, 25.6299991607666, 37.68000030517578)
Part2131.Transparency = 1
Part2131.Size = Vector3.new(1.3500009775161743, 26.749998092651367, 1.5)
Part2131.Anchored = true
Part2131.Material = Enum.Material.Fabric
Part2132.Name = "Tree_Collision"
Part2132.Parent = Model2122
Part2132.CFrame = CFrame.new(3041.27222, 280.956329, 2812.58618, 0.829334199, -0.206652164, 0.519133925, 0.337039649, 0.926052511, -0.169797748, -0.445656538, 0.315787733, 0.837656796)
Part2132.Orientation = Vector3.new(9.779999732971191, 31.790000915527344, 20)
Part2132.Position = Vector3.new(3041.272216796875, 280.9563293457031, 2812.586181640625)
Part2132.Rotation = Vector3.new(11.460000038146973, 31.270000457763672, 13.989999771118164)
Part2132.Transparency = 1
Part2132.Size = Vector3.new(1.3500009775161743, 22.749998092651367, 1.5)
Part2132.Anchored = true
Part2132.Material = Enum.Material.Fabric
Part2133.Name = "Tree_Collision"
Part2133.Parent = Model2122
Part2133.CFrame = CFrame.new(3060.76709, 287.685516, 2783.13794, 0.862248242, -0.162913039, 0.479570121, 0.0858765543, 0.980172992, 0.178568155, -0.499153107, -0.112786278, 0.859142601)
Part2133.Orientation = Vector3.new(-10.289999961853027, 29.170000076293945, 5.010000228881836)
Part2133.Position = Vector3.new(3060.76708984375, 287.6855163574219, 2783.137939453125)
Part2133.Rotation = Vector3.new(-11.739999771118164, 28.65999984741211, 10.699999809265137)
Part2133.Transparency = 1
Part2133.Size = Vector3.new(1.3500009775161743, 23.749998092651367, 1.5)
Part2133.Anchored = true
Part2133.Material = Enum.Material.Fabric
Part2134.Name = "Tree_Collision"
Part2134.Parent = Model2122
Part2134.CFrame = CFrame.new(3075.5498, 289.926849, 2781.25146, 0.830972373, -0.0595079213, 0.553122222, 0.0728323162, 0.99734205, -0.0021186769, -0.551526308, 0.042045638, 0.833097458)
Part2134.Orientation = Vector3.new(0.11999999731779099, 33.58000183105469, 4.179999828338623)
Part2134.Position = Vector3.new(3075.5498046875, 289.9268493652344, 2781.25146484375)
Part2134.Rotation = Vector3.new(0.15000000596046448, 33.58000183105469, 4.099999904632568)
Part2134.Transparency = 1
Part2134.Size = Vector3.new(1.3500009775161743, 20.749998092651367, 1.5)
Part2134.Anchored = true
Part2134.Material = Enum.Material.Fabric
Part2135.Name = "Tree_Collision"
Part2135.Parent = Model2122
Part2135.CFrame = CFrame.new(3005.34424, 270.226044, 2796.57373, 0.703806341, -0.443541288, 0.554912806, 0.487614125, 0.869684935, 0.0766881034, -0.516613901, 0.216609806, 0.82836622)
Part2135.Orientation = Vector3.new(-4.400000095367432, 33.81999969482422, 29.280000686645508)
Part2135.Position = Vector3.new(3005.34423828125, 270.2260437011719, 2796.57373046875)
Part2135.Rotation = Vector3.new(-5.289999961853027, 33.70000076293945, 32.220001220703125)
Part2135.Transparency = 1
Part2135.Size = Vector3.new(1.3500009775161743, 22.749998092651367, 1.5)
Part2135.Anchored = true
Part2135.Material = Enum.Material.Fabric
Part2136.Name = "Tree_Collision"
Part2136.Parent = Model2122
Part2136.CFrame = CFrame.new(3029.23364, 278.205994, 2772.16064, 0.856037557, -0.317627132, 0.407815158, 0.120030887, 0.889520049, 0.440848351, -0.502785444, -0.328432232, 0.799587131)
Part2136.Orientation = Vector3.new(-26.15999984741211, 27.020000457763672, 7.690000057220459)
Part2136.Position = Vector3.new(3029.233642578125, 278.20599365234375, 2772.16064453125)
Part2136.Rotation = Vector3.new(-28.8700008392334, 24.06999969482422, 20.360000610351562)
Part2136.Transparency = 1
Part2136.Size = Vector3.new(1.3500009775161743, 23.749998092651367, 1.5)
Part2136.Anchored = true
Part2136.Material = Enum.Material.Fabric
Part2137.Name = "Tree_Collision"
Part2137.Parent = Model2122
Part2137.CFrame = CFrame.new(3041.44971, 281.304749, 2777.78638, 0.85254097, -0.207816482, 0.479569107, 0.137057066, 0.974335074, 0.178568825, -0.504370809, -0.0865089223, 0.859142959)
Part2137.Orientation = Vector3.new(-10.289999961853027, 29.170000076293945, 8.010000228881836)
Part2137.Position = Vector3.new(3041.44970703125, 281.30474853515625, 2777.786376953125)
Part2137.Rotation = Vector3.new(-11.739999771118164, 28.65999984741211, 13.699999809265137)
Part2137.Transparency = 1
Part2137.Size = Vector3.new(1.3500009775161743, 23.749998092651367, 1.5)
Part2137.Anchored = true
Part2137.Material = Enum.Material.Fabric
Part2138.Name = "Tree_Collision"
Part2138.Parent = Model2122
Part2138.CFrame = CFrame.new(3006.61938, 270.605835, 2812.55664, 0.750247359, -0.414027154, 0.515471578, 0.394817114, 0.90593034, 0.153003916, -0.530329347, 0.088726297, 0.84313643)
Part2138.Orientation = Vector3.new(-8.800000190734863, 31.440000534057617, 23.549999237060547)
Part2138.Position = Vector3.new(3006.619384765625, 270.6058349609375, 2812.556640625)
Part2138.Rotation = Vector3.new(-10.289999961853027, 31.030000686645508, 28.889999389648438)
Part2138.Transparency = 1
Part2138.Size = Vector3.new(1.3500009775161743, 22.749998092651367, 1.5)
Part2138.Anchored = true
Part2138.Material = Enum.Material.Fabric
Model2139.Name = "茂み"
Model2139.Parent = Folder0
Part2140.Name = "TreeMesh Bottom"
Part2140.Parent = Model2139
Part2140.CFrame = CFrame.new(2977.86377, 170.009094, 2268.37158, 0.839997649, -0.0238344036, 0.54206723, 0.0216940567, 0.999711812, 0.010338746, -0.542158067, 0.00307510793, 0.840271533)
Part2140.Orientation = Vector3.new(-0.5899999737739563, 32.83000183105469, 1.2400000095367432)
Part2140.Position = Vector3.new(2977.86376953125, 170.00909423828125, 2268.37158203125)
Part2140.Rotation = Vector3.new(-0.699999988079071, 32.81999969482422, 1.6299999952316284)
Part2140.Size = Vector3.new(8.250000953674316, 0.2499980926513672, 7)
Part2140.Anchored = true
Part2140.CanCollide = false
Part2140.Material = Enum.Material.Fabric
SpecialMesh2141.Name = "BarkMesh"
SpecialMesh2141.Parent = Part2140
SpecialMesh2141.MeshId = "rbxassetid://623621260"
SpecialMesh2141.Offset = Vector3.new(0, 3.4100000858306885, 0)
SpecialMesh2141.TextureId = "rbxassetid://623618671"
SpecialMesh2141.MeshType = Enum.MeshType.FileMesh
Part2142.Name = "TreeMeshTop"
Part2142.Parent = Model2139
Part2142.CFrame = CFrame.new(2977.14404, 200.140289, 2268.46411, 0.839997649, -0.0238344036, 0.54206723, 0.0216940567, 0.999711812, 0.010338746, -0.542158067, 0.00307510793, 0.840271533)
Part2142.Orientation = Vector3.new(-0.5899999737739563, 32.83000183105469, 1.2400000095367432)
Part2142.Position = Vector3.new(2977.14404296875, 200.14028930664062, 2268.464111328125)
Part2142.Rotation = Vector3.new(-0.699999988079071, 32.81999969482422, 1.6299999952316284)
Part2142.Transparency = 0.05000000074505806
Part2142.Size = Vector3.new(8.250000953674316, 0.2499980926513672, 7)
Part2142.Anchored = true
Part2142.CanCollide = false
Part2142.Material = Enum.Material.Fabric
SpecialMesh2143.Name = "TopTreeMesh"
SpecialMesh2143.Parent = Part2142
SpecialMesh2143.MeshId = "rbxassetid://623621456"
SpecialMesh2143.Offset = Vector3.new(0, 3.4100000858306885, 0)
SpecialMesh2143.Scale = Vector3.new(1.600000023841858, 1.600000023841858, 1.600000023841858)
SpecialMesh2143.TextureId = "rbxassetid://745556120"
SpecialMesh2143.MeshType = Enum.MeshType.FileMesh
Part2144.Name = "Tree_Collision"
Part2144.Parent = Model2139
Part2144.CFrame = CFrame.new(2979.01123, 183.155518, 2273.32886, 0.836381912, -0.0505405627, 0.545813203, 0.11829298, 0.988919735, -0.0896970853, -0.535232782, 0.139586821, 0.833092034)
Part2144.Orientation = Vector3.new(5.150000095367432, 33.22999954223633, 6.820000171661377)
Part2144.Position = Vector3.new(2979.01123046875, 183.155517578125, 2273.328857421875)
Part2144.Rotation = Vector3.new(6.150000095367432, 33.08000183105469, 3.4600000381469727)
Part2144.Transparency = 1
Part2144.Size = Vector3.new(1.3500009775161743, 26.749998092651367, 1.5)
Part2144.Anchored = true
Part2144.Material = Enum.Material.Fabric
Part2145.Name = "Tree_Collision"
Part2145.Parent = Model2139
Part2145.CFrame = CFrame.new(2988.44653, 182.361725, 2277.88403, 0.832907975, 0.27315852, 0.481300801, -0.280623674, 0.958058119, -0.0581102371, -0.476988643, -0.0866644531, 0.874627292)
Part2145.Orientation = Vector3.new(3.3299999237060547, 28.81999969482422, -16.329999923706055)
Part2145.Position = Vector3.new(2988.446533203125, 182.36172485351562, 2277.884033203125)
Part2145.Rotation = Vector3.new(3.799999952316284, 28.770000457763672, -18.15999984741211)
Part2145.Transparency = 1
Part2145.Size = Vector3.new(1.3500009775161743, 23.749998092651367, 1.5)
Part2145.Anchored = true
Part2145.Material = Enum.Material.Fabric
Part2146.Name = "Tree_Collision"
Part2146.Parent = Model2139
Part2146.CFrame = CFrame.new(2963.26367, 183.227692, 2279.81079, 0.83537215, -0.026895754, 0.549027264, 0.135533974, 0.978043854, -0.158309698, -0.532715559, 0.206659272, 0.820674896)
Part2146.Orientation = Vector3.new(9.109999656677246, 33.779998779296875, 7.889999866485596)
Part2146.Position = Vector3.new(2963.263671875, 183.22769165039062, 2279.810791015625)
Part2146.Rotation = Vector3.new(10.920000076293945, 33.29999923706055, 1.840000033378601)
Part2146.Transparency = 1
Part2146.Size = Vector3.new(1.3500009775161743, 26.749998092651367, 1.5)
Part2146.Anchored = true
Part2146.Material = Enum.Material.Fabric
Part2147.Name = "Tree_Collision"
Part2147.Parent = Model2139
Part2147.CFrame = CFrame.new(3001.91504, 182.500519, 2240.30151, 0.841320395, -0.154263332, 0.518058598, 0.0105469953, 0.96291554, 0.269600153, -0.5404374, -0.221355632, 0.811745584)
Part2147.Orientation = Vector3.new(-15.640000343322754, 32.54999923706055, 0.6299999952316284)
Part2147.Position = Vector3.new(3001.9150390625, 182.50051879882812, 2240.301513671875)
Part2147.Rotation = Vector3.new(-18.3700008392334, 31.200000762939453, 10.390000343322754)
Part2147.Transparency = 1
Part2147.Size = Vector3.new(1.3500009775161743, 23.749998092651367, 1.5)
Part2147.Anchored = true
Part2147.Material = Enum.Material.Fabric
Part2148.Name = "Tree_Collision"
Part2148.Parent = Model2139
Part2148.CFrame = CFrame.new(2964.24609, 182.701233, 2262.02197, 0.801608801, -0.316865385, 0.506973028, 0.23439987, 0.946674049, 0.221058667, -0.54998517, -0.058367461, 0.833133519)
Part2148.Orientation = Vector3.new(-12.770000457763672, 31.31999969482422, 13.90999984741211)
Part2148.Position = Vector3.new(2964.24609375, 182.70123291015625, 2262.02197265625)
Part2148.Rotation = Vector3.new(-14.859999656677246, 30.459999084472656, 21.56999969482422)
Part2148.Transparency = 1
Part2148.Size = Vector3.new(1.3500009775161743, 26.749998092651367, 1.5)
Part2148.Anchored = true
Part2148.Material = Enum.Material.Fabric
Part2149.Name = "Tree_Collision"
Part2149.Parent = Model2139
Part2149.CFrame = CFrame.new(2981.59668, 181.794647, 2290.03784, 0.888307989, 0.0400689468, 0.457497835, 0.110907964, 0.947983742, -0.298373848, -0.445657045, 0.315787822, 0.837656915)
Part2149.Orientation = Vector3.new(17.360000610351562, 28.639999389648438, 6.670000076293945)
Part2149.Position = Vector3.new(2981.5966796875, 181.79464721679688, 2290.037841796875)
Part2149.Rotation = Vector3.new(19.610000610351562, 27.229999542236328, -2.5799999237060547)
Part2149.Transparency = 1
Part2149.Size = Vector3.new(1.3500009775161743, 22.749998092651367, 1.5)
Part2149.Anchored = true
Part2149.Material = Enum.Material.Fabric
Part2150.Name = "Tree_Collision"
Part2150.Parent = Model2139
Part2150.CFrame = CFrame.new(3002.1687, 183.248871, 2260.58984, 0.85509479, 0.0963252783, 0.509445786, -0.140215799, 0.988939703, 0.0483617485, -0.499153674, -0.112786382, 0.859142721)
Part2150.Orientation = Vector3.new(-2.7699999809265137, 30.670000076293945, -8.069999694824219)
Part2150.Position = Vector3.new(3002.168701171875, 183.24887084960938, 2260.58984375)
Part2150.Rotation = Vector3.new(-3.2200000286102295, 30.6299991607666, -6.429999828338623)
Part2150.Transparency = 1
Part2150.Size = Vector3.new(1.3500009775161743, 23.749998092651367, 1.5)
Part2150.Anchored = true
Part2150.Material = Enum.Material.Fabric
Part2151.Name = "Tree_Collision"
Part2151.Parent = Model2139
Part2151.CFrame = CFrame.new(3017.02808, 181.58783, 2258.70312, 0.821509123, 0.200650588, 0.533726454, -0.144720942, 0.978760958, -0.145205155, -0.551527262, 0.0420454741, 0.833097577)
Part2151.Orientation = Vector3.new(8.350000381469727, 32.650001525878906, -8.40999984741211)
Part2151.Position = Vector3.new(3017.028076171875, 181.58782958984375, 2258.703125)
Part2151.Rotation = Vector3.new(9.890000343322754, 32.2599983215332, -13.729999542236328)
Part2151.Transparency = 1
Part2151.Size = Vector3.new(1.3500009775161743, 20.749998092651367, 1.5)
Part2151.Anchored = true
Part2151.Material = Enum.Material.Fabric
Part2152.Name = "Tree_Collision"
Part2152.Parent = Model2139
Part2152.CFrame = CFrame.new(2944.11548, 180.728821, 2274.02539, 0.806028903, -0.203337371, 0.55585289, 0.288840801, 0.954848349, -0.0695469603, -0.516614377, 0.21660994, 0.82836622)
Part2152.Orientation = Vector3.new(3.990000009536743, 33.86000061035156, 16.829999923706055)
Part2152.Position = Vector3.new(2944.115478515625, 180.72882080078125, 2274.025390625)
Part2152.Rotation = Vector3.new(4.800000190734863, 33.77000045776367, 14.15999984741211)
Part2152.Transparency = 1
Part2152.Size = Vector3.new(1.3500009775161743, 22.749998092651367, 1.5)
Part2152.Anchored = true
Part2152.Material = Enum.Material.Fabric
Part2153.Name = "Tree_Collision"
Part2153.Parent = Model2139
Part2153.CFrame = CFrame.new(2969.25635, 182.253845, 2249.61255, 0.857936084, -0.0765797049, 0.508018732, -0.105617926, 0.941418946, 0.320276678, -0.502786398, -0.328432411, 0.79958725)
Part2153.Orientation = Vector3.new(-18.68000030517578, 32.43000030517578, -6.400000095367432)
Part2153.Position = Vector3.new(2969.25634765625, 182.25384521484375, 2249.612548828125)
Part2153.Rotation = Vector3.new(-21.829999923706055, 30.530000686645508, 5.099999904632568)
Part2153.Transparency = 1
Part2153.Size = Vector3.new(1.3500009775161743, 23.749998092651367, 1.5)
Part2153.Anchored = true
Part2153.Material = Enum.Material.Fabric
Part2154.Name = "Tree_Collision"
Part2154.Parent = Model2139
Part2154.CFrame = CFrame.new(2981.85815, 182.085205, 2255.23804, 0.858964741, 0.0514408872, 0.509445012, -0.0882668048, 0.994922698, 0.0483626798, -0.504371285, -0.0865089968, 0.859142959)
Part2154.Orientation = Vector3.new(-2.7699999809265137, 30.670000076293945, -5.070000171661377)
Part2154.Position = Vector3.new(2981.858154296875, 182.085205078125, 2255.238037109375)
Part2154.Rotation = Vector3.new(-3.2200000286102295, 30.6299991607666, -3.430000066757202)
Part2154.Transparency = 1
Part2154.Size = Vector3.new(1.3500009775161743, 23.749998092651367, 1.5)
Part2154.Anchored = true
Part2154.Material = Enum.Material.Fabric
Part2155.Name = "Tree_Collision"
Part2155.Parent = Model2139
Part2155.CFrame = CFrame.new(2945.44556, 180.765564, 2290.0083, 0.826869845, -0.165447891, 0.537507534, 0.187185898, 0.982219875, 0.0143766403, -0.530329883, 0.0887263715, 0.843136489)
Part2155.Orientation = Vector3.new(-0.8199999928474426, 32.52000045776367, 10.789999961853027)
Part2155.Position = Vector3.new(2945.445556640625, 180.76556396484375, 2290.00830078125)
Part2155.Rotation = Vector3.new(-0.9800000190734863, 32.5099983215332, 11.3100004196167)
Part2155.Transparency = 1
Part2155.Size = Vector3.new(1.3500009775161743, 22.749998092651367, 1.5)
Part2155.Anchored = true
Part2155.Material = Enum.Material.Fabric
Model2156.Name = "茂み"
Model2156.Parent = Folder0
Part2157.Name = "TreeMesh Bottom"
Part2157.Parent = Model2156
Part2157.CFrame = CFrame.new(2901.86377, 227.009094, 2597.37158, 0.839997649, -0.0238344036, 0.54206723, 0.0216940567, 0.999711812, 0.010338746, -0.542158067, 0.00307510793, 0.840271533)
Part2157.Orientation = Vector3.new(-0.5899999737739563, 32.83000183105469, 1.2400000095367432)
Part2157.Position = Vector3.new(2901.86376953125, 227.00909423828125, 2597.37158203125)
Part2157.Rotation = Vector3.new(-0.699999988079071, 32.81999969482422, 1.6299999952316284)
Part2157.Size = Vector3.new(8.250000953674316, 0.2499980926513672, 7)
Part2157.Anchored = true
Part2157.CanCollide = false
Part2157.Material = Enum.Material.Fabric
SpecialMesh2158.Name = "BarkMesh"
SpecialMesh2158.Parent = Part2157
SpecialMesh2158.MeshId = "rbxassetid://623621260"
SpecialMesh2158.Offset = Vector3.new(0, 3.4100000858306885, 0)
SpecialMesh2158.TextureId = "rbxassetid://623618671"
SpecialMesh2158.MeshType = Enum.MeshType.FileMesh
Part2159.Name = "TreeMeshTop"
Part2159.Parent = Model2156
Part2159.CFrame = CFrame.new(2901.14404, 257.140289, 2597.46411, 0.839997649, -0.0238344036, 0.54206723, 0.0216940567, 0.999711812, 0.010338746, -0.542158067, 0.00307510793, 0.840271533)
Part2159.Orientation = Vector3.new(-0.5899999737739563, 32.83000183105469, 1.2400000095367432)
Part2159.Position = Vector3.new(2901.14404296875, 257.1402893066406, 2597.464111328125)
Part2159.Rotation = Vector3.new(-0.699999988079071, 32.81999969482422, 1.6299999952316284)
Part2159.Transparency = 0.05000000074505806
Part2159.Size = Vector3.new(8.250000953674316, 0.2499980926513672, 7)
Part2159.Anchored = true
Part2159.CanCollide = false
Part2159.Material = Enum.Material.Fabric
SpecialMesh2160.Name = "TopTreeMesh"
SpecialMesh2160.Parent = Part2159
SpecialMesh2160.MeshId = "rbxassetid://623621456"
SpecialMesh2160.Offset = Vector3.new(0, 3.4100000858306885, 0)
SpecialMesh2160.Scale = Vector3.new(1.600000023841858, 1.600000023841858, 1.600000023841858)
SpecialMesh2160.TextureId = "rbxassetid://745556120"
SpecialMesh2160.MeshType = Enum.MeshType.FileMesh
Part2161.Name = "Tree_Collision"
Part2161.Parent = Model2156
Part2161.CFrame = CFrame.new(2903.01123, 240.155518, 2602.32886, 0.836381912, -0.0505405627, 0.545813203, 0.11829298, 0.988919735, -0.0896970853, -0.535232782, 0.139586821, 0.833092034)
Part2161.Orientation = Vector3.new(5.150000095367432, 33.22999954223633, 6.820000171661377)
Part2161.Position = Vector3.new(2903.01123046875, 240.155517578125, 2602.328857421875)
Part2161.Rotation = Vector3.new(6.150000095367432, 33.08000183105469, 3.4600000381469727)
Part2161.Transparency = 1
Part2161.Size = Vector3.new(1.3500009775161743, 26.749998092651367, 1.5)
Part2161.Anchored = true
Part2161.CanCollide = false
Part2161.Material = Enum.Material.Fabric
Part2162.Name = "Tree_Collision"
Part2162.Parent = Model2156
Part2162.CFrame = CFrame.new(2912.44653, 239.361725, 2606.88403, 0.832907975, 0.27315852, 0.481300801, -0.280623674, 0.958058119, -0.0581102371, -0.476988643, -0.0866644531, 0.874627292)
Part2162.Orientation = Vector3.new(3.3299999237060547, 28.81999969482422, -16.329999923706055)
Part2162.Position = Vector3.new(2912.446533203125, 239.36172485351562, 2606.884033203125)
Part2162.Rotation = Vector3.new(3.799999952316284, 28.770000457763672, -18.15999984741211)
Part2162.Transparency = 1
Part2162.Size = Vector3.new(1.3500009775161743, 23.749998092651367, 1.5)
Part2162.Anchored = true
Part2162.CanCollide = false
Part2162.Material = Enum.Material.Fabric
Part2163.Name = "Tree_Collision"
Part2163.Parent = Model2156
Part2163.CFrame = CFrame.new(2887.26367, 240.227692, 2608.81079, 0.83537215, -0.026895754, 0.549027264, 0.135533974, 0.978043854, -0.158309698, -0.532715559, 0.206659272, 0.820674896)
Part2163.Orientation = Vector3.new(9.109999656677246, 33.779998779296875, 7.889999866485596)
Part2163.Position = Vector3.new(2887.263671875, 240.22769165039062, 2608.810791015625)
Part2163.Rotation = Vector3.new(10.920000076293945, 33.29999923706055, 1.840000033378601)
Part2163.Transparency = 1
Part2163.Size = Vector3.new(1.3500009775161743, 26.749998092651367, 1.5)
Part2163.Anchored = true
Part2163.CanCollide = false
Part2163.Material = Enum.Material.Fabric
Part2164.Name = "Tree_Collision"
Part2164.Parent = Model2156
Part2164.CFrame = CFrame.new(2925.91504, 239.500519, 2569.30151, 0.841320395, -0.154263332, 0.518058598, 0.0105469953, 0.96291554, 0.269600153, -0.5404374, -0.221355632, 0.811745584)
Part2164.Orientation = Vector3.new(-15.640000343322754, 32.54999923706055, 0.6299999952316284)
Part2164.Position = Vector3.new(2925.9150390625, 239.50051879882812, 2569.301513671875)
Part2164.Rotation = Vector3.new(-18.3700008392334, 31.200000762939453, 10.390000343322754)
Part2164.Transparency = 1
Part2164.Size = Vector3.new(1.3500009775161743, 23.749998092651367, 1.5)
Part2164.Anchored = true
Part2164.CanCollide = false
Part2164.Material = Enum.Material.Fabric
Part2165.Name = "Tree_Collision"
Part2165.Parent = Model2156
Part2165.CFrame = CFrame.new(2888.24609, 239.701233, 2591.02197, 0.801608801, -0.316865385, 0.506973028, 0.23439987, 0.946674049, 0.221058667, -0.54998517, -0.058367461, 0.833133519)
Part2165.Orientation = Vector3.new(-12.770000457763672, 31.31999969482422, 13.90999984741211)
Part2165.Position = Vector3.new(2888.24609375, 239.70123291015625, 2591.02197265625)
Part2165.Rotation = Vector3.new(-14.859999656677246, 30.459999084472656, 21.56999969482422)
Part2165.Transparency = 1
Part2165.Size = Vector3.new(1.3500009775161743, 26.749998092651367, 1.5)
Part2165.Anchored = true
Part2165.CanCollide = false
Part2165.Material = Enum.Material.Fabric
Part2166.Name = "Tree_Collision"
Part2166.Parent = Model2156
Part2166.CFrame = CFrame.new(2905.59668, 238.794647, 2619.03784, 0.888307989, 0.0400689468, 0.457497835, 0.110907964, 0.947983742, -0.298373848, -0.445657045, 0.315787822, 0.837656915)
Part2166.Orientation = Vector3.new(17.360000610351562, 28.639999389648438, 6.670000076293945)
Part2166.Position = Vector3.new(2905.5966796875, 238.79464721679688, 2619.037841796875)
Part2166.Rotation = Vector3.new(19.610000610351562, 27.229999542236328, -2.5799999237060547)
Part2166.Transparency = 1
Part2166.Size = Vector3.new(1.3500009775161743, 22.749998092651367, 1.5)
Part2166.Anchored = true
Part2166.CanCollide = false
Part2166.Material = Enum.Material.Fabric
Part2167.Name = "Tree_Collision"
Part2167.Parent = Model2156
Part2167.CFrame = CFrame.new(2926.1687, 240.248871, 2589.58984, 0.85509479, 0.0963252783, 0.509445786, -0.140215799, 0.988939703, 0.0483617485, -0.499153674, -0.112786382, 0.859142721)
Part2167.Orientation = Vector3.new(-2.7699999809265137, 30.670000076293945, -8.069999694824219)
Part2167.Position = Vector3.new(2926.168701171875, 240.24887084960938, 2589.58984375)
Part2167.Rotation = Vector3.new(-3.2200000286102295, 30.6299991607666, -6.429999828338623)
Part2167.Transparency = 1
Part2167.Size = Vector3.new(1.3500009775161743, 23.749998092651367, 1.5)
Part2167.Anchored = true
Part2167.CanCollide = false
Part2167.Material = Enum.Material.Fabric
Part2168.Name = "Tree_Collision"
Part2168.Parent = Model2156
Part2168.CFrame = CFrame.new(2941.02808, 238.58783, 2587.70312, 0.821509123, 0.200650588, 0.533726454, -0.144720942, 0.978760958, -0.145205155, -0.551527262, 0.0420454741, 0.833097577)
Part2168.Orientation = Vector3.new(8.350000381469727, 32.650001525878906, -8.40999984741211)
Part2168.Position = Vector3.new(2941.028076171875, 238.58782958984375, 2587.703125)
Part2168.Rotation = Vector3.new(9.890000343322754, 32.2599983215332, -13.729999542236328)
Part2168.Transparency = 1
Part2168.Size = Vector3.new(1.3500009775161743, 20.749998092651367, 1.5)
Part2168.Anchored = true
Part2168.CanCollide = false
Part2168.Material = Enum.Material.Fabric
Part2169.Name = "Tree_Collision"
Part2169.Parent = Model2156
Part2169.CFrame = CFrame.new(2868.11548, 237.728821, 2603.02539, 0.806028903, -0.203337371, 0.55585289, 0.288840801, 0.954848349, -0.0695469603, -0.516614377, 0.21660994, 0.82836622)
Part2169.Orientation = Vector3.new(3.990000009536743, 33.86000061035156, 16.829999923706055)
Part2169.Position = Vector3.new(2868.115478515625, 237.72882080078125, 2603.025390625)
Part2169.Rotation = Vector3.new(4.800000190734863, 33.77000045776367, 14.15999984741211)
Part2169.Transparency = 1
Part2169.Size = Vector3.new(1.3500009775161743, 22.749998092651367, 1.5)
Part2169.Anchored = true
Part2169.CanCollide = false
Part2169.Material = Enum.Material.Fabric
Part2170.Name = "Tree_Collision"
Part2170.Parent = Model2156
Part2170.CFrame = CFrame.new(2893.25635, 239.253845, 2578.61255, 0.857936084, -0.0765797049, 0.508018732, -0.105617926, 0.941418946, 0.320276678, -0.502786398, -0.328432411, 0.79958725)
Part2170.Orientation = Vector3.new(-18.68000030517578, 32.43000030517578, -6.400000095367432)
Part2170.Position = Vector3.new(2893.25634765625, 239.25384521484375, 2578.612548828125)
Part2170.Rotation = Vector3.new(-21.829999923706055, 30.530000686645508, 5.099999904632568)
Part2170.Transparency = 1
Part2170.Size = Vector3.new(1.3500009775161743, 23.749998092651367, 1.5)
Part2170.Anchored = true
Part2170.CanCollide = false
Part2170.Material = Enum.Material.Fabric
Part2171.Name = "Tree_Collision"
Part2171.Parent = Model2156
Part2171.CFrame = CFrame.new(2905.85815, 239.085205, 2584.23804, 0.858964741, 0.0514408872, 0.509445012, -0.0882668048, 0.994922698, 0.0483626798, -0.504371285, -0.0865089968, 0.859142959)
Part2171.Orientation = Vector3.new(-2.7699999809265137, 30.670000076293945, -5.070000171661377)
Part2171.Position = Vector3.new(2905.858154296875, 239.085205078125, 2584.238037109375)
Part2171.Rotation = Vector3.new(-3.2200000286102295, 30.6299991607666, -3.430000066757202)
Part2171.Transparency = 1
Part2171.Size = Vector3.new(1.3500009775161743, 23.749998092651367, 1.5)
Part2171.Anchored = true
Part2171.CanCollide = false
Part2171.Material = Enum.Material.Fabric
Part2172.Name = "Tree_Collision"
Part2172.Parent = Model2156
Part2172.CFrame = CFrame.new(2869.44556, 237.765564, 2619.0083, 0.826869845, -0.165447891, 0.537507534, 0.187185898, 0.982219875, 0.0143766403, -0.530329883, 0.0887263715, 0.843136489)
Part2172.Orientation = Vector3.new(-0.8199999928474426, 32.52000045776367, 10.789999961853027)
Part2172.Position = Vector3.new(2869.445556640625, 237.76556396484375, 2619.00830078125)
Part2172.Rotation = Vector3.new(-0.9800000190734863, 32.5099983215332, 11.3100004196167)
Part2172.Transparency = 1
Part2172.Size = Vector3.new(1.3500009775161743, 22.749998092651367, 1.5)
Part2172.Anchored = true
Part2172.CanCollide = false
Part2172.Material = Enum.Material.Fabric
Model2173.Name = "茂み"
Model2173.Parent = Folder0
Part2174.Name = "TreeMesh Bottom"
Part2174.Parent = Model2173
Part2174.CFrame = CFrame.new(1707.8916, 237.226715, 2409.92871, 0.512444794, 0.210739642, -0.83246541, -0.00354338437, 0.96993494, 0.243358642, 0.858718455, -0.121757507, 0.497781903)
Part2174.Orientation = Vector3.new(-14.079999923706055, -59.119998931884766, -0.20999999344348907)
Part2174.Position = Vector3.new(1707.8916015625, 237.22671508789062, 2409.9287109375)
Part2174.Rotation = Vector3.new(-26.049999237060547, -56.349998474121094, -22.350000381469727)
Part2174.Size = Vector3.new(8.250000953674316, 0.2499980926513672, 7)
Part2174.Anchored = true
Part2174.CanCollide = false
Part2174.Material = Enum.Material.Fabric
SpecialMesh2175.Name = "BarkMesh"
SpecialMesh2175.Parent = Part2174
SpecialMesh2175.MeshId = "rbxassetid://623621260"
SpecialMesh2175.Offset = Vector3.new(0, 3.4100000858306885, 0)
SpecialMesh2175.TextureId = "rbxassetid://623618671"
SpecialMesh2175.MeshType = Enum.MeshType.FileMesh
Part2176.Name = "TreeMeshTop"
Part2176.Parent = Model2173
Part2176.CFrame = CFrame.new(1714.24377, 266.460236, 2406.25806, 0.512444794, 0.210739642, -0.83246541, -0.00354338437, 0.96993494, 0.243358642, 0.858718455, -0.121757507, 0.497781903)
Part2176.Orientation = Vector3.new(-14.079999923706055, -59.119998931884766, -0.20999999344348907)
Part2176.Position = Vector3.new(1714.2437744140625, 266.4602355957031, 2406.258056640625)
Part2176.Rotation = Vector3.new(-26.049999237060547, -56.349998474121094, -22.350000381469727)
Part2176.Transparency = 0.05000000074505806
Part2176.Size = Vector3.new(8.250000953674316, 0.2499980926513672, 7)
Part2176.Anchored = true
Part2176.CanCollide = false
Part2176.Material = Enum.Material.Fabric
SpecialMesh2177.Name = "TopTreeMesh"
SpecialMesh2177.Parent = Part2176
SpecialMesh2177.MeshId = "rbxassetid://623621456"
SpecialMesh2177.Offset = Vector3.new(0, 3.4100000858306885, 0)
SpecialMesh2177.Scale = Vector3.new(1.600000023841858, 1.600000023841858, 1.600000023841858)
SpecialMesh2177.TextureId = "rbxassetid://745556120"
SpecialMesh2177.MeshType = Enum.MeshType.FileMesh
Part2178.Name = "Tree_Collision"
Part2178.Parent = Model2173
Part2178.CFrame = CFrame.new(1705.82251, 251.165756, 2409.54517, 0.526368141, 0.0758004859, -0.846876979, 0.0914267451, 0.985202432, 0.145006508, 0.845332801, -0.153753281, 0.511645973)
Part2178.Orientation = Vector3.new(-8.34000015258789, -58.86000061035156, 5.300000190734863)
Part2178.Position = Vector3.new(1705.822509765625, 251.16575622558594, 2409.545166015625)
Part2178.Rotation = Vector3.new(-15.819999694824219, -57.869998931884766, -8.1899995803833)
Part2178.Transparency = 1
Part2178.Size = Vector3.new(1.3500009775161743, 26.749998092651367, 1.5)
Part2178.Anchored = true
Part2178.Material = Enum.Material.Fabric
Part2179.Name = "Tree_Collision"
Part2179.Parent = Model2173
Part2179.CFrame = CFrame.new(1700.9613, 252.346313, 2418.7854, 0.384527951, 0.281835467, -0.879043043, -0.284528613, 0.942081451, 0.177582368, 0.87817508, 0.181826562, 0.442444026)
Part2179.Orientation = Vector3.new(-10.229999542236328, -63.279998779296875, -16.809999465942383)
