Part3303.Name = "Tree_Collision"
Part3303.Parent = Model3290
Part3303.CFrame = CFrame.new(1494.57397, 368.920654, 3752.31201, -0.80381614, 0.267748237, 0.531219661, 0.267199516, 0.960342288, -0.0797234103, -0.53149724, 0.0778584555, -0.843478501)
Part3303.Orientation = Vector3.new(4.570000171661377, 147.8000030517578, 15.550000190734863)
Part3303.Position = Vector3.new(1494.573974609375, 368.920654296875, 3752.31201171875)
Part3303.Rotation = Vector3.new(174.60000610351562, 32.09000015258789, -161.5800018310547)
Part3303.Transparency = 1
Part3303.Size = Vector3.new(1.3500009775161743, 22.749998092651367, 1.5)
Part3303.Anchored = true
Part3303.Material = Enum.Material.Fabric
Part3304.Name = "Tree_Collision"
Part3304.Parent = Model3290
Part3304.CFrame = CFrame.new(1462.02319, 369.740173, 3739.26807, -0.807005167, -0.281459153, 0.519160151, -0.12834537, 0.94169867, 0.311029941, -0.576433361, 0.184370384, -0.796077609)
Part3304.Orientation = Vector3.new(-18.1200008392334, 146.88999938964844, -7.760000228881836)
Part3304.Position = Vector3.new(1462.023193359375, 369.74017333984375, 3739.26806640625)
Part3304.Rotation = Vector3.new(-158.66000366210938, 31.280000686645508, 160.77000427246094)
Part3304.Transparency = 1
Part3304.Size = Vector3.new(1.3500009775161743, 23.749998092651367, 1.5)
Part3304.Anchored = true
Part3304.Material = Enum.Material.Fabric
Part3305.Name = "Tree_Collision"
Part3305.Parent = Model3290
Part3305.CFrame = CFrame.new(1462.03394, 369.288605, 3725.47314, -0.809105575, -0.11334224, 0.576632857, -0.111031532, 0.993040085, 0.039396219, -0.577083468, -0.03214873, -0.816056609)
Part3305.Orientation = Vector3.new(-2.259999990463257, 144.75, -6.380000114440918)
Part3305.Position = Vector3.new(1462.033935546875, 369.2886047363281, 3725.47314453125)
Part3305.Rotation = Vector3.new(-177.24000549316406, 35.209999084472656, 172.02999877929688)
Part3305.Transparency = 1
Part3305.Size = Vector3.new(1.3500009775161743, 23.749998092651367, 1.5)
Part3305.Anchored = true
Part3305.Material = Enum.Material.Fabric
Part3306.Name = "Tree_Collision"
Part3306.Parent = Model3290
Part3306.CFrame = CFrame.new(1508.62915, 368.988342, 3744.58838, -0.823457837, 0.135159105, 0.551047266, 0.165014848, 0.986284375, 0.00467732549, -0.542855859, 0.094782263, -0.83446455)
Part3306.Orientation = Vector3.new(-0.27000001072883606, 146.55999755859375, 9.5)
Part3306.Position = Vector3.new(1508.629150390625, 368.98834228515625, 3744.58837890625)
Part3306.Rotation = Vector3.new(-179.67999267578125, 33.439998626708984, -170.67999267578125)
Part3306.Transparency = 1
Part3306.Size = Vector3.new(1.3500009775161743, 22.749998092651367, 1.5)
Part3306.Anchored = true
Part3306.Material = Enum.Material.Fabric
Model3307.Name = "茂み"
Model3307.Parent = Folder0
Part3308.Name = "TreeMesh Bottom"
Part3308.Parent = Model3307
Part3308.CFrame = CFrame.new(1424.24341, 357.275421, 3681.65234, -0.546630144, -0.000414781622, -0.837376356, 0.000455754576, 1.00000381, -0.000792843872, 0.837377727, -0.00081510056, -0.5466308)
Part3308.Orientation = Vector3.new(0.05000000074505806, -123.13999938964844, 0.029999999329447746)
Part3308.Position = Vector3.new(1424.243408203125, 357.2754211425781, 3681.65234375)
Part3308.Rotation = Vector3.new(179.9199981689453, -56.86000061035156, 179.9600067138672)
Part3308.Size = Vector3.new(8.250000953674316, 0.2499980926513672, 7)
Part3308.Anchored = true
Part3308.CanCollide = false
Part3308.Material = Enum.Material.Fabric
SpecialMesh3309.Name = "BarkMesh"
SpecialMesh3309.Parent = Part3308
SpecialMesh3309.MeshId = "rbxassetid://623621260"
SpecialMesh3309.Offset = Vector3.new(0, 3.4100000858306885, 0)
SpecialMesh3309.TextureId = "rbxassetid://623618671"
SpecialMesh3309.MeshType = Enum.MeshType.FileMesh
Part3310.Name = "TreeMeshTop"
Part3310.Parent = Model3307
Part3310.CFrame = CFrame.new(1424.23145, 387.415497, 3681.62744, -0.546630144, -0.000414781622, -0.837376356, 0.000455754576, 1.00000381, -0.000792843872, 0.837377727, -0.00081510056, -0.5466308)
Part3310.Orientation = Vector3.new(0.05000000074505806, -123.13999938964844, 0.029999999329447746)
Part3310.Position = Vector3.new(1424.2314453125, 387.4154968261719, 3681.62744140625)
Part3310.Rotation = Vector3.new(179.9199981689453, -56.86000061035156, 179.9600067138672)
Part3310.Transparency = 0.05000000074505806
Part3310.Size = Vector3.new(8.250000953674316, 0.2499980926513672, 7)
Part3310.Anchored = true
Part3310.CanCollide = false
Part3310.Material = Enum.Material.Fabric
SpecialMesh3311.Name = "TopTreeMesh"
SpecialMesh3311.Parent = Part3310
SpecialMesh3311.MeshId = "rbxassetid://623621456"
SpecialMesh3311.Offset = Vector3.new(0, 3.4100000858306885, 0)
SpecialMesh3311.Scale = Vector3.new(1.600000023841858, 1.600000023841858, 1.600000023841858)
SpecialMesh3311.TextureId = "rbxassetid://745556120"
SpecialMesh3311.MeshType = Enum.MeshType.FileMesh
Part3312.Name = "Tree_Collision"
Part3312.Parent = Model3307
Part3312.CFrame = CFrame.new(1420.90112, 370.401428, 3677.74561, -0.548170924, -0.031401027, -0.835778892, 0.0971287489, 0.990147769, -0.100905634, 0.830710948, -0.136491448, -0.539718986)
Part3312.Orientation = Vector3.new(5.789999961853027, -122.8499984741211, 5.599999904632568)
Part3312.Position = Vector3.new(1420.901123046875, 370.40142822265625, 3677.74560546875)
Part3312.Rotation = Vector3.new(169.41000366210938, -56.70000076293945, 176.72000122070312)
Part3312.Transparency = 1
Part3312.Size = Vector3.new(1.3500009775161743, 26.749998092651367, 1.5)
Part3312.Anchored = true
Part3312.Material = Enum.Material.Fabric
Part3313.Name = "Tree_Collision"
Part3313.Parent = Model3307
Part3313.CFrame = CFrame.new(1410.448, 369.392426, 3677.41797, -0.560369492, -0.234169915, -0.79445225, -0.301465064, 0.951075435, -0.0676963106, 0.771434486, 0.201563984, -0.603546321)
Part3313.Orientation = Vector3.new(3.880000114440918, -127.22000122070312, -17.59000015258789)
Part3313.Position = Vector3.new(1410.447998046875, 369.3924255371094, 3677.41796875)
Part3313.Rotation = Vector3.new(173.60000610351562, -52.599998474121094, 157.32000732421875)
Part3313.Transparency = 1
Part3313.Size = Vector3.new(1.3500009775161743, 23.749998092651367, 1.5)
Part3313.Anchored = true
Part3313.Material = Enum.Material.Fabric
Part3314.Name = "Tree_Collision"
Part3314.Parent = Model3307
Part3314.CFrame = CFrame.new(1432.63892, 370.863678, 3665.41553, -0.548634529, -0.0800779462, -0.832220793, 0.114394844, 0.978855371, -0.169601277, 0.828202963, -0.188250482, -0.527872145)
Part3314.Orientation = Vector3.new(9.760000228881836, -122.38999938964844, 6.670000076293945)
Part3314.Position = Vector3.new(1432.638916015625, 370.8636779785156, 3665.41552734375)
Part3314.Rotation = Vector3.new(162.19000244140625, -56.33000183105469, 171.6999969482422)
Part3314.Transparency = 1
Part3314.Size = Vector3.new(1.3500009775161743, 26.749998092651367, 1.5)
Part3314.Anchored = true
Part3314.Material = Enum.Material.Fabric
Part3315.Name = "Tree_Collision"
Part3315.Parent = Model3307
Part3315.CFrame = CFrame.new(1413.45386, 369.128296, 3717.22656, -0.548304319, 0.210849494, -0.809264302, -0.0107157445, 0.965847433, 0.258906662, 0.836213827, 0.1506311, -0.527317762)
Part3315.Orientation = Vector3.new(-15.010000228881836, -123.08999633789062, -0.6399999856948853)
Part3315.Position = Vector3.new(1413.453857421875, 369.1282958984375, 3717.2265625)
Part3315.Rotation = Vector3.new(-153.85000610351562, -54.02000045776367, -158.97000122070312)
Part3315.Transparency = 1
Part3315.Size = Vector3.new(1.3500009775161743, 23.749998092651367, 1.5)
Part3315.Anchored = true
Part3315.Material = Enum.Material.Fabric
Part3316.Name = "Tree_Collision"
Part3316.Parent = Model3307
Part3316.CFrame = CFrame.new(1438.9978, 370.275635, 3682.05615, -0.512841284, 0.293277591, -0.806836963, 0.214002237, 0.95384562, 0.210689873, 0.831386209, -0.064614296, -0.551932216)
Part3316.Orientation = Vector3.new(-12.15999984741211, -124.37000274658203, 12.649999618530273)
Part3316.Position = Vector3.new(1438.997802734375, 370.275634765625, 3682.05615234375)
Part3316.Rotation = Vector3.new(-159.11000061035156, -53.790000915527344, -150.24000549316406)
Part3316.Transparency = 1
Part3316.Size = Vector3.new(1.3500009775161743, 26.749998092651367, 1.5)
Part3316.Anchored = true
Part3316.Material = Enum.Material.Fabric
Part3317.Name = "Tree_Collision"
Part3317.Parent = Model3307
Part3317.CFrame = CFrame.new(1411.76465, 369.01532, 3663.52197, -0.631909072, -0.18503657, -0.752632797, 0.0887002349, 0.947440922, -0.307403058, 0.769953787, -0.261008978, -0.582282305)
Part3317.Orientation = Vector3.new(17.899999618530273, -127.7300033569336, 5.349999904632568)
Part3317.Position = Vector3.new(1411.7646484375, 369.01531982421875, 3663.52197265625)
Part3317.Rotation = Vector3.new(152.1699981689453, -48.81999969482422, 163.67999267578125)
Part3317.Transparency = 1
Part3317.Size = Vector3.new(1.3500009775161743, 22.749998092651367, 1.5)
Part3317.Anchored = true
Part3317.Material = Enum.Material.Fabric
Part3318.Name = "Tree_Collision"
Part3318.Parent = Model3307
Part3318.CFrame = CFrame.new(1404.94287, 369.914185, 3698.80957, -0.5745399, -0.0627176911, -0.816072464, -0.161676645, 0.98611474, 0.0380393378, 0.802353203, 0.153794497, -0.576700866)
Part3318.Orientation = Vector3.new(-2.180000066757202, -125.25, -9.3100004196167)
Part3318.Position = Vector3.new(1404.94287109375, 369.9141845703125, 3698.8095703125)
Part3318.Rotation = Vector3.new(-176.22999572753906, -54.689998626708984, 173.77000427246094)
Part3318.Transparency = 1
Part3318.Size = Vector3.new(1.3500009775161743, 23.749998092651367, 1.5)
Part3318.Anchored = true
Part3318.Material = Enum.Material.Fabric
Part3319.Name = "Tree_Collision"
Part3319.Parent = Model3307
Part3319.CFrame = CFrame.new(1392.17896, 367.894623, 3706.5625, -0.522448719, -0.220818132, -0.823583901, -0.165490106, 0.973782122, -0.156108752, 0.83646065, 0.054735899, -0.545293272)
Part3319.Orientation = Vector3.new(8.979999542236328, -123.51000213623047, -9.649999618530273)
Part3319.Position = Vector3.new(1392.178955078125, 367.8946228027344, 3706.5625)
Part3319.Rotation = Vector3.new(164.02000427246094, -55.45000076293945, 157.08999633789062)
Part3319.Transparency = 1
Part3319.Size = Vector3.new(1.3500009775161743, 20.749998092651367, 1.5)
Part3319.Anchored = true
Part3319.Material = Enum.Material.Fabric
Part3320.Name = "Tree_Collision"
Part3320.Parent = Model3307
Part3320.CFrame = CFrame.new(1452.53101, 368.810242, 3662.875, -0.531607985, 0.0774571598, -0.843443692, 0.268393308, 0.959901392, -0.0810116827, 0.80334568, -0.269440472, -0.531079054)
Part3320.Orientation = Vector3.new(4.650000095367432, -122.19999694824219, 15.619999885559082)
Part3320.Position = Vector3.new(1452.531005859375, 368.81024169921875, 3662.875)
Part3320.Rotation = Vector3.new(171.3300018310547, -57.5099983215332, -171.7100067138672)
Part3320.Transparency = 1
Part3320.Size = Vector3.new(1.3500009775161743, 22.749998092651367, 1.5)
Part3320.Anchored = true
Part3320.Material = Enum.Material.Fabric
Part3321.Name = "Tree_Collision"
Part3321.Parent = Model3307
Part3321.CFrame = CFrame.new(1439.48608, 369.681732, 3695.42432, -0.576378584, 0.183976501, -0.796206236, -0.127163634, 0.942270279, 0.309781581, 0.807231903, 0.279799163, -0.519708157)
Part3321.Orientation = Vector3.new(-18.049999237060547, -123.12999725341797, -7.690000057220459)
Part3321.Position = Vector3.new(1439.486083984375, 369.6817321777344, 3695.42431640625)
Part3321.Rotation = Vector3.new(-149.1999969482422, -52.77000045776367, -162.3000030517578)
Part3321.Transparency = 1
Part3321.Size = Vector3.new(1.3500009775161743, 23.749998092651367, 1.5)
Part3321.Anchored = true
Part3321.Material = Enum.Material.Fabric
Part3322.Name = "Tree_Collision"
Part3322.Parent = Model3307
Part3322.CFrame = CFrame.new(1425.69214, 369.224335, 3695.41455, -0.577036023, -0.0325615704, -0.816071749, -0.109845243, 0.993224859, 0.0380404145, 0.809301853, 0.111591913, -0.57670188)
Part3322.Orientation = Vector3.new(-2.180000066757202, -125.25, -6.309999942779541)
Part3322.Position = Vector3.new(1425.692138671875, 369.2243347167969, 3695.41455078125)
Part3322.Rotation = Vector3.new(-176.22999572753906, -54.689998626708984, 176.77000427246094)
Part3322.Transparency = 1
Part3322.Size = Vector3.new(1.3500009775161743, 23.749998092651367, 1.5)
Part3322.Anchored = true
Part3322.Material = Enum.Material.Fabric
Part3323.Name = "Tree_Collision"
Part3323.Parent = Model3307
Part3323.CFrame = CFrame.new(1444.80688, 368.849945, 3648.81982, -0.542923391, 0.0943720341, -0.834465086, 0.166240409, 0.986083865, 0.00335897086, 0.823167264, -0.136897832, -0.551055193)
Part3323.Orientation = Vector3.new(-0.1899999976158142, -123.44000244140625, 9.569999694824219)
Part3323.Position = Vector3.new(1444.806884765625, 368.8499450683594, 3648.81982421875)
Part3323.Rotation = Vector3.new(-179.64999389648438, -56.560001373291016, -170.13999938964844)
Part3323.Transparency = 1
Part3323.Size = Vector3.new(1.3500009775161743, 22.749998092651367, 1.5)
Part3323.Anchored = true
Part3323.Material = Enum.Material.Fabric
Model3324.Name = "茂み"
Model3324.Parent = Folder0
Part3325.Name = "TreeMesh Bottom"
Part3325.Parent = Model3324
Part3325.CFrame = CFrame.new(1349.48779, 357.799652, 3634.25391, 0.837375879, -0.000413544127, -0.546630979, 0.000791638682, 1.00000381, 0.000456170616, 0.546631694, -0.000814790546, 0.83737725)
Part3325.Orientation = Vector3.new(-0.029999999329447746, -33.13999938964844, 0.05000000074505806)
Part3325.Position = Vector3.new(1349.48779296875, 357.7996520996094, 3634.25390625)
Part3325.Rotation = Vector3.new(-0.029999999329447746, -33.13999938964844, 0.029999999329447746)
Part3325.Size = Vector3.new(8.250000953674316, 0.2499980926513672, 7)
Part3325.Anchored = true
Part3325.CanCollide = false
Part3325.Material = Enum.Material.Fabric
SpecialMesh3326.Name = "BarkMesh"
SpecialMesh3326.Parent = Part3325
SpecialMesh3326.MeshId = "rbxassetid://623621260"
SpecialMesh3326.Offset = Vector3.new(0, 3.4100000858306885, 0)
SpecialMesh3326.TextureId = "rbxassetid://623618671"
SpecialMesh3326.MeshType = Enum.MeshType.FileMesh
Part3327.Name = "TreeMeshTop"
Part3327.Parent = Model3324
Part3327.CFrame = CFrame.new(1349.47559, 387.93988, 3634.22803, 0.837375879, -0.000413544127, -0.546630979, 0.000791638682, 1.00000381, 0.000456170616, 0.546631694, -0.000814790546, 0.83737725)
Part3327.Orientation = Vector3.new(-0.029999999329447746, -33.13999938964844, 0.05000000074505806)
Part3327.Position = Vector3.new(1349.4755859375, 387.93988037109375, 3634.22802734375)
Part3327.Rotation = Vector3.new(-0.029999999329447746, -33.13999938964844, 0.029999999329447746)
Part3327.Transparency = 0.05000000074505806
Part3327.Size = Vector3.new(8.250000953674316, 0.2499980926513672, 7)
Part3327.Anchored = true
Part3327.CanCollide = false
Part3327.Material = Enum.Material.Fabric
SpecialMesh3328.Name = "TopTreeMesh"
SpecialMesh3328.Parent = Part3327
SpecialMesh3328.MeshId = "rbxassetid://623621456"
SpecialMesh3328.Offset = Vector3.new(0, 3.4100000858306885, 0)
SpecialMesh3328.Scale = Vector3.new(1.600000023841858, 1.600000023841858, 1.600000023841858)
SpecialMesh3328.TextureId = "rbxassetid://745556120"
SpecialMesh3328.MeshType = Enum.MeshType.FileMesh
Part3329.Name = "Tree_Collision"
Part3329.Parent = Model3324
Part3329.CFrame = CFrame.new(1345.58667, 370.931366, 3637.5791, 0.830748141, -0.136093885, -0.539758921, 0.0974688083, 0.990240216, -0.0996622965, 0.548053205, 0.0301844329, 0.835903049)
Part3329.Orientation = Vector3.new(5.71999979019165, -32.849998474121094, 5.619999885559082)
Part3329.Position = Vector3.new(1345.586669921875, 370.9313659667969, 3637.5791015625)
Part3329.Rotation = Vector3.new(6.800000190734863, -32.66999816894531, 9.300000190734863)
Part3329.Transparency = 1
Part3329.Size = Vector3.new(1.3500009775161743, 26.749998092651367, 1.5)
Part3329.Anchored = true
Part3329.Material = Enum.Material.Fabric
Part3330.Name = "Tree_Collision"
Part3330.Parent = Model3324
Part3330.CFrame = CFrame.new(1345.25757, 369.935333, 3648.03369, 0.771311462, 0.201944441, -0.603573442, -0.301085919, 0.951281428, -0.0664790273, 0.560741842, 0.233002827, 0.794534862)
Part3330.Orientation = Vector3.new(3.809999942779541, -37.220001220703125, -17.559999465942383)
Part3330.Position = Vector3.new(1345.257568359375, 369.9353332519531, 3648.03369140625)
Part3330.Rotation = Vector3.new(4.78000020980835, -37.130001068115234, -14.670000076293945)
Part3330.Transparency = 1
Part3330.Size = Vector3.new(1.3500009775161743, 23.749998092651367, 1.5)
Part3330.Anchored = true
Part3330.Material = Enum.Material.Fabric
Part3331.Name = "Tree_Collision"
Part3331.Parent = Model3324
Part3331.CFrame = CFrame.new(1333.25708, 371.384216, 3625.84131, 0.828246415, -0.18785727, -0.527940571, 0.114736326, 0.979028523, -0.16836679, 0.548496544, 0.0788749158, 0.832428753)
Part3331.Orientation = Vector3.new(9.6899995803833, -32.380001068115234, 6.679999828338623)
Part3331.Position = Vector3.new(1333.257080078125, 371.38421630859375, 3625.84130859375)
Part3331.Rotation = Vector3.new(11.430000305175781, -31.8700008392334, 12.779999732971191)
Part3331.Transparency = 1
Part3331.Size = Vector3.new(1.3500009775161743, 26.749998092651367, 1.5)
Part3331.Anchored = true
Part3331.Material = Enum.Material.Fabric
Part3332.Name = "Tree_Collision"
Part3332.Parent = Model3324
Part3332.CFrame = CFrame.new(1385.06665, 369.651642, 3645.0293, 0.836207092, 0.151019424, -0.52721405, -0.0103785815, 0.965527117, 0.260112047, 0.548320174, -0.212035313, 0.808945775)
Part3332.Orientation = Vector3.new(-15.079999923706055, -33.09000015258789, -0.6200000047683716)
Part3332.Position = Vector3.new(1385.066650390625, 369.6516418457031, 3645.029296875)
Part3332.Rotation = Vector3.new(-17.81999969482422, -31.81999969482422, -10.239999771118164)
Part3332.Transparency = 1
Part3332.Size = Vector3.new(1.3500009775161743, 23.749998092651367, 1.5)
Part3332.Anchored = true
Part3332.Material = Enum.Material.Fabric
Part3333.Name = "Tree_Collision"
Part3333.Parent = Model3324
Part3333.CFrame = CFrame.new(1349.89697, 370.781677, 3619.4834, 0.831469536, -0.0642299801, -0.551848471, 0.214297473, 0.953510642, 0.211902082, 0.512581766, -0.29444918, 0.806577265)
Part3333.Orientation = Vector3.new(-12.229999542236328, -34.380001068115234, 12.670000076293945)
Part3333.Position = Vector3.new(1349.89697265625, 370.78167724609375, 3619.4833984375)
Part3333.Rotation = Vector3.new(-14.720000267028809, -33.4900016784668, 4.420000076293945)
Part3333.Transparency = 1
Part3333.Size = Vector3.new(1.3500009775161743, 26.749998092651367, 1.5)
Part3333.Anchored = true
Part3333.Material = Enum.Material.Fabric
Part3334.Name = "Tree_Collision"
Part3334.Parent = Model3324
Part3334.CFrame = CFrame.new(1331.36157, 369.562256, 3646.71777, 0.769987166, -0.260627449, -0.582406163, 0.0891668275, 0.947772563, -0.306243569, 0.631802619, 0.183871746, 0.753009856)
Part3334.Orientation = Vector3.new(17.829999923706055, -37.720001220703125, 5.369999885559082)
Part3334.Position = Vector3.new(1331.361572265625, 369.562255859375, 3646.7177734375)
Part3334.Rotation = Vector3.new(22.1299991607666, -35.619998931884766, 18.700000762939453)
Part3334.Transparency = 1
Part3334.Size = Vector3.new(1.3500009775161743, 22.749998092651367, 1.5)
Part3334.Anchored = true
Part3334.Material = Enum.Material.Fabric
Part3335.Name = "Tree_Collision"
Part3335.Parent = Model3324
Part3335.CFrame = CFrame.new(1366.64966, 370.455353, 3653.53857, 0.802286685, 0.154188246, -0.57668525, -0.16129081, 0.986129522, 0.039272964, 0.574740529, 0.0615056455, 0.816025555)
Part3335.Orientation = Vector3.new(-2.25, -35.25, -9.289999961853027)
Part3335.Position = Vector3.new(1366.649658203125, 370.4553527832031, 3653.53857421875)
Part3335.Rotation = Vector3.new(-2.759999990463257, -35.220001220703125, -10.880000114440918)
Part3335.Transparency = 1
Part3335.Size = Vector3.new(1.3500009775161743, 23.749998092651367, 1.5)
Part3335.Anchored = true
Part3335.Material = Enum.Material.Fabric
Part3336.Name = "Tree_Collision"
Part3336.Parent = Model3324
Part3336.CFrame = CFrame.new(1374.4021, 368.448303, 3666.30518, 0.836391687, 0.0551263615, -0.545356572, -0.165183142, 0.974030972, -0.154876679, 0.522655249, 0.219620675, 0.823775053)
Part3336.Orientation = Vector3.new(8.90999984741211, -33.5099983215332, -9.630000114440918)
Part3336.Position = Vector3.new(1374.402099609375, 368.44830322265625, 3666.30517578125)
Part3336.Rotation = Vector3.new(10.649999618530273, -33.04999923706055, -3.7699999809265137)
Part3336.Transparency = 1
Part3336.Size = Vector3.new(1.3500009775161743, 20.749998092651367, 1.5)
Part3336.Anchored = true
Part3336.Material = Enum.Material.Fabric
Part3337.Name = "Tree_Collision"
Part3337.Parent = Model3324
Part3337.CFrame = CFrame.new(1330.71509, 369.307373, 3605.95166, 0.80345118, -0.269055068, -0.531111479, 0.268724561, 0.959913433, -0.0797619447, 0.5312801, -0.0786377713, 0.843543112)
Part3337.Orientation = Vector3.new(4.570000171661377, -32.20000076293945, 15.640000343322754)
Part3337.Position = Vector3.new(1330.715087890625, 369.307373046875, 3605.95166015625)
Part3337.Rotation = Vector3.new(5.400000095367432, -32.08000183105469, 18.510000228881836)
Part3337.Transparency = 1
Part3337.Size = Vector3.new(1.3500009775161743, 22.749998092651367, 1.5)
Part3337.Anchored = true
Part3337.Material = Enum.Material.Fabric
Part3338.Name = "Tree_Collision"
Part3338.Parent = Model3324
Part3338.CFrame = CFrame.new(1363.26489, 370.181824, 3618.99561, 0.807178199, 0.280177414, -0.519584179, -0.12677969, 0.941931188, 0.310968041, 0.57653743, -0.185133412, 0.795825005)
Part3338.Orientation = Vector3.new(-18.1200008392334, -33.13999938964844, -7.670000076293945)
Part3338.Position = Vector3.new(1363.264892578125, 370.18182373046875, 3618.99560546875)
Part3338.Rotation = Vector3.new(-21.34000015258789, -31.299999237060547, -19.139999389648438)
Part3338.Transparency = 1
Part3338.Size = Vector3.new(1.3500009775161743, 23.749998092651367, 1.5)
Part3338.Anchored = true
Part3338.Material = Enum.Material.Fabric
Part3339.Name = "Tree_Collision"
Part3339.Parent = Model3324
Part3339.CFrame = CFrame.new(1363.25513, 369.741425, 3632.79004, 0.809255302, 0.111990288, -0.576686978, -0.109460384, 0.993219316, 0.0392752551, 0.577173769, 0.0313405395, 0.816024244)
Part3339.Orientation = Vector3.new(-2.25, -35.25, -6.289999961853027)
Part3339.Position = Vector3.new(1363.255126953125, 369.7414245605469, 3632.7900390625)
Part3339.Rotation = Vector3.new(-2.759999990463257, -35.220001220703125, -7.880000114440918)
Part3339.Transparency = 1
Part3339.Size = Vector3.new(1.3500009775161743, 23.749998092651367, 1.5)
Part3339.Anchored = true
Part3339.Material = Enum.Material.Fabric
Part3340.Name = "Tree_Collision"
Part3340.Parent = Model3324
Part3340.CFrame = CFrame.new(1316.66016, 369.362183, 3613.67529, 0.823232174, -0.136501133, -0.551053643, 0.166576445, 0.986022174, 0.00460559083, 0.542721152, -0.0955838561, 0.834460735)
Part3340.Orientation = Vector3.new(-0.25999999046325684, -33.439998626708984, 9.59000015258789)
Part3340.Position = Vector3.new(1316.66015625, 369.3621826171875, 3613.67529296875)
Part3340.Rotation = Vector3.new(-0.3199999928474426, -33.439998626708984, 9.40999984741211)
Part3340.Transparency = 1
Part3340.Size = Vector3.new(1.3500009775161743, 22.749998092651367, 1.5)
Part3340.Anchored = true
Part3340.Material = Enum.Material.Fabric
Model3341.Name = "茂み"
Model3341.Parent = Folder0
Part3342.Name = "TreeMesh Bottom"
Part3342.Parent = Model3341
Part3342.CFrame = CFrame.new(1386.90308, 357.82489, 3646.17676, -0.546630144, -0.000413864385, -0.837376356, 0.000455754576, 1.00000381, -0.00079174852, 0.837377727, -0.000814501778, -0.5466308)
Part3342.Orientation = Vector3.new(0.05000000074505806, -123.13999938964844, 0.029999999329447746)
Part3342.Position = Vector3.new(1386.903076171875, 357.82489013671875, 3646.1767578125)
Part3342.Rotation = Vector3.new(179.9199981689453, -56.86000061035156, 179.9600067138672)
Part3342.Size = Vector3.new(8.250000953674316, 0.2499980926513672, 7)
Part3342.Anchored = true
Part3342.CanCollide = false
Part3342.Material = Enum.Material.Fabric
SpecialMesh3343.Name = "BarkMesh"
SpecialMesh3343.Parent = Part3342
SpecialMesh3343.MeshId = "rbxassetid://623621260"
SpecialMesh3343.Offset = Vector3.new(0, 3.4100000858306885, 0)
SpecialMesh3343.TextureId = "rbxassetid://623618671"
SpecialMesh3343.MeshType = Enum.MeshType.FileMesh
Part3344.Name = "TreeMeshTop"
Part3344.Parent = Model3341
Part3344.CFrame = CFrame.new(1386.89087, 387.964966, 3646.15186, -0.546630144, -0.000413864385, -0.837376356, 0.000455754576, 1.00000381, -0.00079174852, 0.837377727, -0.000814501778, -0.5466308)
Part3344.Orientation = Vector3.new(0.05000000074505806, -123.13999938964844, 0.029999999329447746)
Part3344.Position = Vector3.new(1386.890869140625, 387.9649658203125, 3646.15185546875)
Part3344.Rotation = Vector3.new(179.9199981689453, -56.86000061035156, 179.9600067138672)
Part3344.Transparency = 0.05000000074505806
Part3344.Size = Vector3.new(8.250000953674316, 0.2499980926513672, 7)
Part3344.Anchored = true
Part3344.CanCollide = false
Part3344.Material = Enum.Material.Fabric
SpecialMesh3345.Name = "TopTreeMesh"
SpecialMesh3345.Parent = Part3344
SpecialMesh3345.MeshId = "rbxassetid://623621456"
SpecialMesh3345.Offset = Vector3.new(0, 3.4100000858306885, 0)
SpecialMesh3345.Scale = Vector3.new(1.600000023841858, 1.600000023841858, 1.600000023841858)
SpecialMesh3345.TextureId = "rbxassetid://745556120"
SpecialMesh3345.MeshType = Enum.MeshType.FileMesh
Part3346.Name = "Tree_Collision"
Part3346.Parent = Model3341
Part3346.CFrame = CFrame.new(1383.56079, 370.950897, 3642.26953, -0.548170209, -0.0314008929, -0.835779369, 0.097127758, 0.990148008, -0.100904673, 0.830711663, -0.136490047, -0.53971839)
Part3346.Orientation = Vector3.new(5.789999961853027, -122.8499984741211, 5.599999904632568)
Part3346.Position = Vector3.new(1383.560791015625, 370.9508972167969, 3642.26953125)
Part3346.Rotation = Vector3.new(169.41000366210938, -56.70000076293945, 176.72000122070312)
Part3346.Transparency = 1
Part3346.Size = Vector3.new(1.3500009775161743, 26.749998092651367, 1.5)
Part3346.Anchored = true
Part3346.Material = Enum.Material.Fabric
Part3347.Name = "Tree_Collision"
Part3347.Parent = Model3341
Part3347.CFrame = CFrame.new(1373.10742, 369.941803, 3641.94189, -0.560369253, -0.234171301, -0.794451892, -0.301465929, 0.951075137, -0.0676973313, 0.771434188, 0.201564014, -0.60354656)
Part3347.Orientation = Vector3.new(3.880000114440918, -127.22000122070312, -17.59000015258789)
Part3347.Position = Vector3.new(1373.107421875, 369.9418029785156, 3641.94189453125)
Part3347.Rotation = Vector3.new(173.60000610351562, -52.599998474121094, 157.32000732421875)
Part3347.Transparency = 1
Part3347.Size = Vector3.new(1.3500009775161743, 23.749998092651367, 1.5)
Part3347.Anchored = true
Part3347.Material = Enum.Material.Fabric
Part3348.Name = "Tree_Collision"
Part3348.Parent = Model3341
Part3348.CFrame = CFrame.new(1395.2981, 371.413147, 3629.93994, -0.548634589, -0.0800802037, -0.832220554, 0.11439386, 0.978855133, -0.169603288, 0.828203082, -0.18825078, -0.527871907)
Part3348.Orientation = Vector3.new(9.760000228881836, -122.38999938964844, 6.670000076293945)
Part3348.Position = Vector3.new(1395.298095703125, 371.41314697265625, 3629.93994140625)
Part3348.Rotation = Vector3.new(162.19000244140625, -56.33000183105469, 171.6999969482422)
Part3348.Transparency = 1
Part3348.Size = Vector3.new(1.3500009775161743, 26.749998092651367, 1.5)
Part3348.Anchored = true
Part3348.Material = Enum.Material.Fabric
Part3349.Name = "Tree_Collision"
Part3349.Parent = Model3341
Part3349.CFrame = CFrame.new(1376.11279, 369.677765, 3681.75049, -0.548304319, 0.210848883, -0.809264421, -0.0107167438, 0.965847433, 0.258906573, 0.836213827, 0.15063186, -0.527317524)
Part3349.Orientation = Vector3.new(-15.010000228881836, -123.08999633789062, -0.6399999856948853)
Part3349.Position = Vector3.new(1376.11279296875, 369.6777648925781, 3681.75048828125)
Part3349.Rotation = Vector3.new(-153.85000610351562, -54.02000045776367, -158.97000122070312)
Part3349.Transparency = 1
Part3349.Size = Vector3.new(1.3500009775161743, 23.749998092651367, 1.5)
Part3349.Anchored = true
Part3349.Material = Enum.Material.Fabric
Part3350.Name = "Tree_Collision"
Part3350.Parent = Model3341
Part3350.CFrame = CFrame.new(1401.65747, 370.825104, 3646.58057, -0.512841403, 0.293277055, -0.806837082, 0.214001283, 0.953845859, 0.210689843, 0.831386447, -0.0646135509, -0.551932096)
Part3350.Orientation = Vector3.new(-12.15999984741211, -124.37000274658203, 12.649999618530273)
Part3350.Position = Vector3.new(1401.657470703125, 370.8251037597656, 3646.58056640625)
Part3350.Rotation = Vector3.new(-159.11000061035156, -53.790000915527344, -150.24000549316406)
Part3350.Transparency = 1
Part3350.Size = Vector3.new(1.3500009775161743, 26.749998092651367, 1.5)
Part3350.Anchored = true
Part3350.Material = Enum.Material.Fabric
Part3351.Name = "Tree_Collision"
Part3351.Parent = Model3341
Part3351.CFrame = CFrame.new(1374.42407, 369.564819, 3628.0459, -0.631909072, -0.18503657, -0.752632797, 0.0887002349, 0.947440922, -0.307403058, 0.769953787, -0.261008978, -0.582282305)
Part3351.Orientation = Vector3.new(17.899999618530273, -127.7300033569336, 5.349999904632568)
Part3351.Position = Vector3.new(1374.424072265625, 369.5648193359375, 3628.0458984375)
Part3351.Rotation = Vector3.new(152.1699981689453, -48.81999969482422, 163.67999267578125)
Part3351.Transparency = 1
Part3351.Size = Vector3.new(1.3500009775161743, 22.749998092651367, 1.5)
Part3351.Anchored = true
Part3351.Material = Enum.Material.Fabric
Part3352.Name = "Tree_Collision"
Part3352.Parent = Model3341
Part3352.CFrame = CFrame.new(1367.60205, 370.463623, 3663.3335, -0.5745399, -0.0627176911, -0.816072464, -0.161676645, 0.98611474, 0.0380393378, 0.802353203, 0.153794497, -0.576700866)
Part3352.Orientation = Vector3.new(-2.180000066757202, -125.25, -9.3100004196167)
Part3352.Position = Vector3.new(1367.60205078125, 370.463623046875, 3663.33349609375)
Part3352.Rotation = Vector3.new(-176.22999572753906, -54.689998626708984, 173.77000427246094)
Part3352.Transparency = 1
Part3352.Size = Vector3.new(1.3500009775161743, 23.749998092651367, 1.5)
Part3352.Anchored = true
Part3352.Material = Enum.Material.Fabric
Part3353.Name = "Tree_Collision"
Part3353.Parent = Model3341
Part3353.CFrame = CFrame.new(1354.83789, 368.444092, 3671.08643, -0.522448719, -0.220818132, -0.823583901, -0.165490106, 0.973782122, -0.156108752, 0.83646065, 0.054735899, -0.545293272)
Part3353.Orientation = Vector3.new(8.979999542236328, -123.51000213623047, -9.649999618530273)
Part3353.Position = Vector3.new(1354.837890625, 368.444091796875, 3671.08642578125)
Part3353.Rotation = Vector3.new(164.02000427246094, -55.45000076293945, 157.08999633789062)
Part3353.Transparency = 1
Part3353.Size = Vector3.new(1.3500009775161743, 20.749998092651367, 1.5)
Part3353.Anchored = true
Part3353.Material = Enum.Material.Fabric
Part3354.Name = "Tree_Collision"
Part3354.Parent = Model3341
Part3354.CFrame = CFrame.new(1415.18994, 369.359741, 3627.39941, -0.531607985, 0.0774571598, -0.843443692, 0.268393308, 0.959901392, -0.0810116827, 0.80334568, -0.269440472, -0.531079054)
Part3354.Orientation = Vector3.new(4.650000095367432, -122.19999694824219, 15.619999885559082)
Part3354.Position = Vector3.new(1415.18994140625, 369.3597412109375, 3627.3994140625)
Part3354.Rotation = Vector3.new(171.3300018310547, -57.5099983215332, -171.7100067138672)
Part3354.Transparency = 1
Part3354.Size = Vector3.new(1.3500009775161743, 22.749998092651367, 1.5)
Part3354.Anchored = true
Part3354.Material = Enum.Material.Fabric
Part3355.Name = "Tree_Collision"
Part3355.Parent = Model3341
Part3355.CFrame = CFrame.new(1402.14551, 370.231201, 3659.94922, -0.576378703, 0.183977097, -0.796205878, -0.12716265, 0.942270398, 0.3097817, 0.807231963, 0.279798448, -0.519708335)
Part3355.Orientation = Vector3.new(-18.049999237060547, -123.12999725341797, -7.690000057220459)
Part3355.Position = Vector3.new(1402.1455078125, 370.231201171875, 3659.94921875)
Part3355.Rotation = Vector3.new(-149.1999969482422, -52.77000045776367, -162.3000030517578)
Part3355.Transparency = 1
Part3355.Size = Vector3.new(1.3500009775161743, 23.749998092651367, 1.5)
Part3355.Anchored = true
Part3355.Material = Enum.Material.Fabric
Part3356.Name = "Tree_Collision"
Part3356.Parent = Model3341
Part3356.CFrame = CFrame.new(1388.35132, 369.773834, 3659.93896, -0.577036679, -0.0325622186, -0.816071153, -0.109846234, 0.99322474, 0.0380404554, 0.809301198, 0.11159271, -0.576702654)
Part3356.Orientation = Vector3.new(-2.180000066757202, -125.25, -6.309999942779541)
Part3356.Position = Vector3.new(1388.351318359375, 369.7738342285156, 3659.93896484375)
Part3356.Rotation = Vector3.new(-176.22999572753906, -54.689998626708984, 176.77000427246094)
Part3356.Transparency = 1
Part3356.Size = Vector3.new(1.3500009775161743, 23.749998092651367, 1.5)
Part3356.Anchored = true
Part3356.Material = Enum.Material.Fabric
Part3357.Name = "Tree_Collision"
Part3357.Parent = Model3341
Part3357.CFrame = CFrame.new(1407.46655, 369.399384, 3613.34375, -0.54292357, 0.0943705887, -0.834465206, 0.16623944, 0.986083984, 0.00335789798, 0.823167503, -0.136897624, -0.551055074)
Part3357.Orientation = Vector3.new(-0.1899999976158142, -123.44000244140625, 9.569999694824219)
Part3357.Position = Vector3.new(1407.466552734375, 369.3993835449219, 3613.34375)
Part3357.Rotation = Vector3.new(-179.64999389648438, -56.560001373291016, -170.13999938964844)
Part3357.Transparency = 1
Part3357.Size = Vector3.new(1.3500009775161743, 22.749998092651367, 1.5)
Part3357.Anchored = true
Part3357.Material = Enum.Material.Fabric
Model3358.Name = "茂み"
Model3358.Parent = Folder0
Part3359.Name = "TreeMesh Bottom"
Part3359.Parent = Model3358
Part3359.CFrame = CFrame.new(1491.79077, 357.319519, 3701.42822, -0.546630144, -0.000413864385, -0.837376356, 0.000455754576, 1.00000381, -0.00079174852, 0.837377727, -0.000814501778, -0.5466308)
Part3359.Orientation = Vector3.new(0.05000000074505806, -123.13999938964844, 0.029999999329447746)
Part3359.Position = Vector3.new(1491.790771484375, 357.31951904296875, 3701.42822265625)
Part3359.Rotation = Vector3.new(179.9199981689453, -56.86000061035156, 179.9600067138672)
Part3359.Size = Vector3.new(8.250000953674316, 0.2499980926513672, 7)
Part3359.Anchored = true
Part3359.CanCollide = false
Part3359.Material = Enum.Material.Fabric
SpecialMesh3360.Name = "BarkMesh"
SpecialMesh3360.Parent = Part3359
SpecialMesh3360.MeshId = "rbxassetid://623621260"
SpecialMesh3360.Offset = Vector3.new(0, 3.4100000858306885, 0)
SpecialMesh3360.TextureId = "rbxassetid://623618671"
SpecialMesh3360.MeshType = Enum.MeshType.FileMesh
Part3361.Name = "TreeMeshTop"
Part3361.Parent = Model3358
Part3361.CFrame = CFrame.new(1491.77856, 387.459595, 3701.40332, -0.546630144, -0.000413864385, -0.837376356, 0.000455754576, 1.00000381, -0.00079174852, 0.837377727, -0.000814501778, -0.5466308)
Part3361.Orientation = Vector3.new(0.05000000074505806, -123.13999938964844, 0.029999999329447746)
Part3361.Position = Vector3.new(1491.778564453125, 387.4595947265625, 3701.4033203125)
Part3361.Rotation = Vector3.new(179.9199981689453, -56.86000061035156, 179.9600067138672)
Part3361.Transparency = 0.05000000074505806
Part3361.Size = Vector3.new(8.250000953674316, 0.2499980926513672, 7)
Part3361.Anchored = true
Part3361.CanCollide = false
Part3361.Material = Enum.Material.Fabric
SpecialMesh3362.Name = "TopTreeMesh"
SpecialMesh3362.Parent = Part3361
SpecialMesh3362.MeshId = "rbxassetid://623621456"
SpecialMesh3362.Offset = Vector3.new(0, 3.4100000858306885, 0)
SpecialMesh3362.Scale = Vector3.new(1.600000023841858, 1.600000023841858, 1.600000023841858)
SpecialMesh3362.TextureId = "rbxassetid://745556120"
SpecialMesh3362.MeshType = Enum.MeshType.FileMesh
Part3363.Name = "Tree_Collision"
Part3363.Parent = Model3358
Part3363.CFrame = CFrame.new(1488.44849, 370.445526, 3697.521, -0.54817009, -0.0314002633, -0.835779428, 0.097128734, 0.990147889, -0.100904562, 0.830711484, -0.136490792, -0.53971833)
Part3363.Orientation = Vector3.new(5.789999961853027, -122.8499984741211, 5.599999904632568)
Part3363.Position = Vector3.new(1488.448486328125, 370.4455261230469, 3697.52099609375)
Part3363.Rotation = Vector3.new(169.41000366210938, -56.70000076293945, 176.72000122070312)
Part3363.Transparency = 1
Part3363.Size = Vector3.new(1.3500009775161743, 26.749998092651367, 1.5)
Part3363.Anchored = true
Part3363.Material = Enum.Material.Fabric
Part3364.Name = "Tree_Collision"
Part3364.Parent = Model3358
Part3364.CFrame = CFrame.new(1477.99487, 369.436462, 3697.19336, -0.560369253, -0.234171301, -0.794451892, -0.301465929, 0.951075137, -0.0676973313, 0.771434188, 0.201564014, -0.60354656)
Part3364.Orientation = Vector3.new(3.880000114440918, -127.22000122070312, -17.59000015258789)
Part3364.Position = Vector3.new(1477.994873046875, 369.43646240234375, 3697.193359375)
Part3364.Rotation = Vector3.new(173.60000610351562, -52.599998474121094, 157.32000732421875)
Part3364.Transparency = 1
Part3364.Size = Vector3.new(1.3500009775161743, 23.749998092651367, 1.5)
Part3364.Anchored = true
Part3364.Material = Enum.Material.Fabric
Part3365.Name = "Tree_Collision"
Part3365.Parent = Model3358
Part3365.CFrame = CFrame.new(1500.18481, 370.907806, 3685.19141, -0.548633635, -0.0800796896, -0.83222115, 0.114394836, 0.978855073, -0.16960305, 0.828203499, -0.188251376, -0.527870953)
Part3365.Orientation = Vector3.new(9.760000228881836, -122.38999938964844, 6.670000076293945)
Part3365.Position = Vector3.new(1500.184814453125, 370.9078063964844, 3685.19140625)
Part3365.Rotation = Vector3.new(162.19000244140625, -56.33000183105469, 171.6999969482422)
Part3365.Transparency = 1
Part3365.Size = Vector3.new(1.3500009775161743, 26.749998092651367, 1.5)
Part3365.Anchored = true
Part3365.Material = Enum.Material.Fabric
Part3366.Name = "Tree_Collision"
Part3366.Parent = Model3358
Part3366.CFrame = CFrame.new(1481.00073, 369.172394, 3737.00195, -0.548304319, 0.210849673, -0.809264183, -0.0107167438, 0.965847075, 0.258907527, 0.836213827, 0.150632367, -0.527317286)
Part3366.Orientation = Vector3.new(-15.010000228881836, -123.08999633789062, -0.6399999856948853)
Part3366.Position = Vector3.new(1481.000732421875, 369.1723937988281, 3737.001953125)
Part3366.Rotation = Vector3.new(-153.85000610351562, -54.02000045776367, -158.97000122070312)
Part3366.Transparency = 1
Part3366.Size = Vector3.new(1.3500009775161743, 23.749998092651367, 1.5)
Part3366.Anchored = true
Part3366.Material = Enum.Material.Fabric
Part3367.Name = "Tree_Collision"
Part3367.Parent = Model3358
Part3367.CFrame = CFrame.new(1506.54517, 370.319794, 3701.83105, -0.512841403, 0.29327783, -0.806836784, 0.214001283, 0.95384562, 0.210690781, 0.831386447, -0.0646129996, -0.551932096)
Part3367.Orientation = Vector3.new(-12.15999984741211, -124.37000274658203, 12.649999618530273)
Part3367.Position = Vector3.new(1506.545166015625, 370.3197937011719, 3701.8310546875)
Part3367.Rotation = Vector3.new(-159.11000061035156, -53.790000915527344, -150.24000549316406)
Part3367.Transparency = 1
Part3367.Size = Vector3.new(1.3500009775161743, 26.749998092651367, 1.5)
Part3367.Anchored = true
Part3367.Material = Enum.Material.Fabric
Part3368.Name = "Tree_Collision"
Part3368.Parent = Model3358
Part3368.CFrame = CFrame.new(1479.31128, 369.059418, 3683.29785, -0.631909132, -0.185037166, -0.752632678, 0.0886992514, 0.947441041, -0.307403147, 0.769953847, -0.261008263, -0.582282543)
Part3368.Orientation = Vector3.new(17.899999618530273, -127.7300033569336, 5.349999904632568)
Part3368.Position = Vector3.new(1479.311279296875, 369.0594177246094, 3683.2978515625)
Part3368.Rotation = Vector3.new(152.1699981689453, -48.81999969482422, 163.67999267578125)
Part3368.Transparency = 1
Part3368.Size = Vector3.new(1.3500009775161743, 22.749998092651367, 1.5)
