Part3347.Name = "Tree_Collision"
Part3347.Parent = Model3341
Part3347.CFrame = CFrame.new(1373.10742, 369.941803, 3641.94189, -0.560369253, -0.234171301, -0.794451892, -0.301465929, 0.951075137, -0.0676973313, 0.771434188, 0.201564014, -0.60354656)
Part3347.Orientation = Vector3.new(3.880000114440918, -127.22000122070312, -17.59000015258789)
Part3347.Position = Vector3.new(1373.107421875, 369.9418029785156, 3641.94189453125)
Part3347.Rotation = Vector3.new(173.60000610351562, -52.599998474121094, 157.32000732421875)
Part3347.Transparency = 1
Part3347.Size = Vector3.new(1.3500009775161743, 23.749998092651367, 1.5)
Part3347.Anchored = true
Part3347.Material = Enum.Material.Fabric
Part3348.Name = "Tree_Collision"
Part3348.Parent = Model3341
Part3348.CFrame = CFrame.new(1395.2981, 371.413147, 3629.93994, -0.548634589, -0.0800802037, -0.832220554, 0.11439386, 0.978855133, -0.169603288, 0.828203082, -0.18825078, -0.527871907)
Part3348.Orientation = Vector3.new(9.760000228881836, -122.38999938964844, 6.670000076293945)
Part3348.Position = Vector3.new(1395.298095703125, 371.41314697265625, 3629.93994140625)
Part3348.Rotation = Vector3.new(162.19000244140625, -56.33000183105469, 171.6999969482422)
Part3348.Transparency = 1
Part3348.Size = Vector3.new(1.3500009775161743, 26.749998092651367, 1.5)
Part3348.Anchored = true
Part3348.Material = Enum.Material.Fabric
Part3349.Name = "Tree_Collision"
Part3349.Parent = Model3341
Part3349.CFrame = CFrame.new(1376.11279, 369.677765, 3681.75049, -0.548304319, 0.210848883, -0.809264421, -0.0107167438, 0.965847433, 0.258906573, 0.836213827, 0.15063186, -0.527317524)
Part3349.Orientation = Vector3.new(-15.010000228881836, -123.08999633789062, -0.6399999856948853)
Part3349.Position = Vector3.new(1376.11279296875, 369.6777648925781, 3681.75048828125)
Part3349.Rotation = Vector3.new(-153.85000610351562, -54.02000045776367, -158.97000122070312)
Part3349.Transparency = 1
Part3349.Size = Vector3.new(1.3500009775161743, 23.749998092651367, 1.5)
Part3349.Anchored = true
Part3349.Material = Enum.Material.Fabric
Part3350.Name = "Tree_Collision"
Part3350.Parent = Model3341
Part3350.CFrame = CFrame.new(1401.65747, 370.825104, 3646.58057, -0.512841403, 0.293277055, -0.806837082, 0.214001283, 0.953845859, 0.210689843, 0.831386447, -0.0646135509, -0.551932096)
Part3350.Orientation = Vector3.new(-12.15999984741211, -124.37000274658203, 12.649999618530273)
Part3350.Position = Vector3.new(1401.657470703125, 370.8251037597656, 3646.58056640625)
Part3350.Rotation = Vector3.new(-159.11000061035156, -53.790000915527344, -150.24000549316406)
Part3350.Transparency = 1
Part3350.Size = Vector3.new(1.3500009775161743, 26.749998092651367, 1.5)
Part3350.Anchored = true
Part3350.Material = Enum.Material.Fabric
Part3351.Name = "Tree_Collision"
Part3351.Parent = Model3341
Part3351.CFrame = CFrame.new(1374.42407, 369.564819, 3628.0459, -0.631909072, -0.18503657, -0.752632797, 0.0887002349, 0.947440922, -0.307403058, 0.769953787, -0.261008978, -0.582282305)
Part3351.Orientation = Vector3.new(17.899999618530273, -127.7300033569336, 5.349999904632568)
Part3351.Position = Vector3.new(1374.424072265625, 369.5648193359375, 3628.0458984375)
Part3351.Rotation = Vector3.new(152.1699981689453, -48.81999969482422, 163.67999267578125)
Part3351.Transparency = 1
Part3351.Size = Vector3.new(1.3500009775161743, 22.749998092651367, 1.5)
Part3351.Anchored = true
Part3351.Material = Enum.Material.Fabric
Part3352.Name = "Tree_Collision"
Part3352.Parent = Model3341
Part3352.CFrame = CFrame.new(1367.60205, 370.463623, 3663.3335, -0.5745399, -0.0627176911, -0.816072464, -0.161676645, 0.98611474, 0.0380393378, 0.802353203, 0.153794497, -0.576700866)
Part3352.Orientation = Vector3.new(-2.180000066757202, -125.25, -9.3100004196167)
Part3352.Position = Vector3.new(1367.60205078125, 370.463623046875, 3663.33349609375)
Part3352.Rotation = Vector3.new(-176.22999572753906, -54.689998626708984, 173.77000427246094)
Part3352.Transparency = 1
Part3352.Size = Vector3.new(1.3500009775161743, 23.749998092651367, 1.5)
Part3352.Anchored = true
Part3352.Material = Enum.Material.Fabric
Part3353.Name = "Tree_Collision"
Part3353.Parent = Model3341
Part3353.CFrame = CFrame.new(1354.83789, 368.444092, 3671.08643, -0.522448719, -0.220818132, -0.823583901, -0.165490106, 0.973782122, -0.156108752, 0.83646065, 0.054735899, -0.545293272)
Part3353.Orientation = Vector3.new(8.979999542236328, -123.51000213623047, -9.649999618530273)
Part3353.Position = Vector3.new(1354.837890625, 368.444091796875, 3671.08642578125)
Part3353.Rotation = Vector3.new(164.02000427246094, -55.45000076293945, 157.08999633789062)
Part3353.Transparency = 1
Part3353.Size = Vector3.new(1.3500009775161743, 20.749998092651367, 1.5)
Part3353.Anchored = true
Part3353.Material = Enum.Material.Fabric
Part3354.Name = "Tree_Collision"
Part3354.Parent = Model3341
Part3354.CFrame = CFrame.new(1415.18994, 369.359741, 3627.39941, -0.531607985, 0.0774571598, -0.843443692, 0.268393308, 0.959901392, -0.0810116827, 0.80334568, -0.269440472, -0.531079054)
Part3354.Orientation = Vector3.new(4.650000095367432, -122.19999694824219, 15.619999885559082)
Part3354.Position = Vector3.new(1415.18994140625, 369.3597412109375, 3627.3994140625)
Part3354.Rotation = Vector3.new(171.3300018310547, -57.5099983215332, -171.7100067138672)
Part3354.Transparency = 1
Part3354.Size = Vector3.new(1.3500009775161743, 22.749998092651367, 1.5)
Part3354.Anchored = true
Part3354.Material = Enum.Material.Fabric
Part3355.Name = "Tree_Collision"
Part3355.Parent = Model3341
Part3355.CFrame = CFrame.new(1402.14551, 370.231201, 3659.94922, -0.576378703, 0.183977097, -0.796205878, -0.12716265, 0.942270398, 0.3097817, 0.807231963, 0.279798448, -0.519708335)
Part3355.Orientation = Vector3.new(-18.049999237060547, -123.12999725341797, -7.690000057220459)
Part3355.Position = Vector3.new(1402.1455078125, 370.231201171875, 3659.94921875)
Part3355.Rotation = Vector3.new(-149.1999969482422, -52.77000045776367, -162.3000030517578)
Part3355.Transparency = 1
Part3355.Size = Vector3.new(1.3500009775161743, 23.749998092651367, 1.5)
Part3355.Anchored = true
Part3355.Material = Enum.Material.Fabric
Part3356.Name = "Tree_Collision"
Part3356.Parent = Model3341
Part3356.CFrame = CFrame.new(1388.35132, 369.773834, 3659.93896, -0.577036679, -0.0325622186, -0.816071153, -0.109846234, 0.99322474, 0.0380404554, 0.809301198, 0.11159271, -0.576702654)
Part3356.Orientation = Vector3.new(-2.180000066757202, -125.25, -6.309999942779541)
Part3356.Position = Vector3.new(1388.351318359375, 369.7738342285156, 3659.93896484375)
Part3356.Rotation = Vector3.new(-176.22999572753906, -54.689998626708984, 176.77000427246094)
Part3356.Transparency = 1
Part3356.Size = Vector3.new(1.3500009775161743, 23.749998092651367, 1.5)
Part3356.Anchored = true
Part3356.Material = Enum.Material.Fabric
Part3357.Name = "Tree_Collision"
Part3357.Parent = Model3341
Part3357.CFrame = CFrame.new(1407.46655, 369.399384, 3613.34375, -0.54292357, 0.0943705887, -0.834465206, 0.16623944, 0.986083984, 0.00335789798, 0.823167503, -0.136897624, -0.551055074)
Part3357.Orientation = Vector3.new(-0.1899999976158142, -123.44000244140625, 9.569999694824219)
Part3357.Position = Vector3.new(1407.466552734375, 369.3993835449219, 3613.34375)
Part3357.Rotation = Vector3.new(-179.64999389648438, -56.560001373291016, -170.13999938964844)
Part3357.Transparency = 1
Part3357.Size = Vector3.new(1.3500009775161743, 22.749998092651367, 1.5)
Part3357.Anchored = true
Part3357.Material = Enum.Material.Fabric
Model3358.Name = "??"
Model3358.Parent = Folder0
Part3359.Name = "TreeMesh Bottom"
Part3359.Parent = Model3358
Part3359.CFrame = CFrame.new(1491.79077, 357.319519, 3701.42822, -0.546630144, -0.000413864385, -0.837376356, 0.000455754576, 1.00000381, -0.00079174852, 0.837377727, -0.000814501778, -0.5466308)
Part3359.Orientation = Vector3.new(0.05000000074505806, -123.13999938964844, 0.029999999329447746)
Part3359.Position = Vector3.new(1491.790771484375, 357.31951904296875, 3701.42822265625)
Part3359.Rotation = Vector3.new(179.9199981689453, -56.86000061035156, 179.9600067138672)
Part3359.Size = Vector3.new(8.250000953674316, 0.2499980926513672, 7)
Part3359.Anchored = true
Part3359.CanCollide = false
Part3359.Material = Enum.Material.Fabric
SpecialMesh3360.Name = "BarkMesh"
SpecialMesh3360.Parent = Part3359
SpecialMesh3360.MeshId = "rbxassetid://623621260"
SpecialMesh3360.Offset = Vector3.new(0, 3.4100000858306885, 0)
SpecialMesh3360.TextureId = "rbxassetid://623618671"
SpecialMesh3360.MeshType = Enum.MeshType.FileMesh
Part3361.Name = "TreeMeshTop"
Part3361.Parent = Model3358
Part3361.CFrame = CFrame.new(1491.77856, 387.459595, 3701.40332, -0.546630144, -0.000413864385, -0.837376356, 0.000455754576, 1.00000381, -0.00079174852, 0.837377727, -0.000814501778, -0.5466308)
Part3361.Orientation = Vector3.new(0.05000000074505806, -123.13999938964844, 0.029999999329447746)
Part3361.Position = Vector3.new(1491.778564453125, 387.4595947265625, 3701.4033203125)
Part3361.Rotation = Vector3.new(179.9199981689453, -56.86000061035156, 179.9600067138672)
Part3361.Transparency = 0.05000000074505806
Part3361.Size = Vector3.new(8.250000953674316, 0.2499980926513672, 7)
Part3361.Anchored = true
Part3361.CanCollide = false
Part3361.Material = Enum.Material.Fabric
SpecialMesh3362.Name = "TopTreeMesh"
SpecialMesh3362.Parent = Part3361
SpecialMesh3362.MeshId = "rbxassetid://623621456"
SpecialMesh3362.Offset = Vector3.new(0, 3.4100000858306885, 0)
SpecialMesh3362.Scale = Vector3.new(1.600000023841858, 1.600000023841858, 1.600000023841858)
SpecialMesh3362.TextureId = "rbxassetid://745556120"
SpecialMesh3362.MeshType = Enum.MeshType.FileMesh
Part3363.Name = "Tree_Collision"
Part3363.Parent = Model3358
Part3363.CFrame = CFrame.new(1488.44849, 370.445526, 3697.521, -0.54817009, -0.0314002633, -0.835779428, 0.097128734, 0.990147889, -0.100904562, 0.830711484, -0.136490792, -0.53971833)
Part3363.Orientation = Vector3.new(5.789999961853027, -122.8499984741211, 5.599999904632568)
Part3363.Position = Vector3.new(1488.448486328125, 370.4455261230469, 3697.52099609375)
Part3363.Rotation = Vector3.new(169.41000366210938, -56.70000076293945, 176.72000122070312)
Part3363.Transparency = 1
Part3363.Size = Vector3.new(1.3500009775161743, 26.749998092651367, 1.5)
Part3363.Anchored = true
Part3363.Material = Enum.Material.Fabric
Part3364.Name = "Tree_Collision"
Part3364.Parent = Model3358
Part3364.CFrame = CFrame.new(1477.99487, 369.436462, 3697.19336, -0.560369253, -0.234171301, -0.794451892, -0.301465929, 0.951075137, -0.0676973313, 0.771434188, 0.201564014, -0.60354656)
Part3364.Orientation = Vector3.new(3.880000114440918, -127.22000122070312, -17.59000015258789)
Part3364.Position = Vector3.new(1477.994873046875, 369.43646240234375, 3697.193359375)
Part3364.Rotation = Vector3.new(173.60000610351562, -52.599998474121094, 157.32000732421875)
Part3364.Transparency = 1
Part3364.Size = Vector3.new(1.3500009775161743, 23.749998092651367, 1.5)
Part3364.Anchored = true
Part3364.Material = Enum.Material.Fabric
Part3365.Name = "Tree_Collision"
Part3365.Parent = Model3358
Part3365.CFrame = CFrame.new(1500.18481, 370.907806, 3685.19141, -0.548633635, -0.0800796896, -0.83222115, 0.114394836, 0.978855073, -0.16960305, 0.828203499, -0.188251376, -0.527870953)
Part3365.Orientation = Vector3.new(9.760000228881836, -122.38999938964844, 6.670000076293945)
Part3365.Position = Vector3.new(1500.184814453125, 370.9078063964844, 3685.19140625)
Part3365.Rotation = Vector3.new(162.19000244140625, -56.33000183105469, 171.6999969482422)
Part3365.Transparency = 1
Part3365.Size = Vector3.new(1.3500009775161743, 26.749998092651367, 1.5)
Part3365.Anchored = true
Part3365.Material = Enum.Material.Fabric
Part3366.Name = "Tree_Collision"
Part3366.Parent = Model3358
Part3366.CFrame = CFrame.new(1481.00073, 369.172394, 3737.00195, -0.548304319, 0.210849673, -0.809264183, -0.0107167438, 0.965847075, 0.258907527, 0.836213827, 0.150632367, -0.527317286)
Part3366.Orientation = Vector3.new(-15.010000228881836, -123.08999633789062, -0.6399999856948853)
Part3366.Position = Vector3.new(1481.000732421875, 369.1723937988281, 3737.001953125)
Part3366.Rotation = Vector3.new(-153.85000610351562, -54.02000045776367, -158.97000122070312)
Part3366.Transparency = 1
Part3366.Size = Vector3.new(1.3500009775161743, 23.749998092651367, 1.5)
Part3366.Anchored = true
Part3366.Material = Enum.Material.Fabric
Part3367.Name = "Tree_Collision"
Part3367.Parent = Model3358
Part3367.CFrame = CFrame.new(1506.54517, 370.319794, 3701.83105, -0.512841403, 0.29327783, -0.806836784, 0.214001283, 0.95384562, 0.210690781, 0.831386447, -0.0646129996, -0.551932096)
Part3367.Orientation = Vector3.new(-12.15999984741211, -124.37000274658203, 12.649999618530273)
Part3367.Position = Vector3.new(1506.545166015625, 370.3197937011719, 3701.8310546875)
Part3367.Rotation = Vector3.new(-159.11000061035156, -53.790000915527344, -150.24000549316406)
Part3367.Transparency = 1
Part3367.Size = Vector3.new(1.3500009775161743, 26.749998092651367, 1.5)
Part3367.Anchored = true
Part3367.Material = Enum.Material.Fabric
Part3368.Name = "Tree_Collision"
Part3368.Parent = Model3358
Part3368.CFrame = CFrame.new(1479.31128, 369.059418, 3683.29785, -0.631909132, -0.185037166, -0.752632678, 0.0886992514, 0.947441041, -0.307403147, 0.769953847, -0.261008263, -0.582282543)
Part3368.Orientation = Vector3.new(17.899999618530273, -127.7300033569336, 5.349999904632568)
Part3368.Position = Vector3.new(1479.311279296875, 369.0594177246094, 3683.2978515625)
Part3368.Rotation = Vector3.new(152.1699981689453, -48.81999969482422, 163.67999267578125)
Part3368.Transparency = 1
Part3368.Size = Vector3.new(1.3500009775161743, 22.749998092651367, 1.5)
Part3368.Anchored = true
Part3368.Material = Enum.Material.Fabric
Part3369.Name = "Tree_Collision"
Part3369.Parent = Model3358
Part3369.CFrame = CFrame.new(1472.48999, 369.958282, 3718.58496, -0.574539959, -0.0627170727, -0.816072404, -0.161675677, 0.98611486, 0.0380394123, 0.802353263, 0.153793752, -0.576700926)
Part3369.Orientation = Vector3.new(-2.180000066757202, -125.25, -9.3100004196167)
Part3369.Position = Vector3.new(1472.489990234375, 369.9582824707031, 3718.5849609375)
Part3369.Rotation = Vector3.new(-176.22999572753906, -54.689998626708984, 173.77000427246094)
Part3369.Transparency = 1
Part3369.Size = Vector3.new(1.3500009775161743, 23.749998092651367, 1.5)
Part3369.Anchored = true
Part3369.Material = Enum.Material.Fabric
Part3370.Name = "Tree_Collision"
Part3370.Parent = Model3358
Part3370.CFrame = CFrame.new(1459.72583, 367.938721, 3726.3374, -0.522448719, -0.220818132, -0.823583901, -0.165490106, 0.973782122, -0.156108752, 0.83646065, 0.054735899, -0.545293272)
Part3370.Orientation = Vector3.new(8.979999542236328, -123.51000213623047, -9.649999618530273)
Part3370.Position = Vector3.new(1459.725830078125, 367.938720703125, 3726.33740234375)
Part3370.Rotation = Vector3.new(164.02000427246094, -55.45000076293945, 157.08999633789062)
Part3370.Transparency = 1
Part3370.Size = Vector3.new(1.3500009775161743, 20.749998092651367, 1.5)
Part3370.Anchored = true
Part3370.Material = Enum.Material.Fabric
Part3371.Name = "Tree_Collision"
Part3371.Parent = Model3358
Part3371.CFrame = CFrame.new(1520.07739, 368.85437, 3682.65039, -0.531607866, 0.0774577558, -0.843443692, 0.268394232, 0.959901035, -0.0810115486, 0.803345442, -0.269441158, -0.531078994)
Part3371.Orientation = Vector3.new(4.650000095367432, -122.19999694824219, 15.619999885559082)
Part3371.Position = Vector3.new(1520.077392578125, 368.8543701171875, 3682.650390625)
Part3371.Rotation = Vector3.new(171.3300018310547, -57.5099983215332, -171.7100067138672)
Part3371.Transparency = 1
Part3371.Size = Vector3.new(1.3500009775161743, 22.749998092651367, 1.5)
Part3371.Anchored = true
Part3371.Material = Enum.Material.Fabric
Part3372.Name = "Tree_Collision"
Part3372.Parent = Model3358
Part3372.CFrame = CFrame.new(1507.03296, 369.72583, 3715.2002, -0.576378584, 0.183976501, -0.796206236, -0.127163634, 0.942270279, 0.309781581, 0.807231903, 0.279799163, -0.519708157)
Part3372.Orientation = Vector3.new(-18.049999237060547, -123.12999725341797, -7.690000057220459)
Part3372.Position = Vector3.new(1507.032958984375, 369.725830078125, 3715.2001953125)
Part3372.Rotation = Vector3.new(-149.1999969482422, -52.77000045776367, -162.3000030517578)
Part3372.Transparency = 1
Part3372.Size = Vector3.new(1.3500009775161743, 23.749998092651367, 1.5)
Part3372.Anchored = true
Part3372.Material = Enum.Material.Fabric
Part3373.Name = "Tree_Collision"
Part3373.Parent = Model3358
Part3373.CFrame = CFrame.new(1493.23999, 369.268463, 3715.19043, -0.577035904, -0.0325621665, -0.816071749, -0.109846234, 0.9932248, 0.0380403884, 0.809301794, 0.11159271, -0.57670182)
Part3373.Orientation = Vector3.new(-2.180000066757202, -125.25, -6.309999942779541)
Part3373.Position = Vector3.new(1493.239990234375, 369.2684631347656, 3715.1904296875)
Part3373.Rotation = Vector3.new(-176.22999572753906, -54.689998626708984, 176.77000427246094)
Part3373.Transparency = 1
Part3373.Size = Vector3.new(1.3500009775161743, 23.749998092651367, 1.5)
Part3373.Anchored = true
Part3373.Material = Enum.Material.Fabric
Part3374.Name = "Tree_Collision"
Part3374.Parent = Model3358
Part3374.CFrame = CFrame.new(1512.35425, 368.894073, 3668.59521, -0.542923391, 0.0943712071, -0.834465206, 0.166240409, 0.986083865, 0.00335798832, 0.823167264, -0.136898383, -0.551055074)
Part3374.Orientation = Vector3.new(-0.1899999976158142, -123.44000244140625, 9.569999694824219)
Part3374.Position = Vector3.new(1512.354248046875, 368.8940734863281, 3668.59521484375)
Part3374.Rotation = Vector3.new(-179.64999389648438, -56.560001373291016, -170.13999938964844)
Part3374.Transparency = 1
Part3374.Size = Vector3.new(1.3500009775161743, 22.749998092651367, 1.5)
Part3374.Anchored = true
Part3374.Material = Enum.Material.Fabric
Model3375.Name = "??"
Model3375.Parent = Folder0
Part3376.Name = "TreeMesh Bottom"
Part3376.Parent = Model3375
Part3376.CFrame = CFrame.new(1262.39636, 357.178711, 3604.3501, -0.658884346, -0.00114824821, 0.752246201, -0.000885321293, 1.0000037, 0.000751008571, -0.752247334, -0.000171221109, -0.658886433)
Part3376.Orientation = Vector3.new(-0.03999999910593033, 131.2100067138672, -0.05000000074505806)
Part3376.Position = Vector3.new(1262.3963623046875, 357.1787109375, 3604.35009765625)
Part3376.Rotation = Vector3.new(-179.92999267578125, 48.790000915527344, 179.89999389648438)
Part3376.Size = Vector3.new(8.250000953674316, 0.2499980926513672, 7)
Part3376.Anchored = true
Part3376.CanCollide = false
Part3376.Material = Enum.Material.Fabric
SpecialMesh3377.Name = "BarkMesh"
SpecialMesh3377.Parent = Part3376
SpecialMesh3377.MeshId = "rbxassetid://623621260"
SpecialMesh3377.Offset = Vector3.new(0, 3.4100000858306885, 0)
SpecialMesh3377.TextureId = "rbxassetid://623618671"
SpecialMesh3377.MeshType = Enum.MeshType.FileMesh
Part3378.Name = "TreeMeshTop"
Part3378.Parent = Model3375
Part3378.CFrame = CFrame.new(1262.36145, 387.318787, 3604.34521, -0.658884346, -0.00114824821, 0.752246201, -0.000885321293, 1.0000037, 0.000751008571, -0.752247334, -0.000171221109, -0.658886433)
Part3378.Orientation = Vector3.new(-0.03999999910593033, 131.2100067138672, -0.05000000074505806)
Part3378.Position = Vector3.new(1262.3614501953125, 387.31878662109375, 3604.34521484375)
Part3378.Rotation = Vector3.new(-179.92999267578125, 48.790000915527344, 179.89999389648438)
Part3378.Transparency = 0.05000000074505806
Part3378.Size = Vector3.new(8.250000953674316, 0.2499980926513672, 7)
Part3378.Anchored = true
Part3378.CanCollide = false
Part3378.Material = Enum.Material.Fabric
SpecialMesh3379.Name = "TopTreeMesh"
SpecialMesh3379.Parent = Part3378
SpecialMesh3379.MeshId = "rbxassetid://623621456"
SpecialMesh3379.Offset = Vector3.new(0, 3.4100000858306885, 0)
SpecialMesh3379.Scale = Vector3.new(1.600000023841858, 1.600000023841858, 1.600000023841858)
SpecialMesh3379.TextureId = "rbxassetid://745556120"
SpecialMesh3379.MeshType = Enum.MeshType.FileMesh
Part3380.Name = "Tree_Collision"
Part3380.Parent = Model3375
Part3380.CFrame = CFrame.new(1267.03345, 370.31424, 3602.18506, -0.652247667, 0.137877017, 0.745363593, 0.095800899, 0.990431905, -0.09937682, -0.75193119, 0.00658801757, -0.659214139)
Part3380.Orientation = Vector3.new(5.699999809265137, 131.49000549316406, 5.519999980926514)
Part3380.Position = Vector3.new(1267.033447265625, 370.3142395019531, 3602.18505859375)
Part3380.Rotation = Vector3.new(171.42999267578125, 48.189998626708984, -168.05999755859375)
Part3380.Transparency = 1
Part3380.Size = Vector3.new(1.3500009775161743, 26.749998092651367, 1.5)
Part3380.Anchored = true
Part3380.Material = Enum.Material.Fabric
Part3381.Name = "Tree_Collision"
Part3381.Parent = Model3375
Part3381.CFrame = CFrame.new(1270.1709, 369.311676, 3592.20776, -0.59106195, -0.132869527, 0.79561013, -0.302668661, 0.950808108, -0.0660657212, -0.747691751, -0.279854387, -0.602200806)
Part3381.Orientation = Vector3.new(3.7899999618530273, 127.12000274658203, -17.65999984741211)
Part3381.Position = Vector3.new(1270.1708984375, 369.3116760253906, 3592.207763671875)
Part3381.Rotation = Vector3.new(173.74000549316406, 52.709999084472656, 167.3300018310547)
Part3381.Transparency = 1
Part3381.Size = Vector3.new(1.3500009775161743, 23.749998092651367, 1.5)
Part3381.Anchored = true
Part3381.Material = Enum.Material.Fabric
Part3382.Name = "Tree_Collision"
Part3382.Parent = Model3375
Part3382.CFrame = CFrame.new(1275.73877, 370.794159, 3616.81299, -0.649742067, 0.200871021, 0.73313719, 0.113071069, 0.979268491, -0.168098971, -0.751701713, -0.0263245106, -0.658983171)
Part3382.Orientation = Vector3.new(9.680000305175781, 131.9499969482422, 6.590000152587891)
Part3382.Position = Vector3.new(1275.73876953125, 370.7941589355469, 3616.81298828125)
Part3382.Rotation = Vector3.new(165.69000244140625, 47.150001525878906, -162.82000732421875)
Part3382.Transparency = 1
Part3382.Size = Vector3.new(1.3500009775161743, 26.749998092651367, 1.5)
Part3382.Anchored = true
Part3382.Material = Enum.Material.Fabric
Part3383.Name = "Tree_Collision"
Part3383.Parent = Model3375
Part3383.CFrame = CFrame.new(1231.02759, 368.967651, 3584.36377, -0.657288909, -0.203897938, 0.725535035, -0.0120547181, 0.965431452, 0.260395586, -0.753545702, 0.16240859, -0.637024045)
Part3383.Orientation = Vector3.new(-15.09000015258789, 131.27999877929688, -0.7200000286102295)
Part3383.Position = Vector3.new(1231.027587890625, 368.9676513671875, 3584.36376953125)
Part3383.Rotation = Vector3.new(-157.77000427246094, 46.5099983215332, 162.77000427246094)
Part3383.Transparency = 1
Part3383.Size = Vector3.new(1.3500009775161743, 23.749998092651367, 1.5)
Part3383.Anchored = true
Part3383.Material = Enum.Material.Fabric
Part3384.Name = "Tree_Collision"
Part3384.Parent = Model3375
Part3384.CFrame = CFrame.new(1258.00098, 370.169891, 3618.44873, -0.662666321, -0.0188425779, 0.748680472, 0.212651879, 0.953807294, 0.212225989, -0.718093157, 0.299842417, -0.628047705)
Part3384.Orientation = Vector3.new(-12.25, 129.99000549316406, 12.569999694824219)
Part3384.Position = Vector3.new(1258.0009765625, 370.1698913574219, 3618.44873046875)
Part3384.Rotation = Vector3.new(-161.3300018310547, 48.47999954223633, 178.3699951171875)
Part3384.Transparency = 1
Part3384.Size = Vector3.new(1.3500009775161743, 26.749998092651367, 1.5)
Part3384.Anchored = true
Part3384.Material = Enum.Material.Fabric
Part3385.Name = "Tree_Collision"
Part3385.Parent = Model3375
Part3385.CFrame = CFrame.new(1283.19714, 368.961182, 3597.22388, -0.571137428, 0.299307436, 0.764343619, 0.0875380114, 0.948055983, -0.305836231, -0.816176832, -0.107765399, -0.567670047)
Part3385.Orientation = Vector3.new(17.809999465942383, 126.5999984741211, 5.28000020980835)
Part3385.Position = Vector3.new(1283.1971435546875, 368.961181640625, 3597.223876953125)
Part3385.Rotation = Vector3.new(151.69000244140625, 49.849998474121094, -152.33999633789062)
Part3385.Transparency = 1
Part3385.Size = Vector3.new(1.3500009775161743, 22.749998092651367, 1.5)
Part3385.Anchored = true
Part3385.Material = Enum.Material.Fabric
Part3386.Name = "Tree_Collision"
Part3386.Parent = Model3375
Part3386.CFrame = CFrame.new(1251.05566, 369.794495, 3581.13599, -0.617298305, -0.133191153, 0.775375485, -0.162933052, 0.985845327, 0.0396293476, -0.76967603, -0.101870842, -0.630260527)
Part3386.Orientation = Vector3.new(-2.2699999809265137, 129.11000061035156, -9.380000114440918)
Part3386.Position = Vector3.new(1251.0556640625, 369.79449462890625, 3581.135986328125)
Part3386.Rotation = Vector3.new(-176.39999389648438, 50.84000015258789, 167.82000732421875)
Part3386.Transparency = 1
Part3386.Size = Vector3.new(1.3500009775161743, 23.749998092651367, 1.5)
Part3386.Anchored = true
Part3386.Material = Enum.Material.Fabric
Part3387.Name = "Tree_Collision"
Part3387.Parent = Model3375
Part3387.CFrame = CFrame.new(1247.0376, 367.766785, 3566.75391, -0.664185643, 0.0048671551, 0.7475546, -0.166843161, 0.973795891, -0.15457657, -0.72871542, -0.227391317, -0.645967722)
Part3387.Orientation = Vector3.new(8.890000343322754, 130.8300018310547, -9.720000267028809)
Part3387.Position = Vector3.new(1247.03759765625, 367.76678466796875, 3566.75390625)
Part3387.Rotation = Vector3.new(166.5399932861328, 48.380001068115234, -179.5800018310547)
Part3387.Transparency = 1
Part3387.Size = Vector3.new(1.3500009775161743, 20.749998092651367, 1.5)
Part3387.Anchored = true
Part3387.Material = Enum.Material.Fabric
Part3388.Name = "Tree_Collision"
Part3388.Parent = Model3375
Part3388.CFrame = CFrame.new(1272.82336, 368.73465, 3636.65332, -0.630714059, 0.236595497, 0.73907131, 0.267110586, 0.960386157, -0.0794951543, -0.728599489, 0.147274405, -0.668924689)
Part3388.Orientation = Vector3.new(4.559999942779541, 132.14999389648438, 15.539999961853027)
Part3388.Position = Vector3.new(1272.8233642578125, 368.7346496582031, 3636.6533203125)
Part3388.Rotation = Vector3.new(173.22000122070312, 47.650001525878906, -159.44000244140625)
Part3388.Transparency = 1
Part3388.Size = Vector3.new(1.3500009775161743, 22.749998092651367, 1.5)
Part3388.Anchored = true
Part3388.Material = Enum.Material.Fabric
Part3389.Name = "Tree_Collision"
Part3389.Parent = Model3375
Part3389.CFrame = CFrame.new(1244.99744, 369.549347, 3615.3125, -0.621570587, -0.32098043, 0.714580834, -0.128428638, 0.941615045, 0.311249048, -0.772762299, 0.101690494, -0.626502037)
Part3389.Orientation = Vector3.new(-18.1299991607666, 131.24000549316406, -7.769999980926514)
Part3389.Position = Vector3.new(1244.9974365234375, 369.5493469238281, 3615.3125)
Part3389.Rotation = Vector3.new(-153.5800018310547, 45.61000061035156, 152.69000244140625)
Part3389.Transparency = 1
Part3389.Size = Vector3.new(1.3500009775161743, 23.749998092651367, 1.5)
Part3389.Anchored = true
Part3389.Material = Enum.Material.Fabric
Part3390.Name = "Tree_Collision"
Part3390.Parent = Model3375
Part3390.CFrame = CFrame.new(1248.729, 369.099762, 3602.03198, -0.623421848, -0.10070239, 0.775376201, -0.111115128, 0.993021607, 0.0396298803, -0.773953497, -0.0614497066, -0.630259633)
Part3390.Orientation = Vector3.new(-2.2699999809265137, 129.11000061035156, -6.380000114440918)
Part3390.Position = Vector3.new(1248.72900390625, 369.0997619628906, 3602.031982421875)
Part3390.Rotation = Vector3.new(-176.39999389648438, 50.84000015258789, 170.82000732421875)
Part3390.Transparency = 1
Part3390.Size = Vector3.new(1.3500009775161743, 23.749998092651367, 1.5)
Part3390.Anchored = true
Part3390.Material = Enum.Material.Fabric
Part3391.Name = "Tree_Collision"
Part3391.Parent = Model3375
Part3391.CFrame = CFrame.new(1288.4408, 368.806305, 3633.00708, -0.646539748, 0.104349993, 0.755712688, 0.164923489, 0.98629868, 0.00490836473, -0.744843602, 0.127807707, -0.654889584)
Part3391.Orientation = Vector3.new(-0.2800000011920929, 130.91000366210938, 9.489999771118164)
Part3391.Position = Vector3.new(1288.4407958984375, 368.8063049316406, 3633.007080078125)
Part3391.Rotation = Vector3.new(-179.57000732421875, 49.09000015258789, -170.8300018310547)
Part3391.Transparency = 1
Part3391.Size = Vector3.new(1.3500009775161743, 22.749998092651367, 1.5)
Part3391.Anchored = true
Part3391.Material = Enum.Material.Fabric
Model3392.Name = "??"
Model3392.Parent = Folder0
Part3393.Name = "TreeMesh Bottom"
Part3393.Parent = Model3392
Part3393.CFrame = CFrame.new(1224.1626, 357.085022, 3549.64062, -0.75224632, -0.000414692506, -0.658885062, 0.000225205789, 1.00000393, -0.000886526715, 0.658886671, -0.000815339095, -0.752246559)
Part3393.Orientation = Vector3.new(0.05000000074505806, -138.7899932861328, 0.009999999776482582)
Part3393.Position = Vector3.new(1224.16259765625, 357.08502197265625, 3549.640625)
Part3393.Rotation = Vector3.new(179.92999267578125, -41.209999084472656, 179.97000122070312)
Part3393.Size = Vector3.new(8.250000953674316, 0.2499980926513672, 7)
Part3393.Anchored = true
Part3393.CanCollide = false
Part3393.Material = Enum.Material.Fabric
SpecialMesh3394.Name = "BarkMesh"
SpecialMesh3394.Parent = Part3393
SpecialMesh3394.MeshId = "rbxassetid://623621260"
SpecialMesh3394.Offset = Vector3.new(0, 3.4100000858306885, 0)
SpecialMesh3394.TextureId = "rbxassetid://623618671"
SpecialMesh3394.MeshType = Enum.MeshType.FileMesh
Part3395.Name = "TreeMeshTop"
Part3395.Parent = Model3392
Part3395.CFrame = CFrame.new(1224.15063, 387.225128, 3549.61597, -0.75224632, -0.000414692506, -0.658885062, 0.000225205789, 1.00000393, -0.000886526715, 0.658886671, -0.000815339095, -0.752246559)
Part3395.Orientation = Vector3.new(0.05000000074505806, -138.7899932861328, 0.009999999776482582)
Part3395.Position = Vector3.new(1224.150634765625, 387.2251281738281, 3549.615966796875)
Part3395.Rotation = Vector3.new(179.92999267578125, -41.209999084472656, 179.97000122070312)
Part3395.Transparency = 0.05000000074505806
Part3395.Size = Vector3.new(8.250000953674316, 0.2499980926513672, 7)
Part3395.Anchored = true
Part3395.CanCollide = false
Part3395.Material = Enum.Material.Fabric
SpecialMesh3396.Name = "TopTreeMesh"
SpecialMesh3396.Parent = Part3395
SpecialMesh3396.MeshId = "rbxassetid://623621456"
SpecialMesh3396.Offset = Vector3.new(0, 3.4100000858306885, 0)
SpecialMesh3396.Scale = Vector3.new(1.600000023841858, 1.600000023841858, 1.600000023841858)
SpecialMesh3396.TextureId = "rbxassetid://745556120"
SpecialMesh3396.MeshType = Enum.MeshType.FileMesh
Part3397.Name = "Tree_Collision"
Part3397.Parent = Model3392
Part3397.CFrame = CFrame.new(1221.99487, 370.210907, 3544.97803, -0.751954317, 0.0063480325, -0.659187675, 0.0968988463, 0.990160823, -0.100999989, 0.652059317, -0.139821604, -0.745168209)
Part3397.Orientation = Vector3.new(5.800000190734863, -138.5, 5.590000152587891)
Part3397.Position = Vector3.new(1221.994873046875, 370.2109069824219, 3544.97802734375)
Part3397.Rotation = Vector3.new(172.27999877929688, -41.2400016784668, -179.52000427246094)
Part3397.Transparency = 1
Part3397.Size = Vector3.new(1.3500009775161743, 26.749998092651367, 1.5)
Part3397.Anchored = true
Part3397.Material = Enum.Material.Fabric
Part3398.Name = "Tree_Collision"
Part3398.Parent = Model3392
Part3398.CFrame = CFrame.new(1212.01782, 369.199829, 3541.84302, -0.747617483, -0.280084223, -0.6021837, -0.301689118, 0.950999081, -0.0677731559, 0.591657162, 0.131003574, -0.795479178)
Part3398.Orientation = Vector3.new(3.890000104904175, -142.8699951171875, -17.600000381469727)
Part3398.Position = Vector3.new(1212.017822265625, 369.1998291015625, 3541.843017578125)
Part3398.Rotation = Vector3.new(175.1300048828125, -37.029998779296875, 159.4600067138672)
Part3398.Transparency = 1
Part3398.Size = Vector3.new(1.3500009775161743, 23.749998092651367, 1.5)
Part3398.Anchored = true
Part3398.Material = Enum.Material.Fabric
Part3399.Name = "Tree_Collision"
Part3399.Parent = Model3392
Part3399.CFrame = CFrame.new(1236.62354, 370.677338, 3536.27124, -0.751728296, -0.0265601128, -0.658940911, 0.114165202, 0.978865802, -0.169696584, 0.649520636, -0.202793315, -0.732806325)
Part3399.Orientation = Vector3.new(9.770000457763672, -138.0399932861328, 6.650000095367432)
Part3399.Position = Vector3.new(1236.62353515625, 370.6773376464844, 3536.271240234375)
Part3399.Rotation = Vector3.new(166.9600067138672, -41.220001220703125, 177.97999572753906)
Part3399.Transparency = 1
Part3399.Size = Vector3.new(1.3500009775161743, 26.749998092651367, 1.5)
Part3399.Anchored = true
Part3399.Material = Enum.Material.Fabric
Part3400.Name = "Tree_Collision"
Part3400.Parent = Model3392
Part3400.CFrame = CFrame.new(1204.17419, 368.930664, 3580.98657, -0.753541827, 0.162174523, -0.637085676, -0.0109464712, 0.965869308, 0.258816034, 0.657313466, 0.20200178, -0.726045191)
Part3400.Orientation = Vector3.new(-15, -138.72999572753906, -0.6499999761581421)
Part3400.Position = Vector3.new(1204.1741943359375, 368.9306640625, 3580.986572265625)
Part3400.Rotation = Vector3.new(-160.3800048828125, -39.56999969482422, -167.85000610351562)
Part3400.Transparency = 1
Part3400.Size = Vector3.new(1.3500009775161743, 23.749998092651367, 1.5)
Part3400.Anchored = true
Part3400.Material = Enum.Material.Fabric
Part3401.Name = "Tree_Collision"
Part3401.Parent = Model3392
Part3401.CFrame = CFrame.new(1238.25806, 370.088196, 3554.0105, -0.71814394, 0.299611419, -0.628097355, 0.213779479, 0.953914881, 0.210603222, 0.662249029, 0.0169687718, -0.749096394)
Part3401.Orientation = Vector3.new(-12.15999984741211, -140.02000427246094, 12.630000114440918)
Part3401.Position = Vector3.new(1238.258056640625, 370.08819580078125, 3554.010498046875)
Part3401.Rotation = Vector3.new(-164.3000030517578, -38.90999984741211, -157.35000610351562)
Part3401.Transparency = 1
Part3401.Size = Vector3.new(1.3500009775161743, 26.749998092651367, 1.5)
Part3401.Anchored = true
Part3401.Material = Enum.Material.Fabric
Part3402.Name = "Tree_Collision"
Part3402.Parent = Model3392
Part3402.CFrame = CFrame.new(1217.03418, 368.824982, 3528.81714, -0.816197515, -0.107994467, -0.567593813, 0.0884618163, 0.947440207, -0.307474405, 0.570965648, -0.301169425, -0.763742328)
Part3402.Orientation = Vector3.new(17.90999984741211, -143.3800048828125, 5.329999923706055)
Part3402.Position = Vector3.new(1217.0341796875, 368.8249816894531, 3528.817138671875)
Part3402.Rotation = Vector3.new(158.07000732421875, -34.58000183105469, 172.4600067138672)
Part3402.Transparency = 1
Part3402.Size = Vector3.new(1.3500009775161743, 22.749998092651367, 1.5)
Part3402.Anchored = true
Part3402.Material = Enum.Material.Fabric
Part3403.Name = "Tree_Collision"
Part3403.Parent = Model3392
Part3403.CFrame = CFrame.new(1200.94641, 369.717438, 3560.95654, -0.769635618, -0.102110073, -0.630268693, -0.161907956, 0.986080229, 0.037954282, 0.61761874, 0.131256104, -0.775452256)
Part3403.Orientation = Vector3.new(-2.180000066757202, -140.89999389648438, -9.319999694824219)
Part3403.Position = Vector3.new(1200.9464111328125, 369.7174377441406, 3560.95654296875)
Part3403.Rotation = Vector3.new(-177.1999969482422, -39.06999969482422, 172.44000244140625)
Part3403.Transparency = 1
Part3403.Size = Vector3.new(1.3500009775161743, 23.749998092651367, 1.5)
Part3403.Anchored = true
Part3403.Material = Enum.Material.Fabric
Part3404.Name = "Tree_Collision"
Part3404.Parent = Model3392
Part3404.CFrame = CFrame.new(1186.56482, 367.694153, 3564.979, -0.728674769, -0.227626517, -0.645928144, -0.16571559, 0.973729312, -0.156199813, 0.664512932, -0.00677842647, -0.747250795)
Part3404.Orientation = Vector3.new(8.989999771118164, -139.16000366210938, -9.65999984741211)
Part3404.Position = Vector3.new(1186.5648193359375, 367.69415283203125, 3564.97900390625)
Part3404.Rotation = Vector3.new(168.19000244140625, -40.2400016784668, 162.64999389648438)
Part3404.Transparency = 1
Part3404.Size = Vector3.new(1.3500009775161743, 20.749998092651367, 1.5)
Part3404.Anchored = true
Part3404.Material = Enum.Material.Fabric
Part3405.Name = "Tree_Collision"
Part3405.Parent = Model3392
Part3405.CFrame = CFrame.new(1256.46387, 368.628326, 3539.19067, -0.728663981, 0.147040516, -0.668903589, 0.268170685, 0.959955573, -0.081108816, 0.630190194, -0.238480911, -0.73891449)
Part3405.Orientation = Vector3.new(4.650000095367432, -137.85000610351562, 15.609999656677246)
Part3405.Position = Vector3.new(1256.4638671875, 368.6283264160156, 3539.190673828125)
Part3405.Rotation = Vector3.new(173.74000549316406, -41.97999954223633, -168.58999633789062)
Part3405.Transparency = 1
Part3405.Size = Vector3.new(1.3500009775161743, 22.749998092651367, 1.5)
Part3405.Anchored = true
Part3405.Material = Enum.Material.Fabric
Part3406.Name = "Tree_Collision"
Part3406.Parent = Model3392
Part3406.CFrame = CFrame.new(1235.12231, 369.492523, 3567.01465, -0.772730291, 0.101460747, -0.626576304, -0.127396002, 0.942268312, 0.309692532, 0.62182343, 0.319131047, -0.715191126)
Part3406.Orientation = Vector3.new(-18.040000915527344, -138.77999877929688, -7.699999809265137)
Part3406.Position = Vector3.new(1235.122314453125, 369.4925231933594, 3567.0146484375)
Part3406.Rotation = Vector3.new(-156.58999633789062, -38.79999923706055, -172.52000427246094)
Part3406.Transparency = 1
Part3406.Size = Vector3.new(1.3500009775161743, 23.749998092651367, 1.5)
Part3406.Anchored = true
Part3406.Material = Enum.Material.Fabric
Part3407.Name = "Tree_Collision"
Part3407.Parent = Model3392
Part3407.CFrame = CFrame.new(1221.84241, 369.032288, 3563.28442, -0.773925781, -0.0616895184, -0.630267739, -0.110078044, 0.993202448, 0.0379553586, 0.623640776, 0.0987529457, -0.775452971)
Part3407.Orientation = Vector3.new(-2.180000066757202, -140.89999389648438, -6.320000171661377)
Part3407.Position = Vector3.new(1221.8424072265625, 369.03228759765625, 3563.284423828125)
Part3407.Rotation = Vector3.new(-177.1999969482422, -39.06999969482422, 175.44000244140625)
Part3407.Transparency = 1
Part3407.Size = Vector3.new(1.3500009775161743, 23.749998092651367, 1.5)
Part3407.Anchored = true
Part3407.Material = Enum.Material.Fabric
Part3408.Name = "Tree_Collision"
Part3408.Parent = Model3392
Part3408.CFrame = CFrame.new(1252.8175, 368.668427, 3523.573, -0.744882703, 0.127569482, -0.654889166, 0.166012645, 0.986122727, 0.00326651148, 0.646216393, -0.106286556, -0.755721331)
Part3408.Orientation = Vector3.new(-0.1899999976158142, -139.08999633789062, 9.5600004196167)
Part3408.Position = Vector3.new(1252.8175048828125, 368.6684265136719, 3523.572998046875)
Part3408.Rotation = Vector3.new(-179.75, -40.90999984741211, -170.27999877929688)
Part3408.Transparency = 1
Part3408.Size = Vector3.new(1.3500009775161743, 22.749998092651367, 1.5)
Part3408.Anchored = true
Part3408.Material = Enum.Material.Fabric
Model3409.Name = "??"
Model3409.Parent = Folder0
Part3410.Name = "TreeMesh Bottom"
Part3410.Parent = Model3409
Part3410.CFrame = CFrame.new(1164.96338, 357.600739, 3483.83423, 0.658884346, -0.000413584494, -0.752246976, 0.000885321293, 1.00000393, 0.000225621712, 0.752247334, -0.000814706786, 0.658886015)
Part3410.Orientation = Vector3.new(-0.009999999776482582, -48.790000915527344, 0.05000000074505806)
Part3410.Position = Vector3.new(1164.96337890625, 357.6007385253906, 3483.834228515625)
Part3410.Rotation = Vector3.new(-0.019999999552965164, -48.790000915527344, 0.03999999910593033)
Part3410.Size = Vector3.new(8.250000953674316, 0.2499980926513672, 7)
Part3410.Anchored = true
Part3410.CanCollide = false
Part3410.Material = Enum.Material.Fabric
SpecialMesh3411.Name = "BarkMesh"
SpecialMesh3411.Parent = Part3410
SpecialMesh3411.MeshId = "rbxassetid://623621260"
SpecialMesh3411.Offset = Vector3.new(0, 3.4100000858306885, 0)
SpecialMesh3411.TextureId = "rbxassetid://623618671"
SpecialMesh3411.MeshType = Enum.MeshType.FileMesh
Part3412.Name = "TreeMeshTop"
Part3412.Parent = Model3409
Part3412.CFrame = CFrame.new(1164.95166, 387.740997, 3483.80859, 0.658884346, -0.000413584494, -0.752246976, 0.000885321293, 1.00000393, 0.000225621712, 0.752247334, -0.000814706786, 0.658886015)
