Part2137.Name = "Tree_Collision"
Part2137.Parent = Model2125
Part2137.CFrame = CFrame.new(2391.02368, 122.893402, 2379.64917, -0.985939026, -0.166983947, 0.00648974394, -0.165973723, 0.973975122, -0.154358238, 0.0194542222, -0.153264776, -0.987993896)
Part2137.Orientation = Vector3.new(8.880000114440918, 179.6199951171875, -9.670000076293945)
Part2137.Position = Vector3.new(2391.023681640625, 122.89340209960938, 2379.649169921875)
Part2137.Rotation = Vector3.new(171.1199951171875, 0.3700000047683716, 170.38999938964844)
Part2137.Transparency = 1
Part2137.Size = Vector3.new(1.3500009775161743, 20.749998092651367, 1.5)
Part2137.Anchored = true
Part2137.Material = Enum.Material.Fabric
Part2138.Name = "Tree_Collision"
Part2138.Parent = Model2125
Part2138.CFrame = CFrame.new(2460.59521, 123.79361, 2406.30762, -0.963413775, 0.267525077, -0.0163024329, 0.267963856, 0.960164189, -0.0792559832, -0.00555015588, -0.0807246193, -0.996721387)
Part2138.Orientation = Vector3.new(4.550000190734863, -179.05999755859375, 15.59000015258789)
Part2138.Position = Vector3.new(2460.59521484375, 123.79360961914062, 2406.3076171875)
Part2138.Rotation = Vector3.new(175.4499969482422, -0.9300000071525574, -164.47999572753906)
Part2138.Transparency = 1
Part2138.Size = Vector3.new(1.3500009775161743, 22.749998092651367, 1.5)
Part2138.Anchored = true
Part2138.Material = Enum.Material.Fabric
Part2139.Name = "Tree_Collision"
Part2139.Parent = Model2125
Part2139.CFrame = CFrame.new(2426.20825, 124.637207, 2413.17822, -0.990960598, -0.134158701, -0.000181245996, -0.127541363, 0.941661239, 0.311462075, -0.0416149199, 0.308669418, -0.950258791)
Part2139.Orientation = Vector3.new(-18.149999618530273, -179.99000549316406, -7.710000038146973)
Part2139.Position = Vector3.new(2426.208251953125, 124.63720703125, 2413.17822265625)
Part2139.Rotation = Vector3.new(-161.85000610351562, -0.009999999776482582, 172.2899932861328)
Part2139.Transparency = 1
Part2139.Size = Vector3.new(1.3500009775161743, 23.749998092651367, 1.5)
Part2139.Anchored = true
Part2139.Material = Enum.Material.Fabric
Part2140.Name = "Tree_Collision"
Part2140.Parent = Model2125
Part2140.CFrame = CFrame.new(2418.67676, 124.196869, 2401.62109, -0.993061066, -0.111696355, 0.0368089341, -0.110225655, 0.993108928, 0.0398228765, -0.0410035923, 0.0354891904, -0.998528779)
Part2140.Orientation = Vector3.new(-2.2799999713897705, 177.88999938964844, -6.329999923706055)
Part2140.Position = Vector3.new(2418.6767578125, 124.19686889648438, 2401.62109375)
Part2140.Rotation = Vector3.new(-177.72000122070312, 2.109999895095825, 173.5800018310547)
Part2140.Transparency = 1
Part2140.Size = Vector3.new(1.3500009775161743, 23.749998092651367, 1.5)
Part2140.Anchored = true
Part2140.Material = Enum.Material.Fabric
Part2141.Name = "Tree_Collision"
Part2141.Parent = Model2125
Part2141.CFrame = CFrame.new(2468.14282, 123.861725, 2392.15674, -0.986150861, 0.165770173, 0.00529475464, 0.165797085, 0.986147106, 0.00512951612, -0.00437131617, 0.00593636883, -0.999973059)
Part2141.Orientation = Vector3.new(-0.28999999165534973, 179.6999969482422, 9.539999961853027)
Part2141.Position = Vector3.new(2468.142822265625, 123.86172485351562, 2392.15673828125)
Part2141.Rotation = Vector3.new(-179.7100067138672, 0.30000001192092896, -170.4600067138672)
Part2141.Transparency = 1
Part2141.Size = Vector3.new(1.3500009775161743, 22.749998092651367, 1.5)
Part2141.Anchored = true
Part2141.Material = Enum.Material.Fabric
Model2142.Name = "?2"
Model2142.Parent = Folder0
Part2143.Name = "TreeMesh Bottom"
Part2143.Parent = Model2142
Part2143.CFrame = CFrame.new(2094.47266, 112.84845, 2308.92676, -0.292432666, 4.14384488e-07, -0.95628649, 6.46105436e-09, 1.00000072, 4.39700671e-07, 0.956286788, 1.33387047e-07, -0.292432278)
Part2143.Orientation = Vector3.new(0, -107, 0)
Part2143.Position = Vector3.new(2094.47265625, 112.84844970703125, 2308.9267578125)
Part2143.Rotation = Vector3.new(-180, -73, -180)
Part2143.Size = Vector3.new(8.250000953674316, 0.2499980926513672, 7)
Part2143.Anchored = true
Part2143.CanCollide = false
Part2143.Material = Enum.Material.Fabric
SpecialMesh2144.Name = "BarkMesh"
SpecialMesh2144.Parent = Part2143
SpecialMesh2144.MeshId = "rbxassetid://623621260"
SpecialMesh2144.Offset = Vector3.new(0, 3.4100000858306885, 0)
SpecialMesh2144.TextureId = "rbxassetid://623618671"
SpecialMesh2144.MeshType = Enum.MeshType.FileMesh
Part2145.Name = "TreeMeshTop"
Part2145.Parent = Model2142
Part2145.CFrame = CFrame.new(2094.47339, 142.988342, 2308.92627, -0.292432666, 4.14384488e-07, -0.95628649, 6.46105436e-09, 1.00000072, 4.39700671e-07, 0.956286788, 1.33387047e-07, -0.292432278)
Part2145.Orientation = Vector3.new(0, -107, 0)
Part2145.Position = Vector3.new(2094.473388671875, 142.98834228515625, 2308.92626953125)
Part2145.Rotation = Vector3.new(-180, -73, -180)
Part2145.Transparency = 0.05000000074505806
Part2145.Size = Vector3.new(8.250000953674316, 0.2499980926513672, 7)
Part2145.Anchored = true
Part2145.CanCollide = false
Part2145.Material = Enum.Material.Fabric
SpecialMesh2146.Name = "TopTreeMesh"
SpecialMesh2146.Parent = Part2145
SpecialMesh2146.MeshId = "rbxassetid://623621456"
SpecialMesh2146.Offset = Vector3.new(0, 3.4100000858306885, 0)
SpecialMesh2146.Scale = Vector3.new(1.600000023841858, 1.600000023841858, 1.600000023841858)
SpecialMesh2146.TextureId = "rbxassetid://745556120"
SpecialMesh2146.MeshType = Enum.MeshType.FileMesh
Part2147.Name = "Tree_Collision"
Part2147.Parent = Model2142
Part2147.CFrame = CFrame.new(2090.18481, 125.978935, 2306.11133, -0.295704454, -0.0674711168, -0.952894151, 0.0966772735, 0.99026823, -0.100118592, 0.950375617, -0.121728621, -0.286303252)
Part2147.Orientation = Vector3.new(5.75, -106.72000122070312, 5.579999923706055)
Part2147.Position = Vector3.new(2090.184814453125, 125.97893524169922, 2306.111328125)
Part2147.Rotation = Vector3.new(160.72999572753906, -72.33999633789062, 167.14999389648438)
Part2147.Transparency = 1
Part2147.Size = Vector3.new(1.3500009775161743, 26.749998092651367, 1.5)
Part2147.Anchored = true
Part2147.Material = Enum.Material.Fabric
Part2148.Name = "Tree_Collision"
Part2148.Parent = Model2142
Part2148.CFrame = CFrame.new(2080.05127, 124.97448, 2308.69995, -0.32414189, -0.168349653, -0.93090874, -0.301860869, 0.951004326, -0.0668760166, 0.896556437, 0.259327561, -0.359077901)
Part2148.Orientation = Vector3.new(3.8299999237060547, -111.08999633789062, -17.610000610351562)
Part2148.Position = Vector3.new(2080.05126953125, 124.97447967529297, 2308.699951171875)
Part2148.Rotation = Vector3.new(169.4499969482422, -68.58000183105469, 152.5500030517578)
Part2148.Transparency = 1
Part2148.Size = Vector3.new(1.3500009775161743, 23.749998092651367, 1.5)
Part2148.Anchored = true
Part2148.Material = Enum.Material.Fabric
Part2149.Name = "Tree_Collision"
Part2149.Parent = Model2142
Part2149.CFrame = CFrame.new(2098.03394, 126.446365, 2291.00635, -0.296836257, -0.128622219, -0.946226835, 0.113945588, 0.979037941, -0.168827593, 0.948106527, -0.157932386, -0.275957465)
Part2149.Orientation = Vector3.new(9.720000267028809, -106.26000213623047, 6.639999866485596)
Part2149.Position = Vector3.new(2098.033935546875, 126.44636535644531, 2291.00634765625)
Part2149.Rotation = Vector3.new(148.5399932861328, -71.12999725341797, 156.57000732421875)
Part2149.Transparency = 1
Part2149.Size = Vector3.new(1.3500009775161743, 26.749998092651367, 1.5)
Part2149.Anchored = true
Part2149.Material = Enum.Material.Fabric
Part2150.Name = "Tree_Collision"
Part2150.Parent = Model2142
Part2150.CFrame = CFrame.new(2093.99927, 124.67675, 2346.10596, -0.294371396, 0.245003045, -0.923753023, -0.0111710001, 0.965633392, 0.259670645, 0.955626547, 0.0867587179, -0.281517357)
Part2150.Orientation = Vector3.new(-15.050000190734863, -106.94999694824219, -0.6600000262260437)
Part2150.Position = Vector3.new(2093.999267578125, 124.67675018310547, 2346.10595703125)
Part2150.Rotation = Vector3.new(-137.30999755859375, -67.4800033569336, -140.22999572753906)
Part2150.Transparency = 1
Part2150.Size = Vector3.new(1.3500009775161743, 23.749998092651367, 1.5)
Part2150.Anchored = true
Part2150.Material = Enum.Material.Fabric
Part2151.Name = "Tree_Collision"
Part2151.Parent = Model2142
Part2151.CFrame = CFrame.new(2108.76611, 125.842125, 2305.22388, -0.261506468, 0.264369875, -0.928290665, 0.213534802, 0.953773439, 0.21147278, 0.94128567, -0.142920926, -0.30586946)
Part2151.Orientation = Vector3.new(-12.210000038146973, -108.23999786376953, 12.619999885559082)
Part2151.Position = Vector3.new(2108.76611328125, 125.84212493896484, 2305.223876953125)
Part2151.Rotation = Vector3.new(-145.33999633789062, -68.16999816894531, -134.69000244140625)
Part2151.Transparency = 1
Part2151.Size = Vector3.new(1.3500009775161743, 26.749998092651367, 1.5)
Part2151.Anchored = true
Part2151.Material = Enum.Material.Fabric
Part2152.Name = "Tree_Collision"
Part2152.Parent = Model2142
Part2152.CFrame = CFrame.new(2077.45459, 124.608223, 2294.9856, -0.39303267, -0.249681801, -0.88497746, 0.0883334056, 0.947726488, -0.306615651, 0.915272713, -0.1986828, -0.350431681)
Part2152.Orientation = Vector3.new(17.860000610351562, -111.5999984741211, 5.320000171661377)
Part2152.Position = Vector3.new(2077.45458984375, 124.60822296142578, 2294.985595703125)
Part2152.Rotation = Vector3.new(138.82000732421875, -62.25, 147.57000732421875)
Part2152.Transparency = 1
Part2152.Size = Vector3.new(1.3500009775161743, 22.749998092651367, 1.5)
Part2152.Anchored = true
Part2152.Material = Enum.Material.Fabric
Part2153.Name = "Tree_Collision"
Part2153.Parent = Model2142
Part2153.CFrame = CFrame.new(2080.70679, 125.481125, 2330.77954, -0.329076409, -0.0168996342, -0.944152415, -0.162091792, 0.986011505, 0.0388468653, 0.930288315, 0.165822893, -0.327211857)
Part2153.Orientation = Vector3.new(-2.2300000190734863, -109.11000061035156, -9.34000015258789)
Part2153.Position = Vector3.new(2080.706787109375, 125.48112487792969, 2330.779541015625)
Part2153.Rotation = Vector3.new(-173.22999572753906, -70.76000213623047, 177.05999755859375)
Part2153.Transparency = 1
Part2153.Size = Vector3.new(1.3500009775161743, 23.749998092651367, 1.5)
Part2153.Anchored = true
Part2153.Material = Enum.Material.Fabric
Part2154.Name = "Tree_Collision"
Part2154.Parent = Model2142
Part2154.CFrame = CFrame.new(2070.59863, 123.460571, 2341.77197, -0.269561976, -0.196306258, -0.942762434, -0.165954933, 0.973825097, -0.155323118, 0.948576212, 0.114586905, -0.295083612)
Part2154.Orientation = Vector3.new(8.9399995803833, -107.37999725341797, -9.670000076293945)
Part2154.Position = Vector3.new(2070.5986328125, 123.4605712890625, 2341.77197265625)
Part2154.Rotation = Vector3.new(152.24000549316406, -70.5199966430664, 143.94000244140625)
Part2154.Transparency = 1
Part2154.Size = Vector3.new(1.3500009775161743, 20.749998092651367, 1.5)
Part2154.Anchored = true
Part2154.Material = Enum.Material.Fabric
Part2155.Name = "Tree_Collision"
Part2155.Parent = Model2142
Part2155.CFrame = CFrame.new(2116.43604, 124.38681, 2283.03711, -0.28729111, 0.000140197575, -0.957843721, 0.267958373, 0.960084915, -0.0802296177, 0.919599771, -0.279711336, -0.275860816)
Part2155.Orientation = Vector3.new(4.599999904632568, -106.06999969482422, 15.59000015258789)
Part2155.Position = Vector3.new(2116.43603515625, 124.38681030273438, 2283.037109375)
Part2155.Rotation = Vector3.new(163.77999877929688, -73.30000305175781, -179.97000122070312)
Part2155.Transparency = 1
Part2155.Size = Vector3.new(1.3500009775161743, 22.749998092651367, 1.5)
Part2155.Anchored = true
Part2155.Material = Enum.Material.Fabric
Part2156.Name = "Tree_Collision"
Part2156.Parent = Model2142
Part2156.CFrame = CFrame.new(2112.94946, 125.237122, 2317.92993, -0.329465747, 0.255064189, -0.909062803, -0.127581537, 0.941962481, 0.310533643, 0.935508788, 0.218289614, -0.277802318)
Part2156.Orientation = Vector3.new(-18.09000015258789, -106.98999786376953, -7.710000038146973)
Part2156.Position = Vector3.new(2112.949462890625, 125.23712158203125, 2317.929931640625)
Part2156.Rotation = Vector3.new(-131.82000732421875, -65.37999725341797, -142.25)
Part2156.Transparency = 1
Part2156.Size = Vector3.new(1.3500009775161743, 23.749998092651367, 1.5)
Part2156.Anchored = true
Part2156.Material = Enum.Material.Fabric
Part2157.Name = "Tree_Collision"
Part2157.Parent = Model2142
Part2157.CFrame = CFrame.new(2099.69531, 124.785492, 2321.75293, -0.329511881, 0.000346414745, -0.9441517, -0.110265993, 0.99314332, 0.0388475694, 0.937691212, 0.116908506, -0.327213734)
Part2157.Orientation = Vector3.new(-2.2300000190734863, -109.11000061035156, -6.340000152587891)
Part2157.Position = Vector3.new(2099.6953125, 124.78549194335938, 2321.7529296875)
Part2157.Rotation = Vector3.new(-173.22999572753906, -70.76000213623047, -179.94000244140625)
Part2157.Transparency = 1
Part2157.Size = Vector3.new(1.3500009775161743, 23.749998092651367, 1.5)
Part2157.Anchored = true
Part2157.Material = Enum.Material.Fabric
Part2158.Name = "Tree_Collision"
Part2158.Parent = Model2142
Part2158.CFrame = CFrame.new(2105.11084, 124.441109, 2271.68164, -0.292717308, 0.0532321185, -0.954716504, 0.165792659, 0.986152649, 0.0041526733, 0.941716969, -0.15706937, -0.297488868)
Part2158.Orientation = Vector3.new(-0.23999999463558197, -107.30999755859375, 9.539999961853027)
Part2158.Position = Vector3.new(2105.11083984375, 124.44110870361328, 2271.681640625)
Part2158.Rotation = Vector3.new(-179.1999969482422, -72.69000244140625, -169.69000244140625)
Part2158.Transparency = 1
Part2158.Size = Vector3.new(1.3500009775161743, 22.749998092651367, 1.5)
Part2158.Anchored = true
Part2158.Material = Enum.Material.Fabric
Model2159.Name = "?2"
Model2159.Parent = Folder0
Part2160.Name = "TreeMesh Bottom"
Part2160.Parent = Model2159
Part2160.CFrame = CFrame.new(2274.56128, 112.84845, 2366.75195, 1.00000286, 2.23517418e-08, 4.64253844e-07, 2.23517418e-08, 1.00000286, 9.24311916e-09, 4.64253844e-07, 9.24311916e-09, 1.00000107)
Part2160.Position = Vector3.new(2274.561279296875, 112.84844970703125, 2366.751953125)
Part2160.Size = Vector3.new(8.250000953674316, 0.2499980926513672, 7)
Part2160.Anchored = true
Part2160.CanCollide = false
Part2160.Material = Enum.Material.Fabric
SpecialMesh2161.Name = "BarkMesh"
SpecialMesh2161.Parent = Part2160
SpecialMesh2161.MeshId = "rbxassetid://623621260"
SpecialMesh2161.Offset = Vector3.new(0, 3.4100000858306885, 0)
SpecialMesh2161.TextureId = "rbxassetid://623618671"
SpecialMesh2161.MeshType = Enum.MeshType.FileMesh
Part2162.Name = "TreeMeshTop"
Part2162.Parent = Model2159
Part2162.CFrame = CFrame.new(2274.56055, 142.98848, 2366.75098, 1.00000286, 2.23517418e-08, 4.64253844e-07, 2.23517418e-08, 1.00000286, 9.24311916e-09, 4.64253844e-07, 9.24311916e-09, 1.00000107)
Part2162.Position = Vector3.new(2274.560546875, 142.9884796142578, 2366.7509765625)
Part2162.Transparency = 0.05000000074505806
Part2162.Size = Vector3.new(8.250000953674316, 0.2499980926513672, 7)
Part2162.Anchored = true
Part2162.CanCollide = false
Part2162.Material = Enum.Material.Fabric
SpecialMesh2163.Name = "TopTreeMesh"
SpecialMesh2163.Parent = Part2162
SpecialMesh2163.MeshId = "rbxassetid://623621456"
SpecialMesh2163.Offset = Vector3.new(0, 3.4100000858306885, 0)
SpecialMesh2163.Scale = Vector3.new(1.600000023841858, 1.600000023841858, 1.600000023841858)
SpecialMesh2163.TextureId = "rbxassetid://745556120"
SpecialMesh2163.MeshType = Enum.MeshType.FileMesh
Part2164.Name = "Tree_Collision"
Part2164.Parent = Model2159
Part2164.CFrame = CFrame.new(2273.12256, 125.978989, 2371.67529, 0.99530679, -0.0966775641, 0.00486913556, 0.0966781974, 0.990270257, -0.100119598, 0.00485846307, 0.100119904, 0.994964659)
Part2164.Orientation = Vector3.new(5.75, 0.2800000011920929, 5.579999923706055)
Part2164.Position = Vector3.new(2273.12255859375, 125.97898864746094, 2371.67529296875)
Part2164.Rotation = Vector3.new(5.75, 0.2800000011920929, 5.550000190734863)
Part2164.Transparency = 1
Part2164.Size = Vector3.new(1.3500009775161743, 26.749998092651367, 1.5)
Part2164.Anchored = true
Part2164.Material = Enum.Material.Fabric
Part2165.Name = "Tree_Collision"
Part2165.Parent = Model2159
Part2165.CFrame = CFrame.new(2278.56152, 124.974541, 2380.60889, 0.952156246, 0.297222733, -0.0711539611, -0.301861346, 0.951006353, -0.0668761507, 0.0477914177, 0.0851550624, 0.995221913)
Part2165.Orientation = Vector3.new(3.8299999237060547, -4.090000152587891, -17.610000610351562)
Part2165.Position = Vector3.new(2278.5615234375, 124.97454071044922, 2380.60888671875)
Part2165.Rotation = Vector3.new(3.8399999141693115, -4.079999923706055, -17.34000015258789)
Part2165.Transparency = 1
Part2165.Size = Vector3.new(1.3500009775161743, 23.749998092651367, 1.5)
Part2165.Anchored = true
Part2165.Material = Enum.Material.Fabric
Part2166.Name = "Tree_Collision"
Part2166.Parent = Model2159
Part2166.CFrame = CFrame.new(2256.38232, 126.446419, 2368.58643, 0.993467927, -0.113415956, 0.0128126079, 0.113946237, 0.979040205, -0.16882658, 0.00660446286, 0.169182852, 0.985563695)
Part2166.Orientation = Vector3.new(9.720000267028809, 0.7400000095367432, 6.639999866485596)
Part2166.Position = Vector3.new(2256.38232421875, 126.44641876220703, 2368.58642578125)
Part2166.Rotation = Vector3.new(9.720000267028809, 0.7300000190734863, 6.510000228881836)
Part2166.Transparency = 1
Part2166.Size = Vector3.new(1.3500009775161743, 26.749998092651367, 1.5)
Part2166.Anchored = true
Part2166.Material = Enum.Material.Fabric
Part2167.Name = "Tree_Collision"
Part2167.Parent = Model2159
Part2167.CFrame = CFrame.new(2310.25342, 124.676804, 2356.33179, 0.999938428, 0.0113195227, 0.00092354248, -0.0111709936, 0.965635598, 0.259670854, 0.00204846309, -0.259663969, 0.965698004)
Part2167.Orientation = Vector3.new(-15.050000190734863, 0.05000000074505806, -0.6600000262260437)
Part2167.Position = Vector3.new(2310.25341796875, 124.67680358886719, 2356.331787109375)
Part2167.Rotation = Vector3.new(-15.050000190734863, 0.05000000074505806, -0.6499999761581421)
Part2167.Transparency = 1
Part2167.Size = Vector3.new(1.3500009775161743, 23.749998092651367, 1.5)
Part2167.Anchored = true
Part2167.Material = Enum.Material.Fabric
Part2168.Name = "Tree_Collision"
Part2168.Parent = Model2159
Part2168.CFrame = CFrame.new(2266.84009, 125.842201, 2354.16602, 0.976613581, -0.213984117, -0.0210367776, 0.213535368, 0.953775406, 0.211473346, -0.0251865443, -0.211019009, 0.977158606)
Part2168.Orientation = Vector3.new(-12.210000038146973, -1.2300000190734863, 12.619999885559082)
Part2168.Position = Vector3.new(2266.840087890625, 125.84220123291016, 2354.166015625)
Part2168.Rotation = Vector3.new(-12.210000038146973, -1.2100000381469727, 12.359999656677246)
Part2168.Transparency = 1
Part2168.Size = Vector3.new(1.3500009775161743, 26.749998092651367, 1.5)
Part2168.Anchored = true
Part2168.Material = Enum.Material.Fabric
Part2169.Name = "Tree_Collision"
Part2169.Parent = Model2159
Part2169.CFrame = CFrame.new(2266.20581, 124.608269, 2387.10254, 0.990200281, -0.116982482, -0.0763174444, 0.0883331299, 0.947728515, -0.306616545, 0.108197406, 0.29686895, 0.948769867)
Part2169.Orientation = Vector3.new(17.860000610351562, -4.599999904632568, 5.320000171661377)
Part2169.Position = Vector3.new(2266.205810546875, 124.60826873779297, 2387.1025390625)
Part2169.Rotation = Vector3.new(17.90999984741211, -4.380000114440918, 6.739999771118164)
Part2169.Transparency = 1
Part2169.Size = Vector3.new(1.3500009775161743, 22.749998092651367, 1.5)
Part2169.Anchored = true
Part2169.Material = Enum.Material.Fabric
Part2170.Name = "Tree_Collision"
Part2170.Parent = Model2159
Part2170.CFrame = CFrame.new(2299.48413, 125.481194, 2373.52515, 0.985856712, 0.163515627, -0.0368074812, -0.16209127, 0.98601371, 0.0388468467, 0.0426454544, -0.0323309377, 0.998568177)
Part2170.Orientation = Vector3.new(-2.2300000190734863, -2.109999895095825, -9.34000015258789)
Part2170.Position = Vector3.new(2299.484130859375, 125.48119354248047, 2373.525146484375)
Part2170.Rotation = Vector3.new(-2.2300000190734863, -2.109999895095825, -9.420000076293945)
Part2170.Transparency = 1
Part2170.Size = Vector3.new(1.3500009775161743, 23.749998092651367, 1.5)
Part2170.Anchored = true
Part2170.Material = Enum.Material.Fabric
Part2171.Name = "Tree_Collision"
Part2171.Parent = Model2159
Part2171.CFrame = CFrame.new(2312.95239, 123.460602, 2379.97681, 0.985941112, 0.16698432, -0.00649086246, -0.165955186, 0.973827183, -0.155323014, -0.0196145307, 0.154216006, 0.987843513)
Part2171.Orientation = Vector3.new(8.9399995803833, -0.3799999952316284, -9.670000076293945)
Part2171.Position = Vector3.new(2312.952392578125, 123.46060180664062, 2379.976806640625)
Part2171.Rotation = Vector3.new(8.9399995803833, -0.3700000047683716, -9.609999656677246)
Part2171.Transparency = 1
Part2171.Size = Vector3.new(1.3500009775161743, 20.749998092651367, 1.5)
Part2171.Anchored = true
Part2171.Material = Enum.Material.Fabric
Part2172.Name = "Tree_Collision"
Part2172.Parent = Model2159
Part2172.CFrame = CFrame.new(2243.38037, 124.386864, 2353.31958, 0.963415921, -0.267525017, 0.0163024161, 0.267958283, 0.96008718, -0.080229193, 0.00581244472, 0.0816618428, 0.996644258)
Part2172.Orientation = Vector3.new(4.599999904632568, 0.9399999976158142, 15.59000015258789)
Part2172.Position = Vector3.new(2243.38037109375, 124.3868637084961, 2353.319580078125)
Part2172.Rotation = Vector3.new(4.599999904632568, 0.9300000071525574, 15.520000457763672)
Part2172.Transparency = 1
Part2172.Size = Vector3.new(1.3500009775161743, 22.749998092651367, 1.5)
Part2172.Anchored = true
Part2172.Material = Enum.Material.Fabric
Part2173.Name = "Tree_Collision"
Part2173.Parent = Model2159
Part2173.CFrame = CFrame.new(2277.76733, 125.23719, 2346.44971, 0.990962684, 0.134159088, 0.000180816438, -0.127582192, 0.941964269, 0.310534686, 0.0414914563, -0.307749778, 0.950563371)
Part2173.Orientation = Vector3.new(-18.09000015258789, 0.009999999776482582, -7.710000038146973)
Part2173.Position = Vector3.new(2277.767333984375, 125.23719024658203, 2346.44970703125)
Part2173.Rotation = Vector3.new(-18.09000015258789, 0.009999999776482582, -7.710000038146973)
Part2173.Transparency = 1
Part2173.Size = Vector3.new(1.3500009775161743, 23.749998092651367, 1.5)
Part2173.Anchored = true
Part2173.Material = Enum.Material.Fabric
Part2174.Name = "Tree_Collision"
Part2174.Parent = Model2159
Part2174.CFrame = CFrame.new(2285.29883, 124.785568, 2358.00635, 0.993063331, 0.111695878, -0.0368088037, -0.110265121, 0.993145585, 0.0388484299, 0.0408964381, -0.0345199443, 0.998568058)
Part2174.Orientation = Vector3.new(-2.2300000190734863, -2.109999895095825, -6.340000152587891)
Part2174.Position = Vector3.new(2285.298828125, 124.78556823730469, 2358.00634765625)
Part2174.Rotation = Vector3.new(-2.2300000190734863, -2.109999895095825, -6.420000076293945)
Part2174.Transparency = 1
Part2174.Size = Vector3.new(1.3500009775161743, 23.749998092651367, 1.5)
Part2174.Anchored = true
Part2174.Material = Enum.Material.Fabric
Part2175.Name = "Tree_Collision"
Part2175.Parent = Model2159
Part2175.CFrame = CFrame.new(2235.83276, 124.44117, 2367.4707, 0.986152947, -0.165770769, -0.00529442681, 0.165793359, 0.986154675, 0.00415368844, 0.0045334599, -0.00497406488, 0.999978483)
Part2175.Orientation = Vector3.new(-0.23999999463558197, -0.30000001192092896, 9.539999961853027)
Part2175.Position = Vector3.new(2235.832763671875, 124.44116973876953, 2367.470703125)
Part2175.Rotation = Vector3.new(-0.23999999463558197, -0.30000001192092896, 9.539999961853027)
Part2175.Transparency = 1
Part2175.Size = Vector3.new(1.3500009775161743, 22.749998092651367, 1.5)
Part2175.Anchored = true
Part2175.Material = Enum.Material.Fabric
Model2176.Name = "?2"
Model2176.Parent = Folder0
Part2177.Name = "TreeMesh Bottom"
Part2177.Parent = Model2176
Part2177.CFrame = CFrame.new(1982.58423, 112.848274, 2239.52539, 0.808874965, -3.17097708e-08, -0.587980747, -3.91935151e-09, 1, -5.93217457e-08, 0.587980688, 5.02883744e-08, 0.808875024)
Part2177.Orientation = Vector3.new(0, -36.0099983215332, 0)
Part2177.Position = Vector3.new(1982.584228515625, 112.84827423095703, 2239.525390625)
Part2177.Rotation = Vector3.new(0, -36.0099983215332, 0)
Part2177.Size = Vector3.new(8.250000953674316, 0.2499980926513672, 7)
Part2177.Anchored = true
Part2177.CanCollide = false
Part2177.Material = Enum.Material.Fabric
SpecialMesh2178.Name = "BarkMesh"
SpecialMesh2178.Parent = Part2177
SpecialMesh2178.MeshId = "rbxassetid://623621260"
SpecialMesh2178.Offset = Vector3.new(0, 3.4100000858306885, 0)
SpecialMesh2178.TextureId = "rbxassetid://623618671"
SpecialMesh2178.MeshType = Enum.MeshType.FileMesh
Part2179.Name = "TreeMeshTop"
Part2179.Parent = Model2176
Part2179.CFrame = CFrame.new(1982.58447, 142.98848, 2239.52417, 0.808874965, -3.17097708e-08, -0.587980747, -3.91935151e-09, 1, -5.93217457e-08, 0.587980688, 5.02883744e-08, 0.808875024)
Part2179.Orientation = Vector3.new(0, -36.0099983215332, 0)
Part2179.Position = Vector3.new(1982.58447265625, 142.9884796142578, 2239.524169921875)
Part2179.Rotation = Vector3.new(0, -36.0099983215332, 0)
Part2179.Transparency = 0.05000000074505806
Part2179.Size = Vector3.new(8.250000953674316, 0.2499980926513672, 7)
Part2179.Anchored = true
Part2179.CanCollide = false
Part2179.Material = Enum.Material.Fabric
SpecialMesh2180.Name = "TopTreeMesh"
SpecialMesh2180.Parent = Part2179
SpecialMesh2180.MeshId = "rbxassetid://623621456"
SpecialMesh2180.Offset = Vector3.new(0, 3.4100000858306885, 0)
SpecialMesh2180.Scale = Vector3.new(1.600000023841858, 1.600000023841858, 1.600000023841858)
SpecialMesh2180.TextureId = "rbxassetid://745556120"
SpecialMesh2180.MeshType = Enum.MeshType.FileMesh
Part2181.Name = "Tree_Collision"
Part2181.Parent = Model2176
Part2181.CFrame = CFrame.new(1978.52563, 125.978882, 2242.66162, 0.802219868, -0.137068644, -0.581081271, 0.0966782495, 0.990267336, -0.100119211, 0.589148998, 0.0241397005, 0.807663739)
Part2181.Orientation = Vector3.new(5.75, -35.72999954223633, 5.579999923706055)
Part2181.Position = Vector3.new(1978.525634765625, 125.9788818359375, 2242.66162109375)
Part2181.Rotation = Vector3.new(7.070000171661377, -35.529998779296875, 9.699999809265137)
Part2181.Transparency = 1
Part2181.Size = Vector3.new(1.3500009775161743, 26.749998092651367, 1.5)
Part2181.Anchored = true
Part2181.Material = Enum.Material.Fabric
Part2182.Name = "Tree_Collision"
Part2182.Parent = Model2176
Part2182.CFrame = CFrame.new(1977.67236, 124.974434, 2253.08594, 0.742072701, 0.190346688, -0.642725706, -0.301861554, 0.951003313, -0.0668759122, 0.598504722, 0.243640959, 0.763171852)
Part2182.Orientation = Vector3.new(3.8299999237060547, -40.099998474121094, -17.610000610351562)
Part2182.Position = Vector3.new(1977.67236328125, 124.97443389892578, 2253.0859375)
Part2182.Rotation = Vector3.new(5.010000228881836, -40, -14.390000343322754)
Part2182.Transparency = 1
Part2182.Size = Vector3.new(1.3500009775161743, 23.749998092651367, 1.5)
Part2182.Anchored = true
Part2182.Material = Enum.Material.Fabric
Part2183.Name = "Tree_Collision"
Part2183.Parent = Model2176
Part2183.CFrame = CFrame.new(1966.80103, 126.44632, 2230.32007, 0.799705923, -0.1912155, -0.569128394, 0.113946304, 0.979037285, -0.16882585, 0.589480102, 0.0701609626, 0.804730177)
Part2183.Orientation = Vector3.new(9.720000267028809, -35.27000045776367, 6.639999866485596)
Part2183.Position = Vector3.new(1966.801025390625, 126.44631958007812, 2230.320068359375)
Part2183.Rotation = Vector3.new(11.850000381469727, -34.689998626708984, 13.449999809265137)
Part2183.Transparency = 1
Part2183.Size = Vector3.new(1.3500009775161743, 26.749998092651367, 1.5)
Part2183.Anchored = true
Part2183.Material = Enum.Material.Fabric
Part2184.Name = "Tree_Collision"
Part2184.Parent = Model2176
Part2184.CFrame = CFrame.new(2017.58154, 124.676697, 2252.08276, 0.807618618, 0.161833152, -0.567064583, -0.0111710289, 0.965632975, 0.259669662, 0.589599371, -0.203379363, 0.781670988)
Part2184.Orientation = Vector3.new(-15.050000190734863, -35.959999084472656, -0.6600000262260437)
Part2184.Position = Vector3.new(2017.58154296875, 124.67669677734375, 2252.082763671875)
Part2184.Rotation = Vector3.new(-18.3799991607666, -34.54999923706055, -11.329999923706055)
Part2184.Transparency = 1
Part2184.Size = Vector3.new(1.3500009775161743, 23.749998092651367, 1.5)
Part2184.Anchored = true
Part2184.Material = Enum.Material.Fabric
Part2185.Name = "Tree_Collision"
Part2185.Parent = Model2176
Part2185.CFrame = CFrame.new(1983.73901, 125.842094, 2224.80493, 0.804765284, -0.0490117669, -0.591566265, 0.213535503, 0.953772545, 0.211472288, 0.553855002, -0.296505958, 0.778028786)
Part2185.Orientation = Vector3.new(-12.210000038146973, -37.25, 12.619999885559082)
Part2185.Position = Vector3.new(1983.739013671875, 125.84209442138672, 2224.804931640625)
Part2185.Rotation = Vector3.new(-15.210000038146973, -36.27000045776367, 3.490000009536743)
Part2185.Transparency = 1
Part2185.Size = Vector3.new(1.3500009775161743, 26.749998092651367, 1.5)
Part2185.Anchored = true
Part2185.Material = Enum.Material.Fabric
Part2186.Name = "Tree_Collision"
Part2186.Parent = Model2176
Part2186.CFrame = CFrame.new(1963.85986, 124.608154, 2251.07373, 0.737328112, -0.269177109, -0.619589388, 0.088333182, 0.947725952, -0.306615233, 0.669734776, 0.171345726, 0.722562134)
Part2186.Orientation = Vector3.new(17.860000610351562, -40.61000061035156, 5.320000171661377)
Part2186.Position = Vector3.new(1963.85986328125, 124.608154296875, 2251.07373046875)
Part2186.Rotation = Vector3.new(22.989999771118164, -38.290000915527344, 20.059999465942383)
Part2186.Transparency = 1
Part2186.Size = Vector3.new(1.3500009775161743, 22.749998092651367, 1.5)
Part2186.Anchored = true
Part2186.Material = Enum.Material.Fabric
Part2187.Name = "Tree_Collision"
Part2187.Parent = Model2176
Part2187.CFrame = CFrame.new(1998.76111, 125.481087, 2259.6582, 0.77235806, 0.151273698, -0.616911113, -0.162091419, 0.986010849, 0.0388465971, 0.614157557, 0.0699925199, 0.786073565)
Part2187.Orientation = Vector3.new(-2.2300000190734863, -38.119998931884766, -9.34000015258789)
Part2187.Position = Vector3.new(1998.7611083984375, 125.48108673095703, 2259.658203125)
Part2187.Rotation = Vector3.new(-2.8299999237060547, -38.09000015258789, -11.079999923706055)
Part2187.Transparency = 1
Part2187.Size = Vector3.new(1.3500009775161743, 23.749998092651367, 1.5)
Part2187.Anchored = true
Part2187.Material = Enum.Material.Fabric
Part2188.Name = "Tree_Collision"
Part2188.Parent = Model2176
Part2188.CFrame = CFrame.new(2005.86194, 123.460487, 2272.79565, 0.80903399, 0.0443937294, -0.586083055, -0.16595535, 0.973824322, -0.155322358, 0.563846588, 0.222924665, 0.795224309)
Part2188.Orientation = Vector3.new(8.9399995803833, -36.38999938964844, -9.670000076293945)
Part2188.Position = Vector3.new(2005.8619384765625, 123.46048736572266, 2272.795654296875)
Part2188.Rotation = Vector3.new(11.050000190734863, -35.880001068115234, -3.140000104904175)
Part2188.Transparency = 1
Part2188.Size = Vector3.new(1.3500009775161743, 20.749998092651367, 1.5)
Part2188.Anchored = true
Part2188.Material = Enum.Material.Fabric
Part2189.Name = "Tree_Collision"
Part2189.Parent = Model2176
Part2189.CFrame = CFrame.new(1965.26074, 124.386749, 2210.32642, 0.77586329, -0.264410019, -0.572820723, 0.267958432, 0.96008426, -0.0802288949, 0.571169436, -0.0912454873, 0.815744877)
Part2189.Orientation = Vector3.new(4.599999904632568, -35.08000183105469, 15.59000015258789)
Part2189.Position = Vector3.new(1965.2607421875, 124.38674926757812, 2210.326416015625)
Part2189.Rotation = Vector3.new(5.619999885559082, -34.95000076293945, 18.81999969482422)
Part2189.Transparency = 1
Part2189.Size = Vector3.new(1.3500009775161743, 22.749998092651367, 1.5)
Part2189.Anchored = true
Part2189.Material = Enum.Material.Fabric
Part2190.Name = "Tree_Collision"
Part2190.Parent = Model2176
Part2190.CFrame = CFrame.new(1997.11499, 125.237083, 2224.98853, 0.777166605, 0.289468586, -0.558766544, -0.127582312, 0.941961765, 0.310533285, 0.616226256, -0.170047373, 0.768992245)
Part2190.Orientation = Vector3.new(-18.09000015258789, -36, -7.710000038146973)
Part2190.Position = Vector3.new(1997.114990234375, 125.2370834350586, 2224.988525390625)
Part2190.Rotation = Vector3.new(-21.989999771118164, -33.970001220703125, -20.43000030517578)
Part2190.Transparency = 1
Part2190.Size = Vector3.new(1.3500009775161743, 23.749998092651367, 1.5)
Part2190.Anchored = true
Part2190.Material = Enum.Material.Fabric
Part2191.Name = "Tree_Collision"
Part2191.Parent = Model2176
Part2191.CFrame = CFrame.new(1996.41187, 124.785461, 2238.76489, 0.779215693, 0.110645071, -0.616912186, -0.110265255, 0.993142724, 0.038848199, 0.616980255, 0.0377528593, 0.786072612)
Part2191.Orientation = Vector3.new(-2.2300000190734863, -38.119998931884766, -6.340000152587891)
Part2191.Position = Vector3.new(1996.411865234375, 124.78546142578125, 2238.764892578125)
Part2191.Rotation = Vector3.new(-2.8299999237060547, -38.09000015258789, -8.079999923706055)
Part2191.Transparency = 1
Part2191.Size = Vector3.new(1.3500009775161743, 23.749998092651367, 1.5)
Part2191.Anchored = true
Part2191.Material = Enum.Material.Fabric
Part2192.Name = "Tree_Collision"
Part2192.Parent = Model2176
Part2192.CFrame = CFrame.new(1950.83496, 124.441055, 2217.33496, 0.795006812, -0.131163374, -0.592250288, 0.165793508, 0.986151814, 0.00415359577, 0.583503902, -0.101493396, 0.805743396)
Part2192.Orientation = Vector3.new(-0.23999999463558197, -36.31999969482422, 9.539999961853027)
Part2192.Position = Vector3.new(1950.8349609375, 124.44105529785156, 2217.3349609375)
Part2192.Rotation = Vector3.new(-0.30000001192092896, -36.31999969482422, 9.369999885559082)
Part2192.Transparency = 1
Part2192.Size = Vector3.new(1.3500009775161743, 22.749998092651367, 1.5)
Part2192.Anchored = true
Part2192.Material = Enum.Material.Fabric
Model2193.Name = "?2"
Model2193.Parent = Folder0
Part2194.Name = "TreeMesh Bottom"
Part2194.Parent = Model2193
Part2194.CFrame = CFrame.new(2050.90015, 112.84845, 2451.41357, -0.292432666, 4.14384488e-07, -0.95628649, 6.46105436e-09, 1.00000072, 4.39700671e-07, 0.956286788, 1.33387047e-07, -0.292432278)
Part2194.Orientation = Vector3.new(0, -107, 0)
Part2194.Position = Vector3.new(2050.900146484375, 112.84844970703125, 2451.41357421875)
Part2194.Rotation = Vector3.new(-180, -73, -180)
Part2194.Size = Vector3.new(8.250000953674316, 0.2499980926513672, 7)
Part2194.Anchored = true
Part2194.CanCollide = false
Part2194.Material = Enum.Material.Fabric
SpecialMesh2195.Name = "BarkMesh"
SpecialMesh2195.Parent = Part2194
SpecialMesh2195.MeshId = "rbxassetid://623621260"
SpecialMesh2195.Offset = Vector3.new(0, 3.4100000858306885, 0)
SpecialMesh2195.TextureId = "rbxassetid://623618671"
SpecialMesh2195.MeshType = Enum.MeshType.FileMesh
Part2196.Name = "TreeMeshTop"
Part2196.Parent = Model2193
Part2196.CFrame = CFrame.new(2050.90088, 142.988342, 2451.41309, -0.292432666, 4.14384488e-07, -0.95628649, 6.46105436e-09, 1.00000072, 4.39700671e-07, 0.956286788, 1.33387047e-07, -0.292432278)
Part2196.Orientation = Vector3.new(0, -107, 0)
Part2196.Position = Vector3.new(2050.90087890625, 142.98834228515625, 2451.4130859375)
Part2196.Rotation = Vector3.new(-180, -73, -180)
Part2196.Transparency = 0.05000000074505806
Part2196.Size = Vector3.new(8.250000953674316, 0.2499980926513672, 7)
Part2196.Anchored = true
Part2196.CanCollide = false
Part2196.Material = Enum.Material.Fabric
SpecialMesh2197.Name = "TopTreeMesh"
SpecialMesh2197.Parent = Part2196
SpecialMesh2197.MeshId = "rbxassetid://623621456"
SpecialMesh2197.Offset = Vector3.new(0, 3.4100000858306885, 0)
SpecialMesh2197.Scale = Vector3.new(1.600000023841858, 1.600000023841858, 1.600000023841858)
SpecialMesh2197.TextureId = "rbxassetid://745556120"
SpecialMesh2197.MeshType = Enum.MeshType.FileMesh
Part2198.Name = "Tree_Collision"
Part2198.Parent = Model2193
Part2198.CFrame = CFrame.new(2046.6123, 125.978935, 2448.59814, -0.295704454, -0.0674711168, -0.952894151, 0.0966772735, 0.99026823, -0.100118592, 0.950375617, -0.121728621, -0.286303252)
Part2198.Orientation = Vector3.new(5.75, -106.72000122070312, 5.579999923706055)
Part2198.Position = Vector3.new(2046.6123046875, 125.97893524169922, 2448.59814453125)
Part2198.Rotation = Vector3.new(160.72999572753906, -72.33999633789062, 167.14999389648438)
Part2198.Transparency = 1
Part2198.Size = Vector3.new(1.3500009775161743, 26.749998092651367, 1.5)
Part2198.Anchored = true
Part2198.Material = Enum.Material.Fabric
Part2199.Name = "Tree_Collision"
Part2199.Parent = Model2193
Part2199.CFrame = CFrame.new(2036.47876, 124.97448, 2451.18677, -0.32414189, -0.168349653, -0.93090874, -0.301860869, 0.951004326, -0.0668760166, 0.896556437, 0.259327561, -0.359077901)
Part2199.Orientation = Vector3.new(3.8299999237060547, -111.08999633789062, -17.610000610351562)
Part2199.Position = Vector3.new(2036.478759765625, 124.97447967529297, 2451.186767578125)
Part2199.Rotation = Vector3.new(169.4499969482422, -68.58000183105469, 152.5500030517578)
Part2199.Transparency = 1
Part2199.Size = Vector3.new(1.3500009775161743, 23.749998092651367, 1.5)
Part2199.Anchored = true
Part2199.Material = Enum.Material.Fabric
Part2200.Name = "Tree_Collision"
Part2200.Parent = Model2193
Part2200.CFrame = CFrame.new(2054.46143, 126.446365, 2433.49316, -0.296836257, -0.128622219, -0.946226835, 0.113945588, 0.979037941, -0.168827593, 0.948106527, -0.157932386, -0.275957465)
Part2200.Orientation = Vector3.new(9.720000267028809, -106.26000213623047, 6.639999866485596)
Part2200.Position = Vector3.new(2054.46142578125, 126.44636535644531, 2433.4931640625)
Part2200.Rotation = Vector3.new(148.5399932861328, -71.12999725341797, 156.57000732421875)
Part2200.Transparency = 1
Part2200.Size = Vector3.new(1.3500009775161743, 26.749998092651367, 1.5)
Part2200.Anchored = true
Part2200.Material = Enum.Material.Fabric
Part2201.Name = "Tree_Collision"
Part2201.Parent = Model2193
Part2201.CFrame = CFrame.new(2050.42676, 124.67675, 2488.59277, -0.294371396, 0.245003045, -0.923753023, -0.0111710001, 0.965633392, 0.259670645, 0.955626547, 0.0867587179, -0.281517357)
Part2201.Orientation = Vector3.new(-15.050000190734863, -106.94999694824219, -0.6600000262260437)
Part2201.Position = Vector3.new(2050.4267578125, 124.67675018310547, 2488.5927734375)
Part2201.Rotation = Vector3.new(-137.30999755859375, -67.4800033569336, -140.22999572753906)
Part2201.Transparency = 1
Part2201.Size = Vector3.new(1.3500009775161743, 23.749998092651367, 1.5)
Part2201.Anchored = true
Part2201.Material = Enum.Material.Fabric
Part2202.Name = "Tree_Collision"
Part2202.Parent = Model2193
Part2202.CFrame = CFrame.new(2065.1936, 125.842125, 2447.71069, -0.261506468, 0.264369875, -0.928290665, 0.213534802, 0.953773439, 0.21147278, 0.94128567, -0.142920926, -0.30586946)
Part2202.Orientation = Vector3.new(-12.210000038146973, -108.23999786376953, 12.619999885559082)
Part2202.Position = Vector3.new(2065.193603515625, 125.84212493896484, 2447.710693359375)
Part2202.Rotation = Vector3.new(-145.33999633789062, -68.16999816894531, -134.69000244140625)
Part2202.Transparency = 1
Part2202.Size = Vector3.new(1.3500009775161743, 26.749998092651367, 1.5)
Part2202.Anchored = true
Part2202.Material = Enum.Material.Fabric
Part2203.Name = "Tree_Collision"
Part2203.Parent = Model2193
Part2203.CFrame = CFrame.new(2033.88208, 124.608223, 2437.47241, -0.39303267, -0.249681801, -0.88497746, 0.0883334056, 0.947726488, -0.306615651, 0.915272713, -0.1986828, -0.350431681)
Part2203.Orientation = Vector3.new(17.860000610351562, -111.5999984741211, 5.320000171661377)
Part2203.Position = Vector3.new(2033.882080078125, 124.60822296142578, 2437.472412109375)
Part2203.Rotation = Vector3.new(138.82000732421875, -62.25, 147.57000732421875)
Part2203.Transparency = 1
Part2203.Size = Vector3.new(1.3500009775161743, 22.749998092651367, 1.5)
Part2203.Anchored = true
Part2203.Material = Enum.Material.Fabric
Part2204.Name = "Tree_Collision"
Part2204.Parent = Model2193
