Part1739.Name = "Tree_Collision"
Part1739.Parent = Model1734
Part1739.CFrame = CFrame.new(1985.98352, 221.451508, 2600.2063, -0.854743123, 0.0536964461, -0.51626718, 0.120325126, 0.988037944, -0.0964479819, 0.504912436, -0.144558132, -0.850979984)
Part1739.Orientation = Vector3.new(5.53000020980835, -148.75999450683594, 6.940000057220459)
Part1739.Position = Vector3.new(1985.9835205078125, 221.45150756835938, 2600.206298828125)
Part1739.Rotation = Vector3.new(173.52999877929688, -31.079999923706055, -176.41000366210938)
Part1739.Transparency = 1
Part1739.Size = Vector3.new(1.3500009775161743, 26.749998092651367, 1.5)
Part1739.Anchored = true
Part1739.Material = Enum.Material.Fabric
Part1740.Name = "Tree_Collision"
Part1740.Parent = Model1734
Part1740.CFrame = CFrame.new(1976.71423, 220.608276, 2595.33105, -0.848560572, -0.277644932, -0.450398505, -0.278972, 0.958094954, -0.0650214478, 0.449577391, 0.0704738945, -0.890457153)
Part1740.Orientation = Vector3.new(3.7300000190734863, -153.1699981689453, -16.229999542236328)
Part1740.Position = Vector3.new(1976.7142333984375, 220.6082763671875, 2595.3310546875)
Part1740.Rotation = Vector3.new(175.82000732421875, -26.770000457763672, 161.8800048828125)
Part1740.Transparency = 1
Part1740.Size = Vector3.new(1.3500009775161743, 23.749998092651367, 1.5)
Part1740.Anchored = true
Part1740.Material = Enum.Material.Fabric
Part1741.Name = "Tree_Collision"
Part1741.Parent = Model1734
Part1741.CFrame = CFrame.new(2001.94641, 221.509918, 2594.27734, -0.853675365, 0.0324236974, -0.519795775, 0.137550607, 0.976657867, -0.164981574, 0.502313137, -0.212338954, -0.838208914)
Part1741.Orientation = Vector3.new(9.5, -148.1999969482422, 8.020000457763672)
Part1741.Position = Vector3.new(2001.9464111328125, 221.50991821289062, 2594.27734375)
Part1741.Rotation = Vector3.new(168.8699951171875, -31.31999969482422, -177.82000732421875)
Part1741.Transparency = 1
Part1741.Size = Vector3.new(1.3500009775161743, 26.749998092651367, 1.5)
Part1741.Anchored = true
Part1741.Material = Enum.Material.Fabric
Part1742.Name = "Tree_Collision"
Part1742.Parent = Model1734
Part1742.CFrame = CFrame.new(1961.94312, 220.977875, 2632.41895, -0.859676123, 0.144808859, -0.489885747, 0.0126074608, 0.964702547, 0.263039261, 0.510684133, 0.219952419, -0.831157625)
Part1742.Orientation = Vector3.new(-15.25, -149.47999572753906, 0.75)
Part1742.Position = Vector3.new(1961.943115234375, 220.97787475585938, 2632.4189453125)
Part1742.Rotation = Vector3.new(-162.44000244140625, -29.329999923706055, -170.44000244140625)
Part1742.Transparency = 1
Part1742.Size = Vector3.new(1.3500009775161743, 23.749998092651367, 1.5)
Part1742.Anchored = true
Part1742.Material = Enum.Material.Fabric
Part1743.Name = "Tree_Collision"
Part1743.Parent = Model1734
Part1743.CFrame = CFrame.new(2000.34656, 221.103363, 2612.02441, -0.820702434, 0.313025355, -0.4779782, 0.236597478, 0.947662771, 0.214374527, 0.520066679, 0.0628493205, -0.851810336)
Part1743.Orientation = Vector3.new(-12.380000114440918, -150.6999969482422, 14.020000457763672)
Part1743.Position = Vector3.new(2000.3465576171875, 221.10336303710938, 2612.0244140625)
Part1743.Rotation = Vector3.new(-165.8699951171875, -28.549999237060547, -159.1199951171875)
Part1743.Transparency = 1
Part1743.Size = Vector3.new(1.3500009775161743, 26.749998092651367, 1.5)
Part1743.Anchored = true
Part1743.Material = Enum.Material.Fabric
Part1744.Name = "Tree_Collision"
Part1744.Parent = Model1734
Part1744.CFrame = CFrame.new(1983.98462, 219.971436, 2583.42773, -0.903500199, -0.0306418389, -0.427491665, 0.112227313, 0.945723057, -0.304979265, 0.413633615, -0.323525131, -0.851022363)
Part1744.Orientation = Vector3.new(17.760000228881836, -153.3300018310547, 6.769999980926514)
Part1744.Position = Vector3.new(1983.984619140625, 219.971435546875, 2583.427734375)
Part1744.Rotation = Vector3.new(160.27999877929688, -25.309999465942383, 178.05999755859375)
Part1744.Transparency = 1
Part1744.Size = Vector3.new(1.3500009775161743, 22.749998092651367, 1.5)
Part1744.Anchored = true
Part1744.Material = Enum.Material.Fabric
Part1745.Name = "Tree_Collision"
Part1745.Parent = Model1734
Part1745.CFrame = CFrame.new(1962.39465, 221.586975, 2612.12988, -0.871746659, -0.101883501, -0.47924757, -0.138459757, 0.98949796, 0.0414990857, 0.46998626, 0.102533177, -0.876698494)
Part1745.Orientation = Vector3.new(-2.380000114440918, -151.33999633789062, -7.96999979019165)
Part1745.Position = Vector3.new(1962.3946533203125, 221.58697509765625, 2612.1298828125)
Part1745.Rotation = Vector3.new(-177.2899932861328, -28.639999389648438, 173.3300018310547)
Part1745.Transparency = 1
Part1745.Size = Vector3.new(1.3500009775161743, 23.749998092651367, 1.5)
Part1745.Anchored = true
Part1745.Material = Enum.Material.Fabric
Part1746.Name = "Tree_Collision"
Part1746.Parent = Model1734
Part1746.CFrame = CFrame.new(1947.4823, 219.909943, 2613.50806, -0.839999676, -0.200726643, -0.50409317, -0.142541125, 0.978058338, -0.151931852, 0.523529172, -0.0557687655, -0.850180864)
Part1746.Orientation = Vector3.new(8.739999771118164, -149.33999633789062, -8.289999961853027)
Part1746.Position = Vector3.new(1947.4822998046875, 219.90994262695312, 2613.508056640625)
Part1746.Rotation = Vector3.new(169.8699951171875, -30.270000457763672, 166.55999755859375)
Part1746.Transparency = 1
Part1746.Size = Vector3.new(1.3500009775161743, 20.749998092651367, 1.5)
Part1746.Anchored = true
Part1746.Material = Enum.Material.Fabric
Part1747.Name = "Tree_Collision"
Part1747.Parent = Model1734
Part1747.CFrame = CFrame.new(2020.8855, 219.08783, 2600.74414, -0.824049354, 0.20914498, -0.526499629, 0.290800989, 0.95373714, -0.0762867928, 0.48618716, -0.215970635, -0.846746147)
Part1747.Orientation = Vector3.new(4.380000114440918, -148.1300048828125, 16.959999084472656)
Part1747.Position = Vector3.new(2020.885498046875, 219.08782958984375, 2600.744140625)
Part1747.Rotation = Vector3.new(174.85000610351562, -31.770000457763672, -165.75999450683594)
Part1747.Transparency = 1
Part1747.Size = Vector3.new(1.3500009775161743, 22.749998092651367, 1.5)
Part1747.Anchored = true
Part1747.Material = Enum.Material.Fabric
Part1748.Name = "Tree_Collision"
Part1748.Parent = Model1734
Part1748.CFrame = CFrame.new(1994.90601, 220.730927, 2624.25464, -0.87477088, 0.0634745061, -0.480361998, -0.103843436, 0.943787575, 0.313816845, 0.473278821, 0.324400365, -0.819006681)
Part1748.Orientation = Vector3.new(-18.290000915527344, -149.61000061035156, -6.28000020980835)
Part1748.Position = Vector3.new(1994.906005859375, 220.73092651367188, 2624.254638671875)
Part1748.Rotation = Vector3.new(-159.02999877929688, -28.709999084472656, -175.85000610351562)
Part1748.Transparency = 1
Part1748.Size = Vector3.new(1.3500009775161743, 23.749998092651367, 1.5)
Part1748.Anchored = true
Part1748.Material = Enum.Material.Fabric
Part1749.Name = "Tree_Collision"
Part1749.Parent = Model1734
Part1749.CFrame = CFrame.new(1982.50928, 220.49939, 2618.19482, -0.875884771, -0.0561208129, -0.479246259, -0.0864845812, 0.99538821, 0.0414996371, 0.474706888, 0.0777963176, -0.876699209)
Part1749.Orientation = Vector3.new(-2.380000114440918, -151.33999633789062, -4.96999979019165)
Part1749.Position = Vector3.new(1982.50927734375, 220.4993896484375, 2618.19482421875)
Part1749.Rotation = Vector3.new(-177.2899932861328, -28.639999389648438, 176.3300018310547)
Part1749.Transparency = 1
Part1749.Size = Vector3.new(1.3500009775161743, 23.749998092651367, 1.5)
Part1749.Anchored = true
Part1749.Material = Enum.Material.Fabric
Part1750.Name = "Tree_Collision"
Part1750.Parent = Model1734
Part1750.CFrame = CFrame.new(2020.1145, 219.012878, 2584.72534, -0.845182896, 0.166770324, -0.507793427, 0.18920131, 0.981908917, 0.00756908208, 0.49986887, -0.0896778852, -0.861446142)
Part1750.Orientation = Vector3.new(-0.4300000071525574, -149.47999572753906, 10.90999984741211)
Part1750.Position = Vector3.new(2020.114501953125, 219.01287841796875, 2584.725341796875)
Part1750.Rotation = Vector3.new(-179.5, -30.520000457763672, -168.83999633789062)
Part1750.Transparency = 1
Part1750.Size = Vector3.new(1.3500009775161743, 22.749998092651367, 1.5)
Part1750.Anchored = true
Part1750.Material = Enum.Material.Fabric
Model1751.Name = "?2"
Model1751.Parent = Folder0
Part1752.Name = "TreeMesh Bottom"
Part1752.Parent = Model1751
Part1752.CFrame = CFrame.new(2170.69214, 205.682953, 2759.78247, -0.741076052, 0.0215715095, 0.671075583, 0.0103396159, 0.999732316, -0.0207179319, -0.671343207, -0.00841489621, -0.741099894)
Part1752.Orientation = Vector3.new(1.190000057220459, 137.83999633789062, 0.5899999737739563)
Part1752.Position = Vector3.new(2170.692138671875, 205.68295288085938, 2759.782470703125)
Part1752.Rotation = Vector3.new(178.39999389648438, 42.150001525878906, -178.3300018310547)
Part1752.Size = Vector3.new(8.250000953674316, 0.2499980926513672, 7)
Part1752.Anchored = true
Part1752.CanCollide = false
Part1752.Material = Enum.Material.Fabric
SpecialMesh1753.Name = "BarkMesh"
SpecialMesh1753.Parent = Part1752
SpecialMesh1753.MeshId = "rbxassetid://623621260"
SpecialMesh1753.Offset = Vector3.new(0, 3.4100000858306885, 0)
SpecialMesh1753.TextureId = "rbxassetid://623618671"
SpecialMesh1753.MeshType = Enum.MeshType.FileMesh
Part1754.Name = "TreeMeshTop"
Part1754.Parent = Model1751
Part1754.CFrame = CFrame.new(2171.34229, 235.814789, 2759.52979, -0.741076052, 0.0215715095, 0.671075583, 0.0103396159, 0.999732316, -0.0207179319, -0.671343207, -0.00841489621, -0.741099894)
Part1754.Orientation = Vector3.new(1.190000057220459, 137.83999633789062, 0.5899999737739563)
Part1754.Position = Vector3.new(2171.34228515625, 235.81478881835938, 2759.52978515625)
Part1754.Rotation = Vector3.new(178.39999389648438, 42.150001525878906, -178.3300018310547)
Part1754.Transparency = 0.05000000074505806
Part1754.Size = Vector3.new(8.250000953674316, 0.2499980926513672, 7)
Part1754.Anchored = true
Part1754.CanCollide = false
Part1754.Material = Enum.Material.Fabric
SpecialMesh1755.Name = "TopTreeMesh"
SpecialMesh1755.Parent = Part1754
SpecialMesh1755.MeshId = "rbxassetid://623621456"
SpecialMesh1755.Offset = Vector3.new(0, 3.4100000858306885, 0)
SpecialMesh1755.Scale = Vector3.new(1.600000023841858, 1.600000023841858, 1.600000023841858)
SpecialMesh1755.TextureId = "rbxassetid://745556120"
SpecialMesh1755.MeshType = Enum.MeshType.FileMesh
Part1756.Name = "Tree_Collision"
Part1756.Parent = Model1751
Part1756.CFrame = CFrame.new(2175.34546, 218.693024, 2756.98877, -0.73225069, 0.160194352, 0.66192764, 0.106842205, 0.986928582, -0.120655291, -0.672603846, -0.0176280215, -0.739793777)
Part1756.Orientation = Vector3.new(6.929999828338623, 138.17999267578125, 6.179999828338623)
Part1756.Position = Vector3.new(2175.345458984375, 218.69302368164062, 2756.98876953125)
Part1756.Rotation = Vector3.new(170.74000549316406, 41.45000076293945, -167.66000366210938)
Part1756.Transparency = 1
Part1756.Size = Vector3.new(1.3500009775161743, 26.749998092651367, 1.5)
Part1756.Anchored = true
Part1756.Material = Enum.Material.Fabric
Part1757.Name = "Tree_Collision"
Part1757.Parent = Model1751
Part1757.CFrame = CFrame.new(2177.28833, 217.560028, 2746.72534, -0.680058539, -0.142604426, 0.719156325, -0.292925358, 0.952057719, -0.0882127583, -0.672099113, -0.270649076, -0.689226627)
Part1757.Orientation = Vector3.new(5.059999942779541, 133.77999877929688, -17.100000381469727)
Part1757.Position = Vector3.new(2177.288330078125, 217.56002807617188, 2746.725341796875)
Part1757.Rotation = Vector3.new(172.7100067138672, 45.97999954223633, 168.16000366210938)
Part1757.Transparency = 1
Part1757.Size = Vector3.new(1.3500009775161743, 23.749998092651367, 1.5)
Part1757.Anchored = true
Part1757.Material = Enum.Material.Fabric
Part1758.Name = "Tree_Collision"
Part1758.Parent = Model1751
Part1758.CFrame = CFrame.new(2185.68848, 219.051239, 2770.51221, -0.729343951, 0.218703821, 0.648249686, 0.124050364, 0.974097192, -0.189068168, -0.672808528, -0.0574799404, -0.737581491)
Part1758.Orientation = Vector3.new(10.899999618530273, 138.69000244140625, 7.260000228881836)
Part1758.Position = Vector3.new(2185.6884765625, 219.05123901367188, 2770.51220703125)
Part1758.Rotation = Vector3.new(165.6199951171875, 40.40999984741211, -163.30999755859375)
Part1758.Transparency = 1
Part1758.Size = Vector3.new(1.3500009775161743, 26.749998092651367, 1.5)
Part1758.Anchored = true
Part1758.Material = Enum.Material.Fabric
Part1759.Name = "Tree_Collision"
Part1759.Parent = Model1751
Part1759.CFrame = CFrame.new(2137.50415, 218.093018, 2743.4436, -0.739895344, -0.16181232, 0.652972579, -0.00087145099, 0.970871031, 0.239602923, -0.672723055, 0.176711828, -0.71848321)
Part1759.Orientation = Vector3.new(-13.859999656677246, 137.72999572753906, -0.05000000074505806)
Part1759.Position = Vector3.new(2137.504150390625, 218.093017578125, 2743.443603515625)
Part1759.Rotation = Vector3.new(-161.55999755859375, 40.77000045776367, 167.66000366210938)
Part1759.Transparency = 1
Part1759.Size = Vector3.new(1.3500009775161743, 23.749998092651367, 1.5)
Part1759.Anchored = true
Part1759.Material = Enum.Material.Fabric
Part1760.Name = "Tree_Collision"
Part1760.Parent = Model1751
Part1760.CFrame = CFrame.new(2168.24829, 218.854065, 2774.18408, -0.736039639, 0.0375431478, 0.675897717, 0.224097282, 0.955676436, 0.190954015, -0.638770878, 0.292016506, -0.71182847)
Part1760.Orientation = Vector3.new(-11.010000228881836, 136.47999572753906, 13.199999809265137)
Part1760.Position = Vector3.new(2168.248291015625, 218.85406494140625, 2774.18408203125)
Part1760.Rotation = Vector3.new(-164.97999572753906, 42.52000045776367, -177.0800018310547)
Part1760.Transparency = 1
Part1760.Size = Vector3.new(1.3500009775161743, 26.749998092651367, 1.5)
Part1760.Anchored = true
Part1760.Material = Enum.Material.Fabric
Part1761.Name = "Tree_Collision"
Part1761.Parent = Model1751
Part1761.CFrame = CFrame.new(2190.79468, 216.931519, 2750.21045, -0.65929848, 0.306358278, 0.686637878, 0.0963063091, 0.940111697, -0.326979429, -0.745689571, -0.149449185, -0.649317682)
Part1761.Orientation = Vector3.new(19.09000015258789, 133.39999389648438, 5.849999904632568)
Part1761.Position = Vector3.new(2190.794677734375, 216.9315185546875, 2750.21044921875)
Part1761.Rotation = Vector3.new(153.27000427246094, 43.36000061035156, -155.0800018310547)
Part1761.Transparency = 1
Part1761.Size = Vector3.new(1.3500009775161743, 22.749998092651367, 1.5)
Part1761.Anchored = true
Part1761.Material = Enum.Material.Fabric
Part1762.Name = "Tree_Collision"
Part1762.Parent = Model1751
Part1762.CFrame = CFrame.new(2157.04028, 218.429626, 2737.92456, -0.705471277, -0.121604428, 0.698229074, -0.15273805, 0.988107264, 0.0177676249, -0.69208622, -0.094111681, -0.715654254)
Part1762.Orientation = Vector3.new(-1.0199999809265137, 135.7100067138672, -8.789999961853027)
Part1762.Position = Vector3.new(2157.040283203125, 218.42962646484375, 2737.924560546875)
Part1762.Rotation = Vector3.new(-178.5800018310547, 44.290000915527344, 170.22000122070312)
Part1762.Transparency = 1
Part1762.Size = Vector3.new(1.3500009775161743, 23.749998092651367, 1.5)
Part1762.Anchored = true
Part1762.Material = Enum.Material.Fabric
Part1763.Name = "Tree_Collision"
Part1763.Parent = Model1751
Part1763.CFrame = CFrame.new(2151.34546, 216.415161, 2724.11865, -0.747399211, 0.000749588013, 0.664375901, -0.155309498, 0.972095132, -0.17581445, -0.645968735, -0.234587386, -0.726426005)
Part1763.Orientation = Vector3.new(10.130000114440918, 137.5500030517578, -9.079999923706055)
Part1763.Position = Vector3.new(2151.345458984375, 216.4151611328125, 2724.11865234375)
Part1763.Rotation = Vector3.new(166.38999938964844, 41.630001068115234, -179.94000244140625)
Part1763.Transparency = 1
Part1763.Size = Vector3.new(1.3500009775161743, 20.749998092651367, 1.5)
Part1763.Anchored = true
Part1763.Material = Enum.Material.Fabric
Part1764.Name = "Tree_Collision"
Part1764.Parent = Model1751
Part1764.CFrame = CFrame.new(2185.03394, 217.174133, 2790.573, -0.704281986, 0.273768276, 0.655011058, 0.277727276, 0.955369234, -0.100687586, -0.653342724, 0.111002102, -0.748881519)
Part1764.Orientation = Vector3.new(5.78000020980835, 138.8300018310547, 16.209999084472656)
Part1764.Position = Vector3.new(2185.033935546875, 217.17413330078125, 2790.572998046875)
Part1764.Rotation = Vector3.new(172.33999633789062, 40.91999816894531, -158.75999450683594)
Part1764.Transparency = 1
Part1764.Size = Vector3.new(1.3500009775161743, 22.749998092651367, 1.5)
Part1764.Anchored = true
Part1764.Material = Enum.Material.Fabric
Part1765.Name = "Tree_Collision"
Part1765.Parent = Model1751
Part1765.CFrame = CFrame.new(2154.95923, 218.522064, 2772.57153, -0.709285676, -0.285625488, 0.644463599, -0.118161149, 0.949472487, 0.290758789, -0.694948912, 0.130080223, -0.707196355)
Part1765.Orientation = Vector3.new(-16.899999618530273, 137.66000366210938, -7.090000152587891)
Part1765.Position = Vector3.new(2154.959228515625, 218.52206420898438, 2772.571533203125)
Part1765.Rotation = Vector3.new(-157.64999389648438, 40.130001068115234, 158.07000732421875)
Part1765.Transparency = 1
Part1765.Size = Vector3.new(1.3500009775161743, 23.749998092651367, 1.5)
Part1765.Anchored = true
Part1765.Material = Enum.Material.Fabric
Part1766.Name = "Tree_Collision"
Part1766.Parent = Model1751
Part1766.CFrame = CFrame.new(2157.12305, 217.909027, 2758.95459, -0.710867643, -0.0845169649, 0.698230147, -0.100815482, 0.994746566, 0.0177684817, -0.696064293, -0.0577614345, -0.7156533)
Part1766.Orientation = Vector3.new(-1.0199999809265137, 135.7100067138672, -5.789999961853027)
Part1766.Position = Vector3.new(2157.123046875, 217.90902709960938, 2758.95458984375)
Part1766.Rotation = Vector3.new(-178.5800018310547, 44.290000915527344, 173.22000122070312)
Part1766.Transparency = 1
Part1766.Size = Vector3.new(1.3500009775161743, 23.749998092651367, 1.5)
Part1766.Anchored = true
Part1766.Material = Enum.Material.Fabric
Part1767.Name = "Tree_Collision"
Part1767.Parent = Model1751
Part1767.CFrame = CFrame.new(2200.12476, 216.857178, 2785.15234, -0.724193871, 0.140783519, 0.675073922, 0.175850719, 0.984276831, -0.016620338, -0.666799784, 0.106675945, -0.737563372)
Part1767.Orientation = Vector3.new(0.949999988079071, 137.52999877929688, 10.130000114440918)
Part1767.Position = Vector3.new(2200.124755859375, 216.857177734375, 2785.15234375)
Part1767.Rotation = Vector3.new(178.7100067138672, 42.459999084472656, -169)
Part1767.Transparency = 1
Part1767.Size = Vector3.new(1.3500009775161743, 22.749998092651367, 1.5)
Part1767.Anchored = true
Part1767.Material = Enum.Material.Fabric
Model1768.Name = "?2"
Model1768.Parent = Folder0
Part1769.Name = "TreeMesh Bottom"
Part1769.Parent = Model1768
Part1769.CFrame = CFrame.new(1945.55029, 209.491486, 2628.82446, -0.512442589, 0.0213885196, 0.858455718, 0.00354353851, 0.999734282, -0.0227932278, -0.858715296, -0.00863824971, -0.512381792)
Part1769.Orientation = Vector3.new(1.309999942779541, 120.83000183105469, 0.20000000298023224)
Part1769.Position = Vector3.new(1945.55029296875, 209.49148559570312, 2628.824462890625)
Part1769.Rotation = Vector3.new(177.4499969482422, 59.13999938964844, -177.61000061035156)
Part1769.Size = Vector3.new(8.250000953674316, 0.2499980926513672, 7)
Part1769.Anchored = true
Part1769.CanCollide = false
Part1769.Material = Enum.Material.Fabric
SpecialMesh1770.Name = "BarkMesh"
SpecialMesh1770.Parent = Part1769
SpecialMesh1770.MeshId = "rbxassetid://623621260"
SpecialMesh1770.Offset = Vector3.new(0, 3.4100000858306885, 0)
SpecialMesh1770.TextureId = "rbxassetid://623618671"
SpecialMesh1770.MeshType = Enum.MeshType.FileMesh
Part1771.Name = "TreeMeshTop"
Part1771.Parent = Model1768
Part1771.CFrame = CFrame.new(1946.1947, 239.623352, 2628.56494, -0.512442589, 0.0213885196, 0.858455718, 0.00354353851, 0.999734282, -0.0227932278, -0.858715296, -0.00863824971, -0.512381792)
Part1771.Orientation = Vector3.new(1.309999942779541, 120.83000183105469, 0.20000000298023224)
Part1771.Position = Vector3.new(1946.1947021484375, 239.62335205078125, 2628.56494140625)
Part1771.Rotation = Vector3.new(177.4499969482422, 59.13999938964844, -177.61000061035156)
Part1771.Transparency = 0.05000000074505806
Part1771.Size = Vector3.new(8.250000953674316, 0.2499980926513672, 7)
Part1771.Anchored = true
Part1771.CanCollide = false
Part1771.Material = Enum.Material.Fabric
SpecialMesh1772.Name = "TopTreeMesh"
SpecialMesh1772.Parent = Part1771
SpecialMesh1772.MeshId = "rbxassetid://623621456"
SpecialMesh1772.Offset = Vector3.new(0, 3.4100000858306885, 0)
SpecialMesh1772.Scale = Vector3.new(1.600000023841858, 1.600000023841858, 1.600000023841858)
SpecialMesh1772.TextureId = "rbxassetid://745556120"
SpecialMesh1772.MeshType = Enum.MeshType.FileMesh
Part1773.Name = "Tree_Collision"
Part1773.Parent = Model1768
Part1773.CFrame = CFrame.new(1950.79517, 222.501129, 2627.42383, -0.503798664, 0.15666993, 0.84949559, 0.100068152, 0.987379789, -0.122753434, -0.858006775, 0.0231645405, -0.513117611)
Part1773.Orientation = Vector3.new(7.050000190734863, 121.12999725341797, 5.789999961853027)
Part1773.Position = Vector3.new(1950.795166015625, 222.50112915039062, 2627.423828125)
Part1773.Rotation = Vector3.new(166.5500030517578, 58.15999984741211, -162.72999572753906)
Part1773.Transparency = 1
Part1773.Size = Vector3.new(1.3500009775161743, 26.749998092651367, 1.5)
Part1773.Anchored = true
Part1773.Material = Enum.Material.Fabric
Part1774.Name = "Tree_Collision"
Part1774.Parent = Model1768
Part1774.CFrame = CFrame.new(1955.65576, 221.312592, 2618.18481, -0.453354299, -0.0588671565, 0.889384985, -0.299496025, 0.949863017, -0.0897947028, -0.839508176, -0.307076156, -0.448254347)
Part1774.Orientation = Vector3.new(5.150000095367432, 116.75, -17.5)
Part1774.Position = Vector3.new(1955.65576171875, 221.31259155273438, 2618.184814453125)
Part1774.Rotation = Vector3.new(168.6699981689453, 62.79999923706055, 172.60000610351562)
Part1774.Transparency = 1
Part1774.Size = Vector3.new(1.3500009775161743, 23.749998092651367, 1.5)
Part1774.Anchored = true
Part1774.Material = Enum.Material.Fabric
Part1775.Name = "Tree_Collision"
Part1775.Parent = Model1768
Part1775.CFrame = CFrame.new(1956.73169, 222.979523, 2643.3772, -0.500988185, 0.224295825, 0.835884869, 0.117285244, 0.974518895, -0.191200942, -0.857471466, 0.00224766135, -0.514528632)
Part1775.Orientation = Vector3.new(11.020000457763672, 121.61000061035156, 6.860000133514404)
Part1775.Position = Vector3.new(1956.731689453125, 222.97952270507812, 2643.377197265625)
Part1775.Rotation = Vector3.new(159.61000061035156, 56.709999084472656, -155.8800048828125)
Part1775.Transparency = 1
Part1775.Size = Vector3.new(1.3500009775161743, 26.749998092651367, 1.5)
Part1775.Anchored = true
Part1775.Material = Enum.Material.Fabric
Part1776.Name = "Tree_Collision"
Part1776.Parent = Model1768
Part1776.CFrame = CFrame.new(1918.56848, 221.680573, 2603.41211, -0.51089114, -0.208056867, 0.834088802, -0.00767136039, 0.971334934, 0.237593055, -0.859612465, 0.114985436, -0.497841954)
Part1776.Orientation = Vector3.new(-13.739999771118164, 120.83000183105469, -0.44999998807907104)
Part1776.Position = Vector3.new(1918.5684814453125, 221.68057250976562, 2603.412109375)
Part1776.Rotation = Vector3.new(-154.49000549316406, 56.52000045776367, 157.83999633789062)
Part1776.Transparency = 1
Part1776.Size = Vector3.new(1.3500009775161743, 23.749998092651367, 1.5)
Part1776.Anchored = true
Part1776.Material = Enum.Material.Fabric
Part1777.Name = "Tree_Collision"
Part1777.Parent = Model1768
Part1777.CFrame = CFrame.new(1938.98059, 222.74118, 2641.7915, -0.517512679, -0.0510958955, 0.854149282, 0.217512891, 0.957570553, 0.18906951, -0.827569187, 0.283634305, -0.484440416)
Part1777.Orientation = Vector3.new(-10.899999618530273, 119.55999755859375, 12.800000190734863)
Part1777.Position = Vector3.new(1938.9805908203125, 222.74118041992188, 2641.79150390625)
Part1777.Rotation = Vector3.new(-158.67999267578125, 58.66999816894531, 174.36000061035156)
Part1777.Transparency = 1
Part1777.Size = Vector3.new(1.3500009775161743, 26.749998092651367, 1.5)
Part1777.Anchored = true
Part1777.Material = Enum.Material.Fabric
Part1778.Name = "Tree_Collision"
Part1778.Parent = Model1768
Part1778.CFrame = CFrame.new(1967.55396, 220.754639, 2625.47021, -0.412648708, 0.33506614, 0.847025871, 0.0893524885, 0.940292537, -0.328430355, -0.906498432, -0.0598422885, -0.417948961)
Part1778.Orientation = Vector3.new(19.170000076293945, 116.26000213623047, 5.429999828338623)
Part1778.Position = Vector3.new(1967.553955078125, 220.754638671875, 2625.47021484375)
Part1778.Rotation = Vector3.new(141.83999633789062, 57.88999938964844, -140.9199981689453)
Part1778.Transparency = 1
Part1778.Size = Vector3.new(1.3500009775161743, 22.749998092651367, 1.5)
Part1778.Anchored = true
Part1778.Material = Enum.Material.Fabric
Part1779.Name = "Tree_Collision"
Part1779.Parent = Model1768
Part1779.CFrame = CFrame.new(1938.86377, 222.054718, 2603.84326, -0.47205174, -0.0904579461, 0.876918197, -0.159526825, 0.987065196, 0.0159455314, -0.867017925, -0.132364929, -0.480375856)
Part1779.Orientation = Vector3.new(-0.9100000262260437, 118.70999908447266, -9.180000305175781)
Part1779.Position = Vector3.new(1938.86376953125, 222.05471801757812, 2603.84326171875)
Part1779.Rotation = Vector3.new(-178.10000610351562, 61.27000045776367, 169.14999389648438)
Part1779.Transparency = 1
Part1779.Size = Vector3.new(1.3500009775161743, 23.749998092651367, 1.5)
Part1779.Anchored = true
Part1779.Material = Enum.Material.Fabric
Part1780.Name = "Tree_Collision"
Part1780.Parent = Model1768
Part1780.CFrame = CFrame.new(1937.45752, 219.935364, 2588.98975, -0.525626123, 0.0676464364, 0.848022521, -0.161969632, 0.970642149, -0.177820727, -0.835155666, -0.230821043, -0.499237806)
Part1780.Orientation = Vector3.new(10.239999771118164, 120.48999786376953, -9.470000267028809)
Part1780.Position = Vector3.new(1937.45751953125, 219.93536376953125, 2588.98974609375)
Part1780.Rotation = Vector3.new(160.38999938964844, 58, -172.6699981689453)
Part1780.Transparency = 1
Part1780.Size = Vector3.new(1.3500009775161743, 20.749998092651367, 1.5)
Part1780.Anchored = true
Part1780.Material = Enum.Material.Fabric
Part1781.Name = "Tree_Collision"
Part1781.Parent = Model1768
Part1781.CFrame = CFrame.new(1950.24451, 221.222443, 2662.38232, -0.482973725, 0.22772935, 0.845504105, 0.271168321, 0.957019806, -0.102866873, -0.832590103, 0.179592013, -0.523967862)
Part1781.Orientation = Vector3.new(5.900000095367432, 121.79000091552734, 15.819999694824219)
Part1781.Position = Vector3.new(1950.2445068359375, 221.22244262695312, 2662.38232421875)
Part1781.Rotation = Vector3.new(168.88999938964844, 57.72999954223633, -154.75999450683594)
Part1781.Transparency = 1
Part1781.Size = Vector3.new(1.3500009775161743, 22.749998092651367, 1.5)
Part1781.Anchored = true
Part1781.Material = Enum.Material.Fabric
Part1782.Name = "Tree_Collision"
Part1782.Parent = Model1768
Part1782.CFrame = CFrame.new(1926.7439, 222.350952, 2636.36621, -0.474921346, -0.312790871, 0.822564602, -0.124982156, 0.949201286, 0.288785487, -0.871109188, 0.0343443304, -0.489888787)
Part1782.Orientation = Vector3.new(-16.790000915527344, 120.77999877929688, -7.5)
Part1782.Position = Vector3.new(1926.743896484375, 222.3509521484375, 2636.3662109375)
Part1782.Rotation = Vector3.new(-149.47999572753906, 55.34000015258789, 146.6300048828125)
Part1782.Transparency = 1
Part1782.Size = Vector3.new(1.3500009775161743, 23.749998092651367, 1.5)
Part1782.Anchored = true
Part1782.Material = Enum.Material.Fabric
Part1783.Name = "Tree_Collision"
Part1783.Parent = Model1768
Part1783.CFrame = CFrame.new(1932.79565, 221.66272, 2623.98193, -0.476137668, -0.065629445, 0.876918912, -0.10764949, 0.994061053, 0.0159463994, -0.872757912, -0.0868072361, -0.480374575)
Part1783.Orientation = Vector3.new(-0.9100000262260437, 118.70999908447266, -6.179999828338623)
Part1783.Position = Vector3.new(1932.795654296875, 221.6627197265625, 2623.98193359375)
Part1783.Rotation = Vector3.new(-178.10000610351562, 61.27000045776367, 172.14999389648438)
Part1783.Transparency = 1
Part1783.Size = Vector3.new(1.3500009775161743, 23.749998092651367, 1.5)
Part1783.Anchored = true
Part1783.Material = Enum.Material.Fabric
Part1784.Name = "Tree_Collision"
Part1784.Parent = Model1768
Part1784.CFrame = CFrame.new(1966.2616, 220.927429, 2661.61279, -0.497907937, 0.101770602, 0.86123848, 0.169139698, 0.985415697, -0.0186595935, -0.850577116, 0.136378899, -0.50785929)
Part1784.Orientation = Vector3.new(1.0700000524520874, 120.52999877929688, 9.739999771118164)
Part1784.Position = Vector3.new(1966.2615966796875, 220.92742919921875, 2661.61279296875)
Part1784.Rotation = Vector3.new(177.89999389648438, 59.459999084472656, -168.4499969482422)
Part1784.Transparency = 1
Part1784.Size = Vector3.new(1.3500009775161743, 22.749998092651367, 1.5)
Part1784.Anchored = true
Part1784.Material = Enum.Material.Fabric
Model1785.Name = "?2"
Model1785.Parent = Folder0
Part1786.Name = "TreeMesh Bottom"
Part1786.Parent = Model1785
Part1786.CFrame = CFrame.new(2046.73511, 208.390503, 2691.00781, -0.671054661, 0.0222271513, -0.741075873, 0.0216942318, 0.999711633, 0.0103400433, 0.74109149, -0.00913831592, -0.671342671)
Part1786.Orientation = Vector3.new(-0.5899999737739563, -132.1699981689453, 1.2400000095367432)
Part1786.Position = Vector3.new(2046.735107421875, 208.3905029296875, 2691.0078125)
Part1786.Rotation = Vector3.new(-179.1199951171875, -47.81999969482422, -178.10000610351562)
Part1786.Size = Vector3.new(8.250000953674316, 0.2499980926513672, 7)
Part1786.Anchored = true
Part1786.CanCollide = false
Part1786.Material = Enum.Material.Fabric
SpecialMesh1787.Name = "BarkMesh"
SpecialMesh1787.Parent = Part1786
SpecialMesh1787.MeshId = "rbxassetid://623621260"
SpecialMesh1787.Offset = Vector3.new(0, 3.4100000858306885, 0)
SpecialMesh1787.TextureId = "rbxassetid://623618671"
SpecialMesh1787.MeshType = Enum.MeshType.FileMesh
Part1788.Name = "TreeMeshTop"
Part1788.Parent = Model1785
Part1788.CFrame = CFrame.new(2047.40601, 238.521637, 2690.73242, -0.671054661, 0.0222271513, -0.741075873, 0.0216942318, 0.999711633, 0.0103400433, 0.74109149, -0.00913831592, -0.671342671)
Part1788.Orientation = Vector3.new(-0.5899999737739563, -132.1699981689453, 1.2400000095367432)
Part1788.Position = Vector3.new(2047.406005859375, 238.52163696289062, 2690.732421875)
Part1788.Rotation = Vector3.new(-179.1199951171875, -47.81999969482422, -178.10000610351562)
Part1788.Transparency = 0.05000000074505806
Part1788.Size = Vector3.new(8.250000953674316, 0.2499980926513672, 7)
Part1788.Anchored = true
Part1788.CanCollide = false
Part1788.Material = Enum.Material.Fabric
SpecialMesh1789.Name = "TopTreeMesh"
SpecialMesh1789.Parent = Part1788
SpecialMesh1789.MeshId = "rbxassetid://623621456"
SpecialMesh1789.Offset = Vector3.new(0, 3.4100000858306885, 0)
SpecialMesh1789.Scale = Vector3.new(1.600000023841858, 1.600000023841858, 1.600000023841858)
SpecialMesh1789.TextureId = "rbxassetid://745556120"
SpecialMesh1789.MeshType = Enum.MeshType.FileMesh
Part1790.Name = "Tree_Collision"
Part1790.Parent = Model1785
Part1790.CFrame = CFrame.new(2044.34351, 221.536896, 2686.51611, -0.6693542, 0.0126899704, -0.742836356, 0.118291892, 0.988919795, -0.0896964893, 0.733466804, -0.147910103, -0.663438261)
Part1790.Orientation = Vector3.new(5.150000095367432, -131.77000427246094, 6.820000171661377)
Part1790.Position = Vector3.new(2044.343505859375, 221.53689575195312, 2686.51611328125)
Part1790.Rotation = Vector3.new(172.3000030517578, -47.970001220703125, -178.91000366210938)
Part1790.Transparency = 1
Part1790.Size = Vector3.new(1.3500009775161743, 26.749998092651367, 1.5)
Part1790.Anchored = true
Part1790.Material = Enum.Material.Fabric
Part1791.Name = "Tree_Collision"
Part1791.Parent = Model1785
Part1791.CFrame = CFrame.new(2034.05103, 220.743073, 2684.55859, -0.681072593, -0.241420507, -0.691272736, -0.280623227, 0.958057821, -0.0581101179, 0.676307797, 0.15440993, -0.720254481)
Part1791.Orientation = Vector3.new(3.3299999237060547, -136.17999267578125, -16.329999923706055)
Part1791.Position = Vector3.new(2034.051025390625, 220.74307250976562, 2684.55859375)
Part1791.Rotation = Vector3.new(175.38999938964844, -43.72999954223633, 160.47999572753906)
Part1791.Transparency = 1
Part1791.Size = Vector3.new(1.3500009775161743, 23.749998092651367, 1.5)
Part1791.Anchored = true
Part1791.Material = Enum.Material.Fabric
Part1792.Name = "Tree_Collision"
Part1792.Parent = Model1785
Part1792.CFrame = CFrame.new(2057.87646, 221.6091, 2676.17969, -0.669030309, -0.027509585, -0.74272716, 0.135533378, 0.978043735, -0.158310488, 0.730774224, -0.206578642, -0.650611699)
Part1792.Orientation = Vector3.new(9.109999656677246, -131.22000122070312, 7.889999866485596)
Part1792.Position = Vector3.new(2057.87646484375, 221.60910034179688, 2676.1796875)
Part1792.Rotation = Vector3.new(166.32000732421875, -47.959999084472656, 177.64999389648438)
Part1792.Transparency = 1
Part1792.Size = Vector3.new(1.3500009775161743, 26.749998092651367, 1.5)
Part1792.Anchored = true
Part1792.Material = Enum.Material.Fabric
Part1793.Name = "Tree_Collision"
Part1793.Parent = Model1785
Part1793.CFrame = CFrame.new(2030.76855, 220.881958, 2724.34619, -0.672776818, 0.20629777, -0.710502923, 0.0105462205, 0.962914944, 0.26960054, 0.739771545, 0.1738877, -0.650001764)
Part1793.Orientation = Vector3.new(-15.640000343322754, -132.4499969482422, 0.6299999952316284)
Part1793.Position = Vector3.new(2030.7685546875, 220.8819580078125, 2724.34619140625)
Part1793.Rotation = Vector3.new(-157.47000122070312, -45.279998779296875, -162.9499969482422)
Part1793.Transparency = 1
Part1793.Size = Vector3.new(1.3500009775161743, 23.749998092651367, 1.5)
Part1793.Anchored = true
Part1793.Material = Enum.Material.Fabric
Part1794.Name = "Tree_Collision"
Part1794.Parent = Model1785
Part1794.CFrame = CFrame.new(2061.53198, 221.082764, 2693.61646, -0.631947219, 0.321174681, -0.705330729, 0.234399453, 0.946673632, 0.221058667, 0.738715947, -0.0256317407, -0.673530161)
Part1794.Orientation = Vector3.new(-12.770000457763672, -133.67999267578125, 13.90999984741211)
Part1794.Position = Vector3.new(2061.531982421875, 221.082763671875, 2693.616455078125)
Part1794.Rotation = Vector3.new(-161.8300018310547, -44.86000061035156, -153.05999755859375)
Part1794.Transparency = 1
Part1794.Size = Vector3.new(1.3500009775161743, 26.749998092651367, 1.5)
Part1794.Anchored = true
Part1794.Material = Enum.Material.Fabric
Part1795.Name = "Tree_Collision"
Part1795.Parent = Model1785
Part1795.CFrame = CFrame.new(2037.52173, 220.176025, 2671.0459, -0.742694914, -0.120435424, -0.658712029, 0.110908143, 0.947984159, -0.298372746, 0.660382867, -0.294656157, -0.690705001)
Part1795.Orientation = Vector3.new(17.360000610351562, -136.36000061035156, 6.670000076293945)
Part1795.Position = Vector3.new(2037.521728515625, 220.176025390625, 2671.0458984375)
Part1795.Rotation = Vector3.new(156.63999938964844, -41.20000076293945, 170.7899932861328)
Part1795.Transparency = 1
Part1795.Size = Vector3.new(1.3500009775161743, 22.749998092651367, 1.5)
Part1795.Anchored = true
Part1795.Material = Enum.Material.Fabric
Part1796.Name = "Tree_Collision"
Part1796.Parent = Model1785
Part1796.CFrame = CFrame.new(2025.27148, 221.630219, 2704.81494, -0.696767569, -0.0638525113, -0.714450598, -0.140216663, 0.988939464, 0.0483619124, 0.703459978, 0.133874834, -0.698013425)
Part1796.Orientation = Vector3.new(-2.7699999809265137, -134.3300018310547, -8.069999694824219)
Part1796.Position = Vector3.new(2025.271484375, 221.63021850585938, 2704.81494140625)
Part1796.Rotation = Vector3.new(-176.0399932861328, -45.599998474121094, 174.75999450683594)
Part1796.Transparency = 1
Part1796.Size = Vector3.new(1.3500009775161743, 23.749998092651367, 1.5)
Part1796.Anchored = true
Part1796.Material = Enum.Material.Fabric
Part1797.Name = "Tree_Collision"
Part1797.Parent = Model1785
Part1797.CFrame = CFrame.new(2011.40771, 219.969147, 2710.48315, -0.650770247, -0.204696149, -0.731163204, -0.144720599, 0.97876066, -0.14520511, 0.745356262, 0.0113192722, -0.666571259)
Part1797.Orientation = Vector3.new(8.350000381469727, -132.35000610351562, -8.40999984741211)
Part1797.Position = Vector3.new(2011.40771484375, 219.96914672851562, 2710.483154296875)
Part1797.Rotation = Vector3.new(167.7100067138672, -46.97999954223633, 162.5399932861328)
Part1797.Transparency = 1
Part1797.Size = Vector3.new(1.3500009775161743, 20.749998092651367, 1.5)
Part1797.Anchored = true
Part1797.Material = Enum.Material.Fabric
Part1798.Name = "Tree_Collision"
Part1798.Parent = Model1785
Part1798.CFrame = CFrame.new(2077.86987, 219.110168, 2676.81226, -0.64485389, 0.14034532, -0.751311243, 0.288841486, 0.954847991, -0.0695478544, 0.707626879, -0.261857867, -0.656274319)
Part1798.Orientation = Vector3.new(3.990000009536743, -131.13999938964844, 16.829999923706055)
Part1798.Position = Vector3.new(2077.869873046875, 219.11016845703125, 2676.812255859375)
Part1798.Rotation = Vector3.new(173.9499969482422, -48.70000076293945, -167.72000122070312)
Part1798.Transparency = 1
Part1798.Size = Vector3.new(1.3500009775161743, 22.749998092651367, 1.5)
Part1798.Anchored = true
Part1798.Material = Enum.Material.Fabric
Part1799.Name = "Tree_Collision"
Part1799.Parent = Model1785
Part1799.CFrame = CFrame.new(2059.90405, 220.635223, 2706.90039, -0.698571563, 0.158974826, -0.697657943, -0.105617538, 0.941418588, 0.320276231, 0.70770365, 0.297420532, -0.640857041)
Part1799.Orientation = Vector3.new(-18.68000030517578, -132.57000732421875, -6.400000095367432)
Part1799.Position = Vector3.new(2059.904052734375, 220.63522338867188, 2706.900390625)
Part1799.Rotation = Vector3.new(-153.4499969482422, -44.2400016784668, -167.17999267578125)
Part1799.Transparency = 1
Part1799.Size = Vector3.new(1.3500009775161743, 23.749998092651367, 1.5)
Part1799.Anchored = true
Part1799.Material = Enum.Material.Fabric
Part1800.Name = "Tree_Collision"
Part1800.Parent = Model1785
Part1800.CFrame = CFrame.new(2046.27563, 220.466614, 2704.72754, -0.699156046, -0.0272988454, -0.714449108, -0.0882675722, 0.9949224, 0.0483625717, 0.709500909, 0.0968756154, -0.698014915)
Part1800.Orientation = Vector3.new(-2.7699999809265137, -134.3300018310547, -5.070000171661377)
Part1800.Position = Vector3.new(2046.275634765625, 220.46661376953125, 2704.7275390625)
Part1800.Rotation = Vector3.new(-176.0399932861328, -45.599998474121094, 177.75999450683594)
Part1800.Transparency = 1
Part1800.Size = Vector3.new(1.3500009775161743, 23.749998092651367, 1.5)
Part1800.Anchored = true
Part1800.Material = Enum.Material.Fabric
Part1801.Name = "Tree_Collision"
Part1801.Parent = Model1785
Part1801.CFrame = CFrame.new(2072.44897, 219.147034, 2661.71826, -0.661435008, 0.136845082, -0.737413764, 0.187185362, 0.982219815, 0.0143759772, 0.726269364, -0.128524199, -0.675289214)
Part1801.Orientation = Vector3.new(-0.8199999928474426, -132.47999572753906, 10.789999961853027)
Part1801.Position = Vector3.new(2072.448974609375, 219.14703369140625, 2661.71826171875)
Part1801.Rotation = Vector3.new(-178.77999877929688, -47.5099983215332, -168.30999755859375)
Part1801.Transparency = 1
Part1801.Size = Vector3.new(1.3500009775161743, 22.749998092651367, 1.5)
Part1801.Anchored = true
Part1801.Material = Enum.Material.Fabric
Model1802.Name = "?2"
Model1802.Parent = Folder0
Part1803.Name = "TreeMesh Bottom"
Part1803.Parent = Model1802
Part1803.CFrame = CFrame.new(2108.88428, 207.394379, 2796.67383, -0.741076052, 0.0215715095, 0.671075583, 0.0103396159, 0.999732316, -0.0207179319, -0.671343207, -0.00841489621, -0.741099894)
Part1803.Orientation = Vector3.new(1.190000057220459, 137.83999633789062, 0.5899999737739563)
Part1803.Position = Vector3.new(2108.88427734375, 207.39437866210938, 2796.673828125)
Part1803.Rotation = Vector3.new(178.39999389648438, 42.150001525878906, -178.3300018310547)
Part1803.Size = Vector3.new(8.250000953674316, 0.2499980926513672, 7)
Part1803.Anchored = true
