Model1561.Name = "??"
Model1561.Parent = Folder0
Part1562.Name = "TreeMesh Bottom"
Part1562.Parent = Model1561
Part1562.CFrame = CFrame.new(2901.49854, 212.254593, 2423.87524, 1.1920929e-07, -5.19677997e-07, -1.00000179, -3.7997961e-07, 0.999998868, -5.36441803e-07, 1.00000215, 3.57627869e-07, 4.47034836e-07)
Part1562.Orientation = Vector3.new(0, -90, 0)
Part1562.Position = Vector3.new(2901.49853515625, 212.2545928955078, 2423.875244140625)
Part1562.Rotation = Vector3.new(0, -90, 0)
Part1562.Size = Vector3.new(8.250000953674316, 0.2499980926513672, 7)
Part1562.Anchored = true
Part1562.CanCollide = false
Part1562.Material = Enum.Material.Fabric
SpecialMesh1563.Name = "BarkMesh"
SpecialMesh1563.Parent = Part1562
SpecialMesh1563.MeshId = "rbxassetid://623621260"
SpecialMesh1563.Offset = Vector3.new(0, 3.4100000858306885, 0)
SpecialMesh1563.TextureId = "rbxassetid://623618671"
SpecialMesh1563.MeshType = Enum.MeshType.FileMesh
Part1564.Name = "TreeMeshTop"
Part1564.Parent = Model1561
Part1564.CFrame = CFrame.new(2901.5, 242.394669, 2423.875, 1.1920929e-07, -5.19677997e-07, -1.00000179, -3.7997961e-07, 0.999998868, -5.36441803e-07, 1.00000215, 3.57627869e-07, 4.47034836e-07)
Part1564.Orientation = Vector3.new(0, -90, 0)
Part1564.Position = Vector3.new(2901.5, 242.39466857910156, 2423.875)
Part1564.Rotation = Vector3.new(0, -90, 0)
Part1564.Transparency = 0.05000000074505806
Part1564.Size = Vector3.new(8.250000953674316, 0.2499980926513672, 7)
Part1564.Anchored = true
Part1564.CanCollide = false
Part1564.Material = Enum.Material.Fabric
SpecialMesh1565.Name = "TopTreeMesh"
SpecialMesh1565.Parent = Part1564
SpecialMesh1565.MeshId = "rbxassetid://623621456"
SpecialMesh1565.Offset = Vector3.new(0, 3.4100000858306885, 0)
SpecialMesh1565.Scale = Vector3.new(1.600000023841858, 1.600000023841858, 1.600000023841858)
SpecialMesh1565.TextureId = "rbxassetid://745556120"
SpecialMesh1565.MeshType = Enum.MeshType.FileMesh
Part1566.Name = "Tree_Collision"
Part1566.Parent = Model1561
Part1566.CFrame = CFrame.new(2896.5752, 225.385162, 2422.4375, -0.00485697389, -0.100119486, -0.994965374, 0.0966786295, 0.990266263, -0.100118585, 0.995305777, -0.0966782868, 0.00487008691)
Part1566.Orientation = Vector3.new(5.75, -89.72000122070312, 5.579999923706055)
Part1566.Position = Vector3.new(2896.5751953125, 225.38516235351562, 2422.4375)
Part1566.Rotation = Vector3.new(87.22000122070312, -84.25, 92.77999877929688)
Part1566.Transparency = 1
Part1566.Size = Vector3.new(1.3500009775161743, 26.749998092651367, 1.5)
Part1566.Anchored = true
Part1566.Material = Enum.Material.Fabric
Part1567.Name = "Tree_Collision"
Part1567.Parent = Model1561
Part1567.CFrame = CFrame.new(2887.64209, 224.380737, 2427.87598, -0.0477904379, -0.0851553082, -0.995222807, -0.301859409, 0.951002777, -0.0668764263, 0.95215565, 0.29722172, -0.0711535811)
Part1567.Orientation = Vector3.new(3.8299999237060547, -94.08999633789062, -17.610000610351562)
Part1567.Position = Vector3.new(2887.64208984375, 224.3807373046875, 2427.8759765625)
Part1567.Rotation = Vector3.new(136.77000427246094, -84.4000015258789, 119.30000305175781)
Part1567.Transparency = 1
Part1567.Size = Vector3.new(1.3500009775161743, 23.749998092651367, 1.5)
Part1567.Anchored = true
Part1567.Material = Enum.Material.Fabric
Part1568.Name = "Tree_Collision"
Part1568.Parent = Model1561
Part1568.CFrame = CFrame.new(2899.66504, 225.8526, 2405.69629, -0.00660359859, -0.169183075, -0.98556447, 0.113945127, 0.979036212, -0.168825924, 0.993467093, -0.113415226, 0.0128127038)
Part1568.Orientation = Vector3.new(9.720000267028809, -89.26000213623047, 6.639999866485596)
Part1568.Position = Vector3.new(2899.6650390625, 225.85260009765625, 2405.6962890625)
Part1568.Rotation = Vector3.new(85.66000366210938, -80.25, 92.23999786376953)
Part1568.Transparency = 1
Part1568.Size = Vector3.new(1.3500009775161743, 26.749998092651367, 1.5)
Part1568.Anchored = true
Part1568.Material = Enum.Material.Fabric
Part1569.Name = "Tree_Collision"
Part1569.Parent = Model1561
Part1569.CFrame = CFrame.new(2911.91895, 224.082947, 2459.56787, -0.00204774737, 0.259664327, -0.965698719, -0.0111706275, 0.965631545, 0.25966996, 0.999937534, 0.0113190934, 0.000923633575)
Part1569.Orientation = Vector3.new(-15.050000190734863, -89.94999694824219, -0.6600000262260437)
Part1569.Position = Vector3.new(2911.9189453125, 224.08294677734375, 2459.56787109375)
Part1569.Rotation = Vector3.new(-89.80000305175781, -74.94999694824219, -90.44999694824219)
Part1569.Transparency = 1
Part1569.Size = Vector3.new(1.3500009775161743, 23.749998092651367, 1.5)
Part1569.Anchored = true
Part1569.Material = Enum.Material.Fabric
Part1570.Name = "Tree_Collision"
Part1570.Parent = Model1561
Part1570.CFrame = CFrame.new(2914.08472, 225.248383, 2416.15479, 0.0251870155, 0.211019695, -0.977159142, 0.213535264, 0.953771293, 0.211473063, 0.976612449, -0.213984728, -0.0210371614)
Part1570.Orientation = Vector3.new(-12.210000038146973, -91.2300033569336, 12.619999885559082)
Part1570.Position = Vector3.new(2914.084716796875, 225.24838256835938, 2416.15478515625)
Part1570.Rotation = Vector3.new(-95.68000030517578, -77.7300033569336, -83.19000244140625)
Part1570.Transparency = 1
Part1570.Size = Vector3.new(1.3500009775161743, 26.749998092651367, 1.5)
Part1570.Anchored = true
Part1570.Material = Enum.Material.Fabric
Part1571.Name = "Tree_Collision"
Part1571.Parent = Model1561
Part1571.CFrame = CFrame.new(2881.14844, 224.014435, 2415.52051, -0.108197302, -0.296870828, -0.948770046, 0.0883328989, 0.947724104, -0.306617022, 0.990199327, -0.116982833, -0.0763174891)
Part1571.Orientation = Vector3.new(17.860000610351562, -94.5999984741211, 5.320000171661377)
Part1571.Position = Vector3.new(2881.1484375, 224.01443481445312, 2415.5205078125)
Part1571.Rotation = Vector3.new(103.9800033569336, -71.58000183105469, 110.0199966430664)
Part1571.Transparency = 1
Part1571.Size = Vector3.new(1.3500009775161743, 22.749998092651367, 1.5)
Part1571.Anchored = true
Part1571.Material = Enum.Material.Fabric
Part1572.Name = "Tree_Collision"
Part1572.Parent = Model1561
Part1572.CFrame = CFrame.new(2894.72681, 224.887405, 2448.79834, -0.0426443219, 0.032331273, -0.998568892, -0.162090659, 0.986009777, 0.0388467759, 0.985855997, 0.163515419, -0.0368068218)
Part1572.Orientation = Vector3.new(-2.2300000190734863, -92.11000061035156, -9.34000015258789)
Part1572.Position = Vector3.new(2894.726806640625, 224.8874053955078, 2448.79833984375)
Part1572.Rotation = Vector3.new(-133.4600067138672, -86.93000030517578, -142.8300018310547)
Part1572.Transparency = 1
Part1572.Size = Vector3.new(1.3500009775161743, 23.749998092651367, 1.5)
Part1572.Anchored = true
Part1572.Material = Enum.Material.Fabric
Part1573.Name = "Tree_Collision"
Part1573.Parent = Model1561
Part1573.CFrame = CFrame.new(2888.27393, 222.866806, 2462.2666, 0.0196156204, -0.154216796, -0.987844169, -0.165954754, 0.973823071, -0.155323327, 0.985940218, 0.166984454, -0.00649049878)
Part1573.Orientation = Vector3.new(8.9399995803833, -90.37999725341797, -9.670000076293945)
Part1573.Position = Vector3.new(2888.27392578125, 222.86680603027344, 2462.2666015625)
Part1573.Rotation = Vector3.new(92.38999938964844, -81.05999755859375, 82.75)
Part1573.Transparency = 1
Part1573.Size = Vector3.new(1.3500009775161743, 20.749998092651367, 1.5)
Part1573.Anchored = true
Part1573.Material = Enum.Material.Fabric
Part1574.Name = "Tree_Collision"
Part1574.Parent = Model1561
Part1574.CFrame = CFrame.new(2914.9314, 223.792999, 2392.69482, -0.0058132112, -0.0816607177, -0.996645212, 0.267957985, 0.960083246, -0.0802279636, 0.963414967, -0.267525703, 0.0163008571)
Part1574.Orientation = Vector3.new(4.599999904632568, -89.05999755859375, 15.59000015258789)
Part1574.Position = Vector3.new(2914.931396484375, 223.79299926757812, 2392.69482421875)
Part1574.Rotation = Vector3.new(78.51000213623047, -85.30999755859375, 94.06999969482422)
Part1574.Transparency = 1
Part1574.Size = Vector3.new(1.3500009775161743, 22.749998092651367, 1.5)
Part1574.Anchored = true
Part1574.Material = Enum.Material.Fabric
Part1575.Name = "Tree_Collision"
Part1575.Parent = Model1561
Part1575.CFrame = CFrame.new(2921.80176, 224.643356, 2427.08179, -0.0414904356, 0.307750165, -0.950564086, -0.127582103, 0.941960633, 0.310533375, 0.99096173, 0.134159207, 0.000181436539)
Part1575.Orientation = Vector3.new(-18.09000015258789, -89.98999786376953, -7.710000038146973)
Part1575.Position = Vector3.new(2921.8017578125, 224.6433563232422, 2427.081787109375)
Part1575.Rotation = Vector3.new(-89.97000122070312, -71.91000366210938, -97.68000030517578)
Part1575.Transparency = 1
Part1575.Size = Vector3.new(1.3500009775161743, 23.749998092651367, 1.5)
Part1575.Anchored = true
Part1575.Material = Enum.Material.Fabric
Part1576.Name = "Tree_Collision"
Part1576.Parent = Model1561
Part1576.CFrame = CFrame.new(2910.24561, 224.191727, 2434.61353, -0.0408954918, 0.0345194265, -0.998568892, -0.110264584, 0.993141592, 0.038847588, 0.993062496, 0.111695595, -0.0368085206)
Part1576.Orientation = Vector3.new(-2.2300000190734863, -92.11000061035156, -6.340000152587891)
Part1576.Position = Vector3.new(2910.24560546875, 224.1917266845703, 2434.613525390625)
Part1576.Rotation = Vector3.new(-133.4600067138672, -86.93000030517578, -139.8300018310547)
Part1576.Transparency = 1
Part1576.Size = Vector3.new(1.3500009775161743, 23.749998092651367, 1.5)
Part1576.Anchored = true
Part1576.Material = Enum.Material.Fabric
Part1577.Name = "Tree_Collision"
Part1577.Parent = Model1561
Part1577.CFrame = CFrame.new(2900.78076, 223.847351, 2385.14697, -0.00453400612, 0.0049739629, -0.999979258, 0.165792555, 0.986150742, 0.00415345747, 0.986152291, -0.165770516, -0.00529551506)
Part1577.Orientation = Vector3.new(-0.23999999463558197, -90.30000305175781, 9.539999961853027)
Part1577.Position = Vector3.new(2900.78076171875, 223.84735107421875, 2385.14697265625)
Part1577.Rotation = Vector3.new(-141.88999938964844, -89.62999725341797, -132.35000610351562)
Part1577.Transparency = 1
Part1577.Size = Vector3.new(1.3500009775161743, 22.749998092651367, 1.5)
Part1577.Anchored = true
Part1577.Material = Enum.Material.Fabric
Model1578.Name = "??"
Model1578.Parent = Folder0
Part1579.Name = "TreeMesh Bottom"
Part1579.Parent = Model1578
Part1579.CFrame = CFrame.new(2757.21436, 211.831787, 2458.53247, -0.000570998818, -0.0390290357, 0.999237955, 0.01462497, 0.999130964, 0.0390332118, -0.99989295, 0.0146361124, 2.95895944e-07)
Part1579.Orientation = Vector3.new(-2.240000009536743, 90, 0.8399999737739563)
Part1579.Position = Vector3.new(2757.21435546875, 211.831787109375, 2458.532470703125)
Part1579.Rotation = Vector3.new(-90, 87.76000213623047, 90.83999633789062)
Part1579.Size = Vector3.new(8.250000953674316, 0.2499980926513672, 7)
Part1579.Anchored = true
Part1579.CanCollide = false
Part1579.Material = Enum.Material.Fabric
SpecialMesh1580.Name = "BarkMesh"
SpecialMesh1580.Parent = Part1579
SpecialMesh1580.MeshId = "rbxassetid://623621260"
SpecialMesh1580.Offset = Vector3.new(0, 3.4100000858306885, 0)
SpecialMesh1580.TextureId = "rbxassetid://623618671"
SpecialMesh1580.MeshType = Enum.MeshType.FileMesh
Part1581.Name = "TreeMeshTop"
Part1581.Parent = Model1578
Part1581.CFrame = CFrame.new(2756.03638, 241.945557, 2458.97388, -0.000570998818, -0.0390290357, 0.999237955, 0.01462497, 0.999130964, 0.0390332118, -0.99989295, 0.0146361124, 2.95895944e-07)
Part1581.Orientation = Vector3.new(-2.240000009536743, 90, 0.8399999737739563)
Part1581.Position = Vector3.new(2756.036376953125, 241.945556640625, 2458.973876953125)
Part1581.Rotation = Vector3.new(-90, 87.76000213623047, 90.83999633789062)
Part1581.Transparency = 0.05000000074505806
Part1581.Size = Vector3.new(8.250000953674316, 0.2499980926513672, 7)
Part1581.Anchored = true
Part1581.CanCollide = false
Part1581.Material = Enum.Material.Fabric
SpecialMesh1582.Name = "TopTreeMesh"
SpecialMesh1582.Parent = Part1581
SpecialMesh1582.MeshId = "rbxassetid://623621456"
SpecialMesh1582.Offset = Vector3.new(0, 3.4100000858306885, 0)
SpecialMesh1582.Scale = Vector3.new(1.600000023841858, 1.600000023841858, 1.600000023841858)
SpecialMesh1582.TextureId = "rbxassetid://745556120"
SpecialMesh1582.MeshType = Enum.MeshType.FileMesh
Part1583.Name = "Tree_Collision"
Part1583.Parent = Model1578
Part1583.CFrame = CFrame.new(2761.62256, 225.12207, 2460.16211, 0.000511998602, 0.061450053, 0.998110056, 0.111339696, 0.991900921, -0.0611248836, -0.993782282, 0.111160569, -0.00633397745)
Part1583.Orientation = Vector3.new(3.5, 90.36000061035156, 6.400000095367432)
Part1583.Position = Vector3.new(2761.62255859375, 225.1220703125, 2460.162109375)
Part1583.Rotation = Vector3.new(95.91999816894531, 86.4800033569336, -89.5199966430664)
Part1583.Transparency = 1
Part1583.Size = Vector3.new(1.3500009775161743, 26.749998092651367, 1.5)
Part1583.Anchored = true
Part1583.Material = Enum.Material.Fabric
Part1584.Name = "Tree_Collision"
Part1584.Parent = Model1578
Part1584.CFrame = CFrame.new(2770.58521, 224.546753, 2454.70972, 0.0589909069, 0.0478039123, 0.997113228, -0.28580454, 0.957848728, -0.0290127918, -0.95647049, -0.283268005, 0.0701669306)
Part1584.Orientation = Vector3.new(1.659999966621399, 85.97000122070312, -16.610000610351562)
Part1584.Position = Vector3.new(2770.585205078125, 224.5467529296875, 2454.709716796875)
Part1584.Rotation = Vector3.new(22.459999084472656, 85.6500015258789, -39.02000045776367)
Part1584.Transparency = 1
Part1584.Size = Vector3.new(1.3500009775161743, 23.749998092651367, 1.5)
Part1584.Anchored = true
Part1584.Material = Enum.Material.Fabric
Part1585.Name = "Tree_Collision"
Part1585.Parent = Model1578
Part1585.CFrame = CFrame.new(2758.52612, 225.223663, 2476.90845, 0.00158499693, 0.13090919, 0.991393089, 0.128631756, 0.983131588, -0.130023941, -0.991691113, 0.127730712, -0.0152808204)
Part1585.Orientation = Vector3.new(7.46999979019165, 90.87999725341797, 7.449999809265137)
Part1585.Position = Vector3.new(2758.526123046875, 225.22366333007812, 2476.908447265625)
Part1585.Rotation = Vector3.new(96.69999694824219, 82.4800033569336, -89.30999755859375)
Part1585.Transparency = 1
Part1585.Size = Vector3.new(1.3500009775161743, 26.749998092651367, 1.5)
Part1585.Anchored = true
Part1585.Material = Enum.Material.Fabric
Part1586.Name = "Tree_Collision"
Part1586.Parent = Model1578
Part1586.CFrame = CFrame.new(2746.32007, 223.765106, 2423.0166, 0.00191099616, -0.297161371, 0.954825461, 0.00354199274, 0.954823136, 0.297153622, -0.999991953, 0.00281412504, 0.00287720654)
Part1586.Orientation = Vector3.new(-17.290000915527344, 89.83000183105469, 0.20999999344348907)
Part1586.Position = Vector3.new(2746.320068359375, 223.76510620117188, 2423.0166015625)
Part1586.Rotation = Vector3.new(-89.44999694824219, 72.70999908447266, 89.62999725341797)
Part1586.Transparency = 1
Part1586.Size = Vector3.new(1.3500009775161743, 23.749998092651367, 1.5)
Part1586.Anchored = true
Part1586.Material = Enum.Material.Fabric
Part1587.Name = "Tree_Collision"
Part1587.Parent = Model1578
Part1587.CFrame = CFrame.new(2744.13501, 224.210083, 2466.44238, -0.034059938, -0.247962326, 0.968170762, 0.226647571, 0.941577375, 0.249124721, -0.973381162, 0.227918729, 0.0241299905)
Part1587.Orientation = Vector3.new(-14.430000305175781, 88.56999969482422, 13.529999732971191)
Part1587.Position = Vector3.new(2744.135009765625, 224.2100830078125, 2466.4423828125)
Part1587.Rotation = Vector3.new(-84.47000122070312, 75.51000213623047, 97.81999969482422)
Part1587.Transparency = 1
Part1587.Size = Vector3.new(1.3500009775161743, 26.749998092651367, 1.5)
Part1587.Anchored = true
Part1587.Material = Enum.Material.Fabric
Part1588.Name = "Tree_Collision"
Part1588.Parent = Model1578
Part1588.CFrame = CFrame.new(2777.09497, 224.25354, 2467.05835, 0.10410174, 0.259724349, 0.960055292, 0.10695973, 0.95677799, -0.270435721, -0.988798499, 0.130840078, 0.0718222037)
Part1588.Orientation = Vector3.new(15.6899995803833, 85.72000122070312, 6.380000114440918)
Part1588.Position = Vector3.new(2777.094970703125, 224.2535400390625, 2467.058349609375)
Part1588.Rotation = Vector3.new(75.12999725341797, 73.75, -68.16000366210938)
Part1588.Transparency = 1
Part1588.Size = Vector3.new(1.3500009775161743, 22.749998092651367, 1.5)
Part1588.Anchored = true
Part1588.Material = Enum.Material.Fabric
Part1589.Name = "Tree_Collision"
Part1589.Parent = Model1578
Part1589.CFrame = CFrame.new(2763.47388, 225.082397, 2433.79712, 0.048374895, -0.0708821639, 0.996311009, -0.145866692, 0.986283541, 0.0772511661, -0.988120854, -0.149065599, 0.0373720154)
Part1589.Orientation = Vector3.new(-4.429999828338623, 87.8499984741211, -8.40999984741211)
Part1589.Position = Vector3.new(2763.473876953125, 225.0823974609375, 2433.797119140625)
Part1589.Rotation = Vector3.new(-64.18000030517578, 85.08000183105469, 55.689998626708984)
Part1589.Transparency = 1
Part1589.Size = Vector3.new(1.3500009775161743, 23.749998092651367, 1.5)
Part1589.Anchored = true
Part1589.Material = Enum.Material.Fabric
Part1590.Name = "Tree_Collision"
Part1590.Parent = Model1578
Part1590.CFrame = CFrame.new(2769.99292, 223.512421, 2420.30029, -0.0136869671, 0.115998164, 0.993155122, -0.152156636, 0.981439412, -0.116726704, -0.98826164, -0.152712762, 0.00421696203)
Part1590.Orientation = Vector3.new(6.699999809265137, 89.76000213623047, -8.8100004196167)
Part1590.Position = Vector3.new(2769.992919921875, 223.51242065429688, 2420.30029296875)
Part1590.Rotation = Vector3.new(87.93000030517578, 83.29000091552734, -96.7300033569336)
Part1590.Transparency = 1
Part1590.Size = Vector3.new(1.3500009775161743, 20.749998092651367, 1.5)
Part1590.Anchored = true
Part1590.Material = Enum.Material.Fabric
Part1591.Name = "Tree_Collision"
Part1591.Parent = Model1578
Part1591.CFrame = CFrame.new(2743.35938, 222.379822, 2489.87842, -0.00519999117, 0.0442810282, 0.999005556, 0.282040536, 0.958525181, -0.0410186648, -0.959388375, 0.281546772, -0.017473368)
Part1591.Orientation = Vector3.new(2.3499999046325684, 91, 16.399999618530273)
Part1591.Position = Vector3.new(2743.359375, 222.37982177734375, 2489.87841796875)
Part1591.Rotation = Vector3.new(113.06999969482422, 87.44000244140625, -96.69999694824219)
Part1591.Transparency = 1
Part1591.Size = Vector3.new(1.3500009775161743, 22.749998092651367, 1.5)
Part1591.Anchored = true
Part1591.Material = Enum.Material.Fabric
Part1592.Name = "Tree_Collision"
Part1592.Parent = Model1578
Part1592.CFrame = CFrame.new(2736.44116, 223.464172, 2455.50757, 0.0458719134, -0.344356447, 0.937717617, -0.111358784, 0.931092203, 0.347370923, -0.992721081, -0.120357648, 0.00436386652)
Part1592.Orientation = Vector3.new(-20.329999923706055, 89.7300033569336, -6.820000171661377)
Part1592.Position = Vector3.new(2736.441162109375, 223.46417236328125, 2455.507568359375)
Part1592.Rotation = Vector3.new(-89.27999877929688, 69.66999816894531, 82.41000366210938)
Part1592.Transparency = 1
Part1592.Size = Vector3.new(1.3500009775161743, 23.749998092651367, 1.5)
Part1592.Anchored = true
Part1592.Material = Enum.Material.Fabric
Part1593.Name = "Tree_Collision"
Part1593.Parent = Model1578
Part1593.CFrame = CFrame.new(2748.00195, 223.574158, 2447.96997, 0.0445999093, -0.0733170509, 0.996310949, -0.0940498039, 0.992565811, 0.0772515982, -0.99456799, -0.0971482694, 0.0373728909)
Part1593.Orientation = Vector3.new(-4.429999828338623, 87.8499984741211, -5.409999847412109)
Part1593.Position = Vector3.new(2748.001953125, 223.57415771484375, 2447.969970703125)
Part1593.Rotation = Vector3.new(-64.18000030517578, 85.08000183105469, 58.689998626708984)
Part1593.Transparency = 1
Part1593.Size = Vector3.new(1.3500009775161743, 23.749998092651367, 1.5)
Part1593.Anchored = true
Part1593.Material = Enum.Material.Fabric
Part1594.Name = "Tree_Collision"
Part1594.Parent = Model1578
Part1594.CFrame = CFrame.new(2757.50146, 222.876068, 2497.42627, -0.00250299578, -0.0433640592, 0.99905628, 0.180246696, 0.982676625, 0.0431046821, -0.983618319, 0.180184484, 0.00535659306)
Part1594.Orientation = Vector3.new(-2.4700000286102295, 89.69000244140625, 10.390000343322754)
Part1594.Position = Vector3.new(2757.50146484375, 222.87606811523438, 2497.42626953125)
Part1594.Rotation = Vector3.new(-82.91999816894531, 87.51000213623047, 93.30000305175781)
Part1594.Transparency = 1
Part1594.Size = Vector3.new(1.3500009775161743, 22.749998092651367, 1.5)
Part1594.Anchored = true
Part1594.Material = Enum.Material.Fabric
Model1595.Name = "??"
Model1595.Parent = Folder0
Part1596.Name = "TreeMesh Bottom"
Part1596.Parent = Model1595
Part1596.CFrame = CFrame.new(1903.57031, 233.386276, 2718.01831, -0.83246541, 0.210739419, -0.5124439, 0.243358552, 0.969932854, 0.00354396552, 0.497781187, -0.121756896, -0.858716011)
Part1596.Orientation = Vector3.new(-0.20000000298023224, -149.1699981689453, 14.079999923706055)
Part1596.Position = Vector3.new(1903.5703125, 233.3862762451172, 2718.018310546875)
Part1596.Rotation = Vector3.new(-179.75999450683594, -30.829999923706055, -165.7899932861328)
Part1596.Size = Vector3.new(8.250000953674316, 0.2499980926513672, 7)
Part1596.Anchored = true
Part1596.CanCollide = false
Part1596.Material = Enum.Material.Fabric
SpecialMesh1597.Name = "BarkMesh"
SpecialMesh1597.Parent = Part1596
SpecialMesh1597.MeshId = "rbxassetid://623621260"
SpecialMesh1597.Offset = Vector3.new(0, 3.4100000858306885, 0)
SpecialMesh1597.TextureId = "rbxassetid://623618671"
SpecialMesh1597.MeshType = Enum.MeshType.FileMesh
Part1598.Name = "TreeMeshTop"
Part1598.Parent = Model1595
Part1598.CFrame = CFrame.new(1909.92273, 262.619781, 2714.34863, -0.83246541, 0.210739419, -0.5124439, 0.243358552, 0.969932854, 0.00354396552, 0.497781187, -0.121756896, -0.858716011)
Part1598.Orientation = Vector3.new(-0.20000000298023224, -149.1699981689453, 14.079999923706055)
Part1598.Position = Vector3.new(1909.9227294921875, 262.6197814941406, 2714.3486328125)
Part1598.Rotation = Vector3.new(-179.75999450683594, -30.829999923706055, -165.7899932861328)
Part1598.Transparency = 0.05000000074505806
Part1598.Size = Vector3.new(8.250000953674316, 0.2499980926513672, 7)
Part1598.Anchored = true
Part1598.CanCollide = false
Part1598.Material = Enum.Material.Fabric
SpecialMesh1599.Name = "TopTreeMesh"
SpecialMesh1599.Parent = Part1598
SpecialMesh1599.MeshId = "rbxassetid://623621456"
SpecialMesh1599.Offset = Vector3.new(0, 3.4100000858306885, 0)
SpecialMesh1599.Scale = Vector3.new(1.600000023841858, 1.600000023841858, 1.600000023841858)
SpecialMesh1599.TextureId = "rbxassetid://745556120"
SpecialMesh1599.MeshType = Enum.MeshType.FileMesh
Part1600.Name = "Tree_Collision"
Part1600.Parent = Model1595
Part1600.CFrame = CFrame.new(1905.01135, 245.789459, 2711.47559, -0.810671628, 0.237862676, -0.535015464, 0.336003333, 0.93732059, -0.0923976079, 0.479501337, -0.254669905, -0.839777291)
Part1600.Orientation = Vector3.new(5.300000190734863, -147.5, 19.719999313354492)
Part1600.Position = Vector3.new(1905.0113525390625, 245.78945922851562, 2711.4755859375)
Part1600.Rotation = Vector3.new(173.72000122070312, -32.34000015258789, -163.64999389648438)
Part1600.Transparency = 1
Part1600.Size = Vector3.new(1.3500009775161743, 26.749998092651367, 1.5)
Part1600.Anchored = true
Part1600.Material = Enum.Material.Fabric
Part1601.Name = "Tree_Collision"
Part1601.Parent = Model1595
Part1601.CFrame = CFrame.new(1895.69446, 246.170364, 2706.63403, -0.880738497, -0.0906503424, -0.464855552, -0.0609005243, 0.995042801, -0.078654401, 0.469679594, -0.0409637168, -0.88188827)
Part1601.Orientation = Vector3.new(4.510000228881836, -152.2100067138672, -3.5)
Part1601.Position = Vector3.new(1895.6944580078125, 246.1703643798828, 2706.634033203125)
Part1601.Rotation = Vector3.new(174.89999389648438, -27.700000762939453, 174.1199951171875)
Part1601.Transparency = 1
Part1601.Size = Vector3.new(1.3500009775161743, 23.749998092651367, 1.5)
Part1601.Anchored = true
Part1601.Material = Enum.Material.Fabric
Part1602.Name = "Tree_Collision"
Part1602.Parent = Model1595
Part1602.CFrame = CFrame.new(1920.62854, 242.15799, 2705.73828, -0.806396246, 0.214038342, -0.551290393, 0.352311045, 0.922599375, -0.157140806, 0.474984139, -0.320941985, -0.819384158)
Part1602.Orientation = Vector3.new(9.039999961853027, -146.07000732421875, 20.899999618530273)
Part1602.Position = Vector3.new(1920.6285400390625, 242.15798950195312, 2705.73828125)
Part1602.Rotation = Vector3.new(169.13999938964844, -33.459999084472656, -165.1300048828125)
Part1602.Transparency = 1
Part1602.Size = Vector3.new(1.3500009775161743, 26.749998092651367, 1.5)
Part1602.Anchored = true
Part1602.Material = Enum.Material.Fabric
Part1603.Name = "Tree_Collision"
Part1603.Parent = Model1595
Part1603.CFrame = CFrame.new(1881.68958, 253.508087, 2743.29297, -0.835814893, 0.327136934, -0.440912068, 0.232514977, 0.938433349, 0.255509764, 0.497351319, 0.111039415, -0.860416174)
Part1603.Orientation = Vector3.new(-14.800000190734863, -152.8699951171875, 13.920000076293945)
Part1603.Position = Vector3.new(1881.6895751953125, 253.50808715820312, 2743.29296875)
Part1603.Rotation = Vector3.new(-163.4600067138672, -26.15999984741211, -158.6199951171875)
Part1603.Transparency = 1
Part1603.Size = Vector3.new(1.3500009775161743, 23.749998092651367, 1.5)
Part1603.Anchored = true
Part1603.Material = Enum.Material.Fabric
Part1604.Name = "Tree_Collision"
Part1604.Parent = Model1595
Part1604.CFrame = CFrame.new(1919.18518, 244.065765, 2723.40063, -0.755087495, 0.487266243, -0.438660622, 0.444691598, 0.872273028, 0.203457355, 0.481768012, -0.0414407626, -0.875320733)
Part1604.Orientation = Vector3.new(-11.739999771118164, -153.3800048828125, 27.010000228881836)
Part1604.Position = Vector3.new(1919.1851806640625, 244.06576538085938, 2723.400634765625)
Part1604.Rotation = Vector3.new(-166.91000366210938, -26.020000457763672, -147.1699981689453)
Part1604.Transparency = 1
Part1604.Size = Vector3.new(1.3500009775161743, 26.749998092651367, 1.5)
Part1604.Anchored = true
Part1604.Material = Enum.Material.Fabric
Part1605.Name = "Tree_Collision"
Part1605.Parent = Model1595
Part1605.CFrame = CFrame.new(1902.57507, 242.831253, 2694.95166, -0.861134291, 0.144978404, -0.487275749, 0.327033818, 0.891813576, -0.312606752, 0.389236569, -0.428549916, -0.815379679)
Part1605.Orientation = Vector3.new(18.219999313354492, -149.13999938964844, 20.139999389648438)
Part1605.Position = Vector3.new(1902.5750732421875, 242.8312530517578, 2694.95166015625)
Part1605.Rotation = Vector3.new(159.02000427246094, -29.15999984741211, -170.44000244140625)
Part1605.Transparency = 1
Part1605.Size = Vector3.new(1.3500009775161743, 22.749998092651367, 1.5)
Part1605.Anchored = true
Part1605.Material = Enum.Material.Fabric
Part1606.Name = "Tree_Collision"
Part1606.Parent = Model1595
Part1606.CFrame = CFrame.new(1882.01367, 251.728363, 2723.06958, -0.876701236, 0.0882375315, -0.472882062, 0.0828490257, 0.996042669, 0.0322598368, 0.473855615, -0.0108955353, -0.88053751)
Part1606.Orientation = Vector3.new(-1.850000023841858, -151.75999450683594, 4.75)
Part1606.Position = Vector3.new(1882.013671875, 251.72836303710938, 2723.069580078125)
Part1606.Rotation = Vector3.new(-177.89999389648438, -28.219999313354492, -174.25)
Part1606.Transparency = 1
Part1606.Size = Vector3.new(1.3500009775161743, 23.749998092651367, 1.5)
Part1606.Anchored = true
Part1606.Material = Enum.Material.Fabric
Part1607.Name = "Tree_Collision"
Part1607.Parent = Model1595
Part1607.CFrame = CFrame.new(1867.07007, 253.068939, 2724.47925, -0.845680654, -0.0128125548, -0.533543706, 0.0789019912, 0.985727727, -0.148731887, 0.527832389, -0.167876422, -0.83259511)
Part1607.Orientation = Vector3.new(8.550000190734863, -147.35000610351562, 4.579999923706055)
Part1607.Position = Vector3.new(1867.070068359375, 253.06893920898438, 2724.479248046875)
Part1607.Rotation = Vector3.new(169.8699951171875, -32.25, 179.1300048828125)
Part1607.Transparency = 1
Part1607.Size = Vector3.new(1.3500009775161743, 20.749998092651367, 1.5)
Part1607.Anchored = true
Part1607.Material = Enum.Material.Fabric
Part1608.Name = "Tree_Collision"
Part1608.Parent = Model1595
Part1608.CFrame = CFrame.new(1938.84167, 236.942032, 2712.62671, -0.748517036, 0.383185089, -0.541202545, 0.494376838, 0.86640209, -0.0703182966, 0.441952467, -0.320191026, -0.837949812)
Part1608.Orientation = Vector3.new(4.03000020980835, -147.13999938964844, 29.709999084472656)
Part1608.Position = Vector3.new(1938.8416748046875, 236.94203186035156, 2712.626708984375)
Part1608.Rotation = Vector3.new(175.1999969482422, -32.77000045776367, -152.88999938964844)
Part1608.Transparency = 1
Part1608.Size = Vector3.new(1.3500009775161743, 22.749998092651367, 1.5)
Part1608.Anchored = true
Part1608.Material = Enum.Material.Fabric
Part1609.Name = "Tree_Collision"
Part1609.Parent = Model1595
Part1609.CFrame = CFrame.new(1913.91528, 246.110886, 2735.53979, -0.873087704, 0.244530424, -0.421818972, 0.117560133, 0.945197642, 0.304608911, 0.473186702, 0.216359973, -0.853982866)
Part1609.Orientation = Vector3.new(-17.729999542236328, -153.7100067138672, 7.090000152587891)
Part1609.Position = Vector3.new(1913.915283203125, 246.1108856201172, 2735.539794921875)
Part1609.Rotation = Vector3.new(-160.3699951171875, -24.950000762939453, -164.35000610351562)
Part1609.Transparency = 1
Part1609.Size = Vector3.new(1.3500009775161743, 23.749998092651367, 1.5)
Part1609.Anchored = true
Part1609.Material = Enum.Material.Fabric
Part1610.Name = "Tree_Collision"
Part1610.Parent = Model1595
Part1610.CFrame = CFrame.new(1901.62781, 247.546661, 2729.41968, -0.870882928, 0.133999601, -0.472880185, 0.134864122, 0.990341544, 0.0322600305, 0.472634137, -0.0356797427, -0.880538464)
Part1610.Orientation = Vector3.new(-1.850000023841858, -151.75999450683594, 7.75)
Part1610.Position = Vector3.new(1901.6278076171875, 247.54666137695312, 2729.419677734375)
Part1610.Rotation = Vector3.new(-177.89999389648438, -28.219999313354492, -171.25)
Part1610.Transparency = 1
Part1610.Size = Vector3.new(1.3500009775161743, 23.749998092651367, 1.5)
Part1610.Anchored = true
Part1610.Material = Enum.Material.Fabric
Part1611.Name = "Tree_Collision"
Part1611.Parent = Model1595
Part1611.CFrame = CFrame.new(1937.88464, 235.208191, 2696.71216, -0.788319945, 0.348366946, -0.507149696, 0.400811762, 0.916141927, 0.0062827915, 0.46680814, -0.198317945, -0.861837685)
Part1611.Orientation = Vector3.new(-0.36000001430511475, -149.52999877929688, 23.6299991607666)
Part1611.Position = Vector3.new(1937.8846435546875, 235.20819091796875, 2696.712158203125)
Part1611.Rotation = Vector3.new(-179.5800018310547, -30.469999313354492, -156.16000366210938)
Part1611.Transparency = 1
Part1611.Size = Vector3.new(1.3500009775161743, 22.749998092651367, 1.5)
Part1611.Anchored = true
Part1611.Material = Enum.Material.Fabric
Model1612.Name = "??"
Model1612.Parent = Folder0
Part1613.Name = "TreeMesh Bottom"
Part1613.Parent = Model1612
Part1613.CFrame = CFrame.new(1747.43835, 237.998444, 2489.40161, -0.832466006, 0.210738823, -0.512444556, 0.243358374, 0.969933569, 0.00354325771, 0.497781754, -0.121757507, -0.858716011)
Part1613.Orientation = Vector3.new(-0.20000000298023224, -149.1699981689453, 14.079999923706055)
Part1613.Position = Vector3.new(1747.4383544921875, 237.99844360351562, 2489.401611328125)
Part1613.Rotation = Vector3.new(-179.75999450683594, -30.829999923706055, -165.7899932861328)
Part1613.Size = Vector3.new(8.250000953674316, 0.2499980926513672, 7)
Part1613.Anchored = true
Part1613.CanCollide = false
Part1613.Material = Enum.Material.Fabric
SpecialMesh1614.Name = "BarkMesh"
SpecialMesh1614.Parent = Part1613
SpecialMesh1614.MeshId = "rbxassetid://623621260"
SpecialMesh1614.Offset = Vector3.new(0, 3.4100000858306885, 0)
SpecialMesh1614.TextureId = "rbxassetid://623618671"
SpecialMesh1614.MeshType = Enum.MeshType.FileMesh
Part1615.Name = "TreeMeshTop"
Part1615.Parent = Model1612
Part1615.CFrame = CFrame.new(1753.79114, 267.231934, 2485.73218, -0.832466006, 0.210738823, -0.512444556, 0.243358374, 0.969933569, 0.00354325771, 0.497781754, -0.121757507, -0.858716011)
Part1615.Orientation = Vector3.new(-0.20000000298023224, -149.1699981689453, 14.079999923706055)
Part1615.Position = Vector3.new(1753.7911376953125, 267.23193359375, 2485.732177734375)
Part1615.Rotation = Vector3.new(-179.75999450683594, -30.829999923706055, -165.7899932861328)
Part1615.Transparency = 0.05000000074505806
Part1615.Size = Vector3.new(8.250000953674316, 0.2499980926513672, 7)
Part1615.Anchored = true
Part1615.CanCollide = false
Part1615.Material = Enum.Material.Fabric
SpecialMesh1616.Name = "TopTreeMesh"
SpecialMesh1616.Parent = Part1615
SpecialMesh1616.MeshId = "rbxassetid://623621456"
SpecialMesh1616.Offset = Vector3.new(0, 3.4100000858306885, 0)
SpecialMesh1616.Scale = Vector3.new(1.600000023841858, 1.600000023841858, 1.600000023841858)
SpecialMesh1616.TextureId = "rbxassetid://745556120"
SpecialMesh1616.MeshType = Enum.MeshType.FileMesh
Part1617.Name = "Tree_Collision"
Part1617.Parent = Model1612
Part1617.CFrame = CFrame.new(1748.88013, 250.401443, 2482.85889, -0.810672283, 0.237863421, -0.535015345, 0.336004436, 0.937321007, -0.092398189, 0.47950086, -0.254670888, -0.839777529)
Part1617.Orientation = Vector3.new(5.300000190734863, -147.5, 19.719999313354492)
Part1617.Position = Vector3.new(1748.880126953125, 250.4014434814453, 2482.85888671875)
Part1617.Rotation = Vector3.new(173.72000122070312, -32.34000015258789, -163.64999389648438)
Part1617.Transparency = 1
Part1617.Size = Vector3.new(1.3500009775161743, 26.749998092651367, 1.5)
Part1617.Anchored = true
Part1617.Material = Enum.Material.Fabric
Part1618.Name = "Tree_Collision"
Part1618.Parent = Model1612
Part1618.CFrame = CFrame.new(1739.56274, 250.782471, 2478.01709, -0.88073957, -0.0906504616, -0.464855254, -0.0609006919, 0.995043457, -0.0786542147, 0.469679236, -0.0409635231, -0.881888807)
Part1618.Orientation = Vector3.new(4.510000228881836, -152.2100067138672, -3.5)
Part1618.Position = Vector3.new(1739.562744140625, 250.782470703125, 2478.01708984375)
Part1618.Rotation = Vector3.new(174.89999389648438, -27.700000762939453, 174.1199951171875)
Part1618.Transparency = 1
Part1618.Size = Vector3.new(1.3500009775161743, 23.749998092651367, 1.5)
Part1618.Anchored = true
Part1618.Material = Enum.Material.Fabric
Part1619.Name = "Tree_Collision"
Part1619.Parent = Model1612
Part1619.CFrame = CFrame.new(1764.49707, 246.770035, 2477.12109, -0.8063972, 0.214039236, -0.551290035, 0.352311492, 0.922599912, -0.15714018, 0.474983871, -0.320941508, -0.819384813)
Part1619.Orientation = Vector3.new(9.039999961853027, -146.07000732421875, 20.899999618530273)
Part1619.Position = Vector3.new(1764.4970703125, 246.77003479003906, 2477.12109375)
Part1619.Rotation = Vector3.new(169.13999938964844, -33.459999084472656, -165.1300048828125)
Part1619.Transparency = 1
Part1619.Size = Vector3.new(1.3500009775161743, 26.749998092651367, 1.5)
Part1619.Anchored = true
Part1619.Material = Enum.Material.Fabric
Part1620.Name = "Tree_Collision"
Part1620.Parent = Model1612
Part1620.CFrame = CFrame.new(1725.55835, 258.120026, 2514.67554, -0.835815787, 0.327137202, -0.440911978, 0.232515484, 0.938434064, 0.255509555, 0.497351199, 0.111038983, -0.860416532)
Part1620.Orientation = Vector3.new(-14.800000190734863, -152.8699951171875, 13.920000076293945)
Part1620.Position = Vector3.new(1725.558349609375, 258.1200256347656, 2514.675537109375)
Part1620.Rotation = Vector3.new(-163.4600067138672, -26.15999984741211, -158.6199951171875)
Part1620.Transparency = 1
Part1620.Size = Vector3.new(1.3500009775161743, 23.749998092651367, 1.5)
Part1620.Anchored = true
Part1620.Material = Enum.Material.Fabric
Part1621.Name = "Tree_Collision"
Part1621.Parent = Model1612
Part1621.CFrame = CFrame.new(1763.05396, 248.67775, 2494.7832, -0.755087733, 0.487267077, -0.438660711, 0.444692403, 0.872273326, 0.203457639, 0.481768221, -0.0414410159, -0.875320911)
Part1621.Orientation = Vector3.new(-11.739999771118164, -153.3800048828125, 27.010000228881836)
Part1621.Position = Vector3.new(1763.053955078125, 248.67774963378906, 2494.783203125)
Part1621.Rotation = Vector3.new(-166.91000366210938, -26.020000457763672, -147.1699981689453)
Part1621.Transparency = 1
Part1621.Size = Vector3.new(1.3500009775161743, 26.749998092651367, 1.5)
Part1621.Anchored = true
Part1621.Material = Enum.Material.Fabric
Part1622.Name = "Tree_Collision"
Part1622.Parent = Model1612
Part1622.CFrame = CFrame.new(1746.44373, 247.44339, 2466.33521, -0.861135006, 0.144978389, -0.487275839, 0.327033997, 0.891813934, -0.312607408, 0.389236569, -0.428550452, -0.81537962)
Part1622.Orientation = Vector3.new(18.219999313354492, -149.13999938964844, 20.139999389648438)
Part1622.Position = Vector3.new(1746.4437255859375, 247.44338989257812, 2466.335205078125)
Part1622.Rotation = Vector3.new(159.02000427246094, -29.15999984741211, -170.44000244140625)
Part1622.Transparency = 1
Part1622.Size = Vector3.new(1.3500009775161743, 22.749998092651367, 1.5)
Part1622.Anchored = true
Part1622.Material = Enum.Material.Fabric
Part1623.Name = "Tree_Collision"
Part1623.Parent = Model1612
Part1623.CFrame = CFrame.new(1725.88245, 256.340363, 2494.45239, -0.876701951, 0.0882378668, -0.47288233, 0.08284951, 0.996043265, 0.0322597623, 0.473855883, -0.0108959004, -0.880537629)
Part1623.Orientation = Vector3.new(-1.850000023841858, -151.75999450683594, 4.75)
Part1623.Position = Vector3.new(1725.8824462890625, 256.3403625488281, 2494.452392578125)
Part1623.Rotation = Vector3.new(-177.89999389648438, -28.219999313354492, -174.25)
Part1623.Transparency = 1
Part1623.Size = Vector3.new(1.3500009775161743, 23.749998092651367, 1.5)
Part1623.Anchored = true
Part1623.Material = Enum.Material.Fabric
Part1624.Name = "Tree_Collision"
Part1624.Parent = Model1612
Part1624.CFrame = CFrame.new(1710.93872, 257.681, 2495.86304, -0.845681489, -0.0128124077, -0.533543646, 0.0789022222, 0.985728323, -0.148732021, 0.52783227, -0.167876661, -0.832595468)
Part1624.Orientation = Vector3.new(8.550000190734863, -147.35000610351562, 4.579999923706055)
Part1624.Position = Vector3.new(1710.938720703125, 257.6809997558594, 2495.863037109375)
Part1624.Rotation = Vector3.new(169.8699951171875, -32.25, 179.1300048828125)
Part1624.Transparency = 1
Part1624.Size = Vector3.new(1.3500009775161743, 20.749998092651367, 1.5)
Part1624.Anchored = true
Part1624.Material = Enum.Material.Fabric
Part1625.Name = "Tree_Collision"
Part1625.Parent = Model1612
Part1625.CFrame = CFrame.new(1782.71033, 241.554077, 2484.00977, -0.748517871, 0.383185387, -0.541202366, 0.494376719, 0.866402984, -0.0703179538, 0.441952527, -0.320190519, -0.83795023)
Part1625.Orientation = Vector3.new(4.03000020980835, -147.13999938964844, 29.709999084472656)
Part1625.Position = Vector3.new(1782.7103271484375, 241.5540771484375, 2484.009765625)
Part1625.Rotation = Vector3.new(175.1999969482422, -32.77000045776367, -152.88999938964844)
Part1625.Transparency = 1
Part1625.Size = Vector3.new(1.3500009775161743, 22.749998092651367, 1.5)
Part1625.Anchored = true
Part1625.Material = Enum.Material.Fabric
Part1626.Name = "Tree_Collision"
Part1626.Parent = Model1612
Part1626.CFrame = CFrame.new(1757.78406, 250.7229, 2506.92285, -0.873088479, 0.244530335, -0.42181915, 0.117559753, 0.945198178, 0.304609627, 0.473187, 0.216360629, -0.853982866)
Part1626.Orientation = Vector3.new(-17.729999542236328, -153.7100067138672, 7.090000152587891)
Part1626.Position = Vector3.new(1757.7840576171875, 250.722900390625, 2506.9228515625)
Part1626.Rotation = Vector3.new(-160.3699951171875, -24.950000762939453, -164.35000610351562)
Part1626.Transparency = 1
Part1626.Size = Vector3.new(1.3500009775161743, 23.749998092651367, 1.5)
Part1626.Anchored = true
Part1626.Material = Enum.Material.Fabric
Part1627.Name = "Tree_Collision"
Part1627.Parent = Model1612
Part1627.CFrame = CFrame.new(1745.49695, 252.158646, 2500.80273, -0.870883286, 0.134000584, -0.472880691, 0.134864971, 0.9903422, 0.0322606415, 0.472634673, -0.0356797203, -0.880538404)
Part1627.Orientation = Vector3.new(-1.850000023841858, -151.75999450683594, 7.75)
