Model2904.Name = "茂み"
Model2904.Parent = Folder0
Part2905.Name = "TreeMesh Bottom"
Part2905.Parent = Model2904
Part2905.CFrame = CFrame.new(2575.52881, 113.040695, 2115.83911, 0.742003381, -0.000835086976, 0.670395732, 0.000918728125, 0.999999583, 0.000228800782, -0.670395613, 0.000446140242, 0.742003918)
Part2905.Orientation = Vector3.new(-0.009999999776482582, 42.099998474121094, 0.05000000074505806)
Part2905.Position = Vector3.new(2575.52880859375, 113.04069519042969, 2115.839111328125)
Part2905.Rotation = Vector3.new(-0.019999999552965164, 42.099998474121094, 0.05999999865889549)
Part2905.Size = Vector3.new(8.250000953674316, 0.2499980926513672, 7)
Part2905.Anchored = true
Part2905.CanCollide = false
Part2905.Material = Enum.Material.Fabric
SpecialMesh2906.Name = "BarkMesh"
SpecialMesh2906.Parent = Part2905
SpecialMesh2906.MeshId = "rbxassetid://623621260"
SpecialMesh2906.Offset = Vector3.new(0, 3.4100000858306885, 0)
SpecialMesh2906.TextureId = "rbxassetid://623618671"
SpecialMesh2906.MeshType = Enum.MeshType.FileMesh
Part2907.Name = "TreeMeshTop"
Part2907.Parent = Model2904
Part2907.CFrame = CFrame.new(2575.50269, 143.180847, 2115.85205, 0.742003381, -0.000835086976, 0.670395732, 0.000918728125, 0.999999583, 0.000228800782, -0.670395613, 0.000446140242, 0.742003918)
Part2907.Orientation = Vector3.new(-0.009999999776482582, 42.099998474121094, 0.05000000074505806)
Part2907.Position = Vector3.new(2575.502685546875, 143.18084716796875, 2115.85205078125)
Part2907.Rotation = Vector3.new(-0.019999999552965164, 42.099998474121094, 0.05999999865889549)
Part2907.Transparency = 0.05000000074505806
Part2907.Size = Vector3.new(8.250000953674316, 0.2499980926513672, 7)
Part2907.Anchored = true
Part2907.CanCollide = false
Part2907.Material = Enum.Material.Fabric
SpecialMesh2908.Name = "TopTreeMesh"
SpecialMesh2908.Parent = Part2907
SpecialMesh2908.MeshId = "rbxassetid://623621456"
SpecialMesh2908.Offset = Vector3.new(0, 3.4100000858306885, 0)
SpecialMesh2908.Scale = Vector3.new(1.600000023841858, 1.600000023841858, 1.600000023841858)
SpecialMesh2908.TextureId = "rbxassetid://745556120"
SpecialMesh2908.MeshType = Enum.MeshType.FileMesh
Part2909.Name = "Tree_Collision"
Part2909.Parent = Model2904
Part2909.CFrame = CFrame.new(2577.75098, 126.17112, 2120.46289, 0.741694868, -0.00544235483, 0.67071557, 0.0975934565, 0.990201056, -0.0998866558, -0.663599491, 0.139542878, 0.734958172)
Part2909.Orientation = Vector3.new(5.730000019073486, 42.380001068115234, 5.630000114440918)
Part2909.Position = Vector3.new(2577.7509765625, 126.1711196899414, 2120.462890625)
Part2909.Rotation = Vector3.new(7.739999771118164, 42.119998931884766, 0.41999998688697815)
Part2909.Transparency = 1
Part2909.Size = Vector3.new(1.3500009775161743, 26.749998092651367, 1.5)
Part2909.Anchored = true
Part2909.Material = Enum.Material.Fabric
Part2910.Name = "Tree_Collision"
Part2910.Parent = Model2904
Part2910.CFrame = CFrame.new(2587.77686, 125.173691, 2123.44507, 0.738791883, 0.276832789, 0.614451289, -0.300974846, 0.951295674, -0.0667132586, -0.60299319, -0.135647148, 0.786129236)
Part2910.Orientation = Vector3.new(3.8299999237060547, 38.0099983215332, -17.559999465942383)
Part2910.Position = Vector3.new(2587.77685546875, 125.17369079589844, 2123.445068359375)
Part2910.Rotation = Vector3.new(4.849999904632568, 37.90999984741211, -20.540000915527344)
Part2910.Transparency = 1
Part2910.Size = Vector3.new(1.3500009775161743, 23.749998092651367, 1.5)
Part2910.Anchored = true
Part2910.Material = Enum.Material.Fabric
Part2911.Name = "Tree_Collision"
Part2911.Parent = Model2904
Part2911.CFrame = CFrame.new(2563.2583, 126.622444, 2129.3938, 0.741486609, 0.0284463391, 0.670364618, 0.114860162, 0.978971541, -0.168587983, -0.661063552, 0.202003911, 0.722626925)
Part2911.Orientation = Vector3.new(9.710000038146973, 42.849998474121094, 6.690000057220459)
Part2911.Position = Vector3.new(2563.25830078125, 126.62244415283203, 2129.393798828125)
Part2911.Rotation = Vector3.new(13.130000114440918, 42.099998474121094, -2.200000047683716)
Part2911.Transparency = 1
Part2911.Size = Vector3.new(1.3500009775161743, 26.749998092651367, 1.5)
Part2911.Anchored = true
Part2911.Material = Enum.Material.Fabric
Part2912.Name = "Tree_Collision"
Part2912.Parent = Model2904
Part2912.CFrame = CFrame.new(2595.01709, 124.899521, 2084.18481, 0.74333787, -0.166483864, 0.647867441, -0.0102518508, 0.965583622, 0.259890616, -0.668837786, -0.199828386, 0.716048121)
Part2912.Orientation = Vector3.new(-15.0600004196167, 42.13999938964844, -0.6100000143051147)
Part2912.Position = Vector3.new(2595.01708984375, 124.89952087402344, 2084.184814453125)
Part2912.Rotation = Vector3.new(-19.950000762939453, 40.380001068115234, 12.619999885559082)
Part2912.Transparency = 1
Part2912.Size = Vector3.new(1.3500009775161743, 23.749998092651367, 1.5)
Part2912.Anchored = true
Part2912.Material = Enum.Material.Fabric
Part2913.Name = "Tree_Collision"
Part2913.Parent = Model2904
Part2913.CFrame = CFrame.new(2561.35107, 126.024544, 2111.68237, 0.707584977, -0.301038444, 0.639296174, 0.214426294, 0.95352751, 0.211675838, -0.673309028, -0.0126967505, 0.73925221)
Part2913.Orientation = Vector3.new(-12.220000267028809, 40.849998474121094, 12.670000076293945)
Part2913.Position = Vector3.new(2561.35107421875, 126.02454376220703, 2111.682373046875)
Part2913.Rotation = Vector3.new(-15.979999542236328, 39.7400016784668, 23.049999237060547)
Part2913.Transparency = 1
Part2913.Size = Vector3.new(1.3500009775161743, 26.749998092651367, 1.5)
Part2913.Anchored = true
Part2913.Material = Enum.Material.Fabric
Part2914.Name = "Tree_Collision"
Part2914.Parent = Model2904
Part2914.CFrame = CFrame.new(2582.96216, 124.797539, 2136.5459, 0.807190418, 0.111426033, 0.579679251, 0.0892673358, 0.947686255, -0.306467205, -0.583502412, 0.299123794, 0.755016565)
Part2914.Orientation = Vector3.new(17.850000381469727, 37.52000045776367, 5.380000114440918)
Part2914.Position = Vector3.new(2582.962158203125, 124.79753875732422, 2136.5458984375)
Part2914.Rotation = Vector3.new(22.09000015258789, 35.43000030517578, -7.860000133514404)
Part2914.Transparency = 1
Part2914.Size = Vector3.new(1.3500009775161743, 22.749998092651367, 1.5)
Part2914.Anchored = true
Part2914.Material = Enum.Material.Fabric
Part2915.Name = "Tree_Collision"
Part2915.Parent = Model2904
Part2915.CFrame = CFrame.new(2598.552, 125.69796, 2104.1626, 0.760231256, 0.0988310426, 0.642091274, -0.1611754, 0.986153245, 0.0390411764, -0.629341841, -0.133169621, 0.765633583)
Part2915.Orientation = Vector3.new(-2.240000009536743, 39.97999954223633, -9.279999732971191)
Part2915.Position = Vector3.new(2598.552001953125, 125.69795989990234, 2104.16259765625)
Part2915.Rotation = Vector3.new(-2.9200000762939453, 39.95000076293945, -7.409999847412109)
Part2915.Transparency = 1
Part2915.Size = Vector3.new(1.3500009775161743, 23.749998092651367, 1.5)
Part2915.Anchored = true
Part2915.Material = Enum.Material.Fabric
Part2916.Name = "Tree_Collision"
Part2916.Parent = Model2904
Part2916.CFrame = CFrame.new(2612.87231, 123.691193, 2099.91919, 0.718558371, 0.226474509, 0.65755862, -0.165053487, 0.974012733, -0.155101746, -0.675596952, 0.00291731954, 0.737265408)
Part2916.Orientation = Vector3.new(8.920000076293945, 41.72999954223633, -9.619999885559082)
Part2916.Position = Vector3.new(2612.872314453125, 123.69119262695312, 2099.919189453125)
Part2916.Rotation = Vector3.new(11.880000114440918, 41.11000061035156, -17.489999771118164)
Part2916.Transparency = 1
Part2916.Size = Vector3.new(1.3500009775161743, 20.749998092651367, 1.5)
Part2916.Anchored = true
Part2916.Material = Enum.Material.Fabric
Part2917.Name = "Tree_Collision"
Part2917.Parent = Model2904
Part2917.CFrame = CFrame.new(2543.37769, 124.547447, 2126.78149, 0.71852845, -0.144560307, 0.680308342, 0.268844038, 0.959856868, -0.079985559, -0.641435862, 0.240368709, 0.728548646)
Part2917.Orientation = Vector3.new(4.590000152587891, 43.040000915527344, 15.649999618530273)
Part2917.Position = Vector3.new(2543.377685546875, 124.54744720458984, 2126.781494140625)
Part2917.Rotation = Vector3.new(6.269999980926514, 42.869998931884766, 11.380000114440918)
Part2917.Transparency = 1
Part2917.Size = Vector3.new(1.3500009775161743, 22.749998092651367, 1.5)
Part2917.Anchored = true
Part2917.Material = Enum.Material.Fabric
Part2918.Name = "Tree_Collision"
Part2918.Parent = Model2904
Part2918.CFrame = CFrame.new(2564.28662, 125.427811, 2098.6311, 0.76321733, -0.107553333, 0.637127757, -0.126661971, 0.942014515, 0.310749948, -0.633605719, -0.317869604, 0.705338836)
Part2918.Orientation = Vector3.new(-18.100000381469727, 42.09000015258789, -7.659999847412109)
Part2918.Position = Vector3.new(2564.28662109375, 125.42781066894531, 2098.631103515625)
Part2918.Rotation = Vector3.new(-23.780000686645508, 39.58000183105469, 8.020000457763672)
Part2918.Transparency = 1
Part2918.Size = Vector3.new(1.3500009775161743, 23.749998092651367, 1.5)
Part2918.Anchored = true
Part2918.Material = Enum.Material.Fabric
Part2919.Name = "Tree_Collision"
Part2919.Parent = Model2904
Part2919.CFrame = CFrame.new(2577.62354, 124.985725, 2102.15698, 0.764362693, 0.0589072704, 0.642090142, -0.109343149, 0.993237019, 0.0390427634, -0.635447681, -0.100051001, 0.765634477)
Part2919.Orientation = Vector3.new(-2.240000009536743, 39.97999954223633, -6.28000020980835)
Part2919.Position = Vector3.new(2577.62353515625, 124.98572540283203, 2102.156982421875)
Part2919.Rotation = Vector3.new(-2.9200000762939453, 39.95000076293945, -4.409999847412109)
Part2919.Transparency = 1
Part2919.Size = Vector3.new(1.3500009775161743, 23.749998092651367, 1.5)
Part2919.Anchored = true
Part2919.Material = Enum.Material.Fabric
Part2920.Name = "Tree_Collision"
Part2920.Parent = Model2904
Part2920.CFrame = CFrame.new(2547.26367, 124.598053, 2142.34155, 0.734627247, -0.127160281, 0.666448236, 0.166699991, 0.985997975, 0.00437756209, -0.65767324, 0.107881039, 0.745538592)
Part2920.Orientation = Vector3.new(-0.25, 41.790000915527344, 9.600000381469727)
Part2920.Position = Vector3.new(2547.263671875, 124.59805297851562, 2142.341552734375)
Part2920.Rotation = Vector3.new(-0.3400000035762787, 41.790000915527344, 9.819999694824219)
Part2920.Transparency = 1
Part2920.Size = Vector3.new(1.3500009775161743, 22.749998092651367, 1.5)
Part2920.Anchored = true
Part2920.Material = Enum.Material.Fabric
Model2921.Name = "茂み"
Model2921.Parent = Folder0
Part2922.Name = "TreeMesh Bottom"
Part2922.Parent = Model2921
Part2922.CFrame = CFrame.new(2676.75464, 112.585213, 1995.35681, 0.670398116, -0.000835116196, -0.742001355, 0.000228768709, 0.999999583, -0.000918798323, 0.742001891, 0.0004462137, 0.670397878)
Part2922.Orientation = Vector3.new(0.05000000074505806, -47.900001525878906, 0.009999999776482582)
Part2922.Position = Vector3.new(2676.754638671875, 112.58521270751953, 1995.3568115234375)
Part2922.Rotation = Vector3.new(0.07999999821186066, -47.900001525878906, 0.07000000029802322)
Part2922.Size = Vector3.new(8.250000953674316, 0.2499980926513672, 7)
Part2922.Anchored = true
Part2922.CanCollide = false
Part2922.Material = Enum.Material.Fabric
SpecialMesh2923.Name = "BarkMesh"
SpecialMesh2923.Parent = Part2922
SpecialMesh2923.MeshId = "rbxassetid://623621260"
SpecialMesh2923.Offset = Vector3.new(0, 3.4100000858306885, 0)
SpecialMesh2923.TextureId = "rbxassetid://623618671"
SpecialMesh2923.MeshType = Enum.MeshType.FileMesh
Part2924.Name = "TreeMeshTop"
Part2924.Parent = Model2921
Part2924.CFrame = CFrame.new(2676.729, 142.72525, 1995.36951, 0.670398116, -0.000835116196, -0.742001355, 0.000228768709, 0.999999583, -0.000918798323, 0.742001891, 0.0004462137, 0.670397878)
Part2924.Orientation = Vector3.new(0.05000000074505806, -47.900001525878906, 0.009999999776482582)
Part2924.Position = Vector3.new(2676.72900390625, 142.72525024414062, 1995.3695068359375)
Part2924.Rotation = Vector3.new(0.07999999821186066, -47.900001525878906, 0.07000000029802322)
Part2924.Transparency = 0.05000000074505806
Part2924.Size = Vector3.new(8.250000953674316, 0.2499980926513672, 7)
Part2924.Anchored = true
Part2924.CanCollide = false
Part2924.Material = Enum.Material.Fabric
SpecialMesh2925.Name = "TopTreeMesh"
SpecialMesh2925.Parent = Part2924
SpecialMesh2925.MeshId = "rbxassetid://623621456"
SpecialMesh2925.Offset = Vector3.new(0, 3.4100000858306885, 0)
SpecialMesh2925.Scale = Vector3.new(1.600000023841858, 1.600000023841858, 1.600000023841858)
SpecialMesh2925.TextureId = "rbxassetid://745556120"
SpecialMesh2925.MeshType = Enum.MeshType.FileMesh
Part2926.Name = "Tree_Collision"
Part2926.Parent = Model2921
Part2926.CFrame = CFrame.new(2672.12573, 125.710938, 1997.59607, 0.663565099, -0.139927834, -0.73491621, 0.0969014764, 0.990152895, -0.101031281, 0.74181658, -0.00417365134, 0.670590103)
Part2926.Orientation = Vector3.new(5.800000190734863, -47.619998931884766, 5.590000152587891)
Part2926.Position = Vector3.new(2672.125732421875, 125.7109375, 1997.5960693359375)
Part2926.Rotation = Vector3.new(8.569999694824219, -47.29999923706055, 11.90999984741211)
Part2926.Transparency = 1
Part2926.Size = Vector3.new(1.3500009775161743, 26.749998092651367, 1.5)
Part2926.Anchored = true
Part2926.Material = Enum.Material.Fabric
Part2927.Name = "Tree_Collision"
Part2927.Parent = Model2921
Part2927.CFrame = CFrame.new(2669.1438, 124.699463, 2007.62061, 0.603112578, 0.135278374, -0.786101282, -0.301687628, 0.950992465, -0.067806676, 0.738403678, 0.278052121, 0.614367306)
Part2927.Orientation = Vector3.new(3.890000104904175, -51.9900016784668, -17.600000381469727)
Part2927.Position = Vector3.new(2669.143798828125, 124.699462890625, 2007.62060546875)
Part2927.Rotation = Vector3.new(6.300000190734863, -51.81999969482422, -12.640000343322754)
Part2927.Transparency = 1
Part2927.Size = Vector3.new(1.3500009775161743, 23.749998092651367, 1.5)
Part2927.Anchored = true
Part2927.Material = Enum.Material.Fabric
Part2928.Name = "Tree_Collision"
Part2928.Parent = Model2921
Part2928.CFrame = CFrame.new(2663.19434, 126.177315, 1983.1051, 0.661022305, -0.202386141, -0.722557664, 0.114167482, 0.978855252, -0.169729695, 0.741630256, 0.0297024921, 0.670150995)
Part2928.Orientation = Vector3.new(9.770000457763672, -47.150001525878906, 6.650000095367432)
Part2928.Position = Vector3.new(2663.1943359375, 126.17731475830078, 1983.1051025390625)
Part2928.Rotation = Vector3.new(14.210000038146973, -46.27000045776367, 17.020000457763672)
Part2928.Transparency = 1
Part2928.Size = Vector3.new(1.3500009775161743, 26.749998092651367, 1.5)
Part2928.Anchored = true
Part2928.Material = Enum.Material.Fabric
Part2929.Name = "Tree_Collision"
Part2929.Parent = Model2921
Part2929.CFrame = CFrame.new(2708.40381, 124.431297, 2014.86011, 0.668845236, 0.199452877, -0.716145813, -0.0109441504, 0.96587342, 0.258782923, 0.7433213, -0.165248096, 0.648202658)
Part2929.Orientation = Vector3.new(-15, -47.849998474121094, -0.6499999761581421)
Part2929.Position = Vector3.new(2708.40380859375, 124.4312973022461, 2014.860107421875)
Part2929.Rotation = Vector3.new(-21.760000228881836, -45.7400016784668, -16.600000381469727)
Part2929.Transparency = 1
Part2929.Size = Vector3.new(1.3500009775161743, 23.749998092651367, 1.5)
Part2929.Anchored = true
Part2929.Material = Enum.Material.Fabric
Part2930.Name = "Tree_Collision"
Part2930.Parent = Model2921
Part2930.CFrame = CFrame.new(2680.90625, 125.588776, 1981.19568, 0.673228979, 0.0123249143, -0.739331424, 0.213781983, 0.953916848, 0.210570201, 0.707856059, -0.299817741, 0.639569581)
Part2930.Orientation = Vector3.new(-12.15999984741211, -49.13999938964844, 12.630000114440918)
Part2930.Position = Vector3.new(2680.90625, 125.58877563476562, 1981.1956787109375)
Part2930.Rotation = Vector3.new(-18.219999313354492, -47.66999816894531, -1.0499999523162842)
Part2930.Transparency = 1
Part2930.Size = Vector3.new(1.3500009775161743, 26.749998092651367, 1.5)
Part2930.Anchored = true
Part2930.Material = Enum.Material.Fabric
Part2931.Name = "Tree_Collision"
Part2931.Parent = Model2921
Part2931.CFrame = CFrame.new(2656.04297, 124.324402, 2002.80554, 0.583470941, -0.299493253, -0.754894495, 0.0884603262, 0.947425783, -0.307504714, 0.807302117, 0.112641811, 0.579288542)
Part2931.Orientation = Vector3.new(17.90999984741211, -52.5, 5.329999923706055)
Part2931.Position = Vector3.new(2656.04296875, 124.32440185546875, 2002.8055419921875)
Part2931.Rotation = Vector3.new(27.959999084472656, -49.02000045776367, 27.170000076293945)
Part2931.Transparency = 1
Part2931.Size = Vector3.new(1.3500009775161743, 22.749998092651367, 1.5)
Part2931.Anchored = true
Part2931.Material = Enum.Material.Fabric
Part2932.Name = "Tree_Collision"
Part2932.Parent = Model2921
Part2932.CFrame = CFrame.new(2688.42676, 125.217392, 2018.39624, 0.629407167, 0.13278687, -0.765646517, -0.161905065, 0.986077368, 0.0379208289, 0.760022223, 0.100094415, 0.642143011)
Part2932.Orientation = Vector3.new(-2.1700000762939453, -50.0099983215332, -9.319999694824219)
Part2932.Position = Vector3.new(2688.4267578125, 125.21739196777344, 2018.396240234375)
Part2932.Rotation = Vector3.new(-3.380000114440918, -49.959999084472656, -11.90999984741211)
Part2932.Transparency = 1
Part2932.Size = Vector3.new(1.3500009775161743, 23.749998092651367, 1.5)
Part2932.Anchored = true
Part2932.Material = Enum.Material.Fabric
Part2933.Name = "Tree_Collision"
Part2933.Parent = Model2921
Part2933.CFrame = CFrame.new(2692.66943, 123.19397, 2032.71387, 0.675664723, -0.0032954514, -0.73720181, -0.165711731, 0.973720193, -0.156231821, 0.718343377, 0.22772333, 0.657362223)
Part2933.Orientation = Vector3.new(8.989999771118164, -48.279998779296875, -9.65999984741211)
Part2933.Position = Vector3.new(2692.66943359375, 123.1939697265625, 2032.7138671875)
Part2933.Rotation = Vector3.new(13.369999885559082, -47.4900016784668, 0.2800000011920929)
Part2933.Transparency = 1
Part2933.Size = Vector3.new(1.3500009775161743, 20.749998092651367, 1.5)
Part2933.Anchored = true
Part2933.Material = Enum.Material.Fabric
Part2934.Name = "Tree_Collision"
Part2934.Parent = Model2921
Part2934.CFrame = CFrame.new(2665.80811, 124.128845, 1963.22144, 0.641333818, -0.240743682, -0.728514731, 0.268173665, 0.959947407, -0.081140995, 0.718869984, -0.143330038, 0.680207729)
Part2934.Orientation = Vector3.new(4.650000095367432, -46.959999084472656, 15.609999656677246)
Part2934.Position = Vector3.new(2665.80810546875, 124.12884521484375, 1963.221435546875)
Part2934.Rotation = Vector3.new(6.800000190734863, -46.7599983215332, 20.579999923706055)
Part2934.Transparency = 1
Part2934.Size = Vector3.new(1.3500009775161743, 22.749998092651367, 1.5)
Part2934.Anchored = true
Part2934.Material = Enum.Material.Fabric
Part2935.Name = "Tree_Collision"
Part2935.Parent = Model2921
Part2935.CFrame = CFrame.new(2693.95776, 124.99334, 1984.13123, 0.63365829, 0.317503899, -0.705456376, -0.127393752, 0.94227457, 0.309660196, 0.763051867, -0.106348023, 0.637528181)
Part2935.Orientation = Vector3.new(-18.040000915527344, -47.900001525878906, -7.699999809265137)
Part2935.Position = Vector3.new(2693.957763671875, 124.99333953857422, 1984.1312255859375)
Part2935.Rotation = Vector3.new(-25.90999984741211, -44.869998931884766, -26.610000610351562)
Part2935.Transparency = 1
Part2935.Size = Vector3.new(1.3500009775161743, 23.749998092651367, 1.5)
Part2935.Anchored = true
Part2935.Material = Enum.Material.Fabric
Part2936.Name = "Tree_Collision"
Part2936.Parent = Model2921
Part2936.CFrame = CFrame.new(2690.43286, 124.532814, 1997.46643, 0.635492861, 0.0996651202, -0.765647411, -0.110076621, 0.993199408, 0.0379214138, 0.764220059, 0.0601811036, 0.642141819)
Part2936.Orientation = Vector3.new(-2.1700000762939453, -50.0099983215332, -6.320000171661377)
Part2936.Position = Vector3.new(2690.432861328125, 124.5328140258789, 1997.4664306640625)
Part2936.Rotation = Vector3.new(-3.380000114440918, -49.959999084472656, -8.90999984741211)
Part2936.Transparency = 1
Part2936.Size = Vector3.new(1.3500009775161743, 23.749998092651367, 1.5)
Part2936.Anchored = true
Part2936.Material = Enum.Material.Fabric
Part2937.Name = "Tree_Collision"
Part2937.Parent = Model2921
Part2937.CFrame = CFrame.new(2650.24854, 124.168442, 1967.10742, 0.657611012, -0.108265996, -0.745537639, 0.166014746, 0.986117959, 0.0032326784, 0.734838009, -0.125896096, 0.666455746)
Part2937.Orientation = Vector3.new(-0.1899999976158142, -48.209999084472656, 9.5600004196167)
Part2937.Position = Vector3.new(2650.24853515625, 124.16844177246094, 1967.107421875)
Part2937.Rotation = Vector3.new(-0.2800000011920929, -48.209999084472656, 9.350000381469727)
Part2937.Transparency = 1
Part2937.Size = Vector3.new(1.3500009775161743, 22.749998092651367, 1.5)
Part2937.Anchored = true
Part2937.Material = Enum.Material.Fabric
Model2938.Name = "茂み"
Model2938.Parent = Folder0
Part2939.Name = "TreeMesh Bottom"
Part2939.Parent = Model2938
Part2939.CFrame = CFrame.new(2639.07471, 112.527466, 2054.14917, 0.670397997, -0.000835171668, -0.742001355, 0.000228416611, 0.999999583, -0.000919191167, 0.742001832, 0.000446738326, 0.670397878)
Part2939.Orientation = Vector3.new(0.05000000074505806, -47.900001525878906, 0.009999999776482582)
Part2939.Position = Vector3.new(2639.07470703125, 112.5274658203125, 2054.149169921875)
Part2939.Rotation = Vector3.new(0.07999999821186066, -47.900001525878906, 0.07000000029802322)
Part2939.Size = Vector3.new(8.250000953674316, 0.2499980926513672, 7)
Part2939.Anchored = true
Part2939.CanCollide = false
Part2939.Material = Enum.Material.Fabric
SpecialMesh2940.Name = "BarkMesh"
SpecialMesh2940.Parent = Part2939
SpecialMesh2940.MeshId = "rbxassetid://623621260"
SpecialMesh2940.Offset = Vector3.new(0, 3.4100000858306885, 0)
SpecialMesh2940.TextureId = "rbxassetid://623618671"
SpecialMesh2940.MeshType = Enum.MeshType.FileMesh
Part2941.Name = "TreeMeshTop"
Part2941.Parent = Model2938
Part2941.CFrame = CFrame.new(2639.04956, 142.667572, 2054.16138, 0.670397997, -0.000835171668, -0.742001355, 0.000228416611, 0.999999583, -0.000919191167, 0.742001832, 0.000446738326, 0.670397878)
Part2941.Orientation = Vector3.new(0.05000000074505806, -47.900001525878906, 0.009999999776482582)
Part2941.Position = Vector3.new(2639.049560546875, 142.66757202148438, 2054.161376953125)
Part2941.Rotation = Vector3.new(0.07999999821186066, -47.900001525878906, 0.07000000029802322)
Part2941.Transparency = 0.05000000074505806
Part2941.Size = Vector3.new(8.250000953674316, 0.2499980926513672, 7)
Part2941.Anchored = true
Part2941.CanCollide = false
Part2941.Material = Enum.Material.Fabric
SpecialMesh2942.Name = "TopTreeMesh"
SpecialMesh2942.Parent = Part2941
SpecialMesh2942.MeshId = "rbxassetid://623621456"
SpecialMesh2942.Offset = Vector3.new(0, 3.4100000858306885, 0)
SpecialMesh2942.Scale = Vector3.new(1.600000023841858, 1.600000023841858, 1.600000023841858)
SpecialMesh2942.TextureId = "rbxassetid://745556120"
SpecialMesh2942.MeshType = Enum.MeshType.FileMesh
Part2943.Name = "Tree_Collision"
Part2943.Parent = Model2938
Part2943.CFrame = CFrame.new(2634.44604, 125.653175, 2056.38818, 0.663564205, -0.139928311, -0.734916866, 0.0969015956, 0.990152836, -0.101031803, 0.741817236, -0.00417353585, 0.670589209)
Part2943.Orientation = Vector3.new(5.800000190734863, -47.619998931884766, 5.590000152587891)
Part2943.Position = Vector3.new(2634.446044921875, 125.6531753540039, 2056.38818359375)
Part2943.Rotation = Vector3.new(8.569999694824219, -47.29999923706055, 11.90999984741211)
Part2943.Transparency = 1
Part2943.Size = Vector3.new(1.3500009775161743, 26.749998092651367, 1.5)
Part2943.Anchored = true
Part2943.Material = Enum.Material.Fabric
Part2944.Name = "Tree_Collision"
Part2944.Parent = Model2938
Part2944.CFrame = CFrame.new(2631.46411, 124.641754, 2066.41284, 0.603112578, 0.135278746, -0.786101222, -0.301687628, 0.950992525, -0.0678061768, 0.738403738, 0.278051794, 0.614367485)
Part2944.Orientation = Vector3.new(3.890000104904175, -51.9900016784668, -17.600000381469727)
Part2944.Position = Vector3.new(2631.464111328125, 124.64175415039062, 2066.412841796875)
Part2944.Rotation = Vector3.new(6.300000190734863, -51.81999969482422, -12.640000343322754)
Part2944.Transparency = 1
Part2944.Size = Vector3.new(1.3500009775161743, 23.749998092651367, 1.5)
Part2944.Anchored = true
Part2944.Material = Enum.Material.Fabric
Part2945.Name = "Tree_Collision"
Part2945.Parent = Model2938
Part2945.CFrame = CFrame.new(2625.51538, 126.119614, 2041.89661, 0.66102159, -0.202385351, -0.722558558, 0.114167176, 0.978855371, -0.16972886, 0.741630971, 0.0297019407, 0.670150399)
Part2945.Orientation = Vector3.new(9.770000457763672, -47.15999984741211, 6.650000095367432)
Part2945.Position = Vector3.new(2625.515380859375, 126.11961364746094, 2041.8966064453125)
Part2945.Rotation = Vector3.new(14.210000038146973, -46.27000045776367, 17.020000457763672)
Part2945.Transparency = 1
Part2945.Size = Vector3.new(1.3500009775161743, 26.749998092651367, 1.5)
Part2945.Anchored = true
Part2945.Material = Enum.Material.Fabric
Part2946.Name = "Tree_Collision"
Part2946.Parent = Model2938
Part2946.CFrame = CFrame.new(2670.72388, 124.373558, 2073.65259, 0.6688447, 0.19945246, -0.71614635, -0.0109438123, 0.965873539, 0.258782506, 0.743321776, -0.165247947, 0.648202181)
Part2946.Orientation = Vector3.new(-15, -47.849998474121094, -0.6499999761581421)
Part2946.Position = Vector3.new(2670.723876953125, 124.3735580444336, 2073.652587890625)
Part2946.Rotation = Vector3.new(-21.760000228881836, -45.7400016784668, -16.600000381469727)
Part2946.Transparency = 1
Part2946.Size = Vector3.new(1.3500009775161743, 23.749998092651367, 1.5)
Part2946.Anchored = true
Part2946.Material = Enum.Material.Fabric
Part2947.Name = "Tree_Collision"
Part2947.Parent = Model2938
Part2947.CFrame = CFrame.new(2643.22607, 125.531036, 2039.98816, 0.673228502, 0.0123245791, -0.739331901, 0.213782206, 0.953916967, 0.21056971, 0.707856417, -0.299817562, 0.639569223)
Part2947.Orientation = Vector3.new(-12.15999984741211, -49.13999938964844, 12.630000114440918)
Part2947.Position = Vector3.new(2643.22607421875, 125.53103637695312, 2039.9881591796875)
Part2947.Rotation = Vector3.new(-18.219999313354492, -47.66999816894531, -1.0499999523162842)
Part2947.Transparency = 1
Part2947.Size = Vector3.new(1.3500009775161743, 26.749998092651367, 1.5)
Part2947.Anchored = true
Part2947.Material = Enum.Material.Fabric
Part2948.Name = "Tree_Collision"
Part2948.Parent = Model2938
Part2948.CFrame = CFrame.new(2618.36328, 124.266693, 2061.59766, 0.583470345, -0.299493372, -0.754894912, 0.0884607062, 0.947425842, -0.307504535, 0.807302475, 0.112641223, 0.579288304)
Part2948.Orientation = Vector3.new(17.90999984741211, -52.5, 5.329999923706055)
Part2948.Position = Vector3.new(2618.36328125, 124.26669311523438, 2061.59765625)
Part2948.Rotation = Vector3.new(27.959999084472656, -49.02000045776367, 27.170000076293945)
Part2948.Transparency = 1
Part2948.Size = Vector3.new(1.3500009775161743, 22.749998092651367, 1.5)
Part2948.Anchored = true
Part2948.Material = Enum.Material.Fabric
Part2949.Name = "Tree_Collision"
Part2949.Parent = Model2938
Part2949.CFrame = CFrame.new(2650.74609, 125.159691, 2077.18848, 0.629407167, 0.132786959, -0.765646458, -0.161905333, 0.986077428, 0.0379206985, 0.760022163, 0.100094691, 0.64214313)
Part2949.Orientation = Vector3.new(-2.1700000762939453, -50.0099983215332, -9.319999694824219)
Part2949.Position = Vector3.new(2650.74609375, 125.1596908569336, 2077.1884765625)
Part2949.Rotation = Vector3.new(-3.380000114440918, -49.959999084472656, -11.90999984741211)
Part2949.Transparency = 1
Part2949.Size = Vector3.new(1.3500009775161743, 23.749998092651367, 1.5)
Part2949.Anchored = true
Part2949.Material = Enum.Material.Fabric
Part2950.Name = "Tree_Collision"
Part2950.Parent = Model2938
Part2950.CFrame = CFrame.new(2654.9895, 123.136253, 2091.5061, 0.675664306, -0.00329566002, -0.737202168, -0.165711492, 0.973720253, -0.156231746, 0.718343735, 0.227723062, 0.657361865)
Part2950.Orientation = Vector3.new(8.989999771118164, -48.279998779296875, -9.65999984741211)
Part2950.Position = Vector3.new(2654.989501953125, 123.1362533569336, 2091.506103515625)
Part2950.Rotation = Vector3.new(13.369999885559082, -47.4900016784668, 0.2800000011920929)
Part2950.Transparency = 1
Part2950.Size = Vector3.new(1.3500009775161743, 20.749998092651367, 1.5)
Part2950.Anchored = true
Part2950.Material = Enum.Material.Fabric
Part2951.Name = "Tree_Collision"
Part2951.Parent = Model2938
Part2951.CFrame = CFrame.new(2628.12817, 124.071114, 2022.01257, 0.64133364, -0.240743324, -0.72851491, 0.268173337, 0.959947407, -0.0811409131, 0.718870163, -0.143329918, 0.680207491)
Part2951.Orientation = Vector3.new(4.650000095367432, -46.959999084472656, 15.609999656677246)
Part2951.Position = Vector3.new(2628.128173828125, 124.07111358642578, 2022.0125732421875)
Part2951.Rotation = Vector3.new(6.800000190734863, -46.7599983215332, 20.579999923706055)
Part2951.Transparency = 1
Part2951.Size = Vector3.new(1.3500009775161743, 22.749998092651367, 1.5)
Part2951.Anchored = true
Part2951.Material = Enum.Material.Fabric
Part2952.Name = "Tree_Collision"
Part2952.Parent = Model2938
Part2952.CFrame = CFrame.new(2656.27808, 124.9356, 2042.92297, 0.633657932, 0.317503691, -0.705456853, -0.127393678, 0.94227469, 0.309659898, 0.763052285, -0.106347695, 0.637527704)
Part2952.Orientation = Vector3.new(-18.040000915527344, -47.900001525878906, -7.699999809265137)
Part2952.Position = Vector3.new(2656.278076171875, 124.93560028076172, 2042.9229736328125)
Part2952.Rotation = Vector3.new(-25.90999984741211, -44.869998931884766, -26.610000610351562)
Part2952.Transparency = 1
Part2952.Size = Vector3.new(1.3500009775161743, 23.749998092651367, 1.5)
Part2952.Anchored = true
Part2952.Material = Enum.Material.Fabric
Part2953.Name = "Tree_Collision"
Part2953.Parent = Model2938
Part2953.CFrame = CFrame.new(2652.75244, 124.47509, 2056.25854, 0.635492802, 0.0996650606, -0.765647471, -0.110075839, 0.993199468, 0.0379219912, 0.764220119, 0.0601801388, 0.642141819)
Part2953.Orientation = Vector3.new(-2.1700000762939453, -50.0099983215332, -6.320000171661377)
Part2953.Position = Vector3.new(2652.75244140625, 124.47509002685547, 2056.258544921875)
Part2953.Rotation = Vector3.new(-3.380000114440918, -49.959999084472656, -8.90999984741211)
Part2953.Transparency = 1
Part2953.Size = Vector3.new(1.3500009775161743, 23.749998092651367, 1.5)
Part2953.Anchored = true
Part2953.Material = Enum.Material.Fabric
Part2954.Name = "Tree_Collision"
Part2954.Parent = Model2938
Part2954.CFrame = CFrame.new(2612.56812, 124.110687, 2025.89929, 0.657610834, -0.108265668, -0.745537937, 0.166014835, 0.986117959, 0.00323314522, 0.734838307, -0.125896499, 0.666455507)
Part2954.Orientation = Vector3.new(-0.1899999976158142, -48.209999084472656, 9.5600004196167)
Part2954.Position = Vector3.new(2612.568115234375, 124.11068725585938, 2025.8992919921875)
Part2954.Rotation = Vector3.new(-0.2800000011920929, -48.209999084472656, 9.350000381469727)
Part2954.Transparency = 1
Part2954.Size = Vector3.new(1.3500009775161743, 22.749998092651367, 1.5)
Part2954.Anchored = true
Part2954.Material = Enum.Material.Fabric
Model2955.Name = "茂み"
Model2955.Parent = Folder0
Part2956.Name = "TreeMesh Bottom"
Part2956.Parent = Model2955
Part2956.CFrame = CFrame.new(2749.14575, 113.273033, 1920.01086, 0.858077645, -0.000834868173, -0.513519466, 0.000487434037, 0.999999583, -0.000811286503, 0.513519824, 0.000445839833, 0.858077765)
Part2956.Orientation = Vector3.new(0.05000000074505806, -30.899999618530273, 0.029999999329447746)
Part2956.Position = Vector3.new(2749.145751953125, 113.27303314208984, 1920.0108642578125)
Part2956.Rotation = Vector3.new(0.05000000074505806, -30.899999618530273, 0.05999999865889549)
Part2956.Size = Vector3.new(8.250000953674316, 0.2499980926513672, 7)
Part2956.Anchored = true
Part2956.CanCollide = false
Part2956.Material = Enum.Material.Fabric
SpecialMesh2957.Name = "BarkMesh"
SpecialMesh2957.Parent = Part2956
SpecialMesh2957.MeshId = "rbxassetid://623621260"
SpecialMesh2957.Offset = Vector3.new(0, 3.4100000858306885, 0)
SpecialMesh2957.TextureId = "rbxassetid://623618671"
SpecialMesh2957.MeshType = Enum.MeshType.FileMesh
Part2958.Name = "TreeMeshTop"
Part2958.Parent = Model2955
Part2958.CFrame = CFrame.new(2749.12061, 143.413101, 1920.02319, 0.858077645, -0.000834868173, -0.513519466, 0.000487434037, 0.999999583, -0.000811286503, 0.513519824, 0.000445839833, 0.858077765)
Part2958.Orientation = Vector3.new(0.05000000074505806, -30.899999618530273, 0.029999999329447746)
Part2958.Position = Vector3.new(2749.12060546875, 143.41310119628906, 1920.023193359375)
Part2958.Rotation = Vector3.new(0.05000000074505806, -30.899999618530273, 0.05999999865889549)
Part2958.Transparency = 0.05000000074505806
Part2958.Size = Vector3.new(8.250000953674316, 0.2499980926513672, 7)
Part2958.Anchored = true
Part2958.CanCollide = false
Part2958.Material = Enum.Material.Fabric
SpecialMesh2959.Name = "TopTreeMesh"
SpecialMesh2959.Parent = Part2958
SpecialMesh2959.MeshId = "rbxassetid://623621456"
SpecialMesh2959.Offset = Vector3.new(0, 3.4100000858306885, 0)
SpecialMesh2959.Scale = Vector3.new(1.600000023841858, 1.600000023841858, 1.600000023841858)
SpecialMesh2959.TextureId = "rbxassetid://745556120"
SpecialMesh2959.MeshType = Enum.MeshType.FileMesh
Part2960.Name = "Tree_Collision"
Part2960.Parent = Model2955
Part2960.CFrame = CFrame.new(2745.37231, 126.398895, 1923.50244, 0.851473093, -0.135196134, -0.506671488, 0.0971585661, 0.99013865, -0.100923486, 0.515319586, 0.0367061459, 0.856211901)
Part2960.Orientation = Vector3.new(5.789999961853027, -30.6200008392334, 5.599999904632568)
Part2960.Position = Vector3.new(2745.372314453125, 126.39889526367188, 1923.50244140625)
Part2960.Rotation = Vector3.new(6.71999979019165, -30.440000534057617, 9.020000457763672)
Part2960.Transparency = 1
Part2960.Size = Vector3.new(1.3500009775161743, 26.749998092651367, 1.5)
Part2960.Anchored = true
Part2960.Material = Enum.Material.Fabric
Part2961.Name = "Tree_Collision"
Part2961.Parent = Model2955
Part2961.CFrame = CFrame.new(2745.45215, 125.389832, 1933.96094, 0.792732477, 0.210517451, -0.572064638, -0.301435769, 0.951078713, -0.0677183196, 0.529822707, 0.226123273, 0.817408442)
Part2961.Orientation = Vector3.new(3.880000114440918, -34.9900016784668, -17.59000015258789)
Part2961.Position = Vector3.new(2745.4521484375, 125.38983154296875, 1933.9609375)
Part2961.Rotation = Vector3.new(4.739999771118164, -34.88999938964844, -14.869999885559082)
Part2961.Transparency = 1
Part2961.Size = Vector3.new(1.3500009775161743, 23.749998092651367, 1.5)
Part2961.Anchored = true
Part2961.Material = Enum.Material.Fabric
Part2962.Name = "Tree_Collision"
Part2962.Parent = Model2955
Part2962.CFrame = CFrame.new(2732.59351, 126.86068, 1912.25623, 0.848984122, -0.185016006, -0.494969904, 0.114424579, 0.978844047, -0.169620767, 0.515881062, 0.0873685777, 0.852193475)
Part2962.Orientation = Vector3.new(9.770000457763672, -30.149999618530273, 6.670000076293945)
Part2962.Position = Vector3.new(2732.593505859375, 126.86067962646484, 1912.2562255859375)
Part2962.Rotation = Vector3.new(11.260000228881836, -29.670000076293945, 12.289999961853027)
Part2962.Transparency = 1
Part2962.Size = Vector3.new(1.3500009775161743, 26.749998092651367, 1.5)
Part2962.Anchored = true
Part2962.Material = Enum.Material.Fabric
Part2963.Name = "Tree_Collision"
Part2963.Parent = Model2955
Part2963.CFrame = CFrame.new(2785.11328, 125.127251, 1929.40356, 0.856980443, 0.14224875, -0.495328069, -0.0106852762, 0.965848625, 0.258886337, 0.515238345, -0.216567844, 0.829233289)
Part2963.Orientation = Vector3.new(-15, -30.850000381469727, -0.6299999952316284)
Part2963.Position = Vector3.new(2785.11328125, 125.12725067138672, 1929.403564453125)
Part2963.Rotation = Vector3.new(-17.34000015258789, -29.690000534057617, -9.420000076293945)
Part2963.Transparency = 1
Part2963.Size = Vector3.new(1.3500009775161743, 23.749998092651367, 1.5)
Part2963.Anchored = true
Part2963.Material = Enum.Material.Fabric
Part2964.Name = "Tree_Collision"
Part2964.Parent = Model2955
Part2964.CFrame = CFrame.new(2748.97266, 126.273239, 1905.25195, 0.850763798, -0.0760493875, -0.520017087, 0.214031413, 0.953839242, 0.210668609, 0.479991496, -0.290529191, 0.827768803)
Part2964.Orientation = Vector3.new(-12.15999984741211, -32.13999938964844, 12.649999618530273)
Part2964.Position = Vector3.new(2748.97265625, 126.27323913574219, 1905.251953125)
Part2964.Rotation = Vector3.new(-14.279999732971191, -31.329999923706055, 5.110000133514404)
Part2964.Transparency = 1
Part2964.Size = Vector3.new(1.3500009775161743, 26.749998092651367, 1.5)
Part2964.Anchored = true
Part2964.Material = Enum.Material.Fabric
Part2965.Name = "Tree_Collision"
Part2965.Parent = Model2955
Part2965.CFrame = CFrame.new(2731.51562, 125.012276, 1933.18787, 0.79403162, -0.253619134, -0.55244118, 0.0887283385, 0.947427511, -0.307422072, 0.601366162, 0.19508566, 0.774790585)
Part2965.Orientation = Vector3.new(17.899999618530273, -35.4900016784668, 5.349999904632568)
Part2965.Position = Vector3.new(2731.515625, 125.01227569580078, 1933.1878662109375)
Part2965.Rotation = Vector3.new(21.639999389648438, -33.529998779296875, 17.709999084472656)
Part2965.Transparency = 1
Part2965.Size = Vector3.new(1.3500009775161743, 22.749998092651367, 1.5)
Part2965.Anchored = true
Part2965.Material = Enum.Material.Fabric
Part2966.Name = "Tree_Collision"
Part2966.Parent = Model2955
Part2966.CFrame = CFrame.new(2767.04248, 125.91243, 1938.62671, 0.824175596, 0.156088933, -0.544399798, -0.161646023, 0.986116171, 0.0380182266, 0.542775631, 0.0566663742, 0.837964058)
Part2966.Orientation = Vector3.new(-2.180000066757202, -33.0099983215332, -9.3100004196167)
Part2966.Position = Vector3.new(2767.04248046875, 125.91242980957031, 1938.626708984375)
Part2966.Rotation = Vector3.new(-2.5999999046325684, -32.97999954223633, -10.720000267028809)
Part2966.Transparency = 1
Part2966.Size = Vector3.new(1.3500009775161743, 23.749998092651367, 1.5)
Part2966.Anchored = true
Part2966.Material = Enum.Material.Fabric
Part2967.Name = "Tree_Collision"
Part2967.Parent = Model2955
Part2967.CFrame = CFrame.new(2775.2876, 123.893196, 1951.07837, 0.856223285, 0.0632795841, -0.512715757, -0.165458545, 0.973780036, -0.156127632, 0.489392638, 0.21851334, 0.844243288)
Part2967.Orientation = Vector3.new(8.979999542236328, -31.270000457763672, -9.640000343322754)
Part2967.Position = Vector3.new(2775.28759765625, 123.89319610595703, 1951.078369140625)
Part2967.Rotation = Vector3.new(10.479999542236328, -30.84000015258789, -4.230000019073486)
Part2967.Transparency = 1
Part2967.Size = Vector3.new(1.3500009775161743, 20.749998092651367, 1.5)
Part2967.Anchored = true
Part2967.Material = Enum.Material.Fabric
Part2968.Name = "Tree_Collision"
Part2968.Parent = Model2955
Part2968.CFrame = CFrame.new(2729.27832, 124.807152, 1892.47791, 0.823474944, -0.272294581, -0.497739762, 0.268423408, 0.959886909, -0.0810303837, 0.499838084, -0.0668785274, 0.86353308)
Part2968.Orientation = Vector3.new(4.650000095367432, -29.959999084472656, 15.619999885559082)
Part2968.Position = Vector3.new(2729.2783203125, 124.8071517944336, 1892.4779052734375)
Part2968.Rotation = Vector3.new(5.360000133514404, -29.850000381469727, 18.299999237060547)
Part2968.Transparency = 1
Part2968.Size = Vector3.new(1.3500009775161743, 22.749998092651367, 1.5)
Part2968.Anchored = true
Part2968.Material = Enum.Material.Fabric
Part2969.Name = "Tree_Collision"
Part2969.Parent = Model2955
Part2969.CFrame = CFrame.new(2762.31226, 125.679817, 1904.24207, 0.829120994, 0.272366732, -0.488236576, -0.127132326, 0.942276716, 0.309761137, 0.544422626, -0.194758818, 0.815887988)
Part2969.Orientation = Vector3.new(-18.040000915527344, -30.899999618530273, -7.679999828338623)
Part2969.Position = Vector3.new(2762.312255859375, 125.67981719970703, 1904.2420654296875)
Part2969.Rotation = Vector3.new(-20.790000915527344, -29.219999313354492, -18.190000534057617)
Part2969.Transparency = 1
