SpecialMesh3146.Name = "TopTreeMesh"
SpecialMesh3146.Parent = Part3145
SpecialMesh3146.MeshId = "rbxassetid://623621456"
SpecialMesh3146.Offset = Vector3.new(0, 3.4100000858306885, 0)
SpecialMesh3146.Scale = Vector3.new(1.600000023841858, 1.600000023841858, 1.600000023841858)
SpecialMesh3146.TextureId = "rbxassetid://745556120"
SpecialMesh3146.MeshType = Enum.MeshType.FileMesh
Part3147.Name = "Tree_Collision"
Part3147.Parent = Model3142
Part3147.CFrame = CFrame.new(2673.95703, 125.487747, 2240.69507, 0.551905751, -0.137796223, -0.822443247, 0.0968199819, 0.990171373, -0.100926578, 0.828267217, -0.0239270106, 0.5598225)
Part3147.Orientation = Vector3.new(5.789999961853027, -55.7599983215332, 5.579999923706055)
Part3147.Position = Vector3.new(2673.95703125, 125.48774719238281, 2240.695068359375)
Part3147.Rotation = Vector3.new(10.220000267028809, -55.33000183105469, 14.020000457763672)
Part3147.Transparency = 1
Part3147.Size = Vector3.new(1.3500009775161743, 26.749998092651367, 1.5)
Part3147.Anchored = true
Part3147.Material = Enum.Material.Fabric
Part3148.Name = "Tree_Collision"
Part3148.Parent = Model3142
Part3148.CFrame = CFrame.new(2669.58594, 124.47683, 2250.19678, 0.492492288, 0.0946909636, -0.86515069, -0.301761121, 0.950976968, -0.0676946491, 0.816328466, 0.294407934, 0.496922731)
Part3148.Orientation = Vector3.new(3.880000114440918, -60.130001068115234, -17.610000610351562)
Part3148.Position = Vector3.new(2669.5859375, 124.4768295288086, 2250.19677734375)
Part3148.Rotation = Vector3.new(7.760000228881836, -59.900001525878906, -10.880000114440918)
Part3148.Transparency = 1
Part3148.Size = Vector3.new(1.3500009775161743, 23.749998092651367, 1.5)
Part3148.Anchored = true
Part3148.Material = Enum.Material.Fabric
Part3149.Name = "Tree_Collision"
Part3149.Parent = Model3142
Part3149.CFrame = CFrame.new(2667.16724, 125.955238, 2225.08545, 0.549417377, -0.204420581, -0.810156465, 0.114085898, 0.978882611, -0.169625282, 0.827723086, 0.000767594203, 0.561136603)
Part3149.Orientation = Vector3.new(9.770000457763672, -55.290000915527344, 6.650000095367432)
Part3149.Position = Vector3.new(2667.167236328125, 125.95523834228516, 2225.08544921875)
Part3149.Rotation = Vector3.new(16.81999969482422, -54.11000061035156, 20.40999984741211)
Part3149.Transparency = 1
Part3149.Size = Vector3.new(1.3500009775161743, 26.749998092651367, 1.5)
Part3149.Anchored = true
Part3149.Material = Enum.Material.Fabric
Part3150.Name = "Tree_Collision"
Part3150.Parent = Model3142
Part3150.CFrame = CFrame.new(2707.42578, 124.203445, 2262.92017, 0.556905627, 0.220962375, -0.800644934, -0.011026103, 0.965844929, 0.258884907, 0.830502987, -0.135346472, 0.540320814)
Part3150.Orientation = Vector3.new(-15, -55.9900016784668, -0.6499999761581421)
Part3150.Position = Vector3.new(2707.42578125, 124.20344543457031, 2262.920166015625)
Part3150.Rotation = Vector3.new(-25.600000381469727, -53.189998626708984, -21.639999389648438)
Part3150.Transparency = 1
Part3150.Size = Vector3.new(1.3500009775161743, 23.749998092651367, 1.5)
Part3150.Anchored = true
Part3150.Material = Enum.Material.Fabric
Part3151.Name = "Tree_Collision"
Part3151.Parent = Model3142
Part3151.CFrame = CFrame.new(2684.96973, 125.364273, 2225.70288, 0.566294968, 0.054762654, -0.822381735, 0.213698924, 0.953912139, 0.210675165, 0.79601711, -0.295046389, 0.528492749)
Part3151.Orientation = Vector3.new(-12.15999984741211, -57.27000045776367, 12.630000114440918)
Part3151.Position = Vector3.new(2684.9697265625, 125.36427307128906, 2225.702880859375)
Part3151.Rotation = Vector3.new(-21.729999542236328, -55.31999969482422, -5.519999980926514)
Part3151.Transparency = 1
Part3151.Size = Vector3.new(1.3500009775161743, 26.749998092651367, 1.5)
Part3151.Anchored = true
Part3151.Material = Enum.Material.Fabric
Part3152.Name = "Tree_Collision"
Part3152.Parent = Model3142
Part3152.CFrame = CFrame.new(2657.29858, 124.103477, 2243.57593, 0.463348627, -0.312293977, -0.829325736, 0.088390477, 0.947466969, -0.307397515, 0.88175714, 0.0691276491, 0.466611266)
Part3152.Orientation = Vector3.new(17.899999618530273, -60.63999938964844, 5.329999923706055)
Part3152.Position = Vector3.new(2657.298583984375, 124.10347747802734, 2243.575927734375)
Part3152.Rotation = Vector3.new(33.380001068115234, -56.029998779296875, 33.97999954223633)
Part3152.Transparency = 1
Part3152.Size = Vector3.new(1.3500009775161743, 22.749998092651367, 1.5)
Part3152.Anchored = true
Part3152.Material = Enum.Material.Fabric
Part3153.Name = "Tree_Collision"
Part3153.Parent = Model3142
Part3153.CFrame = CFrame.new(2687.14893, 124.992287, 2263.59302, 0.515481234, 0.117415838, -0.848818839, -0.161982149, 0.986060441, 0.0380297415, 0.841452122, 0.117889896, 0.527314782)
Part3153.Orientation = Vector3.new(-2.180000066757202, -58.150001525878906, -9.329999923706055)
Part3153.Position = Vector3.new(2687.14892578125, 124.9922866821289, 2263.593017578125)
Part3153.Rotation = Vector3.new(-4.130000114440918, -58.08000183105469, -12.829999923706055)
Part3153.Transparency = 1
Part3153.Size = Vector3.new(1.3500009775161743, 23.749998092651367, 1.5)
Part3153.Anchored = true
Part3153.Material = Enum.Material.Fabric
Part3154.Name = "Tree_Collision"
Part3154.Parent = Model3142
Part3154.CFrame = CFrame.new(2689.323, 122.968422, 2278.36719, 0.567171097, -0.035362266, -0.822840869, -0.165794924, 0.973722756, -0.15612632, 0.806740165, 0.224973142, 0.546404362)
Part3154.Orientation = Vector3.new(8.979999542236328, -56.40999984741211, -9.65999984741211)
Part3154.Position = Vector3.new(2689.322998046875, 122.96842193603516, 2278.3671875)
Part3154.Rotation = Vector3.new(15.949999809265137, -55.369998931884766, 3.569999933242798)
Part3154.Transparency = 1
Part3154.Size = Vector3.new(1.3500009775161743, 20.749998092651367, 1.5)
Part3154.Anchored = true
Part3154.Material = Enum.Material.Fabric
Part3155.Name = "Tree_Collision"
Part3155.Parent = Model3142
Part3155.CFrame = CFrame.new(2672.56787, 123.906197, 2205.77124, 0.533169746, -0.217905194, -0.817464352, 0.26809442, 0.959978104, -0.0810364485, 0.802406311, -0.175951555, 0.570250273)
Part3155.Orientation = Vector3.new(4.650000095367432, -55.099998474121094, 15.600000381469727)
Part3155.Position = Vector3.new(2672.56787109375, 123.90619659423828, 2205.771240234375)
Part3155.Rotation = Vector3.new(8.09000015258789, -54.83000183105469, 22.229999542236328)
Part3155.Transparency = 1
Part3155.Size = Vector3.new(1.3500009775161743, 22.749998092651367, 1.5)
Part3155.Anchored = true
Part3155.Material = Enum.Material.Fabric
Part3156.Name = "Tree_Collision"
Part3156.Parent = Model3142
Part3156.CFrame = CFrame.new(2697.4751, 124.76712, 2230.45557, 0.519264936, 0.329485744, -0.78854543, -0.12747103, 0.94223088, 0.309760779, 0.845053673, -0.0603311583, 0.531267166)
Part3156.Orientation = Vector3.new(-18.040000915527344, -56.029998779296875, -7.699999809265137)
Part3156.Position = Vector3.new(2697.47509765625, 124.76712036132812, 2230.45556640625)
Part3156.Rotation = Vector3.new(-30.239999771118164, -52.04999923706055, -32.400001525878906)
Part3156.Transparency = 1
Part3156.Size = Vector3.new(1.3500009775161743, 23.749998092651367, 1.5)
Part3156.Anchored = true
Part3156.Material = Enum.Material.Fabric
Part3157.Name = "Tree_Collision"
Part3157.Parent = Model3142
Part3157.CFrame = CFrame.new(2692.09717, 124.307213, 2243.15771, 0.520918369, 0.0902775377, -0.848819613, -0.110153429, 0.993186533, 0.0380310342, 0.846469581, 0.073689349, 0.527313352)
Part3157.Orientation = Vector3.new(-2.180000066757202, -58.150001525878906, -6.329999923706055)
Part3157.Position = Vector3.new(2692.09716796875, 124.30721282958984, 2243.15771484375)
Part3157.Rotation = Vector3.new(-4.130000114440918, -58.08000183105469, -9.829999923706055)
Part3157.Transparency = 1
Part3157.Size = Vector3.new(1.3500009775161743, 23.749998092651367, 1.5)
Part3157.Anchored = true
Part3157.Material = Enum.Material.Fabric
Part3158.Name = "Tree_Collision"
Part3158.Parent = Model3142
Part3158.CFrame = CFrame.new(2656.61426, 123.947899, 2207.41675, 0.547009349, -0.0892250016, -0.83235842, 0.165933937, 0.986131072, 0.00333973905, 0.820516527, -0.139943376, 0.554228127)
Part3158.Orientation = Vector3.new(-0.1899999976158142, -56.34000015258789, 9.550000190734863)
Part3158.Position = Vector3.new(2656.6142578125, 123.9478988647461, 2207.416748046875)
Part3158.Rotation = Vector3.new(-0.3499999940395355, -56.34000015258789, 9.260000228881836)
Part3158.Transparency = 1
Part3158.Size = Vector3.new(1.3500009775161743, 22.749998092651367, 1.5)
Part3158.Anchored = true
Part3158.Material = Enum.Material.Fabric
Model3159.Name = "??"
Model3159.Parent = Folder0
Part3160.Name = "TreeMesh Bottom"
Part3160.Parent = Model3159
Part3160.CFrame = CFrame.new(2801.21606, 113.089409, 2113.63013, 0.776759863, -0.00075542042, -0.629796982, 0.000377482414, 0.999999523, -0.000733897672, 0.629797161, 0.000332324416, 0.776759803)
Part3160.Orientation = Vector3.new(0.03999999910593033, -39.040000915527344, 0.019999999552965164)
Part3160.Position = Vector3.new(2801.216064453125, 113.08940887451172, 2113.630126953125)
Part3160.Rotation = Vector3.new(0.05000000074505806, -39.040000915527344, 0.05999999865889549)
Part3160.Size = Vector3.new(8.250000953674316, 0.2499980926513672, 7)
Part3160.Anchored = true
Part3160.CanCollide = false
Part3160.Material = Enum.Material.Fabric
SpecialMesh3161.Name = "BarkMesh"
SpecialMesh3161.Parent = Part3160
SpecialMesh3161.MeshId = "rbxassetid://623621260"
SpecialMesh3161.Offset = Vector3.new(0, 3.4100000858306885, 0)
SpecialMesh3161.TextureId = "rbxassetid://623618671"
SpecialMesh3161.MeshType = Enum.MeshType.FileMesh
Part3162.Name = "TreeMeshTop"
Part3162.Parent = Model3159
Part3162.CFrame = CFrame.new(2801.1936, 143.229477, 2113.63916, 0.776759863, -0.00075542042, -0.629796982, 0.000377482414, 0.999999523, -0.000733897672, 0.629797161, 0.000332324416, 0.776759803)
Part3162.Orientation = Vector3.new(0.03999999910593033, -39.040000915527344, 0.019999999552965164)
Part3162.Position = Vector3.new(2801.193603515625, 143.22947692871094, 2113.63916015625)
Part3162.Rotation = Vector3.new(0.05000000074505806, -39.040000915527344, 0.05999999865889549)
Part3162.Transparency = 0.05000000074505806
Part3162.Size = Vector3.new(8.250000953674316, 0.2499980926513672, 7)
Part3162.Anchored = true
Part3162.CanCollide = false
Part3162.Material = Enum.Material.Fabric
SpecialMesh3163.Name = "TopTreeMesh"
SpecialMesh3163.Parent = Part3162
SpecialMesh3163.MeshId = "rbxassetid://623621456"
SpecialMesh3163.Offset = Vector3.new(0, 3.4100000858306885, 0)
SpecialMesh3163.Scale = Vector3.new(1.600000023841858, 1.600000023841858, 1.600000023841858)
SpecialMesh3163.TextureId = "rbxassetid://745556120"
SpecialMesh3163.MeshType = Enum.MeshType.FileMesh
Part3164.Name = "Tree_Collision"
Part3164.Parent = Model3159
Part3164.CFrame = CFrame.new(2796.98828, 126.215813, 2116.55273, 0.769980133, -0.138897523, -0.62276721, 0.0970495045, 0.990156949, -0.100847013, 0.630644917, 0.0172109175, 0.775880992)
Part3164.Orientation = Vector3.new(5.789999961853027, -38.75, 5.599999904632568)
Part3164.Position = Vector3.new(2796.98828125, 126.21581268310547, 2116.552734375)
Part3164.Rotation = Vector3.new(7.409999847412109, -38.52000045776367, 10.229999542236328)
Part3164.Transparency = 1
Part3164.Size = Vector3.new(1.3500009775161743, 26.749998092651367, 1.5)
Part3164.Anchored = true
Part3164.Material = Enum.Material.Fabric
Part3165.Name = "Tree_Collision"
Part3165.Parent = Model3159
Part3165.CFrame = CFrame.new(2795.58716, 125.206841, 2126.91724, 0.709724665, 0.176521927, -0.682005644, -0.301536739, 0.951052547, -0.0676334724, 0.636684656, 0.253650963, 0.728213131)
Part3165.Orientation = Vector3.new(3.880000114440918, -43.119998931884766, -17.59000015258789)
Part3165.Position = Vector3.new(2795.587158203125, 125.20684051513672, 2126.917236328125)
Part3165.Rotation = Vector3.new(5.309999942779541, -43, -13.970000267028809)
Part3165.Transparency = 1
Part3165.Size = Vector3.new(1.3500009775161743, 23.749998092651367, 1.5)
Part3165.Anchored = true
Part3165.Material = Enum.Material.Fabric
Part3166.Name = "Tree_Collision"
Part3166.Parent = Model3159
Part3166.CFrame = CFrame.new(2785.92993, 126.679199, 2103.61108, 0.767439008, -0.19538784, -0.610623896, 0.114315845, 0.978869557, -0.169545889, 0.630848646, 0.0603120774, 0.773558617)
Part3166.Orientation = Vector3.new(9.760000228881836, -38.290000915527344, 6.659999847412109)
Part3166.Position = Vector3.new(2785.929931640625, 126.67919921875, 2103.611083984375)
Part3166.Rotation = Vector3.new(12.359999656677246, -37.630001068115234, 14.279999732971191)
Part3166.Transparency = 1
Part3166.Size = Vector3.new(1.3500009775161743, 26.749998092651367, 1.5)
Part3166.Anchored = true
Part3166.Material = Enum.Material.Fabric
Part3167.Name = "Tree_Collision"
Part3167.Parent = Model3159
Part3167.CFrame = CFrame.new(2835.4939, 124.938896, 2128.01929, 0.77542901, 0.171597973, -0.60767138, -0.0107950615, 0.965827227, 0.258960962, 0.631343007, -0.194245994, 0.750782728)
Part3167.Orientation = Vector3.new(-15.010000228881836, -38.9900016784668, -0.6399999856948853)
Part3167.Position = Vector3.new(2835.493896484375, 124.93889617919922, 2128.019287109375)
Part3167.Rotation = Vector3.new(-19.030000686645508, -37.41999816894531, -12.479999542236328)
Part3167.Transparency = 1
Part3167.Size = Vector3.new(1.3500009775161743, 23.749998092651367, 1.5)
Part3167.Anchored = true
Part3167.Material = Enum.Material.Fabric
Part3168.Name = "Tree_Collision"
Part3168.Parent = Model3159
Part3168.CFrame = CFrame.new(2803.13525, 126.089493, 2098.99561, 0.774293721, -0.0340363383, -0.631911039, 0.213922054, 0.953846395, 0.210746512, 0.595573127, -0.298359424, 0.745838225)
Part3168.Orientation = Vector3.new(-12.170000076293945, -40.27000045776367, 12.640000343322754)
Part3168.Position = Vector3.new(2803.13525390625, 126.08949279785156, 2098.99560546875)
Part3168.Rotation = Vector3.new(-15.779999732971191, -39.189998626708984, 2.5199999809265137)
Part3168.Transparency = 1
Part3168.Size = Vector3.new(1.3500009775161743, 26.749998092651367, 1.5)
Part3168.Anchored = true
Part3168.Material = Enum.Material.Fabric
Part3169.Name = "Tree_Collision"
Part3169.Parent = Model3159
Part3169.CFrame = CFrame.new(2781.90015, 124.831146, 2124.17944, 0.700937271, -0.278550148, -0.656580091, 0.0886278376, 0.947463334, -0.307340205, 0.707695365, 0.157234907, 0.6887995)
Part3169.Orientation = Vector3.new(17.899999618530273, -43.630001068115234, 5.340000152587891)
Part3169.Position = Vector3.new(2781.900146484375, 124.83114624023438, 2124.179443359375)
Part3169.Rotation = Vector3.new(24.049999237060547, -41.040000915527344, 21.670000076293945)
Part3169.Transparency = 1
Part3169.Size = Vector3.new(1.3500009775161743, 22.749998092651367, 1.5)
Part3169.Anchored = true
Part3169.Material = Enum.Material.Fabric
Part3170.Name = "Tree_Collision"
Part3170.Parent = Model3159
Part3170.CFrame = CFrame.new(2816.29956, 125.726593, 2134.5918, 0.739036679, 0.146629795, -0.657514453, -0.161751106, 0.986095607, 0.0380995497, 0.653958738, 0.0781967565, 0.752478302)
Part3170.Orientation = Vector3.new(-2.180000066757202, -41.150001525878906, -9.319999694824219)
Part3170.Position = Vector3.new(2816.299560546875, 125.72659301757812, 2134.591796875)
Part3170.Rotation = Vector3.new(-2.9000000953674316, -41.11000061035156, -11.220000267028809)
Part3170.Transparency = 1
Part3170.Size = Vector3.new(1.3500009775161743, 23.749998092651367, 1.5)
Part3170.Anchored = true
Part3170.Material = Enum.Material.Fabric
Part3171.Name = "Tree_Collision"
Part3171.Parent = Model3159
Part3171.CFrame = CFrame.new(2822.69897, 123.706375, 2148.08521, 0.778316796, 0.0318463109, -0.627064109, -0.165568456, 0.973773539, -0.156050459, 0.605648875, 0.225278765, 0.763176918)
Part3171.Orientation = Vector3.new(8.979999542236328, -39.40999984741211, -9.649999618530273)
Part3171.Position = Vector3.new(2822.698974609375, 123.70637512207031, 2148.085205078125)
Part3171.Rotation = Vector3.new(11.5600004196167, -38.83000183105469, -2.3399999141693115)
Part3171.Transparency = 1
Part3171.Size = Vector3.new(1.3500009775161743, 20.749998092651367, 1.5)
Part3171.Anchored = true
Part3171.Material = Enum.Material.Fabric
Part3172.Name = "Tree_Collision"
Part3172.Parent = Model3159
Part3172.CFrame = CFrame.new(2785.44678, 124.625916, 2083.5625, 0.744477868, -0.25995928, -0.614958942, 0.268317908, 0.959922612, -0.0809550434, 0.611358166, -0.104735315, 0.784392774)
Part3172.Orientation = Vector3.new(4.639999866485596, -38.099998474121094, 15.619999885559082)
Part3172.Position = Vector3.new(2785.44677734375, 124.62591552734375, 2083.5625)
Part3172.Rotation = Vector3.new(5.889999866485596, -37.95000076293945, 19.25)
Part3172.Transparency = 1
Part3172.Size = Vector3.new(1.3500009775161743, 22.749998092651367, 1.5)
Part3172.Anchored = true
Part3172.Material = Enum.Material.Fabric
Part3173.Name = "Tree_Collision"
Part3173.Parent = Model3159
Part3173.CFrame = CFrame.new(2816.4834, 125.49427, 2099.88379, 0.743703842, 0.297316253, -0.598755658, -0.127238065, 0.942238092, 0.309834659, 0.656289399, -0.154240683, 0.738575935)
Part3173.Orientation = Vector3.new(-18.049999237060547, -39.029998779296875, -7.690000057220459)
Part3173.Position = Vector3.new(2816.4833984375, 125.49427032470703, 2099.8837890625)
Part3173.Rotation = Vector3.new(-22.760000228881836, -36.779998779296875, -21.790000915527344)
Part3173.Transparency = 1
Part3173.Size = Vector3.new(1.3500009775161743, 23.749998092651367, 1.5)
Part3173.Anchored = true
Part3173.Material = Enum.Material.Fabric
Part3174.Name = "Tree_Collision"
Part3174.Parent = Model3159
Part3174.CFrame = CFrame.new(2815.05591, 125.036995, 2113.604, 0.745696425, 0.107751094, -0.657515883, -0.109921247, 0.993209541, 0.0381002575, 0.657156527, 0.0438637659, 0.75247705)
Part3174.Orientation = Vector3.new(-2.180000066757202, -41.150001525878906, -6.320000171661377)
Part3174.Position = Vector3.new(2815.055908203125, 125.03699493408203, 2113.60400390625)
Part3174.Rotation = Vector3.new(-2.9000000953674316, -41.11000061035156, -8.220000267028809)
Part3174.Transparency = 1
Part3174.Size = Vector3.new(1.3500009775161743, 23.749998092651367, 1.5)
Part3174.Anchored = true
Part3174.Material = Enum.Material.Fabric
Part3175.Name = "Tree_Collision"
Part3175.Parent = Model3159
Part3175.CFrame = CFrame.new(2770.67212, 124.666985, 2089.80103, 0.763021946, -0.126376987, -0.633898318, 0.166161716, 0.986092329, 0.00341634429, 0.624650776, -0.107936397, 0.773408949)
Part3175.Orientation = Vector3.new(-0.20000000298023224, -39.34000015258789, 9.5600004196167)
Part3175.Position = Vector3.new(2770.672119140625, 124.66698455810547, 2089.801025390625)
Part3175.Rotation = Vector3.new(-0.25, -39.34000015258789, 9.399999618530273)
Part3175.Transparency = 1
Part3175.Size = Vector3.new(1.3500009775161743, 22.749998092651367, 1.5)
Part3175.Anchored = true
Part3175.Material = Enum.Material.Fabric
Model3176.Name = "??"
Model3176.Parent = Folder0
Part3177.Name = "TreeMesh Bottom"
Part3177.Parent = Model3176
Part3177.CFrame = CFrame.new(2785.51099, 113.065575, 2149.62183, 0.629799724, -0.000755702378, 0.776757717, 0.000734280329, 0.999999523, 0.000377533492, -0.77675736, 0.000332586642, 0.629800081)
Part3177.Orientation = Vector3.new(-0.019999999552965164, 50.959999084472656, 0.03999999910593033)
Part3177.Position = Vector3.new(2785.510986328125, 113.0655746459961, 2149.621826171875)
Part3177.Rotation = Vector3.new(-0.029999999329447746, 50.959999084472656, 0.07000000029802322)
Part3177.Size = Vector3.new(8.250000953674316, 0.2499980926513672, 7)
Part3177.Anchored = true
Part3177.CanCollide = false
Part3177.Material = Enum.Material.Fabric
SpecialMesh3178.Name = "BarkMesh"
SpecialMesh3178.Parent = Part3177
SpecialMesh3178.MeshId = "rbxassetid://623621260"
SpecialMesh3178.Offset = Vector3.new(0, 3.4100000858306885, 0)
SpecialMesh3178.TextureId = "rbxassetid://623618671"
SpecialMesh3178.MeshType = Enum.MeshType.FileMesh
Part3179.Name = "TreeMeshTop"
Part3179.Parent = Model3176
Part3179.CFrame = CFrame.new(2785.48706, 143.20578, 2149.63159, 0.629799724, -0.000755702378, 0.776757717, 0.000734280329, 0.999999523, 0.000377533492, -0.77675736, 0.000332586642, 0.629800081)
Part3179.Orientation = Vector3.new(-0.019999999552965164, 50.959999084472656, 0.03999999910593033)
Part3179.Position = Vector3.new(2785.487060546875, 143.20578002929688, 2149.631591796875)
Part3179.Rotation = Vector3.new(-0.029999999329447746, 50.959999084472656, 0.07000000029802322)
Part3179.Transparency = 0.05000000074505806
Part3179.Size = Vector3.new(8.250000953674316, 0.2499980926513672, 7)
Part3179.Anchored = true
Part3179.CanCollide = false
Part3179.Material = Enum.Material.Fabric
SpecialMesh3180.Name = "TopTreeMesh"
SpecialMesh3180.Parent = Part3179
SpecialMesh3180.MeshId = "rbxassetid://623621456"
SpecialMesh3180.Offset = Vector3.new(0, 3.4100000858306885, 0)
SpecialMesh3180.Scale = Vector3.new(1.600000023841858, 1.600000023841858, 1.600000023841858)
SpecialMesh3180.TextureId = "rbxassetid://745556120"
SpecialMesh3180.MeshType = Enum.MeshType.FileMesh
Part3181.Name = "Tree_Collision"
Part3181.Parent = Model3176
Part3181.CFrame = CFrame.new(2788.41919, 126.196991, 2153.84424, 0.630542397, 0.016132718, 0.775987446, 0.0974106789, 0.9902336, -0.0997396708, -0.770017982, 0.138479576, 0.622813165)
Part3181.Orientation = Vector3.new(5.71999979019165, 51.25, 5.619999885559082)
Part3181.Position = Vector3.new(2788.419189453125, 126.19699096679688, 2153.84423828125)
Part3181.Rotation = Vector3.new(9.100000381469727, 50.88999938964844, -1.4700000286102295)
Part3181.Transparency = 1
Part3181.Size = Vector3.new(1.3500009775161743, 26.749998092651367, 1.5)
Part3181.Anchored = true
Part3181.Material = Enum.Material.Fabric
Part3182.Name = "Tree_Collision"
Part3182.Parent = Model3176
Part3182.CFrame = CFrame.new(2798.78467, 125.19989, 2155.24536, 0.637015998, 0.252616227, 0.728283167, -0.301143616, 0.951253355, -0.0665521398, -0.709593952, -0.176922977, 0.682037532)
Part3182.Orientation = Vector3.new(3.819999933242798, 46.880001068115234, -17.56999969482422)
Part3182.Position = Vector3.new(2798.78466796875, 125.19989013671875, 2155.245361328125)
Part3182.Rotation = Vector3.new(5.570000171661377, 46.7400016784668, -21.6299991607666)
Part3182.Transparency = 1
Part3182.Size = Vector3.new(1.3500009775161743, 23.749998092651367, 1.5)
Part3182.Anchored = true
Part3182.Material = Enum.Material.Fabric
Part3183.Name = "Tree_Collision"
Part3183.Parent = Model3176
Part3183.CFrame = CFrame.new(2775.47705, 126.65097, 2164.90234, 0.63072753, 0.0592442788, 0.773739994, 0.114677988, 0.979017496, -0.168443874, -0.767484248, 0.194973141, 0.610699475)
Part3183.Orientation = Vector3.new(9.699999809265137, 51.720001220703125, 6.679999828338623)
Part3183.Position = Vector3.new(2775.47705078125, 126.65097045898438, 2164.90234375)
Part3183.Rotation = Vector3.new(15.420000076293945, 50.689998626708984, -5.369999885559082)
Part3183.Transparency = 1
Part3183.Size = Vector3.new(1.3500009775161743, 26.749998092651367, 1.5)
Part3183.Anchored = true
Part3183.Material = Enum.Material.Fabric
Part3184.Name = "Tree_Collision"
Part3184.Parent = Model3176
Part3184.CFrame = CFrame.new(2799.88745, 124.916252, 2115.33887, 0.631358325, -0.195295647, 0.750497818, -0.010435991, 0.965542734, 0.260034263, -0.775421202, -0.172007024, 0.607565522)
Part3184.Orientation = Vector3.new(-15.069999694824219, 51.0099983215332, -0.6200000047683716)
Part3184.Position = Vector3.new(2799.887451171875, 124.91625213623047, 2115.3388671875)
Part3184.Rotation = Vector3.new(-23.170000076293945, 48.630001068115234, 17.190000534057617)
Part3184.Transparency = 1
Part3184.Size = Vector3.new(1.3500009775161743, 23.749998092651367, 1.5)
Part3184.Anchored = true
Part3184.Material = Enum.Material.Fabric
Part3185.Name = "Tree_Collision"
Part3185.Parent = Model3176
Part3185.CFrame = CFrame.new(2770.86182, 126.048981, 2147.69653, 0.595343649, -0.299397439, 0.745605707, 0.214242563, 0.953535438, 0.211825192, -0.77438122, 0.0336316489, 0.63182503)
Part3185.Orientation = Vector3.new(-12.229999542236328, 49.720001220703125, 12.65999984741211)
Part3185.Position = Vector3.new(2770.86181640625, 126.04898071289062, 2147.696533203125)
Part3185.Rotation = Vector3.new(-18.530000686645508, 48.209999084472656, 26.700000762939453)
Part3185.Transparency = 1
Part3185.Size = Vector3.new(1.3500009775161743, 26.749998092651367, 1.5)
Part3185.Anchored = true
Part3185.Material = Enum.Material.Fabric
Part3186.Name = "Tree_Collision"
Part3186.Parent = Model3176
Part3186.CFrame = CFrame.new(2796.04761, 124.827003, 2168.93286, 0.707601786, 0.15620257, 0.689130843, 0.0891008377, 0.94775182, -0.306312233, -0.700971425, 0.278149217, 0.656713188)
Part3186.Orientation = Vector3.new(17.84000015258789, 46.380001068115234, 5.369999885559082)
Part3186.Position = Vector3.new(2796.047607421875, 124.8270034790039, 2168.932861328125)
Part3186.Rotation = Vector3.new(25.010000228881836, 43.560001373291016, -12.449999809265137)
Part3186.Transparency = 1
Part3186.Size = Vector3.new(1.3500009775161743, 22.749998092651367, 1.5)
Part3186.Anchored = true
Part3186.Material = Enum.Material.Fabric
Part3187.Name = "Tree_Collision"
Part3187.Parent = Model3176
Part3187.CFrame = CFrame.new(2806.45874, 125.719254, 2134.53247, 0.654137611, 0.0771236122, 0.752433777, -0.161350995, 0.986118138, 0.0391965322, -0.738965392, -0.147045851, 0.65750134)
Part3187.Orientation = Vector3.new(-2.25, 48.849998474121094, -9.289999961853027)
Part3187.Position = Vector3.new(2806.458740234375, 125.71925354003906, 2134.532470703125)
Part3187.Rotation = Vector3.new(-3.4100000858306885, 48.79999923706055, -6.71999979019165)
Part3187.Transparency = 1
Part3187.Size = Vector3.new(1.3500009775161743, 23.749998092651367, 1.5)
Part3187.Anchored = true
Part3187.Material = Enum.Material.Fabric
Part3188.Name = "Tree_Collision"
Part3188.Parent = Model3176
Part3188.CFrame = CFrame.new(2819.95435, 123.71096, 2128.13306, 0.605833054, 0.224218413, 0.763343394, -0.16523838, 0.974004686, -0.154953748, -0.778243423, -0.0322574973, 0.627133846)
Part3188.Orientation = Vector3.new(8.90999984741211, 50.59000015258789, -9.630000114440918)
Part3188.Position = Vector3.new(2819.954345703125, 123.7109603881836, 2128.133056640625)
Part3188.Rotation = Vector3.new(13.880000114440918, 49.7599983215332, -20.309999465942383)
Part3188.Transparency = 1
Part3188.Size = Vector3.new(1.3500009775161743, 20.749998092651367, 1.5)
Part3188.Anchored = true
Part3188.Material = Enum.Material.Fabric
Part3189.Name = "Tree_Collision"
Part3189.Parent = Model3176
Part3189.CFrame = CFrame.new(2755.43042, 124.57608, 2165.38623, 0.611069202, -0.105781309, 0.78447783, 0.2686674, 0.959918141, -0.0798403695, -0.744588733, 0.259551615, 0.614996672)
Part3189.Orientation = Vector3.new(4.579999923706055, 51.90999984741211, 15.640000343322754)
Part3189.Position = Vector3.new(2755.430419921875, 124.57608032226562, 2165.38623046875)
Part3189.Rotation = Vector3.new(7.400000095367432, 51.66999816894531, 9.819999694824219)
Part3189.Transparency = 1
Part3189.Size = Vector3.new(1.3500009775161743, 22.749998092651367, 1.5)
Part3189.Anchored = true
Part3189.Material = Enum.Material.Fabric
Part3190.Name = "Tree_Collision"
Part3190.Parent = Model3176
Part3190.CFrame = CFrame.new(2771.75073, 125.449081, 2134.34888, 0.656431019, -0.155264467, 0.738235652, -0.126838669, 0.941943824, 0.310891479, -0.743646801, -0.297715694, 0.598627687)
Part3190.Orientation = Vector3.new(-18.110000610351562, 50.959999084472656, -7.670000076293945)
Part3190.Position = Vector3.new(2771.750732421875, 125.44908142089844, 2134.348876953125)
Part3190.Rotation = Vector3.new(-27.440000534057617, 47.58000183105469, 13.3100004196167)
Part3190.Transparency = 1
Part3190.Size = Vector3.new(1.3500009775161743, 23.749998092651367, 1.5)
Part3190.Anchored = true
Part3190.Material = Enum.Material.Fabric
Part3191.Name = "Tree_Collision"
Part3191.Parent = Model3176
Part3191.CFrame = CFrame.new(2785.47144, 125.007332, 2135.7771, 0.657278776, 0.0427818857, 0.752432764, -0.109520331, 0.993211091, 0.039198108, -0.745647609, -0.108170763, 0.657502234)
Part3191.Orientation = Vector3.new(-2.25, 48.849998474121094, -6.289999961853027)
Part3191.Position = Vector3.new(2785.471435546875, 125.00733184814453, 2135.777099609375)
Part3191.Rotation = Vector3.new(-3.4100000858306885, 48.79999923706055, -3.7200000286102295)
Part3191.Transparency = 1
Part3191.Size = Vector3.new(1.3500009775161743, 23.749998092651367, 1.5)
Part3191.Anchored = true
Part3191.Material = Enum.Material.Fabric
Part3192.Name = "Tree_Collision"
Part3192.Parent = Model3176
Part3192.CFrame = CFrame.new(2761.66895, 124.630196, 2180.16113, 0.624472976, -0.109011084, 0.773402154, 0.166518912, 0.986027718, 0.00452726847, -0.763089418, 0.125958905, 0.633900106)
Part3192.Orientation = Vector3.new(-0.25999999046325684, 50.65999984741211, 9.59000015258789)
Part3192.Position = Vector3.new(2761.6689453125, 124.63019561767578, 2180.1611328125)
Part3192.Rotation = Vector3.new(-0.4099999964237213, 50.65999984741211, 9.899999618530273)
Part3192.Transparency = 1
Part3192.Size = Vector3.new(1.3500009775161743, 22.749998092651367, 1.5)
Part3192.Anchored = true
Part3192.Material = Enum.Material.Fabric
Model3193.Name = "??"
Model3193.Parent = Folder0
Part3194.Name = "TreeMesh Bottom"
Part3194.Parent = Model3193
Part3194.CFrame = CFrame.new(2846.55615, 112.539314, 2085.17188, 0.776759982, -0.000755663554, -0.629796803, 0.000377123972, 0.999999523, -0.000734725792, 0.629797101, 0.000333193457, 0.776759803)
Part3194.Orientation = Vector3.new(0.03999999910593033, -39.040000915527344, 0.019999999552965164)
Part3194.Position = Vector3.new(2846.55615234375, 112.53931427001953, 2085.171875)
Part3194.Rotation = Vector3.new(0.05000000074505806, -39.040000915527344, 0.05999999865889549)
Part3194.Size = Vector3.new(8.250000953674316, 0.2499980926513672, 7)
Part3194.Anchored = true
Part3194.CanCollide = false
Part3194.Material = Enum.Material.Fabric
SpecialMesh3195.Name = "BarkMesh"
SpecialMesh3195.Parent = Part3194
SpecialMesh3195.MeshId = "rbxassetid://623621260"
SpecialMesh3195.Offset = Vector3.new(0, 3.4100000858306885, 0)
SpecialMesh3195.TextureId = "rbxassetid://623618671"
SpecialMesh3195.MeshType = Enum.MeshType.FileMesh
Part3196.Name = "TreeMeshTop"
Part3196.Parent = Model3193
Part3196.CFrame = CFrame.new(2846.53247, 142.679398, 2085.18115, 0.776759982, -0.000755663554, -0.629796803, 0.000377123972, 0.999999523, -0.000734725792, 0.629797101, 0.000333193457, 0.776759803)
Part3196.Orientation = Vector3.new(0.03999999910593033, -39.040000915527344, 0.019999999552965164)
Part3196.Position = Vector3.new(2846.532470703125, 142.6793975830078, 2085.18115234375)
Part3196.Rotation = Vector3.new(0.05000000074505806, -39.040000915527344, 0.05999999865889549)
Part3196.Transparency = 0.05000000074505806
Part3196.Size = Vector3.new(8.250000953674316, 0.2499980926513672, 7)
Part3196.Anchored = true
Part3196.CanCollide = false
Part3196.Material = Enum.Material.Fabric
SpecialMesh3197.Name = "TopTreeMesh"
SpecialMesh3197.Parent = Part3196
SpecialMesh3197.MeshId = "rbxassetid://623621456"
SpecialMesh3197.Offset = Vector3.new(0, 3.4100000858306885, 0)
SpecialMesh3197.Scale = Vector3.new(1.600000023841858, 1.600000023841858, 1.600000023841858)
SpecialMesh3197.TextureId = "rbxassetid://745556120"
SpecialMesh3197.MeshType = Enum.MeshType.FileMesh
Part3198.Name = "Tree_Collision"
Part3198.Parent = Model3193
Part3198.CFrame = CFrame.new(2842.32715, 125.665749, 2088.09497, 0.769979537, -0.138898522, -0.622767508, 0.097050406, 0.990156889, -0.100847431, 0.630645216, 0.0172106009, 0.775880456)
Part3198.Orientation = Vector3.new(5.789999961853027, -38.75, 5.599999904632568)
Part3198.Position = Vector3.new(2842.3271484375, 125.6657485961914, 2088.094970703125)
Part3198.Rotation = Vector3.new(7.409999847412109, -38.52000045776367, 10.229999542236328)
Part3198.Transparency = 1
Part3198.Size = Vector3.new(1.3500009775161743, 26.749998092651367, 1.5)
Part3198.Anchored = true
Part3198.Material = Enum.Material.Fabric
Part3199.Name = "Tree_Collision"
Part3199.Parent = Model3193
Part3199.CFrame = CFrame.new(2840.927, 124.656769, 2098.45898, 0.709724069, 0.176522046, -0.682006121, -0.301536858, 0.951052487, -0.0676331073, 0.636685193, 0.253650874, 0.728212595)
Part3199.Orientation = Vector3.new(3.880000114440918, -43.119998931884766, -17.59000015258789)
Part3199.Position = Vector3.new(2840.927001953125, 124.65676879882812, 2098.458984375)
Part3199.Rotation = Vector3.new(5.309999942779541, -43, -13.970000267028809)
Part3199.Transparency = 1
Part3199.Size = Vector3.new(1.3500009775161743, 23.749998092651367, 1.5)
Part3199.Anchored = true
Part3199.Material = Enum.Material.Fabric
Part3200.Name = "Tree_Collision"
Part3200.Parent = Model3193
Part3200.CFrame = CFrame.new(2831.26929, 126.129112, 2075.15259, 0.767438591, -0.195387483, -0.610624611, 0.114316031, 0.978869677, -0.169544995, 0.630849063, 0.0603111498, 0.773558259)
Part3200.Orientation = Vector3.new(9.760000228881836, -38.290000915527344, 6.659999847412109)
Part3200.Position = Vector3.new(2831.269287109375, 126.12911224365234, 2075.152587890625)
Part3200.Rotation = Vector3.new(12.359999656677246, -37.630001068115234, 14.279999732971191)
Part3200.Transparency = 1
Part3200.Size = Vector3.new(1.3500009775161743, 26.749998092651367, 1.5)
Part3200.Anchored = true
Part3200.Material = Enum.Material.Fabric
Part3201.Name = "Tree_Collision"
Part3201.Parent = Model3193
Part3201.CFrame = CFrame.new(2880.8335, 124.388809, 2099.56079, 0.775428772, 0.17159757, -0.607672095, -0.0107947262, 0.965827286, 0.258960605, 0.631343424, -0.194245785, 0.75078243)
Part3201.Orientation = Vector3.new(-15.010000228881836, -38.9900016784668, -0.6399999856948853)
Part3201.Position = Vector3.new(2880.83349609375, 124.38880920410156, 2099.560791015625)
Part3201.Rotation = Vector3.new(-19.030000686645508, -37.41999816894531, -12.479999542236328)
Part3201.Transparency = 1
Part3201.Size = Vector3.new(1.3500009775161743, 23.749998092651367, 1.5)
Part3201.Anchored = true
Part3201.Material = Enum.Material.Fabric
Part3202.Name = "Tree_Collision"
Part3202.Parent = Model3193
Part3202.CFrame = CFrame.new(2848.47534, 125.539436, 2070.53735, 0.774293661, -0.034036655, -0.631911218, 0.213922575, 0.953846276, 0.210746601, 0.595573068, -0.298359841, 0.745838106)
Part3202.Orientation = Vector3.new(-12.170000076293945, -40.27000045776367, 12.640000343322754)
Part3202.Position = Vector3.new(2848.475341796875, 125.53943634033203, 2070.537353515625)
Part3202.Rotation = Vector3.new(-15.779999732971191, -39.189998626708984, 2.5199999809265137)
Part3202.Transparency = 1
Part3202.Size = Vector3.new(1.3500009775161743, 26.749998092651367, 1.5)
Part3202.Anchored = true
Part3202.Material = Enum.Material.Fabric
Part3203.Name = "Tree_Collision"
Part3203.Parent = Model3193
Part3203.CFrame = CFrame.new(2827.23999, 124.281059, 2095.72144, 0.700937152, -0.278550446, -0.65658021, 0.088627845, 0.947463214, -0.307340592, 0.707695544, 0.157235086, 0.688799322)
Part3203.Orientation = Vector3.new(17.899999618530273, -43.630001068115234, 5.340000152587891)
Part3203.Position = Vector3.new(2827.239990234375, 124.28105926513672, 2095.721435546875)
Part3203.Rotation = Vector3.new(24.049999237060547, -41.040000915527344, 21.670000076293945)
Part3203.Transparency = 1
Part3203.Size = Vector3.new(1.3500009775161743, 22.749998092651367, 1.5)
Part3203.Anchored = true
Part3203.Material = Enum.Material.Fabric
Part3204.Name = "Tree_Collision"
Part3204.Parent = Model3193
Part3204.CFrame = CFrame.new(2861.63989, 125.176521, 2106.13403, 0.739036739, 0.146629378, -0.657514513, -0.161750689, 0.986095786, 0.0380993821, 0.653958857, 0.0781966001, 0.752478182)
Part3204.Orientation = Vector3.new(-2.180000066757202, -41.150001525878906, -9.319999694824219)
Part3204.Position = Vector3.new(2861.639892578125, 125.17652130126953, 2106.134033203125)
Part3204.Rotation = Vector3.new(-2.9000000953674316, -41.11000061035156, -11.220000267028809)
Part3204.Transparency = 1
Part3204.Size = Vector3.new(1.3500009775161743, 23.749998092651367, 1.5)
Part3204.Anchored = true
Part3204.Material = Enum.Material.Fabric
Part3205.Name = "Tree_Collision"
Part3205.Parent = Model3193
Part3205.CFrame = CFrame.new(2868.03931, 123.156258, 2119.62646, 0.778316557, 0.031846121, -0.627064407, -0.165568277, 0.973773599, -0.156050369, 0.605649352, 0.225278586, 0.763176739)
Part3205.Orientation = Vector3.new(8.979999542236328, -39.40999984741211, -9.649999618530273)
Part3205.Position = Vector3.new(2868.039306640625, 123.15625762939453, 2119.62646484375)
Part3205.Rotation = Vector3.new(11.5600004196167, -38.83000183105469, -2.3399999141693115)
Part3205.Transparency = 1
Part3205.Size = Vector3.new(1.3500009775161743, 20.749998092651367, 1.5)
Part3205.Anchored = true
Part3205.Material = Enum.Material.Fabric
Part3206.Name = "Tree_Collision"
Part3206.Parent = Model3193
Part3206.CFrame = CFrame.new(2830.78662, 124.075859, 2055.104, 0.74447763, -0.259958565, -0.614959478, 0.268317431, 0.95992291, -0.0809545219, 0.611358523, -0.104735576, 0.784392416)
Part3206.Orientation = Vector3.new(4.639999866485596, -38.099998474121094, 15.619999885559082)
Part3206.Position = Vector3.new(2830.78662109375, 124.07585906982422, 2055.10400390625)
Part3206.Rotation = Vector3.new(5.889999866485596, -37.95000076293945, 19.25)
Part3206.Transparency = 1
Part3206.Size = Vector3.new(1.3500009775161743, 22.749998092651367, 1.5)
Part3206.Anchored = true
Part3206.Material = Enum.Material.Fabric
Part3207.Name = "Tree_Collision"
Part3207.Parent = Model3193
Part3207.CFrame = CFrame.new(2861.82275, 124.944191, 2071.42554, 0.743703723, 0.297316819, -0.59875536, -0.127238542, 0.942237854, 0.309835017, 0.656289339, -0.154240608, 0.738575876)
Part3207.Orientation = Vector3.new(-18.049999237060547, -39.029998779296875, -7.690000057220459)
Part3207.Position = Vector3.new(2861.82275390625, 124.9441909790039, 2071.425537109375)
Part3207.Rotation = Vector3.new(-22.760000228881836, -36.779998779296875, -21.790000915527344)
Part3207.Transparency = 1
Part3207.Size = Vector3.new(1.3500009775161743, 23.749998092651367, 1.5)
Part3207.Anchored = true
Part3207.Material = Enum.Material.Fabric
Part3208.Name = "Tree_Collision"
Part3208.Parent = Model3193
Part3208.CFrame = CFrame.new(2860.39526, 124.486916, 2085.14526, 0.745696843, 0.10775084, -0.657515585, -0.109920517, 0.9932096, 0.0381006896, 0.657156408, 0.0438629165, 0.75247705)
Part3208.Orientation = Vector3.new(-2.180000066757202, -41.150001525878906, -6.320000171661377)
Part3208.Position = Vector3.new(2860.395263671875, 124.4869155883789, 2085.145263671875)
Part3208.Rotation = Vector3.new(-2.9000000953674316, -41.11000061035156, -8.220000267028809)
Part3208.Transparency = 1
Part3208.Size = Vector3.new(1.3500009775161743, 23.749998092651367, 1.5)
Part3208.Anchored = true
Part3208.Material = Enum.Material.Fabric
Part3209.Name = "Tree_Collision"
Part3209.Parent = Model3193
Part3209.CFrame = CFrame.new(2816.01172, 124.116936, 2061.34302, 0.763021529, -0.126376987, -0.633898616, 0.166162118, 0.986092329, 0.00341681601, 0.624650955, -0.107937083, 0.773408651)
Part3209.Orientation = Vector3.new(-0.20000000298023224, -39.34000015258789, 9.5600004196167)
Part3209.Position = Vector3.new(2816.01171875, 124.11693572998047, 2061.343017578125)
Part3209.Rotation = Vector3.new(-0.25, -39.34000015258789, 9.399999618530273)
Part3209.Transparency = 1
Part3209.Size = Vector3.new(1.3500009775161743, 22.749998092651367, 1.5)
Part3209.Anchored = true
Part3209.Material = Enum.Material.Fabric
Model3210.Name = "??"
Model3210.Parent = Folder0
Part3211.Name = "TreeMesh Bottom"
Part3211.Parent = Model3210
Part3211.CFrame = CFrame.new(2866.95557, 112.578148, 2014.97681, 0.776760101, -0.000755689573, -0.629796743, 0.000377476041, 0.999999523, -0.000734332891, 0.629797161, 0.00033266659, 0.776759744)
