Part5079.Name = "Tree_Collision"
Part5079.Parent = Model5068
Part5079.CFrame = CFrame.new(2942.6936, 317.102844, 2980.40527, 0.737606049, 0.307832628, -0.600979567, 0.0426546372, 0.867015183, 0.496452659, 0.673882782, -0.391820997, 0.626385152)
Part5079.Orientation = Vector3.new(-29.770000457763672, -43.810001373291016, 2.819999933242798)
Part5079.Position = Vector3.new(2942.693603515625, 317.10284423828125, 2980.4052734375)
Part5079.Rotation = Vector3.new(-38.400001525878906, -36.939998626708984, -22.649999618530273)
Part5079.Transparency = 1
Part5079.Size = Vector3.new(1.3500009775161743, 23.749998092651367, 1.5)
Part5079.Anchored = true
Part5079.Material = Enum.Material.Fabric
Part5080.Name = "Tree_Collision"
Part5080.Parent = Model5068
Part5080.CFrame = CFrame.new(2953.03955, 316.11911, 2990.06201, 0.773077607, 0.200710073, -0.601719677, 0.0100842379, 0.944609761, 0.328040749, 0.634231389, -0.259668827, 0.728232563)
Part5080.Orientation = Vector3.new(-19.149999618530273, -39.56999969482422, 0.6100000143051147)
Part5080.Position = Vector3.new(2953.03955078125, 316.1191101074219, 2990.06201171875)
Part5080.Rotation = Vector3.new(-24.25, -36.9900016784668, -14.550000190734863)
Part5080.Transparency = 1
Part5080.Size = Vector3.new(1.3500009775161743, 20.749998092651367, 1.5)
Part5080.Anchored = true
Part5080.Material = Enum.Material.Fabric
Part5081.Name = "Tree_Collision"
Part5081.Parent = Model5068
Part5081.CFrame = CFrame.new(2923.71924, 297.700531, 2941.46167, 0.810048461, -0.106961749, -0.576524734, 0.3946096, 0.826694787, 0.401072443, 0.433710575, -0.552390277, 0.711870909)
Part5081.Orientation = Vector3.new(-23.649999618530273, -39, 25.520000457763672)
Part5081.Position = Vector3.new(2923.71923828125, 297.7005310058594, 2941.461669921875)
Part5081.Rotation = Vector3.new(-29.399999618530273, -35.209999084472656, 7.519999980926514)
Part5081.Transparency = 1
Part5081.Size = Vector3.new(1.3500009775161743, 22.749998092651367, 1.5)
Part5081.Anchored = true
Part5081.Material = Enum.Material.Fabric
Part5082.Name = "Tree_Collision"
Part5082.Parent = Model5068
Part5082.CFrame = CFrame.new(2937.68677, 308.855774, 2954.5188, 0.747899771, 0.436644733, -0.499987394, 0.0728862584, 0.694635928, 0.715659559, 0.659798145, -0.571683824, 0.487692654)
Part5082.Orientation = Vector3.new(-45.70000076293945, -45.709999084472656, 5.989999771118164)
Part5082.Position = Vector3.new(2937.686767578125, 308.85577392578125, 2954.518798828125)
Part5082.Rotation = Vector3.new(-55.72999954223633, -30, -30.280000686645508)
Part5082.Transparency = 1
Part5082.Size = Vector3.new(1.3500009775161743, 23.749998092651367, 1.5)
Part5082.Anchored = true
Part5082.Material = Enum.Material.Fabric
Part5083.Name = "Tree_Collision"
Part5083.Parent = Model5068
Part5083.CFrame = CFrame.new(2941.54565, 306.981415, 2963.3772, 0.752705038, 0.268808156, -0.600980341, 0.0879727304, 0.863594234, 0.496453345, 0.65245378, -0.426552802, 0.62638396)
Part5083.Orientation = Vector3.new(-29.770000457763672, -43.810001373291016, 5.820000171661377)
Part5083.Position = Vector3.new(2941.545654296875, 306.9814147949219, 2963.377197265625)
Part5083.Rotation = Vector3.new(-38.400001525878906, -36.939998626708984, -19.649999618530273)
Part5083.Transparency = 1
Part5083.Size = Vector3.new(1.3500009775161743, 23.749998092651367, 1.5)
Part5083.Anchored = true
Part5083.Material = Enum.Material.Fabric
Part5084.Name = "Tree_Collision"
Part5084.Parent = Model5068
Part5084.CFrame = CFrame.new(2904.82935, 303.967529, 2946.35229, 0.812559724, 0.0287192035, -0.58217001, 0.309170187, 0.825469494, 0.472243607, 0.494126022, -0.563715756, 0.661864102)
Part5084.Orientation = Vector3.new(-28.18000030517578, -41.33000183105469, 20.530000686645508)
Part5084.Position = Vector3.new(2904.829345703125, 303.967529296875, 2946.352294921875)
Part5084.Rotation = Vector3.new(-35.5099983215332, -35.599998474121094, -2.0199999809265137)
Part5084.Transparency = 1
Part5084.Size = Vector3.new(1.3500009775161743, 22.749998092651367, 1.5)
Part5084.Anchored = true
Part5084.Material = Enum.Material.Fabric
Model5085.Name = "茂み"
Model5085.Parent = Folder0
Part5086.Name = "TreeMesh Bottom"
Part5086.Parent = Model5085
Part5086.CFrame = CFrame.new(3036.92627, 303.05069, 2990.53613, 0.799629271, 0.160620883, -0.578618109, 0.165548682, 0.867260695, 0.469529748, 0.577226341, -0.471238077, 0.666895449)
Part5086.Orientation = Vector3.new(-28, -40.95000076293945, 10.8100004196167)
Part5086.Position = Vector3.new(3036.92626953125, 303.0506896972656, 2990.5361328125)
Part5086.Rotation = Vector3.new(-35.150001525878906, -35.349998474121094, -11.359999656677246)
Part5086.Size = Vector3.new(8.250000953674316, 0.2499980926513672, 7)
Part5086.Anchored = true
Part5086.CanCollide = false
Part5086.Material = Enum.Material.Fabric
SpecialMesh5087.Name = "BarkMesh"
SpecialMesh5087.Parent = Part5086
SpecialMesh5087.MeshId = "rbxassetid://623621260"
SpecialMesh5087.Offset = Vector3.new(0, 3.4100000858306885, 0)
SpecialMesh5087.TextureId = "rbxassetid://623618671"
SpecialMesh5087.MeshType = Enum.MeshType.FileMesh
Part5088.Name = "TreeMeshTop"
Part5088.Parent = Model5085
Part5088.CFrame = CFrame.new(3041.76758, 329.189087, 2976.33154, 0.799629271, 0.160620883, -0.578618109, 0.165548682, 0.867260695, 0.469529748, 0.577226341, -0.471238077, 0.666895449)
Part5088.Orientation = Vector3.new(-28, -40.95000076293945, 10.8100004196167)
Part5088.Position = Vector3.new(3041.767578125, 329.1890869140625, 2976.33154296875)
Part5088.Rotation = Vector3.new(-35.150001525878906, -35.349998474121094, -11.359999656677246)
Part5088.Transparency = 0.05000000074505806
Part5088.Size = Vector3.new(8.250000953674316, 0.2499980926513672, 7)
Part5088.Anchored = true
Part5088.CanCollide = false
Part5088.Material = Enum.Material.Fabric
SpecialMesh5089.Name = "TopTreeMesh"
SpecialMesh5089.Parent = Part5088
SpecialMesh5089.MeshId = "rbxassetid://623621456"
SpecialMesh5089.Offset = Vector3.new(0, 3.4100000858306885, 0)
SpecialMesh5089.Scale = Vector3.new(1.600000023841858, 1.600000023841858, 1.600000023841858)
SpecialMesh5089.TextureId = "rbxassetid://745556120"
SpecialMesh5089.MeshType = Enum.MeshType.FileMesh
Part5090.Name = "Tree_Collision"
Part5090.Parent = Model5085
Part5090.CFrame = CFrame.new(3036.16528, 315.336243, 2987.17407, 0.808591723, 0.0238206014, -0.587891817, 0.250897527, 0.889823854, 0.381142378, 0.532196641, -0.455688, 0.713526607)
Part5090.Orientation = Vector3.new(-22.399999618530273, -39.4900016784668, 15.75)
Part5090.Position = Vector3.new(3036.165283203125, 315.33624267578125, 2987.174072265625)
Part5090.Rotation = Vector3.new(-28.110000610351562, -36.0099983215332, -1.690000057220459)
Part5090.Transparency = 1
Part5090.Size = Vector3.new(1.3500009775161743, 26.749998092651367, 1.5)
Part5090.Anchored = true
Part5090.Material = Enum.Material.Fabric
Part5091.Name = "Tree_Collision"
Part5091.Parent = Model5085
Part5091.CFrame = CFrame.new(3031.71606, 319.523193, 2993.96851, 0.685231626, 0.341146708, -0.643491626, -0.0817246735, 0.913955152, 0.397508055, 0.72372818, -0.219795763, 0.654150128)
Part5091.Orientation = Vector3.new(-23.420000076293945, -44.529998779296875, -5.110000133514404)
Part5091.Position = Vector3.new(3031.716064453125, 319.523193359375, 2993.968505859375)
Part5091.Rotation = Vector3.new(-31.290000915527344, -40.04999923706055, -26.469999313354492)
Part5091.Transparency = 1
Part5091.Size = Vector3.new(1.3500009775161743, 23.749998092651367, 1.5)
Part5091.Anchored = true
Part5091.Material = Enum.Material.Fabric
Part5092.Name = "Tree_Collision"
Part5092.Parent = Model5085
Part5092.CFrame = CFrame.new(3025.14624, 310.651337, 2975.1936, 0.808884561, -0.0313289836, -0.587136328, 0.266388685, 0.909741044, 0.318455994, 0.524162471, -0.413999468, 0.74421984)
Part5092.Orientation = Vector3.new(-18.56999969482422, -38.27000045776367, 16.31999969482422)
Part5092.Position = Vector3.new(3025.146240234375, 310.6513366699219, 2975.193603515625)
Part5092.Rotation = Vector3.new(-23.170000076293945, -35.95000076293945, 2.2200000286102295)
Part5092.Transparency = 1
Part5092.Size = Vector3.new(1.3500009775161743, 26.749998092651367, 1.5)
Part5092.Anchored = true
Part5092.Material = Enum.Material.Fabric
Part5093.Name = "Tree_Collision"
Part5093.Parent = Model5085
Part5093.CFrame = CFrame.new(3072.69702, 317.975586, 2998.37793, 0.796598792, 0.314397931, -0.51632297, 0.156812236, 0.717408895, 0.67877841, 0.583818614, -0.621678472, 0.52218473)
Part5093.Orientation = Vector3.new(-42.75, -44.68000030517578, 12.329999923706055)
Part5093.Position = Vector3.new(3072.697021484375, 317.9755859375, 2998.3779296875)
Part5093.Rotation = Vector3.new(-52.43000030517578, -31.09000015258789, -21.540000915527344)
Part5093.Transparency = 1
Part5093.Size = Vector3.new(1.3500009775161743, 23.749998092651367, 1.5)
Part5093.Anchored = true
Part5093.Material = Enum.Material.Fabric
Part5094.Name = "Tree_Collision"
Part5094.Parent = Model5085
Part5094.CFrame = CFrame.new(3040.96387, 310.564362, 2972.34741, 0.8297984, 0.104187667, -0.54825604, 0.335041225, 0.692664742, 0.638724148, 0.446302474, -0.713698864, 0.539863944)
Part5094.Orientation = Vector3.new(-39.70000076293945, -45.439998626708984, 25.809999465942383)
Part5094.Position = Vector3.new(3040.9638671875, 310.5643615722656, 2972.347412109375)
Part5094.Rotation = Vector3.new(-49.790000915527344, -33.25, -7.159999847412109)
Part5094.Transparency = 1
Part5094.Size = Vector3.new(1.3500009775161743, 26.749998092651367, 1.5)
Part5094.Anchored = true
Part5094.Material = Enum.Material.Fabric
Part5095.Name = "Tree_Collision"
Part5095.Parent = Model5085
Part5095.CFrame = CFrame.new(3021.9353, 317.420624, 2993.07642, 0.743374169, -0.113091953, -0.659249604, 0.291335642, 0.94194746, 0.166925177, 0.602097929, -0.316149592, 0.733166099)
Part5095.Orientation = Vector3.new(-9.609999656677246, -41.959999084472656, 17.190000534057617)
Part5095.Position = Vector3.new(3021.935302734375, 317.4206237792969, 2993.076416015625)
Part5095.Rotation = Vector3.new(-12.829999923706055, -41.2400016784668, 8.649999618530273)
Part5095.Transparency = 1
Part5095.Size = Vector3.new(1.3500009775161743, 22.749998092651367, 1.5)
Part5095.Anchored = true
Part5095.Material = Enum.Material.Fabric
Part5096.Name = "Tree_Collision"
Part5096.Parent = Model5085
Part5096.CFrame = CFrame.new(3053.39404, 321.610748, 3002.32495, 0.737607181, 0.307833105, -0.60098207, 0.0426551402, 0.867017567, 0.496454298, 0.673883915, -0.391822577, 0.626386702)
Part5096.Orientation = Vector3.new(-29.770000457763672, -43.810001373291016, 2.819999933242798)
Part5096.Position = Vector3.new(3053.39404296875, 321.6107482910156, 3002.324951171875)
Part5096.Rotation = Vector3.new(-38.400001525878906, -36.939998626708984, -22.649999618530273)
Part5096.Transparency = 1
Part5096.Size = Vector3.new(1.3500009775161743, 23.749998092651367, 1.5)
Part5096.Anchored = true
Part5096.Material = Enum.Material.Fabric
Part5097.Name = "Tree_Collision"
Part5097.Parent = Model5085
Part5097.CFrame = CFrame.new(3061.06177, 322.566742, 3015.28516, 0.773078978, 0.200710014, -0.601721942, 0.0100848079, 0.944612145, 0.32804206, 0.63423264, -0.259670168, 0.72823447)
Part5097.Orientation = Vector3.new(-19.149999618530273, -39.56999969482422, 0.6100000143051147)
Part5097.Position = Vector3.new(3061.061767578125, 322.5667419433594, 3015.28515625)
Part5097.Rotation = Vector3.new(-24.25, -36.9900016784668, -14.550000190734863)
Part5097.Transparency = 1
Part5097.Size = Vector3.new(1.3500009775161743, 20.749998092651367, 1.5)
Part5097.Anchored = true
Part5097.Material = Enum.Material.Fabric
Part5098.Name = "Tree_Collision"
Part5098.Parent = Model5085
Part5098.CFrame = CFrame.new(3024.0498, 301.200562, 2959.36694, 0.810049891, -0.106961019, -0.576526999, 0.394609988, 0.82669729, 0.401073813, 0.433711886, -0.55239141, 0.711872637)
Part5098.Orientation = Vector3.new(-23.649999618530273, -39, 25.520000457763672)
Part5098.Position = Vector3.new(3024.0498046875, 301.2005615234375, 2959.366943359375)
Part5098.Rotation = Vector3.new(-29.399999618530273, -35.209999084472656, 7.519999980926514)
Part5098.Transparency = 1
Part5098.Size = Vector3.new(1.3500009775161743, 22.749998092651367, 1.5)
Part5098.Anchored = true
Part5098.Material = Enum.Material.Fabric
Part5099.Name = "Tree_Collision"
Part5099.Parent = Model5085
Part5099.CFrame = CFrame.new(3051.60718, 309.054169, 2971.94189, 0.747901142, 0.436645597, -0.499989599, 0.072886765, 0.694637954, 0.715661407, 0.659799337, -0.571685612, 0.487693965)
Part5099.Orientation = Vector3.new(-45.70000076293945, -45.709999084472656, 5.989999771118164)
Part5099.Position = Vector3.new(3051.607177734375, 309.0541687011719, 2971.94189453125)
Part5099.Rotation = Vector3.new(-55.72999954223633, -30, -30.280000686645508)
Part5099.Transparency = 1
Part5099.Size = Vector3.new(1.3500009775161743, 23.749998092651367, 1.5)
Part5099.Anchored = true
Part5099.Material = Enum.Material.Fabric
Part5100.Name = "Tree_Collision"
Part5100.Parent = Model5085
Part5100.CFrame = CFrame.new(3051.27026, 311.403717, 2984.42847, 0.752706289, 0.268808544, -0.600982428, 0.0879732072, 0.863596499, 0.496454835, 0.652454913, -0.426554263, 0.626385629)
Part5100.Orientation = Vector3.new(-29.770000457763672, -43.810001373291016, 5.820000171661377)
Part5100.Position = Vector3.new(3051.270263671875, 311.4037170410156, 2984.428466796875)
Part5100.Rotation = Vector3.new(-38.400001525878906, -36.939998626708984, -19.649999618530273)
Part5100.Transparency = 1
Part5100.Size = Vector3.new(1.3500009775161743, 23.749998092651367, 1.5)
Part5100.Anchored = true
Part5100.Material = Enum.Material.Fabric
Part5101.Name = "Tree_Collision"
Part5101.Parent = Model5085
Part5101.CFrame = CFrame.new(3008.552, 307.436768, 2963.97461, 0.812561035, 0.0287199281, -0.582172513, 0.309170604, 0.825471938, 0.472245187, 0.494127393, -0.563717067, 0.66186589)
Part5101.Orientation = Vector3.new(-28.18000030517578, -41.33000183105469, 20.530000686645508)
Part5101.Position = Vector3.new(3008.552001953125, 307.436767578125, 2963.974609375)
Part5101.Rotation = Vector3.new(-35.5099983215332, -35.599998474121094, -2.0199999809265137)
Part5101.Transparency = 1
Part5101.Size = Vector3.new(1.3500009775161743, 22.749998092651367, 1.5)
Part5101.Anchored = true
Part5101.Material = Enum.Material.Fabric
Model5102.Name = "茂み"
Model5102.Parent = Folder0
Part5103.Name = "TreeMesh Bottom"
Part5103.Parent = Model5102
Part5103.CFrame = CFrame.new(2651.21484, 354.66275, 3331.72998, 0.00221425667, -0.145389631, -0.989372015, 0.0817700922, 0.98608768, -0.144723892, 0.996648848, -0.0805805922, 0.0140719712)
Part5103.Orientation = Vector3.new(8.319999694824219, -89.19000244140625, 4.739999771118164)
Part5103.Position = Vector3.new(2651.21484375, 354.6627502441406, 3331.72998046875)
Part5103.Rotation = Vector3.new(84.44999694824219, -81.63999938964844, 89.12999725341797)
Part5103.Size = Vector3.new(8.250000953674316, 0.2499980926513672, 7)
Part5103.Anchored = true
Part5103.CanCollide = false
Part5103.Material = Enum.Material.Fabric
SpecialMesh5104.Name = "BarkMesh"
SpecialMesh5104.Parent = Part5103
SpecialMesh5104.MeshId = "rbxassetid://623621260"
SpecialMesh5104.Offset = Vector3.new(0, 3.4100000858306885, 0)
SpecialMesh5104.TextureId = "rbxassetid://623618671"
SpecialMesh5104.MeshType = Enum.MeshType.FileMesh
Part5105.Name = "TreeMeshTop"
Part5105.Parent = Model5102
Part5105.CFrame = CFrame.new(2646.83447, 384.383606, 3329.30103, 0.00221425667, -0.145389631, -0.989372015, 0.0817700922, 0.98608768, -0.144723892, 0.996648848, -0.0805805922, 0.0140719712)
Part5105.Orientation = Vector3.new(8.319999694824219, -89.19000244140625, 4.739999771118164)
Part5105.Position = Vector3.new(2646.83447265625, 384.38360595703125, 3329.301025390625)
Part5105.Rotation = Vector3.new(84.44999694824219, -81.63999938964844, 89.12999725341797)
Part5105.Transparency = 0.05000000074505806
Part5105.Size = Vector3.new(8.250000953674316, 0.2499980926513672, 7)
Part5105.Anchored = true
Part5105.CanCollide = false
Part5105.Material = Enum.Material.Fabric
SpecialMesh5106.Name = "TopTreeMesh"
SpecialMesh5106.Parent = Part5105
SpecialMesh5106.MeshId = "rbxassetid://623621456"
SpecialMesh5106.Offset = Vector3.new(0, 3.4100000858306885, 0)
SpecialMesh5106.Scale = Vector3.new(1.600000023841858, 1.600000023841858, 1.600000023841858)
SpecialMesh5106.TextureId = "rbxassetid://745556120"
SpecialMesh5106.MeshType = Enum.MeshType.FileMesh
Part5107.Name = "Tree_Collision"
Part5107.Parent = Model5102
Part5107.CFrame = CFrame.new(2644.43188, 366.780212, 3329.30811, -0.0166588444, -0.243243769, -0.969822109, 0.176015884, 0.954095483, -0.242322713, 0.984246433, -0.174740955, 0.0269206315)
Part5107.Orientation = Vector3.new(14.020000457763672, -88.41000366210938, 10.449999809265137)
Part5107.Position = Vector3.new(2644.431884765625, 366.78021240234375, 3329.30810546875)
Part5107.Rotation = Vector3.new(83.66000366210938, -75.88999938964844, 93.91999816894531)
Part5107.Transparency = 1
Part5107.Size = Vector3.new(1.3500009775161743, 26.749998092651367, 1.5)
Part5107.Anchored = true
Part5107.Material = Enum.Material.Fabric
Part5108.Name = "Tree_Collision"
Part5108.Parent = Model5102
Part5108.CFrame = CFrame.new(2635.75098, 364.941376, 3334.93555, -0.00128772855, -0.221857429, -0.975078344, -0.226716623, 0.949753404, -0.215795889, 0.973959923, 0.220788568, -0.051521793)
Part5108.Orientation = Vector3.new(12.460000038146973, -93.0199966430664, -13.430000305175781)
Part5108.Position = Vector3.new(2635.7509765625, 364.9413757324219, 3334.935546875)
Part5108.Rotation = Vector3.new(103.43000030517578, -77.18000030517578, 90.33000183105469)
Part5108.Transparency = 1
Part5108.Size = Vector3.new(1.3500009775161743, 23.749998092651367, 1.5)
Part5108.Anchored = true
Part5108.Material = Enum.Material.Fabric
Part5109.Name = "Tree_Collision"
Part5109.Parent = Model5102
Part5109.CFrame = CFrame.new(2647.3833, 366.319427, 3312.5415, -0.0209000222, -0.309977055, -0.950514317, 0.192639887, 0.93165797, -0.308063477, 0.981047034, -0.189545497, 0.0402422622)
Part5109.Orientation = Vector3.new(17.940000534057617, -87.58000183105469, 11.680000305175781)
Part5109.Position = Vector3.new(2647.38330078125, 366.3194274902344, 3312.54150390625)
Part5109.Rotation = Vector3.new(82.55999755859375, -71.9000015258789, 93.86000061035156)
Part5109.Transparency = 1
Part5109.Size = Vector3.new(1.3500009775161743, 26.749998092651367, 1.5)
Part5109.Anchored = true
Part5109.Material = Enum.Material.Fabric
Part5110.Name = "Tree_Collision"
Part5110.Parent = Model5102
Part5110.CFrame = CFrame.new(2659.88354, 370.753052, 3366.20337, 0.00181186199, 0.116535977, -0.993184805, 0.0704543144, 0.990703583, 0.116373397, 0.997513413, -0.0701850355, -0.00641544722)
Part5110.Orientation = Vector3.new(-6.679999828338623, -90.37000274658203, 4.070000171661377)
Part5110.Position = Vector3.new(2659.883544921875, 370.7530517578125, 3366.203369140625)
Part5110.Rotation = Vector3.new(-93.16000366210938, -83.30999755859375, -89.11000061035156)
Part5110.Transparency = 1
Part5110.Size = Vector3.new(1.3500009775161743, 23.749998092651367, 1.5)
Part5110.Anchored = true
Part5110.Material = Enum.Material.Fabric
Part5111.Name = "Tree_Collision"
Part5111.Parent = Model5102
Part5111.CFrame = CFrame.new(2661.76123, 368.66568, 3322.81104, -0.00396379828, 0.0696342736, -0.997564673, 0.294065475, 0.95354563, 0.0653931424, 0.955777168, -0.293090105, -0.0242566951)
Part5111.Orientation = Vector3.new(-3.75, -91.38999938964844, 17.139999389648438)
Part5111.Position = Vector3.new(2661.76123046875, 368.6656799316406, 3322.81103515625)
Part5111.Rotation = Vector3.new(-110.3499984741211, -86, -93.26000213623047)
Part5111.Transparency = 1
Part5111.Size = Vector3.new(1.3500009775161743, 26.749998092651367, 1.5)
Part5111.Anchored = true
Part5111.Material = Enum.Material.Fabric
Part5112.Name = "Tree_Collision"
Part5112.Parent = Model5102
Part5112.CFrame = CFrame.new(2629.35327, 362.630615, 3322.74194, -0.117696583, -0.431763232, -0.894275188, 0.152413666, 0.88201046, -0.445900977, 0.981283724, -0.188780814, -0.0380030051)
Part5112.Orientation = Vector3.new(26.479999542236328, -92.43000030517578, 9.800000190734863)
Part5112.Position = Vector3.new(2629.353271484375, 362.630615234375, 3322.741943359375)
Part5112.Rotation = Vector3.new(94.87000274658203, -63.41999816894531, 105.25)
Part5112.Transparency = 1
Part5112.Size = Vector3.new(1.3500009775161743, 22.749998092651367, 1.5)
Part5112.Anchored = true
Part5112.Material = Enum.Material.Fabric
Part5113.Name = "Tree_Collision"
Part5113.Parent = Model5102
Part5113.CFrame = CFrame.new(2642.73389, 368.177429, 3355.64746, -0.0164431278, -0.111005574, -0.993683755, -0.0853929296, 0.990342915, -0.109219283, 0.996211648, 0.0830576643, -0.025763426)
Part5113.Orientation = Vector3.new(6.269999980926514, -91.48999786376953, -4.929999828338623)
Part5113.Position = Vector3.new(2642.73388671875, 368.17742919921875, 3355.6474609375)
Part5113.Rotation = Vector3.new(103.2699966430664, -83.55999755859375, 98.43000030517578)
Part5113.Transparency = 1
Part5113.Size = Vector3.new(1.3500009775161743, 23.749998092651367, 1.5)
Part5113.Anchored = true
Part5113.Material = Enum.Material.Fabric
Part5114.Name = "Tree_Collision"
Part5114.Parent = Model5102
Part5114.CFrame = CFrame.new(2636.6731, 366.352753, 3369.32422, 0.0457173102, -0.293790519, -0.954776049, -0.0801854581, 0.951611996, -0.29665643, 0.995731056, 0.0901214629, 0.0199474022)
Part5114.Orientation = Vector3.new(17.260000228881836, -88.80000305175781, -4.820000171661377)
Part5114.Position = Vector3.new(2636.673095703125, 366.3527526855469, 3369.32421875)
Part5114.Rotation = Vector3.new(86.1500015258789, -72.69999694824219, 81.16000366210938)
Part5114.Transparency = 1
Part5114.Size = Vector3.new(1.3500009775161743, 20.749998092651367, 1.5)
Part5114.Anchored = true
Part5114.Material = Enum.Material.Fabric
Part5115.Name = "Tree_Collision"
Part5115.Parent = Model5102
Part5115.CFrame = CFrame.new(2662.7583, 365.434631, 3299.53491, -0.0425754935, -0.220971331, -0.974350512, 0.342164993, 0.91303432, -0.222016811, 0.938674927, -0.342841148, 0.0367357507)
Part5115.Orientation = Vector3.new(12.829999923706055, -87.83999633789062, 20.540000915527344)
Part5115.Position = Vector3.new(2662.75830078125, 365.43463134765625, 3299.534912109375)
Part5115.Rotation = Vector3.new(80.5999984741211, -77, 100.91000366210938)
Part5115.Transparency = 1
Part5115.Size = Vector3.new(1.3500009775161743, 22.749998092651367, 1.5)
Part5115.Anchored = true
Part5115.Material = Enum.Material.Fabric
Part5116.Name = "Tree_Collision"
Part5116.Parent = Model5102
Part5116.CFrame = CFrame.new(2669.5083, 370.079559, 3333.64185, -0.0203067791, 0.167824626, -0.985607803, -0.0507795736, 0.984365582, 0.168659404, 0.998503447, 0.0534736589, -0.011467237)
Part5116.Orientation = Vector3.new(-9.710000038146973, -90.66999816894531, -2.950000047683716)
Part5116.Position = Vector3.new(2669.50830078125, 370.0795593261719, 3333.641845703125)
Part5116.Rotation = Vector3.new(-93.88999938964844, -80.2699966430664, -96.9000015258789)
Part5116.Transparency = 1
Part5116.Size = Vector3.new(1.3500009775161743, 23.749998092651367, 1.5)
Part5116.Anchored = true
Part5116.Material = Enum.Material.Fabric
Part5117.Name = "Tree_Collision"
Part5117.Parent = Model5102
Part5117.CFrame = CFrame.new(2658.15649, 368.577332, 3341.34766, -0.0222304147, -0.109991975, -0.993683815, -0.0334466323, 0.993454993, -0.109218307, 0.999193251, 0.0308073983, -0.0257637762)
Part5117.Orientation = Vector3.new(6.269999980926514, -91.48999786376953, -1.9299999475479126)
Part5117.Position = Vector3.new(2658.156494140625, 368.57733154296875, 3341.34765625)
Part5117.Rotation = Vector3.new(103.2699966430664, -83.55999755859375, 101.43000030517578)
Part5117.Transparency = 1
Part5117.Size = Vector3.new(1.3500009775161743, 23.749998092651367, 1.5)
Part5117.Anchored = true
Part5117.Material = Enum.Material.Fabric
Part5118.Name = "Tree_Collision"
Part5118.Parent = Model5102
Part5118.CFrame = CFrame.new(2648.73291, 362.823059, 3292.20703, -0.0264066942, -0.138822377, -0.9899652, 0.243466794, 0.959597111, -0.141058132, 0.969549775, -0.244748533, 0.00845884532)
Part5118.Orientation = Vector3.new(8.109999656677246, -89.51000213623047, 14.239999771118164)
Part5118.Position = Vector3.new(2648.73291015625, 362.82305908203125, 3292.20703125)
Part5118.Rotation = Vector3.new(86.56999969482422, -81.87999725341797, 100.7699966430664)
Part5118.Transparency = 1
Part5118.Size = Vector3.new(1.3500009775161743, 22.749998092651367, 1.5)
Part5118.Anchored = true
Part5118.Material = Enum.Material.Fabric
Model5119.Name = "茂み"
Model5119.Parent = Folder0
Part5120.Name = "TreeMesh Bottom"
Part5120.Parent = Model5119
Part5120.CFrame = CFrame.new(2608.27783, 360.192871, 3340.13525, 0.0491447821, -0.196455464, -0.979280412, 0.276842356, 0.944728673, -0.175630748, 0.959657848, -0.262474954, 0.100815669)
Part5120.Orientation = Vector3.new(10.119999885559082, -84.12000274658203, 16.329999923706055)
Part5120.Position = Vector3.new(2608.27783203125, 360.19287109375, 3340.13525390625)
Part5120.Rotation = Vector3.new(60.13999938964844, -78.31999969482422, 75.95999908447266)
Part5120.Size = Vector3.new(8.250000953674316, 0.2499980926513672, 7)
Part5120.Anchored = true
Part5120.CanCollide = false
Part5120.Material = Enum.Material.Fabric
SpecialMesh5121.Name = "BarkMesh"
SpecialMesh5121.Parent = Part5120
SpecialMesh5121.MeshId = "rbxassetid://623621260"
SpecialMesh5121.Offset = Vector3.new(0, 3.4100000858306885, 0)
SpecialMesh5121.TextureId = "rbxassetid://623618671"
SpecialMesh5121.MeshType = Enum.MeshType.FileMesh
Part5122.Name = "TreeMeshTop"
Part5122.Parent = Model5119
Part5122.CFrame = CFrame.new(2602.35815, 388.667114, 3332.22388, 0.0491447821, -0.196455464, -0.979280412, 0.276842356, 0.944728673, -0.175630748, 0.959657848, -0.262474954, 0.100815669)
Part5122.Orientation = Vector3.new(10.119999885559082, -84.12000274658203, 16.329999923706055)
Part5122.Position = Vector3.new(2602.358154296875, 388.6671142578125, 3332.223876953125)
Part5122.Rotation = Vector3.new(60.13999938964844, -78.31999969482422, 75.95999908447266)
Part5122.Transparency = 0.05000000074505806
Part5122.Size = Vector3.new(8.250000953674316, 0.2499980926513672, 7)
Part5122.Anchored = true
Part5122.CanCollide = false
Part5122.Material = Enum.Material.Fabric
SpecialMesh5123.Name = "TopTreeMesh"
SpecialMesh5123.Parent = Part5122
SpecialMesh5123.MeshId = "rbxassetid://623621456"
SpecialMesh5123.Offset = Vector3.new(0, 3.4100000858306885, 0)
SpecialMesh5123.Scale = Vector3.new(1.600000023841858, 1.600000023841858, 1.600000023841858)
SpecialMesh5123.TextureId = "rbxassetid://745556120"
SpecialMesh5123.MeshType = Enum.MeshType.FileMesh
Part5124.Name = "Tree_Collision"
Part5124.Parent = Model5119
Part5124.CFrame = CFrame.new(2600.80615, 371.334473, 3335.80566, 0.0251634084, -0.297339499, -0.954440117, 0.366023242, 0.891185701, -0.267983526, 0.930265546, -0.342603892, 0.131258413)
Part5124.Orientation = Vector3.new(15.539999961853027, -82.16999816894531, 22.329999923706055)
Part5124.Position = Vector3.new(2600.80615234375, 371.33447265625, 3335.8056640625)
Part5124.Rotation = Vector3.new(63.900001525878906, -72.63999938964844, 85.16000366210938)
Part5124.Transparency = 1
Part5124.Size = Vector3.new(1.3500009775161743, 26.749998092651367, 1.5)
Part5124.Anchored = true
Part5124.Material = Enum.Material.Fabric
Part5125.Name = "Tree_Collision"
Part5125.Parent = Model5119
Part5125.CFrame = CFrame.new(2592.52197, 370.322083, 3342.18945, 0.0592945218, -0.255613863, -0.964961708, -0.0299698412, 0.965770364, -0.25767085, 0.997795284, 0.0441998094, 0.0496045575)
Part5125.Orientation = Vector3.new(14.930000305175781, -87.05999755859375, -1.7799999713897705)
Part5125.Position = Vector3.new(2592.52197265625, 370.32208251953125, 3342.189453125)
Part5125.Rotation = Vector3.new(79.0999984741211, -74.79000091552734, 76.94000244140625)
Part5125.Transparency = 1
Part5125.Size = Vector3.new(1.3500009775161743, 23.749998092651367, 1.5)
Part5125.Anchored = true
Part5125.Material = Enum.Material.Fabric
Part5126.Name = "Tree_Collision"
Part5126.Parent = Model5119
Part5126.CFrame = CFrame.new(2602.91724, 367.684082, 3319.30518, 0.0199717935, -0.363587797, -0.93134588, 0.38152051, 0.863813162, -0.329042464, 0.924144626, -0.348755926, 0.155968115)
Part5126.Orientation = Vector3.new(19.209999084472656, -80.48999786376953, 23.829999923706055)
Part5126.Position = Vector3.new(2602.917236328125, 367.68408203125, 3319.30517578125)
Part5126.Rotation = Vector3.new(64.63999938964844, -68.6500015258789, 86.86000061035156)
Part5126.Transparency = 1
Part5126.Size = Vector3.new(1.3500009775161743, 26.749998092651367, 1.5)
Part5126.Anchored = true
Part5126.Material = Enum.Material.Fabric
Part5127.Name = "Tree_Collision"
Part5127.Parent = Model5119
Part5127.CFrame = CFrame.new(2617.91211, 383.078735, 3370.23315, 0.0493303984, 0.0651359484, -0.996656358, 0.265912682, 0.960999191, 0.0759671852, 0.962734103, -0.268771112, 0.0300859977)
Part5127.Orientation = Vector3.new(-4.360000133514404, -88.2699966430664, 15.470000267028809)
Part5127.Position = Vector3.new(2617.912109375, 383.0787353515625, 3370.233154296875)
Part5127.Rotation = Vector3.new(-68.38999938964844, -85.30999755859375, -52.86000061035156)
Part5127.Transparency = 1
Part5127.Size = Vector3.new(1.3500009775161743, 23.749998092651367, 1.5)
Part5127.Anchored = true
Part5127.Material = Enum.Material.Fabric
Part5128.Name = "Tree_Collision"
Part5128.Parent = Model5119
Part5128.CFrame = CFrame.new(2617.6709, 372.541382, 3328.04688, 0.0307106581, 0.00875730347, -0.999489963, 0.47652185, 0.878878653, 0.0223423038, 0.878626049, -0.476964951, 0.0228178948)
Part5128.Orientation = Vector3.new(-1.2799999713897705, -88.69000244140625, 28.469999313354492)
Part5128.Position = Vector3.new(2617.6708984375, 372.5413818359375, 3328.046875)
Part5128.Rotation = Vector3.new(-44.400001525878906, -88.16999816894531, -15.920000076293945)
Part5128.Transparency = 1
Part5128.Size = Vector3.new(1.3500009775161743, 26.749998092651367, 1.5)
Part5128.Anchored = true
Part5128.Material = Enum.Material.Fabric
Part5129.Name = "Tree_Collision"
Part5129.Parent = Model5119
Part5129.CFrame = CFrame.new(2585.62842, 365.415527, 3331.08228, -0.0746448785, -0.482653975, -0.872624457, 0.338576257, 0.810818255, -0.477430612, 0.937973499, -0.331087649, 0.102891751)
Part5129.Orientation = Vector3.new(28.520000457763672, -83.27999877929688, 22.65999984741211)
Part5129.Position = Vector3.new(2585.62841796875, 365.41552734375, 3331.082275390625)
Part5129.Rotation = Vector3.new(77.83999633789062, -60.77000045776367, 98.79000091552734)
Part5129.Transparency = 1
Part5129.Size = Vector3.new(1.3500009775161743, 22.749998092651367, 1.5)
Part5129.Anchored = true
Part5129.Material = Enum.Material.Fabric
Part5130.Name = "Tree_Collision"
Part5130.Parent = Model5119
Part5130.CFrame = CFrame.new(2600.38965, 377.837585, 3361.42065, 0.0385313109, -0.154009849, -0.987320423, 0.112306535, 0.982461035, -0.148870111, 0.992931247, -0.105144799, 0.0551523827)
Part5130.Orientation = Vector3.new(8.5600004196167, -86.80000305175781, 6.519999980926514)
Part5130.Position = Vector3.new(2600.3896484375, 377.83758544921875, 3361.420654296875)
Part5130.Rotation = Vector3.new(69.66999816894531, -80.87000274658203, 75.94999694824219)
Part5130.Transparency = 1
Part5130.Size = Vector3.new(1.3500009775161743, 23.749998092651367, 1.5)
Part5130.Anchored = true
Part5130.Material = Enum.Material.Fabric
Part5131.Name = "Tree_Collision"
Part5131.Parent = Model5119
Part5131.CFrame = CFrame.new(2595.12915, 378.524292, 3375.52637, 0.100264437, -0.334127098, -0.937179923, 0.119614035, 0.939142823, -0.322029978, 0.987744629, -0.0798117295, 0.134128898)
Part5131.Orientation = Vector3.new(18.790000915527344, -81.86000061035156, 7.260000228881836)
Part5131.Position = Vector3.new(2595.129150390625, 378.5242919921875, 3375.5263671875)
Part5131.Rotation = Vector3.new(67.38999938964844, -69.58000183105469, 73.30000305175781)
Part5131.Transparency = 1
Part5131.Size = Vector3.new(1.3500009775161743, 20.749998092651367, 1.5)
Part5131.Anchored = true
Part5131.Material = Enum.Material.Fabric
Part5132.Name = "Tree_Collision"
Part5132.Parent = Model5119
Part5132.CFrame = CFrame.new(2617.63257, 364.820129, 3305.82983, -0.0109866327, -0.281729817, -0.959430933, 0.518837988, 0.818616271, -0.246322006, 0.854802072, -0.500495374, 0.137178302)
Part5132.Orientation = Vector3.new(14.260000228881836, -81.86000061035156, 32.369998931884766)
Part5132.Position = Vector3.new(2617.632568359375, 364.82012939453125, 3305.829833984375)
Part5132.Rotation = Vector3.new(60.88999938964844, -73.62000274658203, 92.2300033569336)
Part5132.Transparency = 1
Part5132.Size = Vector3.new(1.3500009775161743, 22.749998092651367, 1.5)
Part5132.Anchored = true
Part5132.Material = Enum.Material.Fabric
Part5133.Name = "Tree_Collision"
Part5133.Parent = Model5119
Part5133.CFrame = CFrame.new(2625.88403, 376.350342, 3337.91406, 0.0331332199, 0.122913048, -0.991864264, 0.146523699, 0.981088936, 0.126472399, 0.98865217, -0.149522051, 0.0144969616)
Part5133.Orientation = Vector3.new(-7.269999980926514, -89.16000366210938, 8.489999771118164)
Part5133.Position = Vector3.new(2625.884033203125, 376.350341796875, 3337.9140625)
Part5133.Rotation = Vector3.new(-83.45999908447266, -82.69000244140625, -74.91000366210938)
Part5133.Transparency = 1
Part5133.Size = Vector3.new(1.3500009775161743, 23.749998092651367, 1.5)
Part5133.Anchored = true
Part5133.Material = Enum.Material.Fabric
Part5134.Name = "Tree_Collision"
Part5134.Parent = Model5119
Part5134.CFrame = CFrame.new(2615.02539, 375.97876, 3346.42578, 0.0304179117, -0.155814111, -0.987317979, 0.163568676, 0.975235224, -0.148867935, 0.986062884, -0.156966045, 0.0551509224)
Part5134.Orientation = Vector3.new(8.5600004196167, -86.80000305175781, 9.520000457763672)
Part5134.Position = Vector3.new(2615.025390625, 375.978759765625, 3346.42578125)
Part5134.Rotation = Vector3.new(69.66999816894531, -80.87000274658203, 78.94999694824219)
Part5134.Transparency = 1
Part5134.Size = Vector3.new(1.3500009775161743, 23.749998092651367, 1.5)
Part5134.Anchored = true
Part5134.Material = Enum.Material.Fabric
Part5135.Name = "Tree_Collision"
Part5135.Parent = Model5119
Part5135.CFrame = CFrame.new(2603.39331, 360.296631, 3299.99854, 0.0114533659, -0.197010919, -0.980334461, 0.428840011, 0.886627734, -0.173169181, 0.903307915, -0.418423235, 0.0946410298)
Part5135.Orientation = Vector3.new(9.970000267028809, -84.48999786376953, 25.809999465942383)
Part5135.Position = Vector3.new(2603.393310546875, 360.296630859375, 3299.99853515625)
Part5135.Rotation = Vector3.new(61.34000015258789, -78.62000274658203, 86.66999816894531)
Part5135.Transparency = 1
Part5135.Size = Vector3.new(1.3500009775161743, 22.749998092651367, 1.5)
Part5135.Anchored = true
Part5135.Material = Enum.Material.Fabric
Model5136.Name = "茂み"
Model5136.Parent = Folder0
Part5137.Name = "TreeMesh Bottom"
Part5137.Parent = Model5136
Part5137.CFrame = CFrame.new(2558.69385, 340.785187, 3351.42065, 0.000266384333, -0.322747946, -0.946487844, -0.0518503562, 0.945209563, -0.322327822, 0.99865979, 0.0491624996, -0.0164822042)
Part5137.Orientation = Vector3.new(18.799999237060547, -91, -3.140000104904175)
Part5137.Position = Vector3.new(2558.69384765625, 340.7851867675781, 3351.420654296875)
Part5137.Rotation = Vector3.new(92.93000030517578, -71.16999816894531, 89.94999694824219)
Part5137.Size = Vector3.new(8.250000953674316, 0.2499980926513672, 7)
Part5137.Anchored = true
Part5137.CanCollide = false
Part5137.Material = Enum.Material.Fabric
SpecialMesh5138.Name = "BarkMesh"
SpecialMesh5138.Parent = Part5137
SpecialMesh5138.MeshId = "rbxassetid://623621260"
SpecialMesh5138.Offset = Vector3.new(0, 3.4100000858306885, 0)
SpecialMesh5138.TextureId = "rbxassetid://623618671"
SpecialMesh5138.MeshType = Enum.MeshType.FileMesh
Part5139.Name = "TreeMeshTop"
Part5139.Parent = Model5136
Part5139.CFrame = CFrame.new(2548.96777, 369.274231, 3352.9021, 0.000266384333, -0.322747946, -0.946487844, -0.0518503562, 0.945209563, -0.322327822, 0.99865979, 0.0491624996, -0.0164822042)
Part5139.Orientation = Vector3.new(18.799999237060547, -91, -3.140000104904175)
Part5139.Position = Vector3.new(2548.9677734375, 369.27423095703125, 3352.902099609375)
Part5139.Rotation = Vector3.new(92.93000030517578, -71.16999816894531, 89.94999694824219)
Part5139.Transparency = 0.05000000074505806
Part5139.Size = Vector3.new(8.250000953674316, 0.2499980926513672, 7)
Part5139.Anchored = true
Part5139.CanCollide = false
Part5139.Material = Enum.Material.Fabric
SpecialMesh5140.Name = "TopTreeMesh"
SpecialMesh5140.Parent = Part5139
SpecialMesh5140.MeshId = "rbxassetid://623621456"
SpecialMesh5140.Offset = Vector3.new(0, 3.4100000858306885, 0)
SpecialMesh5140.Scale = Vector3.new(1.600000023841858, 1.600000023841858, 1.600000023841858)
SpecialMesh5140.TextureId = "rbxassetid://745556120"
SpecialMesh5140.MeshType = Enum.MeshType.FileMesh
Part5141.Name = "Tree_Collision"
Part5141.Parent = Model5136
Part5141.CFrame = CFrame.new(2549.7959, 351.683472, 3350.54907, -0.0355357379, -0.414393336, -0.90940392, 0.0382080227, 0.908750057, -0.41558826, 0.998637795, -0.0495148003, -0.0164599419)
Part5141.Orientation = Vector3.new(24.559999465942383, -91.04000091552734, 2.4100000858306885)
Part5141.Position = Vector3.new(2549.7958984375, 351.6834716796875, 3350.549072265625)
Part5141.Rotation = Vector3.new(92.2699966430664, -65.41999816894531, 94.9000015258789)
Part5141.Transparency = 1
Part5141.Size = Vector3.new(1.3500009775161743, 26.749998092651367, 1.5)
Part5141.Anchored = true
Part5141.Material = Enum.Material.Fabric
Part5142.Name = "Tree_Collision"
Part5142.Parent = Model5136
Part5142.CFrame = CFrame.new(2541.66528, 347.572388, 3355.78394, 0.0524440482, -0.387453198, -0.920399547, -0.35009262, 0.856039762, -0.380309701, 0.935250461, 0.342170924, -0.0907498002)
Part5142.Orientation = Vector3.new(22.350000381469727, -95.62999725341797, -22.239999771118164)
Part5142.Position = Vector3.new(2541.665283203125, 347.5723876953125, 3355.783935546875)
Part5142.Rotation = Vector3.new(103.41999816894531, -66.9800033569336, 82.29000091552734)
Part5142.Transparency = 1
Part5142.Size = Vector3.new(1.3500009775161743, 23.749998092651367, 1.5)
Part5142.Anchored = true
Part5142.Material = Enum.Material.Fabric
Part5143.Name = "Tree_Collision"
Part5143.Parent = Model5136
Part5143.CFrame = CFrame.new(2552.5647, 353.989349, 3333.90405, -0.0427609533, -0.47614038, -0.878328979, 0.0540618747, 0.876742423, -0.477912128, 0.997621715, -0.0679200813, -0.0117492899)
Part5143.Orientation = Vector3.new(28.549999237060547, -90.7699966430664, 3.5299999713897705)
Part5143.Position = Vector3.new(2552.564697265625, 353.9893493652344, 3333.904052734375)
Part5143.Rotation = Vector3.new(91.41000366210938, -61.439998626708984, 95.12999725341797)
Part5143.Transparency = 1
Part5143.Size = Vector3.new(1.3500009775161743, 26.749998092651367, 1.5)
Part5143.Anchored = true
Part5143.Material = Enum.Material.Fabric
Part5144.Name = "Tree_Collision"
Part5144.Parent = Model5136
Part5144.CFrame = CFrame.new(2564.7478, 353.473297, 3387.8186, 0.00193293765, -0.0658844113, -0.997825503, -0.0630643368, 0.99583298, -0.0658749789, 0.998007536, 0.0630545244, -0.00223008171)
Part5144.Orientation = Vector3.new(3.7799999713897705, -90.12999725341797, -3.619999885559082)
Part5144.Position = Vector3.new(2564.747802734375, 353.4732971191406, 3387.818603515625)
Part5144.Rotation = Vector3.new(91.94000244140625, -86.22000122070312, 88.31999969482422)
Part5144.Transparency = 1
Part5144.Size = Vector3.new(1.3500009775161743, 23.749998092651367, 1.5)
Part5144.Anchored = true
Part5144.Material = Enum.Material.Fabric
Part5145.Name = "Tree_Collision"
Part5145.Parent = Model5136
