Part3501.Name = "Tree_Collision"
Part3501.Parent = Model3494
Part3501.CFrame = CFrame.new(1262.93237, 371.14978, 3373.84155, 0.649563432, -0.202400088, -0.73287487, 0.114827894, 0.978979051, -0.168592826, 0.751589656, 0.025357265, 0.659148872)
Part3501.Orientation = Vector3.new(9.710000038146973, -48.029998779296875, 6.690000057220459)
Part3501.Position = Vector3.new(1262.932373046875, 371.1497802734375, 3373.841552734375)
Part3501.Rotation = Vector3.new(14.350000381469727, -47.130001068115234, 17.309999465942383)
Part3501.Transparency = 1
Part3501.Size = Vector3.new(1.3500009775161743, 26.749998092651367, 1.5)
Part3501.Anchored = true
Part3501.Material = Enum.Material.Fabric
Part3502.Name = "Tree_Collision"
Part3502.Parent = Model3494
Part3502.CFrame = CFrame.new(1307.646, 369.425049, 3406.29346, 0.657306075, 0.202389866, -0.725941598, -0.0102853784, 0.965588212, 0.259889543, 0.753557026, -0.163360119, 0.636767209)
Part3502.Orientation = Vector3.new(-15.0600004196167, -48.7400016784668, -0.6100000143051147)
Part3502.Position = Vector3.new(1307.64599609375, 369.425048828125, 3406.29345703125)
Part3502.Rotation = Vector3.new(-22.200000762939453, -46.54999923706055, -17.110000610351562)
Part3502.Transparency = 1
Part3502.Size = Vector3.new(1.3500009775161743, 23.749998092651367, 1.5)
Part3502.Anchored = true
Part3502.Material = Enum.Material.Fabric
Part3503.Name = "Tree_Collision"
Part3503.Parent = Model3494
Part3503.CFrame = CFrame.new(1280.67065, 370.551514, 3372.20776, 0.662331522, 0.0173529498, -0.749012589, 0.214394808, 0.953539431, 0.211674869, 0.717883706, -0.300782561, 0.627837539)
Part3503.Orientation = Vector3.new(-12.220000267028809, -50.029998779296875, 12.670000076293945)
Part3503.Position = Vector3.new(1280.670654296875, 370.551513671875, 3372.207763671875)
Part3503.Rotation = Vector3.new(-18.6299991607666, -48.5, -1.5)
Part3503.Transparency = 1
Part3503.Size = Vector3.new(1.3500009775161743, 26.749998092651367, 1.5)
Part3503.Anchored = true
Part3503.Material = Enum.Material.Fabric
Part3504.Name = "Tree_Collision"
Part3504.Parent = Model3494
Part3504.CFrame = CFrame.new(1255.47632, 369.324463, 3393.43262, 0.570998311, -0.300787836, -0.763866186, 0.0892346576, 0.947693288, -0.3064695, 0.816090524, 0.106830083, 0.567970872)
Part3504.Orientation = Vector3.new(17.850000381469727, -53.369998931884766, 5.380000114440918)
Part3504.Position = Vector3.new(1255.476318359375, 369.324462890625, 3393.4326171875)
Part3504.Rotation = Vector3.new(28.350000381469727, -49.810001373291016, 27.780000686645508)
Part3504.Transparency = 1
Part3504.Size = Vector3.new(1.3500009775161743, 22.749998092651367, 1.5)
Part3504.Anchored = true
Part3504.Material = Enum.Material.Fabric
Part3505.Name = "Tree_Collision"
Part3505.Parent = Model3494
Part3505.CFrame = CFrame.new(1287.61621, 370.223816, 3409.51953, 0.617551684, 0.131650016, -0.775436759, -0.161208302, 0.98615247, 0.0390393026, 0.769835889, 0.100897595, 0.630221963)
Part3505.Orientation = Vector3.new(-2.240000009536743, -50.900001525878906, -9.279999732971191)
Part3505.Position = Vector3.new(1287.6162109375, 370.22381591796875, 3409.51953125)
Part3505.Rotation = Vector3.new(-3.5399999618530273, -50.84000015258789, -12.029999732971191)
Part3505.Transparency = 1
Part3505.Size = Vector3.new(1.3500009775161743, 23.749998092651367, 1.5)
Part3505.Anchored = true
Part3505.Material = Enum.Material.Fabric
Part3506.Name = "Tree_Collision"
Part3506.Parent = Model3494
Part3506.CFrame = CFrame.new(1291.63794, 368.216553, 3423.90381, 0.664443195, -0.00638775527, -0.747314155, -0.165086269, 0.974011183, -0.155105054, 0.728880644, 0.22642912, 0.646119177)
Part3506.Orientation = Vector3.new(8.920000076293945, -49.150001525878906, -9.619999885559082)
Part3506.Position = Vector3.new(1291.637939453125, 368.216552734375, 3423.90380859375)
Part3506.Rotation = Vector3.new(13.5, -48.36000061035156, 0.550000011920929)
Part3506.Transparency = 1
Part3506.Size = Vector3.new(1.3500009775161743, 20.749998092651367, 1.5)
Part3506.Anchored = true
Part3506.Material = Enum.Material.Fabric
Part3507.Name = "Tree_Collision"
Part3507.Parent = Model3494
Part3507.CFrame = CFrame.new(1265.85034, 369.075226, 3354.00342, 0.630295157, -0.238095224, -0.738947093, 0.268813491, 0.959869683, -0.0799902081, 0.728335559, -0.148220986, 0.669003129)
Part3507.Orientation = Vector3.new(4.590000152587891, -47.84000015258789, 15.649999618530273)
Part3507.Position = Vector3.new(1265.850341796875, 369.0752258300781, 3354.00341796875)
Part3507.Rotation = Vector3.new(6.820000171661377, -47.63999938964844, 20.690000534057617)
Part3507.Transparency = 1
Part3507.Size = Vector3.new(1.3500009775161743, 22.749998092651367, 1.5)
Part3507.Anchored = true
Part3507.Material = Enum.Material.Fabric
Part3508.Name = "Tree_Collision"
Part3508.Parent = Model3494
Part3508.CFrame = CFrame.new(1293.6748, 369.954498, 3375.34375, 0.621769071, 0.319509089, -0.715067267, -0.126696438, 0.942014873, 0.310748935, 0.772888422, -0.102617599, 0.626195073)
Part3508.Orientation = Vector3.new(-18.100000381469727, -48.790000915527344, -7.659999847412109)
Part3508.Position = Vector3.new(1293.6748046875, 369.9544982910156, 3375.34375)
Part3508.Rotation = Vector3.new(-26.389999389648438, -45.650001525878906, -27.200000762939453)
Part3508.Transparency = 1
Part3508.Size = Vector3.new(1.3500009775161743, 23.749998092651367, 1.5)
Part3508.Anchored = true
Part3508.Material = Enum.Material.Fabric
Part3509.Name = "Tree_Collision"
Part3509.Parent = Model3494
Part3509.CFrame = CFrame.new(1289.94458, 369.512115, 3388.62427, 0.623593569, 0.0991514772, -0.77543807, -0.109376796, 0.993237853, 0.0390415937, 0.774062872, 0.0604685359, 0.630220234)
Part3509.Orientation = Vector3.new(-2.240000009536743, -50.900001525878906, -6.28000020980835)
Part3509.Position = Vector3.new(1289.944580078125, 369.5121154785156, 3388.624267578125)
Part3509.Rotation = Vector3.new(-3.5399999618530273, -50.84000015258789, -9.029999732971191)
Part3509.Transparency = 1
Part3509.Size = Vector3.new(1.3500009775161743, 23.749998092651367, 1.5)
Part3509.Anchored = true
Part3509.Material = Enum.Material.Fabric
Part3510.Name = "Tree_Collision"
Part3510.Parent = Model3494
Part3510.CFrame = CFrame.new(1250.23291, 369.126068, 3357.64941, 0.646280766, -0.105889857, -0.75571996, 0.166667804, 0.986007929, 0.00437455159, 0.744680047, -0.128780976, 0.654884934)
Part3510.Orientation = Vector3.new(-0.25, -49.09000015258789, 9.59000015258789)
Part3510.Position = Vector3.new(1250.23291015625, 369.1260681152344, 3357.6494140625)
Part3510.Rotation = Vector3.new(-0.3799999952316284, -49.09000015258789, 9.300000190734863)
Part3510.Transparency = 1
Part3510.Size = Vector3.new(1.3500009775161743, 22.749998092651367, 1.5)
Part3510.Anchored = true
Part3510.Material = Enum.Material.Fabric
Model3511.Name = "茂み"
Model3511.Parent = Folder0
Part3512.Name = "TreeMesh Bottom"
Part3512.Parent = Model3511
Part3512.CFrame = CFrame.new(1309.10767, 357.598511, 3407.89258, -0.75224632, -0.000413970789, -0.658885062, 0.000225205789, 1.00000393, -0.000885431364, 0.658886671, -0.000814515108, -0.752246559)
Part3512.Orientation = Vector3.new(0.05000000074505806, -138.7899932861328, 0.009999999776482582)
Part3512.Position = Vector3.new(1309.107666015625, 357.5985107421875, 3407.892578125)
Part3512.Rotation = Vector3.new(179.92999267578125, -41.209999084472656, 179.97000122070312)
Part3512.Size = Vector3.new(8.250000953674316, 0.2499980926513672, 7)
Part3512.Anchored = true
Part3512.CanCollide = false
Part3512.Material = Enum.Material.Fabric
SpecialMesh3513.Name = "BarkMesh"
SpecialMesh3513.Parent = Part3512
SpecialMesh3513.MeshId = "rbxassetid://623621260"
SpecialMesh3513.Offset = Vector3.new(0, 3.4100000858306885, 0)
SpecialMesh3513.TextureId = "rbxassetid://623618671"
SpecialMesh3513.MeshType = Enum.MeshType.FileMesh
Part3514.Name = "TreeMeshTop"
Part3514.Parent = Model3511
Part3514.CFrame = CFrame.new(1309.09546, 387.738617, 3407.86792, -0.75224632, -0.000413970789, -0.658885062, 0.000225205789, 1.00000393, -0.000885431364, 0.658886671, -0.000814515108, -0.752246559)
Part3514.Orientation = Vector3.new(0.05000000074505806, -138.7899932861328, 0.009999999776482582)
Part3514.Position = Vector3.new(1309.095458984375, 387.7386169433594, 3407.867919921875)
Part3514.Rotation = Vector3.new(179.92999267578125, -41.209999084472656, 179.97000122070312)
Part3514.Transparency = 0.05000000074505806
Part3514.Size = Vector3.new(8.250000953674316, 0.2499980926513672, 7)
Part3514.Anchored = true
Part3514.CanCollide = false
Part3514.Material = Enum.Material.Fabric
SpecialMesh3515.Name = "TopTreeMesh"
SpecialMesh3515.Parent = Part3514
SpecialMesh3515.MeshId = "rbxassetid://623621456"
SpecialMesh3515.Offset = Vector3.new(0, 3.4100000858306885, 0)
SpecialMesh3515.Scale = Vector3.new(1.600000023841858, 1.600000023841858, 1.600000023841858)
SpecialMesh3515.TextureId = "rbxassetid://745556120"
SpecialMesh3515.MeshType = Enum.MeshType.FileMesh
Part3516.Name = "Tree_Collision"
Part3516.Parent = Model3511
Part3516.CFrame = CFrame.new(1306.94019, 370.724396, 3403.22998, -0.75195384, 0.00634778477, -0.659188271, 0.0968978554, 0.990161061, -0.100999027, 0.652060211, -0.139820203, -0.745167732)
Part3516.Orientation = Vector3.new(5.800000190734863, -138.5, 5.590000152587891)
Part3516.Position = Vector3.new(1306.940185546875, 370.7243957519531, 3403.22998046875)
Part3516.Rotation = Vector3.new(172.27999877929688, -41.2400016784668, -179.52000427246094)
Part3516.Transparency = 1
Part3516.Size = Vector3.new(1.3500009775161743, 26.749998092651367, 1.5)
Part3516.Anchored = true
Part3516.Material = Enum.Material.Fabric
Part3517.Name = "Tree_Collision"
Part3517.Parent = Model3511
Part3517.CFrame = CFrame.new(1296.96289, 369.713226, 3400.09448, -0.747617126, -0.280085564, -0.602183223, -0.301689982, 0.950998783, -0.0677741766, 0.591656983, 0.131003231, -0.795479298)
Part3517.Orientation = Vector3.new(3.890000104904175, -142.8699951171875, -17.600000381469727)
Part3517.Position = Vector3.new(1296.962890625, 369.7132263183594, 3400.094482421875)
Part3517.Rotation = Vector3.new(175.1300048828125, -37.029998779296875, 159.4600067138672)
Part3517.Transparency = 1
Part3517.Size = Vector3.new(1.3500009775161743, 23.749998092651367, 1.5)
Part3517.Anchored = true
Part3517.Material = Enum.Material.Fabric
Part3518.Name = "Tree_Collision"
Part3518.Parent = Model3511
Part3518.CFrame = CFrame.new(1321.56812, 371.190826, 3394.52344, -0.751728356, -0.0265622102, -0.658940792, 0.114164218, 0.978865564, -0.169698596, 0.649520755, -0.202794209, -0.732806027)
Part3518.Orientation = Vector3.new(9.770000457763672, -138.0399932861328, 6.650000095367432)
Part3518.Position = Vector3.new(1321.568115234375, 371.1908264160156, 3394.5234375)
Part3518.Rotation = Vector3.new(166.9600067138672, -41.220001220703125, 177.97999572753906)
Part3518.Transparency = 1
Part3518.Size = Vector3.new(1.3500009775161743, 26.749998092651367, 1.5)
Part3518.Anchored = true
Part3518.Material = Enum.Material.Fabric
Part3519.Name = "Tree_Collision"
Part3519.Parent = Model3511
Part3519.CFrame = CFrame.new(1289.11865, 369.444153, 3439.23828, -0.753541827, 0.162173748, -0.637085915, -0.0109474706, 0.965869308, 0.258815944, 0.657313466, 0.202002347, -0.726045012)
Part3519.Orientation = Vector3.new(-15, -138.72999572753906, -0.6499999761581421)
Part3519.Position = Vector3.new(1289.11865234375, 369.44415283203125, 3439.23828125)
Part3519.Rotation = Vector3.new(-160.3800048828125, -39.56999969482422, -167.85000610351562)
Part3519.Transparency = 1
Part3519.Size = Vector3.new(1.3500009775161743, 23.749998092651367, 1.5)
Part3519.Anchored = true
Part3519.Material = Enum.Material.Fabric
Part3520.Name = "Tree_Collision"
Part3520.Parent = Model3511
Part3520.CFrame = CFrame.new(1323.20312, 370.601685, 3412.2627, -0.718144178, 0.299610704, -0.628097534, 0.213778526, 0.953915119, 0.210603192, 0.662249267, 0.0169693492, -0.749096274)
Part3520.Orientation = Vector3.new(-12.15999984741211, -140.02000427246094, 12.630000114440918)
Part3520.Position = Vector3.new(1323.203125, 370.6016845703125, 3412.2626953125)
Part3520.Rotation = Vector3.new(-164.3000030517578, -38.90999984741211, -157.35000610351562)
Part3520.Transparency = 1
Part3520.Size = Vector3.new(1.3500009775161743, 26.749998092651367, 1.5)
Part3520.Anchored = true
Part3520.Material = Enum.Material.Fabric
Part3521.Name = "Tree_Collision"
Part3521.Parent = Model3511
Part3521.CFrame = CFrame.new(1301.97925, 369.33847, 3387.06885, -0.816197515, -0.107994467, -0.567593813, 0.0884618163, 0.947440207, -0.307474405, 0.570965648, -0.301169425, -0.763742328)
Part3521.Orientation = Vector3.new(17.90999984741211, -143.3800048828125, 5.329999923706055)
Part3521.Position = Vector3.new(1301.979248046875, 369.3384704589844, 3387.06884765625)
Part3521.Rotation = Vector3.new(158.07000732421875, -34.58000183105469, 172.4600067138672)
Part3521.Transparency = 1
Part3521.Size = Vector3.new(1.3500009775161743, 22.749998092651367, 1.5)
Part3521.Anchored = true
Part3521.Material = Enum.Material.Fabric
Part3522.Name = "Tree_Collision"
Part3522.Parent = Model3511
Part3522.CFrame = CFrame.new(1285.89111, 370.230865, 3419.20801, -0.769635618, -0.102110073, -0.630268693, -0.161907956, 0.986080229, 0.037954282, 0.61761874, 0.131256104, -0.775452256)
Part3522.Orientation = Vector3.new(-2.180000066757202, -140.89999389648438, -9.319999694824219)
Part3522.Position = Vector3.new(1285.89111328125, 370.2308654785156, 3419.2080078125)
Part3522.Rotation = Vector3.new(-177.1999969482422, -39.06999969482422, 172.44000244140625)
Part3522.Transparency = 1
Part3522.Size = Vector3.new(1.3500009775161743, 23.749998092651367, 1.5)
Part3522.Anchored = true
Part3522.Material = Enum.Material.Fabric
Part3523.Name = "Tree_Collision"
Part3523.Parent = Model3511
Part3523.CFrame = CFrame.new(1271.50928, 368.207611, 3423.23047, -0.728674769, -0.227626517, -0.645928144, -0.16571559, 0.973729312, -0.156199813, 0.664512932, -0.00677842647, -0.747250795)
Part3523.Orientation = Vector3.new(8.989999771118164, -139.16000366210938, -9.65999984741211)
Part3523.Position = Vector3.new(1271.50927734375, 368.2076110839844, 3423.23046875)
Part3523.Rotation = Vector3.new(168.19000244140625, -40.2400016784668, 162.64999389648438)
Part3523.Transparency = 1
Part3523.Size = Vector3.new(1.3500009775161743, 20.749998092651367, 1.5)
Part3523.Anchored = true
Part3523.Material = Enum.Material.Fabric
Part3524.Name = "Tree_Collision"
Part3524.Parent = Model3511
Part3524.CFrame = CFrame.new(1341.40845, 369.141815, 3397.44263, -0.728663981, 0.147040516, -0.668903589, 0.268170685, 0.959955573, -0.081108816, 0.630190194, -0.238480911, -0.73891449)
Part3524.Orientation = Vector3.new(4.650000095367432, -137.85000610351562, 15.609999656677246)
Part3524.Position = Vector3.new(1341.408447265625, 369.1418151855469, 3397.442626953125)
Part3524.Rotation = Vector3.new(173.74000549316406, -41.97999954223633, -168.58999633789062)
Part3524.Transparency = 1
Part3524.Size = Vector3.new(1.3500009775161743, 22.749998092651367, 1.5)
Part3524.Anchored = true
Part3524.Material = Enum.Material.Fabric
Part3525.Name = "Tree_Collision"
Part3525.Parent = Model3511
Part3525.CFrame = CFrame.new(1320.06714, 370.005981, 3425.26733, -0.77273041, 0.101461507, -0.626575947, -0.127395019, 0.942268431, 0.309692651, 0.62182349, 0.31913051, -0.715191245)
Part3525.Orientation = Vector3.new(-18.040000915527344, -138.77999877929688, -7.699999809265137)
Part3525.Position = Vector3.new(1320.067138671875, 370.0059814453125, 3425.267333984375)
Part3525.Rotation = Vector3.new(-156.58999633789062, -38.79999923706055, -172.52000427246094)
Part3525.Transparency = 1
Part3525.Size = Vector3.new(1.3500009775161743, 23.749998092651367, 1.5)
Part3525.Anchored = true
Part3525.Material = Enum.Material.Fabric
Part3526.Name = "Tree_Collision"
Part3526.Parent = Model3511
Part3526.CFrame = CFrame.new(1306.78711, 369.545807, 3421.53662, -0.773926258, -0.0616903566, -0.630267024, -0.110079035, 0.993202329, 0.0379553996, 0.623639941, 0.0987535343, -0.775453568)
Part3526.Orientation = Vector3.new(-2.180000066757202, -140.89999389648438, -6.320000171661377)
Part3526.Position = Vector3.new(1306.787109375, 369.5458068847656, 3421.53662109375)
Part3526.Rotation = Vector3.new(-177.1999969482422, -39.06999969482422, 175.44000244140625)
Part3526.Transparency = 1
Part3526.Size = Vector3.new(1.3500009775161743, 23.749998092651367, 1.5)
Part3526.Anchored = true
Part3526.Material = Enum.Material.Fabric
Part3527.Name = "Tree_Collision"
Part3527.Parent = Model3511
Part3527.CFrame = CFrame.new(1337.7627, 369.181885, 3381.82446, -0.744882941, 0.127568036, -0.654889345, 0.166011676, 0.986122847, 0.0032654386, 0.646216512, -0.106286742, -0.755721271)
Part3527.Orientation = Vector3.new(-0.1899999976158142, -139.08999633789062, 9.5600004196167)
Part3527.Position = Vector3.new(1337.7626953125, 369.181884765625, 3381.824462890625)
Part3527.Rotation = Vector3.new(-179.75, -40.90999984741211, -170.27999877929688)
Part3527.Transparency = 1
Part3527.Size = Vector3.new(1.3500009775161743, 22.749998092651367, 1.5)
Part3527.Anchored = true
Part3527.Material = Enum.Material.Fabric
Model3528.Name = "茂み"
Model3528.Parent = Folder0
Part3529.Name = "TreeMesh Bottom"
Part3529.Parent = Model3528
Part3529.CFrame = CFrame.new(1395.20361, 357.10675, 3489.38892, -0.75224632, -0.000413970789, -0.658885062, 0.000225205789, 1.00000393, -0.000885431364, 0.658886671, -0.000814515108, -0.752246559)
Part3529.Orientation = Vector3.new(0.05000000074505806, -138.7899932861328, 0.009999999776482582)
Part3529.Position = Vector3.new(1395.20361328125, 357.10675048828125, 3489.388916015625)
Part3529.Rotation = Vector3.new(179.92999267578125, -41.209999084472656, 179.97000122070312)
Part3529.Size = Vector3.new(8.250000953674316, 0.2499980926513672, 7)
Part3529.Anchored = true
Part3529.CanCollide = false
Part3529.Material = Enum.Material.Fabric
SpecialMesh3530.Name = "BarkMesh"
SpecialMesh3530.Parent = Part3529
SpecialMesh3530.MeshId = "rbxassetid://623621260"
SpecialMesh3530.Offset = Vector3.new(0, 3.4100000858306885, 0)
SpecialMesh3530.TextureId = "rbxassetid://623618671"
SpecialMesh3530.MeshType = Enum.MeshType.FileMesh
Part3531.Name = "TreeMeshTop"
Part3531.Parent = Model3528
Part3531.CFrame = CFrame.new(1395.19141, 387.246857, 3489.36426, -0.75224632, -0.000413970789, -0.658885062, 0.000225205789, 1.00000393, -0.000885431364, 0.658886671, -0.000814515108, -0.752246559)
Part3531.Orientation = Vector3.new(0.05000000074505806, -138.7899932861328, 0.009999999776482582)
Part3531.Position = Vector3.new(1395.19140625, 387.2468566894531, 3489.3642578125)
Part3531.Rotation = Vector3.new(179.92999267578125, -41.209999084472656, 179.97000122070312)
Part3531.Transparency = 0.05000000074505806
Part3531.Size = Vector3.new(8.250000953674316, 0.2499980926513672, 7)
Part3531.Anchored = true
Part3531.CanCollide = false
Part3531.Material = Enum.Material.Fabric
SpecialMesh3532.Name = "TopTreeMesh"
SpecialMesh3532.Parent = Part3531
SpecialMesh3532.MeshId = "rbxassetid://623621456"
SpecialMesh3532.Offset = Vector3.new(0, 3.4100000858306885, 0)
SpecialMesh3532.Scale = Vector3.new(1.600000023841858, 1.600000023841858, 1.600000023841858)
SpecialMesh3532.TextureId = "rbxassetid://745556120"
SpecialMesh3532.MeshType = Enum.MeshType.FileMesh
Part3533.Name = "Tree_Collision"
Part3533.Parent = Model3528
Part3533.CFrame = CFrame.new(1393.03613, 370.232666, 3484.72632, -0.751953661, 0.0063485913, -0.65918839, 0.0968988314, 0.990160942, -0.100998916, 0.652060032, -0.139820755, -0.745167732)
Part3533.Orientation = Vector3.new(5.800000190734863, -138.5, 5.590000152587891)
Part3533.Position = Vector3.new(1393.0361328125, 370.232666015625, 3484.726318359375)
Part3533.Rotation = Vector3.new(172.27999877929688, -41.2400016784668, -179.52000427246094)
Part3533.Transparency = 1
Part3533.Size = Vector3.new(1.3500009775161743, 26.749998092651367, 1.5)
Part3533.Anchored = true
Part3533.Material = Enum.Material.Fabric
Part3534.Name = "Tree_Collision"
Part3534.Parent = Model3528
Part3534.CFrame = CFrame.new(1383.05859, 369.221497, 3481.59082, -0.747617126, -0.280085564, -0.602183223, -0.301689982, 0.950998783, -0.0677741766, 0.591656983, 0.131003231, -0.795479298)
Part3534.Orientation = Vector3.new(3.890000104904175, -142.8699951171875, -17.600000381469727)
Part3534.Position = Vector3.new(1383.05859375, 369.22149658203125, 3481.5908203125)
Part3534.Rotation = Vector3.new(175.1300048828125, -37.029998779296875, 159.4600067138672)
Part3534.Transparency = 1
Part3534.Size = Vector3.new(1.3500009775161743, 23.749998092651367, 1.5)
Part3534.Anchored = true
Part3534.Material = Enum.Material.Fabric
Part3535.Name = "Tree_Collision"
Part3535.Parent = Model3528
Part3535.CFrame = CFrame.new(1407.66333, 370.699066, 3476.01953, -0.751727581, -0.0265615471, -0.658941627, 0.114165187, 0.978865504, -0.169698358, 0.64952141, -0.202794641, -0.732805252)
Part3535.Orientation = Vector3.new(9.770000457763672, -138.0399932861328, 6.650000095367432)
Part3535.Position = Vector3.new(1407.663330078125, 370.6990661621094, 3476.01953125)
Part3535.Rotation = Vector3.new(166.9600067138672, -41.220001220703125, 177.97999572753906)
Part3535.Transparency = 1
Part3535.Size = Vector3.new(1.3500009775161743, 26.749998092651367, 1.5)
Part3535.Anchored = true
Part3535.Material = Enum.Material.Fabric
Part3536.Name = "Tree_Collision"
Part3536.Parent = Model3528
Part3536.CFrame = CFrame.new(1375.21484, 368.952393, 3520.73462, -0.753541827, 0.162174359, -0.637085676, -0.0109474706, 0.96586895, 0.258816898, 0.657313466, 0.202003062, -0.726044655)
Part3536.Orientation = Vector3.new(-15, -138.72999572753906, -0.6499999761581421)
Part3536.Position = Vector3.new(1375.21484375, 368.952392578125, 3520.734619140625)
Part3536.Rotation = Vector3.new(-160.3800048828125, -39.56999969482422, -167.85000610351562)
Part3536.Transparency = 1
Part3536.Size = Vector3.new(1.3500009775161743, 23.749998092651367, 1.5)
Part3536.Anchored = true
Part3536.Material = Enum.Material.Fabric
Part3537.Name = "Tree_Collision"
Part3537.Parent = Model3528
Part3537.CFrame = CFrame.new(1409.29932, 370.109985, 3493.75781, -0.718144178, 0.2996113, -0.628097296, 0.213778526, 0.953914881, 0.210604131, 0.662249267, 0.0169700868, -0.749096215)
Part3537.Orientation = Vector3.new(-12.15999984741211, -140.02000427246094, 12.630000114440918)
Part3537.Position = Vector3.new(1409.29931640625, 370.1099853515625, 3493.7578125)
Part3537.Rotation = Vector3.new(-164.3000030517578, -38.90999984741211, -157.35000610351562)
Part3537.Transparency = 1
Part3537.Size = Vector3.new(1.3500009775161743, 26.749998092651367, 1.5)
Part3537.Anchored = true
Part3537.Material = Enum.Material.Fabric
Part3538.Name = "Tree_Collision"
Part3538.Parent = Model3528
Part3538.CFrame = CFrame.new(1388.07446, 368.84668, 3468.56543, -0.816197574, -0.107995227, -0.567593634, 0.0884608328, 0.947440326, -0.307474494, 0.570965707, -0.301168919, -0.763742507)
Part3538.Orientation = Vector3.new(17.90999984741211, -143.3800048828125, 5.329999923706055)
Part3538.Position = Vector3.new(1388.074462890625, 368.8466796875, 3468.5654296875)
Part3538.Rotation = Vector3.new(158.07000732421875, -34.58000183105469, 172.4600067138672)
Part3538.Transparency = 1
Part3538.Size = Vector3.new(1.3500009775161743, 22.749998092651367, 1.5)
Part3538.Anchored = true
Part3538.Material = Enum.Material.Fabric
Part3539.Name = "Tree_Collision"
Part3539.Parent = Model3528
Part3539.CFrame = CFrame.new(1371.98755, 369.739166, 3500.70459, -0.769635677, -0.102109283, -0.630268633, -0.161906987, 0.986080348, 0.0379543565, 0.617618799, 0.131255552, -0.775452256)
Part3539.Orientation = Vector3.new(-2.180000066757202, -140.89999389648438, -9.319999694824219)
Part3539.Position = Vector3.new(1371.987548828125, 369.7391662597656, 3500.70458984375)
Part3539.Rotation = Vector3.new(-177.1999969482422, -39.06999969482422, 172.44000244140625)
Part3539.Transparency = 1
Part3539.Size = Vector3.new(1.3500009775161743, 23.749998092651367, 1.5)
Part3539.Anchored = true
Part3539.Material = Enum.Material.Fabric
Part3540.Name = "Tree_Collision"
Part3540.Parent = Model3528
Part3540.CFrame = CFrame.new(1357.60571, 367.715881, 3504.72632, -0.728674769, -0.227626517, -0.645928144, -0.16571559, 0.973729312, -0.156199813, 0.664512932, -0.00677842647, -0.747250795)
Part3540.Orientation = Vector3.new(8.989999771118164, -139.16000366210938, -9.65999984741211)
Part3540.Position = Vector3.new(1357.605712890625, 367.71588134765625, 3504.726318359375)
Part3540.Rotation = Vector3.new(168.19000244140625, -40.2400016784668, 162.64999389648438)
Part3540.Transparency = 1
Part3540.Size = Vector3.new(1.3500009775161743, 20.749998092651367, 1.5)
Part3540.Anchored = true
Part3540.Material = Enum.Material.Fabric
Part3541.Name = "Tree_Collision"
Part3541.Parent = Model3528
Part3541.CFrame = CFrame.new(1427.50439, 368.650085, 3478.93823, -0.728663802, 0.147041276, -0.668903649, 0.268171608, 0.959955215, -0.0811086819, 0.630189955, -0.238481402, -0.73891443)
Part3541.Orientation = Vector3.new(4.650000095367432, -137.85000610351562, 15.609999656677246)
Part3541.Position = Vector3.new(1427.50439453125, 368.65008544921875, 3478.938232421875)
Part3541.Rotation = Vector3.new(173.74000549316406, -41.97999954223633, -168.58999633789062)
Part3541.Transparency = 1
Part3541.Size = Vector3.new(1.3500009775161743, 22.749998092651367, 1.5)
Part3541.Anchored = true
Part3541.Material = Enum.Material.Fabric
Part3542.Name = "Tree_Collision"
Part3542.Parent = Model3528
Part3542.CFrame = CFrame.new(1406.16309, 369.514221, 3506.76294, -0.772730291, 0.101460747, -0.626576304, -0.127396002, 0.942268312, 0.309692532, 0.62182343, 0.319131047, -0.715191126)
Part3542.Orientation = Vector3.new(-18.040000915527344, -138.77999877929688, -7.699999809265137)
Part3542.Position = Vector3.new(1406.1630859375, 369.51422119140625, 3506.762939453125)
Part3542.Rotation = Vector3.new(-156.58999633789062, -38.79999923706055, -172.52000427246094)
Part3542.Transparency = 1
Part3542.Size = Vector3.new(1.3500009775161743, 23.749998092651367, 1.5)
Part3542.Anchored = true
Part3542.Material = Enum.Material.Fabric
Part3543.Name = "Tree_Collision"
Part3543.Parent = Model3528
Part3543.CFrame = CFrame.new(1392.88403, 369.054047, 3503.0332, -0.773925662, -0.0616903044, -0.630267739, -0.110079035, 0.993202388, 0.0379553325, 0.623640776, 0.0987535492, -0.775452912)
Part3543.Orientation = Vector3.new(-2.180000066757202, -140.89999389648438, -6.320000171661377)
Part3543.Position = Vector3.new(1392.884033203125, 369.0540466308594, 3503.033203125)
Part3543.Rotation = Vector3.new(-177.1999969482422, -39.06999969482422, 175.44000244140625)
Part3543.Transparency = 1
Part3543.Size = Vector3.new(1.3500009775161743, 23.749998092651367, 1.5)
Part3543.Anchored = true
Part3543.Material = Enum.Material.Fabric
Part3544.Name = "Tree_Collision"
Part3544.Parent = Model3528
Part3544.CFrame = CFrame.new(1423.85864, 368.690186, 3463.3208, -0.744882703, 0.127568841, -0.654889345, 0.166012645, 0.986122727, 0.00326552894, 0.646216393, -0.106287301, -0.755721271)
Part3544.Orientation = Vector3.new(-0.1899999976158142, -139.08999633789062, 9.5600004196167)
Part3544.Position = Vector3.new(1423.858642578125, 368.690185546875, 3463.32080078125)
Part3544.Rotation = Vector3.new(-179.75, -40.90999984741211, -170.27999877929688)
Part3544.Transparency = 1
Part3544.Size = Vector3.new(1.3500009775161743, 22.749998092651367, 1.5)
Part3544.Anchored = true
Part3544.Material = Enum.Material.Fabric
Model3545.Name = "茂み"
Model3545.Parent = Folder0
Part3546.Name = "TreeMesh Bottom"
Part3546.Parent = Model3545
Part3546.CFrame = CFrame.new(1569.2157, 357.325073, 3628.15332, -0.85385704, -0.000921886472, 0.52051121, -0.000777175534, 1.00000453, 0.000496220076, -0.520512521, 1.90995488e-05, -0.853858471)
Part3546.Orientation = Vector3.new(-0.029999999329447746, 148.6300048828125, -0.03999999910593033)
Part3546.Position = Vector3.new(1569.2156982421875, 357.3250732421875, 3628.1533203125)
Part3546.Rotation = Vector3.new(-179.97000122070312, 31.3700008392334, 179.94000244140625)
Part3546.Size = Vector3.new(8.250000953674316, 0.2499980926513672, 7)
Part3546.Anchored = true
Part3546.CanCollide = false
Part3546.Material = Enum.Material.Fabric
SpecialMesh3547.Name = "BarkMesh"
SpecialMesh3547.Parent = Part3546
SpecialMesh3547.MeshId = "rbxassetid://623621260"
SpecialMesh3547.Offset = Vector3.new(0, 3.4100000858306885, 0)
SpecialMesh3547.TextureId = "rbxassetid://623618671"
SpecialMesh3547.MeshType = Enum.MeshType.FileMesh
Part3548.Name = "TreeMeshTop"
Part3548.Parent = Model3545
Part3548.CFrame = CFrame.new(1569.18762, 387.465179, 3628.1543, -0.85385704, -0.000921886472, 0.52051121, -0.000777175534, 1.00000453, 0.000496220076, -0.520512521, 1.90995488e-05, -0.853858471)
Part3548.Orientation = Vector3.new(-0.029999999329447746, 148.6300048828125, -0.03999999910593033)
Part3548.Position = Vector3.new(1569.1876220703125, 387.4651794433594, 3628.154296875)
Part3548.Rotation = Vector3.new(-179.97000122070312, 31.3700008392334, 179.94000244140625)
Part3548.Transparency = 0.05000000074505806
Part3548.Size = Vector3.new(8.250000953674316, 0.2499980926513672, 7)
Part3548.Anchored = true
Part3548.CanCollide = false
Part3548.Material = Enum.Material.Fabric
SpecialMesh3549.Name = "TopTreeMesh"
SpecialMesh3549.Parent = Part3548
SpecialMesh3549.MeshId = "rbxassetid://623621456"
SpecialMesh3549.Offset = Vector3.new(0, 3.4100000858306885, 0)
SpecialMesh3549.Scale = Vector3.new(1.600000023841858, 1.600000023841858, 1.600000023841858)
SpecialMesh3549.TextureId = "rbxassetid://745556120"
SpecialMesh3549.MeshType = Enum.MeshType.FileMesh
Part3550.Name = "Tree_Collision"
Part3550.Parent = Model3545
Part3550.CFrame = CFrame.new(1572.995, 370.459167, 3624.69727, -0.847408295, 0.133749306, 0.513823569, 0.0959073752, 0.990396738, -0.0996298715, -0.522213221, -0.035147626, -0.85209471)
Part3550.Orientation = Vector3.new(5.71999979019165, 148.91000366210938, 5.53000020980835)
Part3550.Position = Vector3.new(1572.9949951171875, 370.45916748046875, 3624.697265625)
Part3550.Rotation = Vector3.new(173.3300018310547, 30.920000076293945, -171.02999877929688)
Part3550.Transparency = 1
Part3550.Size = Vector3.new(1.3500009775161743, 26.749998092651367, 1.5)
Part3550.Anchored = true
Part3550.Material = Enum.Material.Fabric
Part3551.Name = "Tree_Collision"
Part3551.Parent = Model3545
Part3551.CFrame = CFrame.new(1573.00134, 369.454926, 3614.23828, -0.787848949, -0.210337728, 0.578840554, -0.302578121, 0.950819314, -0.0663270354, -0.536419988, -0.227399543, -0.812742651)
Part3551.Orientation = Vector3.new(3.799999952316284, 144.5399932861328, -17.649999618530273)
Part3551.Position = Vector3.new(1573.0013427734375, 369.4549255371094, 3614.23828125)
Part3551.Rotation = Vector3.new(175.3300018310547, 35.369998931884766, 165.0500030517578)
Part3551.Transparency = 1
Part3551.Size = Vector3.new(1.3500009775161743, 23.749998092651367, 1.5)
Part3551.Anchored = true
Part3551.Material = Enum.Material.Fabric
Part3552.Name = "Tree_Collision"
Part3552.Parent = Model3545
Part3552.CFrame = CFrame.new(1585.68005, 370.93808, 3636.04834, -0.844942629, 0.183999419, 0.502211273, 0.113176592, 0.979209006, -0.168347746, -0.52274555, -0.0854056403, -0.848199844)
Part3552.Orientation = Vector3.new(9.6899995803833, 149.3699951171875, 6.590000152587891)
Part3552.Position = Vector3.new(1585.6800537109375, 370.9380798339844, 3636.04833984375)
Part3552.Rotation = Vector3.new(168.77000427246094, 30.149999618530273, -167.7100067138672)
Part3552.Transparency = 1
Part3552.Size = Vector3.new(1.3500009775161743, 26.749998092651367, 1.5)
Part3552.Anchored = true
Part3552.Material = Enum.Material.Fabric
Part3553.Name = "Tree_Collision"
Part3553.Parent = Model3545
Part3553.CFrame = CFrame.new(1533.30505, 369.120544, 3618.47217, -0.852725983, -0.145713151, 0.501627862, -0.0119471094, 0.96549958, 0.260149837, -0.522227168, 0.215842634, -0.825044453)
Part3553.Orientation = Vector3.new(-15.079999923706055, 148.6999969482422, -0.7099999785423279)
Part3553.Position = Vector3.new(1533.3050537109375, 369.12054443359375, 3618.47216796875)
Part3553.Rotation = Vector3.new(-162.5, 30.110000610351562, 170.3000030517578)
Part3553.Transparency = 1
Part3553.Size = Vector3.new(1.3500009775161743, 23.749998092651367, 1.5)
Part3553.Anchored = true
Part3553.Material = Enum.Material.Fabric
Part3554.Name = "Tree_Collision"
Part3554.Parent = Model3545
Part3554.CFrame = CFrame.new(1569.245, 370.318634, 3642.91895, -0.84719342, 0.0719946325, 0.526388168, 0.212764069, 0.953838646, 0.211974904, -0.486826837, 0.291579217, -0.823400617)
Part3554.Orientation = Vector3.new(-12.239999771118164, 147.41000366210938, 12.569999694824219)
Part3554.Position = Vector3.new(1569.2449951171875, 370.3186340332031, 3642.9189453125)
Part3554.Rotation = Vector3.new(-165.55999755859375, 31.760000228881836, -175.13999938964844)
Part3554.Transparency = 1
Part3554.Size = Vector3.new(1.3500009775161743, 26.749998092651367, 1.5)
Part3554.Anchored = true
Part3554.Material = Enum.Material.Fabric
Part3555.Name = "Tree_Collision"
Part3555.Parent = Model3545
Part3555.CFrame = CFrame.new(1586.93176, 369.10144, 3615.125, -0.789251566, 0.25353545, 0.559290767, 0.0876176059, 0.947968483, -0.306086451, -0.607791901, -0.192574859, -0.770397067)
Part3555.Orientation = Vector3.new(17.81999969482422, 144.02000427246094, 5.28000020980835)
Part3555.Position = Vector3.new(1586.9317626953125, 369.1014404296875, 3615.125)
Part3555.Rotation = Vector3.new(158.3300018310547, 34.0099983215332, -162.19000244140625)
Part3555.Transparency = 1
Part3555.Size = Vector3.new(1.3500009775161743, 22.749998092651367, 1.5)
Part3555.Anchored = true
Part3555.Material = Enum.Material.Fabric
Part3556.Name = "Tree_Collision"
Part3556.Parent = Model3545
Part3556.CFrame = CFrame.new(1551.44861, 369.941833, 3609.39648, -0.819431841, -0.157356888, 0.551157832, -0.162837416, 0.98587203, 0.0393709764, -0.549564779, -0.0574872084, -0.833475351)
Part3556.Orientation = Vector3.new(-2.259999990463257, 146.52000427246094, -9.380000114440918)
Part3556.Position = Vector3.new(1551.4486083984375, 369.94183349609375, 3609.396484375)
Part3556.Rotation = Vector3.new(-177.3000030517578, 33.45000076293945, 169.1300048828125)
Part3556.Transparency = 1
Part3556.Size = Vector3.new(1.3500009775161743, 23.749998092651367, 1.5)
Part3556.Anchored = true
Part3556.Material = Enum.Material.Fabric
Part3557.Name = "Tree_Collision"
Part3557.Parent = Model3545
Part3557.CFrame = CFrame.new(1543.30896, 367.91394, 3596.87695, -0.851905763, -0.0632071942, 0.519866645, -0.166731164, 0.973770499, -0.154828101, -0.496444523, -0.218576938, -0.840099394)
Part3557.Orientation = Vector3.new(8.90999984741211, 148.25, -9.720000267028809)
Part3557.Position = Vector3.new(1543.3089599609375, 367.9139404296875, 3596.876953125)
Part3557.Rotation = Vector3.new(169.55999755859375, 31.31999969482422, 175.75999450683594)
Part3557.Transparency = 1
Part3557.Size = Vector3.new(1.3500009775161743, 20.749998092651367, 1.5)
Part3557.Anchored = true
Part3557.Material = Enum.Material.Fabric
Part3558.Name = "Tree_Collision"
Part3558.Parent = Model3545
Part3558.CFrame = CFrame.new(1588.83704, 368.881042, 3655.85205, -0.819839239, 0.270048887, 0.504917383, 0.267213494, 0.960337162, -0.0797473863, -0.506425142, 0.0695404932, -0.859479547)
Part3558.Orientation = Vector3.new(4.570000171661377, 149.57000732421875, 15.550000190734863)
Part3558.Position = Vector3.new(1588.8370361328125, 368.88104248046875, 3655.85205078125)
Part3558.Rotation = Vector3.new(174.6999969482422, 30.329999923706055, -161.77000427246094)
Part3558.Transparency = 1
Part3558.Size = Vector3.new(1.3500009775161743, 22.749998092651367, 1.5)
Part3558.Anchored = true
Part3558.Material = Enum.Material.Fabric
Part3559.Name = "Tree_Collision"
Part3559.Parent = Model3545
Part3559.CFrame = CFrame.new(1555.8988, 369.701233, 3643.81934, -0.824424326, -0.275608033, 0.494337261, -0.128332138, 0.941708744, 0.311007112, -0.551236153, 0.192961663, -0.811734021)
Part3559.Orientation = Vector3.new(-18.1200008392334, 148.66000366210938, -7.760000228881836)
Part3559.Position = Vector3.new(1555.8988037109375, 369.70123291015625, 3643.8193359375)
Part3559.Rotation = Vector3.new(-159.0399932861328, 29.6299991607666, 161.52000427246094)
Part3559.Transparency = 1
Part3559.Size = Vector3.new(1.3500009775161743, 23.749998092651367, 1.5)
Part3559.Anchored = true
Part3559.Material = Enum.Material.Fabric
Part3560.Name = "Tree_Collision"
Part3560.Parent = Model3545
Part3560.CFrame = CFrame.new(1555.48376, 369.249512, 3630.03076, -0.826541007, -0.114256047, 0.551158428, -0.111017913, 0.993038356, 0.0393711925, -0.551819801, -0.0286465548, -0.833471298)
Part3560.Orientation = Vector3.new(-2.259999990463257, 146.52000427246094, -6.380000114440918)
Part3560.Position = Vector3.new(1555.4837646484375, 369.24951171875, 3630.03076171875)
Part3560.Rotation = Vector3.new(-177.3000030517578, 33.45000076293945, 172.1300048828125)
Part3560.Transparency = 1
Part3560.Size = Vector3.new(1.3500009775161743, 23.749998092651367, 1.5)
Part3560.Anchored = true
Part3560.Material = Enum.Material.Fabric
Part3561.Name = "Tree_Collision"
Part3561.Parent = Model3545
Part3561.CFrame = CFrame.new(1602.64685, 368.948303, 3647.69775, -0.839824975, 0.138046235, 0.525016129, 0.165029109, 0.986282825, 0.00465301285, -0.517170489, 0.0905503184, -0.851083279)
Part3561.Orientation = Vector3.new(-0.27000001072883606, 148.3300018310547, 9.5)
Part3561.Position = Vector3.new(1602.6468505859375, 368.94830322265625, 3647.69775390625)
Part3561.Rotation = Vector3.new(-179.69000244140625, 31.670000076293945, -170.6699981689453)
Part3561.Transparency = 1
Part3561.Size = Vector3.new(1.3500009775161743, 22.749998092651367, 1.5)
Part3561.Anchored = true
Part3561.Material = Enum.Material.Fabric
Model3562.Name = "茂み"
Model3562.Parent = Folder0
Part3563.Name = "TreeMesh Bottom"
Part3563.Parent = Model3562
Part3563.CFrame = CFrame.new(1516.3573, 357.236694, 3587.39795, -0.520511031, -0.000414787879, -0.853857517, 0.000479994778, 1.00000441, -0.000778380665, 0.85385859, -0.000815072621, -0.520511568)
Part3563.Orientation = Vector3.new(0.03999999910593033, -121.37000274658203, 0.029999999329447746)
Part3563.Position = Vector3.new(1516.3572998046875, 357.2366943359375, 3587.39794921875)
Part3563.Rotation = Vector3.new(179.91000366210938, -58.630001068115234, 179.9499969482422)
Part3563.Size = Vector3.new(8.250000953674316, 0.2499980926513672, 7)
Part3563.Anchored = true
Part3563.CanCollide = false
Part3563.Material = Enum.Material.Fabric
SpecialMesh3564.Name = "BarkMesh"
SpecialMesh3564.Parent = Part3563
SpecialMesh3564.MeshId = "rbxassetid://623621260"
SpecialMesh3564.Offset = Vector3.new(0, 3.4100000858306885, 0)
SpecialMesh3564.TextureId = "rbxassetid://623618671"
SpecialMesh3564.MeshType = Enum.MeshType.FileMesh
Part3565.Name = "TreeMeshTop"
Part3565.Parent = Model3562
Part3565.CFrame = CFrame.new(1516.34558, 387.376801, 3587.37305, -0.520511031, -0.000414787879, -0.853857517, 0.000479994778, 1.00000441, -0.000778380665, 0.85385859, -0.000815072621, -0.520511568)
Part3565.Orientation = Vector3.new(0.03999999910593033, -121.37000274658203, 0.029999999329447746)
Part3565.Position = Vector3.new(1516.3455810546875, 387.3768005371094, 3587.373046875)
Part3565.Rotation = Vector3.new(179.91000366210938, -58.630001068115234, 179.9499969482422)
Part3565.Transparency = 0.05000000074505806
Part3565.Size = Vector3.new(8.250000953674316, 0.2499980926513672, 7)
Part3565.Anchored = true
Part3565.CanCollide = false
Part3565.Material = Enum.Material.Fabric
SpecialMesh3566.Name = "TopTreeMesh"
SpecialMesh3566.Parent = Part3565
SpecialMesh3566.MeshId = "rbxassetid://623621456"
SpecialMesh3566.Offset = Vector3.new(0, 3.4100000858306885, 0)
SpecialMesh3566.Scale = Vector3.new(1.600000023841858, 1.600000023841858, 1.600000023841858)
SpecialMesh3566.TextureId = "rbxassetid://745556120"
