Part4135.Name = "Tree_Collision"
Part4135.Parent = Model4123
Part4135.CFrame = CFrame.new(990.757446, 348.410156, 3125.71851, 0.802708983, 0.224105224, 0.552663922, -0.16506435, 0.973998666, -0.155210957, -0.573076308, 0.0333637372, 0.818825603)
Part4135.Orientation = Vector3.new(8.930000305175781, 34.02000045776367, -9.619999885559082)
Part4135.Position = Vector3.new(990.7574462890625, 348.41015625, 3125.718505859375)
Part4135.Rotation = Vector3.new(10.729999542236328, 33.54999923706055, -15.600000381469727)
Part4135.Transparency = 1
Part4135.Size = Vector3.new(1.4091228246688843, 21.658721923828125, 1.5656908750534058)
Part4135.Anchored = true
Part4135.Material = Enum.Material.Fabric
Part4136.Name = "Tree_Collision"
Part4136.Parent = Model4123
Part4136.CFrame = CFrame.new(915.112671, 349.307983, 3143.7688, 0.798126101, -0.175439626, 0.57638371, 0.268833518, 0.959855795, -0.0800964609, -0.53919214, 0.218877688, 0.81324631)
Part4136.Orientation = Vector3.new(4.590000152587891, 35.33000183105469, 15.649999618530273)
Part4136.Position = Vector3.new(915.1126708984375, 349.3079833984375, 3143.768798828125)
Part4136.Rotation = Vector3.new(5.619999885559082, 35.20000076293945, 12.399999618530273)
Part4136.Transparency = 1
Part4136.Size = Vector3.new(1.4091228246688843, 23.746309280395508, 1.5656908750534058)
Part4136.Anchored = true
Part4136.Material = Enum.Material.Fabric
Part4137.Name = "Tree_Collision"
Part4137.Parent = Model4123
Part4137.CFrame = CFrame.new(940.683044, 350.227264, 3117.58057, 0.841331899, -0.0638553724, 0.536736012, -0.126680791, 0.942051113, 0.310647249, -0.52546829, -0.329350263, 0.784484863)
Part4137.Orientation = Vector3.new(-18.100000381469727, 34.380001068115234, -7.659999847412109)
Part4137.Position = Vector3.new(940.6830444335938, 350.2272644042969, 3117.58056640625)
Part4137.Rotation = Vector3.new(-21.600000381469727, 32.459999084472656, 4.340000152587891)
Part4137.Transparency = 1
Part4137.Size = Vector3.new(1.4091228246688843, 24.790103912353516, 1.5656908750534058)
Part4137.Anchored = true
Part4137.Material = Enum.Material.Fabric
Part4138.Name = "Tree_Collision"
Part4138.Parent = Model4123
Part4138.CFrame = CFrame.new(953.983643, 349.764343, 3123.09521, 0.842713714, 0.0718733594, 0.533542693, -0.109361328, 0.993239343, 0.038933821, -0.52713728, -0.0911590084, 0.844876468)
Part4138.Orientation = Vector3.new(-2.2300000190734863, 32.27000045776367, -6.28000020980835)
Part4138.Position = Vector3.new(953.983642578125, 349.76434326171875, 3123.09521484375)
Part4138.Rotation = Vector3.new(-2.640000104904175, 32.25, -4.869999885559082)
Part4138.Transparency = 1
Part4138.Size = Vector3.new(1.4091228246688843, 24.790103912353516, 1.5656908750534058)
Part4138.Anchored = true
Part4138.Material = Enum.Material.Fabric
Part4139.Name = "Tree_Collision"
Part4139.Parent = Model4123
Part4139.CFrame = CFrame.new(916.953186, 349.359283, 3160.40747, 0.81625104, -0.140415549, 0.560374975, 0.166687757, 0.986005604, 0.00426762272, -0.553131044, 0.0899240226, 0.828229904)
Part4139.Orientation = Vector3.new(-0.23999999463558197, 34.08000183105469, 9.600000381469727)
Part4139.Position = Vector3.new(916.9531860351562, 349.3592834472656, 3160.407470703125)
Part4139.Rotation = Vector3.new(-0.30000001192092896, 34.08000183105469, 9.760000228881836)
Part4139.Transparency = 1
Part4139.Size = Vector3.new(1.4091228246688843, 23.746309280395508, 1.5656908750534058)
Part4139.Anchored = true
Part4139.Material = Enum.Material.Fabric
Model4140.Name = "??"
Model4140.Parent = Folder0
Part4141.Name = "TreeMesh Bottom"
Part4141.Parent = Model4140
Part4141.CFrame = CFrame.new(990.848694, 355.488312, 3158.39282, 0.894187033, -0.000814631232, -0.447693229, 0.000543000177, 1.00000095, -0.000735073234, 0.447693586, 0.000414195936, 0.894187808)
Part4141.Orientation = Vector3.new(0.03999999910593033, -26.600000381469727, 0.029999999329447746)
Part4141.Position = Vector3.new(990.8486938476562, 355.4883117675781, 3158.392822265625)
Part4141.Rotation = Vector3.new(0.05000000074505806, -26.600000381469727, 0.05000000074505806)
Part4141.Size = Vector3.new(8.611300468444824, 0.26094648241996765, 7.306557655334473)
Part4141.Anchored = true
Part4141.CanCollide = false
Part4141.Material = Enum.Material.Fabric
SpecialMesh4142.Name = "BarkMesh"
SpecialMesh4142.Parent = Part4141
SpecialMesh4142.MeshId = "rbxassetid://623621260"
SpecialMesh4142.Offset = Vector3.new(0, 3.5593373775482178, 0)
SpecialMesh4142.Scale = Vector3.new(1.0437939167022705, 1.0437939167022705, 1.0437939167022705)
SpecialMesh4142.TextureId = "rbxassetid://623618671"
SpecialMesh4142.MeshType = Enum.MeshType.FileMesh
Part4143.Name = "TreeMeshTop"
Part4143.Parent = Model4140
Part4143.CFrame = CFrame.new(990.822876, 386.948395, 3158.40552, 0.894187033, -0.000814631232, -0.447693229, 0.000543000177, 1.00000095, -0.000735073234, 0.447693586, 0.000414195936, 0.894187808)
Part4143.Orientation = Vector3.new(0.03999999910593033, -26.600000381469727, 0.029999999329447746)
Part4143.Position = Vector3.new(990.8228759765625, 386.9483947753906, 3158.405517578125)
Part4143.Rotation = Vector3.new(0.05000000074505806, -26.600000381469727, 0.05000000074505806)
Part4143.Transparency = 0.05000000074505806
Part4143.Size = Vector3.new(8.611300468444824, 0.26094648241996765, 7.306557655334473)
Part4143.Anchored = true
Part4143.CanCollide = false
Part4143.Material = Enum.Material.Fabric
SpecialMesh4144.Name = "TopTreeMesh"
SpecialMesh4144.Parent = Part4143
SpecialMesh4144.MeshId = "rbxassetid://623621456"
SpecialMesh4144.Offset = Vector3.new(0, 3.5593373775482178, 0)
SpecialMesh4144.Scale = Vector3.new(1.6700702905654907, 1.6700702905654907, 1.6700702905654907)
SpecialMesh4144.TextureId = "rbxassetid://745556120"
SpecialMesh4144.MeshType = Enum.MeshType.FileMesh
Part4145.Name = "Tree_Collision"
Part4145.Parent = Model4140
Part4145.CFrame = CFrame.new(987.193604, 369.189423, 3162.32178, 0.887734413, -0.132077247, -0.441002995, 0.0972157121, 0.990142345, -0.100846387, 0.449974537, 0.0466524065, 0.891822875)
Part4145.Orientation = Vector3.new(5.789999961853027, -26.309999465942383, 5.610000133514404)
Part4145.Position = Vector3.new(987.193603515625, 369.1894226074219, 3162.32177734375)
Part4145.Rotation = Vector3.new(6.449999809265137, -26.170000076293945, 8.460000038146973)
Part4145.Transparency = 1
Part4145.Size = Vector3.new(1.4091228246688843, 27.921485900878906, 1.5656908750534058)
Part4145.Anchored = true
Part4145.Material = Enum.Material.Fabric
Part4146.Name = "Tree_Collision"
Part4146.Parent = Model4140
Part4146.CFrame = CFrame.new(988.09668, 368.137146, 3173.20117, 0.830253839, 0.226874322, -0.509123862, -0.301379472, 0.951103091, -0.0676468089, 0.468881279, 0.20960325, 0.85803175)
Part4146.Orientation = Vector3.new(3.880000114440918, -30.68000030517578, -17.579999923706055)
Part4146.Position = Vector3.new(988.0966796875, 368.13714599609375, 3173.201171875)
Part4146.Rotation = Vector3.new(4.510000228881836, -30.610000610351562, -15.279999732971191)
Part4146.Transparency = 1
Part4146.Size = Vector3.new(1.4091228246688843, 24.790103912353516, 1.5656908750534058)
Part4146.Anchored = true
Part4146.Material = Enum.Material.Fabric
Part4147.Name = "Tree_Collision"
Part4147.Parent = Model4140
Part4147.CFrame = CFrame.new(973.012695, 369.670197, 3151.6167, 0.885294795, -0.177955672, -0.429634184, 0.11448168, 0.978852034, -0.169544801, 0.450719059, 0.100911871, 0.886944592)
Part4147.Orientation = Vector3.new(9.760000228881836, -25.850000381469727, 6.670000076293945)
Part4147.Position = Vector3.new(973.0126953125, 369.6701965332031, 3151.61669921875)
Part4147.Rotation = Vector3.new(10.819999694824219, -25.440000534057617, 11.369999885559082)
Part4147.Transparency = 1
Part4147.Size = Vector3.new(1.4091228246688843, 27.921485900878906, 1.5656908750534058)
Part4147.Anchored = true
Part4147.Material = Enum.Material.Fabric
Part4148.Name = "Tree_Collision"
Part4148.Parent = Model4140
Part4148.CFrame = CFrame.new(1029.02148, 367.862946, 3165.35132, 0.893222153, 0.125584364, -0.431721091, -0.0106289014, 0.965830505, 0.258961707, 0.449490339, -0.226721525, 0.864035428)
Part4148.Orientation = Vector3.new(-15.010000228881836, -26.549999237060547, -0.6299999952316284)
Part4148.Position = Vector3.new(1029.021484375, 367.8629455566406, 3165.351318359375)
Part4148.Rotation = Vector3.new(-16.68000030517578, -25.579999923706055, -8)
Part4148.Transparency = 1
Part4148.Size = Vector3.new(1.4091228246688843, 24.790103912353516, 1.5656908750534058)
Part4148.Anchored = true
Part4148.Material = Enum.Material.Fabric
Part4149.Name = "Tree_Collision"
Part4149.Parent = Model4140
Part4149.CFrame = CFrame.new(989.511597, 369.056488, 3143.04297, 0.884374857, -0.0976474434, -0.456449896, 0.214085042, 0.953812003, 0.210744128, 0.414788127, -0.284095615, 0.86443162)
Part4149.Orientation = Vector3.new(-12.170000076293945, -27.84000015258789, 12.649999618530273)
Part4149.Position = Vector3.new(989.5115966796875, 369.0564880371094, 3143.04296875)
Part4149.Rotation = Vector3.new(-13.699999809265137, -27.15999984741211, 6.300000190734863)
Part4149.Transparency = 1
Part4149.Size = Vector3.new(1.4091228246688843, 27.921485900878906, 1.5656908750534058)
Part4149.Anchored = true
Part4149.Material = Enum.Material.Fabric
Part4150.Name = "Tree_Collision"
Part4150.Parent = Model4140
Part4150.CFrame = CFrame.new(973.530762, 367.742859, 3173.48804, 0.836910963, -0.238282204, -0.492749453, 0.088791877, 0.947445214, -0.307353795, 0.540089309, 0.21347551, 0.814084232)
Part4150.Orientation = Vector3.new(17.899999618530273, -31.190000534057617, 5.349999904632568)
Part4150.Position = Vector3.new(973.53076171875, 367.74285888671875, 3173.488037109375)
Part4150.Rotation = Vector3.new(20.68000030517578, -29.520000457763672, 15.890000343322754)
Part4150.Transparency = 1
Part4150.Size = Vector3.new(1.4091228246688843, 23.746309280395508, 1.5656908750534058)
Part4150.Anchored = true
Part4150.Material = Enum.Material.Fabric
Part4151.Name = "Tree_Collision"
Part4151.Parent = Model4140
Part4151.CFrame = CFrame.new(1010.93396, 368.683319, 3176.36621, 0.862578213, 0.159884274, -0.479996204, -0.161586776, 0.986124396, 0.038093131, 0.479425788, 0.0447026379, 0.876444042)
Part4151.Orientation = Vector3.new(-2.180000066757202, -28.709999084472656, -9.3100004196167)
Part4151.Position = Vector3.new(1010.9339599609375, 368.6833190917969, 3176.3662109375)
Part4151.Rotation = Vector3.new(-2.490000009536743, -28.690000534057617, -10.5)
Part4151.Transparency = 1
Part4151.Size = Vector3.new(1.4091228246688843, 24.790103912353516, 1.5656908750534058)
Part4151.Anchored = true
Part4151.Material = Enum.Material.Fabric
Part4152.Name = "Tree_Collision"
Part4152.Parent = Model4140
Part4152.CFrame = CFrame.new(1020.49115, 366.576874, 3188.68164, 0.890530348, 0.0794809237, -0.447927207, -0.165405497, 0.973802567, -0.156051934, 0.423788965, 0.213058442, 0.880346775)
Part4152.Orientation = Vector3.new(8.979999542236328, -26.969999313354492, -9.640000343322754)
Part4152.Position = Vector3.new(1020.4911499023438, 366.5768737792969, 3188.681640625)
Part4152.Rotation = Vector3.new(10.050000190734863, -26.610000610351562, -5.099999904632568)
Part4152.Transparency = 1
Part4152.Size = Vector3.new(1.4091228246688843, 21.658721923828125, 1.5656908750534058)
Part4152.Anchored = true
Part4152.Material = Enum.Material.Fabric
Part4153.Name = "Tree_Collision"
Part4153.Parent = Model4140
Part4153.CFrame = CFrame.new(968.01239, 367.52475, 3131.29028, 0.858651102, -0.276560128, -0.431547582, 0.268478483, 0.959879518, -0.080953069, 0.436621457, -0.0463506654, 0.898451269)
Part4153.Orientation = Vector3.new(4.639999866485596, -25.65999984741211, 15.630000114440918)
Part4153.Position = Vector3.new(968.0123901367188, 367.5247497558594, 3131.290283203125)
Part4153.Rotation = Vector3.new(5.150000095367432, -25.56999969482422, 17.850000381469727)
Part4153.Transparency = 1
Part4153.Size = Vector3.new(1.4091228246688843, 23.746309280395508, 1.5656908750534058)
Part4153.Anchored = true
Part4153.Material = Enum.Material.Fabric
Part4154.Name = "Tree_Collision"
Part4154.Parent = Model4140
Part4154.CFrame = CFrame.new(1003.31732, 368.437042, 3140.94751, 0.867632508, 0.25697276, -0.42565167, -0.127074644, 0.942261875, 0.30983451, 0.480693668, -0.214732796, 0.850191057)
Part4154.Orientation = Vector3.new(-18.049999237060547, -26.600000381469727, -7.679999828338623)
Part4154.Position = Vector3.new(1003.3173217773438, 368.4370422363281, 3140.947509765625)
Part4154.Rotation = Vector3.new(-20.020000457763672, -25.190000534057617, -16.5)
Part4154.Transparency = 1
Part4154.Size = Vector3.new(1.4091228246688843, 24.790103912353516, 1.5656908750534058)
Part4154.Anchored = true
Part4154.Material = Enum.Material.Fabric
Part4155.Name = "Tree_Collision"
Part4155.Parent = Model4140
Part4155.CFrame = CFrame.new(1004.94714, 367.961029, 3155.2522, 0.869763017, 0.114523225, -0.479997009, -0.109757438, 0.993229568, 0.0380937606, 0.481109172, 0.0195506476, 0.876443386)
Part4155.Orientation = Vector3.new(-2.180000066757202, -28.709999084472656, -6.309999942779541)
Part4155.Position = Vector3.new(1004.9471435546875, 367.9610290527344, 3155.252197265625)
Part4155.Rotation = Vector3.new(-2.490000009536743, -28.690000534057617, -7.5)
Part4155.Transparency = 1
Part4155.Size = Vector3.new(1.4091228246688843, 24.790103912353516, 1.5656908750534058)
Part4155.Anchored = true
Part4155.Material = Enum.Material.Fabric
Part4156.Name = "Tree_Collision"
Part4156.Parent = Model4140
Part4156.CFrame = CFrame.new(954.35553, 367.566315, 3140.9707, 0.879638076, -0.146807551, -0.452421129, 0.166326031, 0.986066341, 0.00341436034, 0.445615292, -0.078252703, 0.891798735)
Part4156.Orientation = Vector3.new(-0.20000000298023224, -26.899999618530273, 9.569999694824219)
Part4156.Position = Vector3.new(954.3555297851562, 367.5663146972656, 3140.970703125)
Part4156.Rotation = Vector3.new(-0.2199999988079071, -26.899999618530273, 9.479999542236328)
Part4156.Transparency = 1
Part4156.Size = Vector3.new(1.4091228246688843, 23.746309280395508, 1.5656908750534058)
Part4156.Anchored = true
Part4156.Material = Enum.Material.Fabric
Model4157.Name = "??"
Model4157.Parent = Folder0
Part4158.Name = "TreeMesh Bottom"
Part4158.Parent = Model4157
Part4158.CFrame = CFrame.new(1016.17603, 355.537903, 3172.27002, -0.44769609, 5.85279049e-05, -0.89418596, -0.0007343631, 1.00000107, 0.000433131761, 0.894186437, 0.000850568525, -0.447695792)
Part4158.Orientation = Vector3.new(-0.019999999552965164, -116.5999984741211, -0.03999999910593033)
Part4158.Position = Vector3.new(1016.176025390625, 355.53790283203125, 3172.27001953125)
Part4158.Rotation = Vector3.new(-179.94000244140625, -63.400001525878906, -179.99000549316406)
Part4158.Size = Vector3.new(8.611300468444824, 0.26094648241996765, 7.306557655334473)
Part4158.Anchored = true
Part4158.CanCollide = false
Part4158.Material = Enum.Material.Fabric
SpecialMesh4159.Name = "BarkMesh"
SpecialMesh4159.Parent = Part4158
SpecialMesh4159.MeshId = "rbxassetid://623621260"
SpecialMesh4159.Offset = Vector3.new(0, 3.5593373775482178, 0)
SpecialMesh4159.Scale = Vector3.new(1.0437939167022705, 1.0437939167022705, 1.0437939167022705)
SpecialMesh4159.TextureId = "rbxassetid://623618671"
SpecialMesh4159.MeshType = Enum.MeshType.FileMesh
Part4160.Name = "TreeMeshTop"
Part4160.Parent = Model4157
Part4160.CFrame = CFrame.new(1016.17834, 386.997986, 3172.29736, -0.44769609, 5.85279049e-05, -0.89418596, -0.0007343631, 1.00000107, 0.000433131761, 0.894186437, 0.000850568525, -0.447695792)
Part4160.Orientation = Vector3.new(-0.019999999552965164, -116.5999984741211, -0.03999999910593033)
Part4160.Position = Vector3.new(1016.1783447265625, 386.99798583984375, 3172.29736328125)
Part4160.Rotation = Vector3.new(-179.94000244140625, -63.400001525878906, -179.99000549316406)
Part4160.Transparency = 0.05000000074505806
Part4160.Size = Vector3.new(8.611300468444824, 0.26094648241996765, 7.306557655334473)
Part4160.Anchored = true
Part4160.CanCollide = false
Part4160.Material = Enum.Material.Fabric
SpecialMesh4161.Name = "TopTreeMesh"
SpecialMesh4161.Parent = Part4160
SpecialMesh4161.MeshId = "rbxassetid://623621456"
SpecialMesh4161.Offset = Vector3.new(0, 3.5593373775482178, 0)
SpecialMesh4161.Scale = Vector3.new(1.6700702905654907, 1.6700702905654907, 1.6700702905654907)
SpecialMesh4161.TextureId = "rbxassetid://745556120"
SpecialMesh4161.MeshType = Enum.MeshType.FileMesh
Part4162.Name = "Tree_Collision"
Part4162.Parent = Model4157
Part4162.CFrame = CFrame.new(1012.2525, 369.246887, 3168.63843, -0.4499304, -0.0461859964, -0.89186877, 0.0959490389, 0.99038291, -0.0996920019, 0.887895286, -0.130428299, -0.44117111)
Part4162.Orientation = Vector3.new(5.71999979019165, -116.31999969482422, 5.53000020980835)
Part4162.Position = Vector3.new(1012.2525024414062, 369.24688720703125, 3168.638427734375)
Part4162.Rotation = Vector3.new(167.27000427246094, -63.11000061035156, 174.13999938964844)
Part4162.Transparency = 1
Part4162.Size = Vector3.new(1.4091228246688843, 27.921485900878906, 1.5656908750534058)
Part4162.Anchored = true
Part4162.Material = Enum.Material.Fabric
Part4163.Name = "Tree_Collision"
Part4163.Parent = Model4157
Part4163.CFrame = CFrame.new(1001.37268, 368.198242, 3169.53979, -0.469026327, -0.209153801, -0.858061492, -0.302539945, 0.950823069, -0.0663926899, 0.82975018, 0.228457853, -0.509237707)
Part4163.Orientation = Vector3.new(3.809999942779541, -120.69000244140625, -17.649999618530273)
Part4163.Position = Vector3.new(1001.3726806640625, 368.1982421875, 3169.539794921875)
Part4163.Rotation = Vector3.new(172.57000732421875, -59.099998474121094, 155.97000122070312)
Part4163.Transparency = 1
Part4163.Size = Vector3.new(1.4091228246688843, 24.790103912353516, 1.5656908750534058)
Part4163.Anchored = true
Part4163.Material = Enum.Material.Fabric
Part4164.Name = "Tree_Collision"
Part4164.Parent = Model4157
Part4164.CFrame = CFrame.new(1022.95844, 369.746155, 3154.45801, -0.450668097, -0.100448772, -0.887022376, 0.113219053, 0.97919482, -0.168409631, 0.885483742, -0.176324487, -0.429918498)
Part4164.Orientation = Vector3.new(9.699999809265137, -115.86000061035156, 6.599999904632568)
Part4164.Position = Vector3.new(1022.9584350585938, 369.74615478515625, 3154.4580078125)
Part4164.Rotation = Vector3.new(158.61000061035156, -62.5, 167.42999267578125)
Part4164.Transparency = 1
Part4164.Size = Vector3.new(1.4091228246688843, 27.921485900878906, 1.5656908750534058)
Part4164.Anchored = true
Part4164.Material = Enum.Material.Fabric
Part4165.Name = "Tree_Collision"
Part4165.Parent = Model4157
Part4165.CFrame = CFrame.new(1009.2229, 367.852234, 3210.46338, -0.449497938, 0.227176309, -0.86391139, -0.0119044818, 0.965512991, 0.260087669, 0.893202901, 0.127193123, -0.431291074)
Part4165.Orientation = Vector3.new(-15.079999923706055, -116.52999877929688, -0.7099999785423279)
Part4165.Position = Vector3.new(1009.222900390625, 367.85223388671875, 3210.46337890625)
Part4165.Rotation = Vector3.new(-148.91000366210938, -59.7599983215332, -153.19000244140625)
Part4165.Transparency = 1
Part4165.Size = Vector3.new(1.4091228246688843, 24.790103912353516, 1.5656908750534058)
Part4165.Anchored = true
Part4165.Material = Enum.Material.Fabric
Part4166.Name = "Tree_Collision"
Part4166.Parent = Model4157
Part4166.CFrame = CFrame.new(1031.5321, 369.101044, 3170.95728, -0.414689213, 0.284544528, -0.864330709, 0.212807, 0.953839481, 0.211910814, 0.88473016, -0.0960584953, -0.456099331)
Part4166.Orientation = Vector3.new(-12.229999542236328, -117.81999969482422, 12.579999923706055)
Part4166.Position = Vector3.new(1031.5321044921875, 369.1010437011719, 3170.957275390625)
Part4166.Rotation = Vector3.new(-155.0800018310547, -59.810001373291016, -145.5399932861328)
Part4166.Transparency = 1
Part4166.Size = Vector3.new(1.4091228246688843, 27.921485900878906, 1.5656908750534058)
Part4166.Anchored = true
Part4166.Material = Enum.Material.Fabric
Part4167.Name = "Tree_Collision"
Part4167.Parent = Model4157
Part4167.CFrame = CFrame.new(1001.08588, 367.828339, 3154.97266, -0.540048599, -0.21302709, -0.814228058, 0.0876532421, 0.947941482, -0.306147903, 0.837057948, -0.236704141, -0.493261278)
Part4167.Orientation = Vector3.new(17.829999923706055, -121.20999908447266, 5.28000020980835)
Part4167.Position = Vector3.new(1001.0858764648438, 367.8283386230469, 3154.97265625)
Part4167.Rotation = Vector3.new(148.1699981689453, -54.5099983215332, 158.47000122070312)
Part4167.Transparency = 1
Part4167.Size = Vector3.new(1.4091228246688843, 23.746309280395508, 1.5656908750534058)
Part4167.Anchored = true
Part4167.Material = Enum.Material.Fabric
Part4168.Name = "Tree_Collision"
Part4168.Parent = Model4157
Part4168.CFrame = CFrame.new(998.207336, 368.707855, 3192.37866, -0.479504228, -0.0442376211, -0.876424074, -0.162797362, 0.985877633, 0.0393064842, 0.862307549, 0.161527038, -0.479933709)
Part4168.Orientation = Vector3.new(-2.25, -118.70999908447266, -9.380000114440918)
Part4168.Position = Vector3.new(998.2073364257812, 368.7078552246094, 3192.378662109375)
Part4168.Rotation = Vector3.new(-175.32000732421875, -61.209999084472656, 174.72999572753906)
Part4168.Transparency = 1
Part4168.Size = Vector3.new(1.4091228246688843, 24.790103912353516, 1.5656908750534058)
Part4168.Anchored = true
Part4168.Material = Enum.Material.Fabric
Part4169.Name = "Tree_Collision"
Part4169.Parent = Model4157
Part4169.CFrame = CFrame.new(985.891602, 366.59137, 3201.93213, -0.423868716, -0.212599397, -0.880418837, -0.166687891, 0.973769307, -0.154891014, 0.890253901, 0.0811017007, -0.44818753)
Part4169.Orientation = Vector3.new(8.90999984741211, -116.9800033569336, -9.710000038146973)
Part4169.Position = Vector3.new(985.8916015625, 366.59136962890625, 3201.93212890625)
Part4169.Rotation = Vector3.new(160.94000244140625, -61.689998626708984, 153.36000061035156)
Part4169.Transparency = 1
Part4169.Size = Vector3.new(1.4091228246688843, 21.658721923828125, 1.5656908750534058)
Part4169.Anchored = true
Part4169.Material = Enum.Material.Fabric
Part4170.Name = "Tree_Collision"
Part4170.Parent = Model4157
Part4170.CFrame = CFrame.new(1043.28394, 367.599518, 3149.45532, -0.436496317, 0.046804484, -0.898488045, 0.267253399, 0.960317075, -0.0798095912, 0.859097362, -0.274960339, -0.431682855)
Part4170.Orientation = Vector3.new(4.579999923706055, -115.66000366210938, 15.550000190734863)
Part4170.Position = Vector3.new(1043.283935546875, 367.5995178222656, 3149.455322265625)
Part4170.Rotation = Vector3.new(169.52999877929688, -63.959999084472656, -173.8800048828125)
Part4170.Transparency = 1
Part4170.Size = Vector3.new(1.4091228246688843, 23.746309280395508, 1.5656908750534058)
Part4170.Anchored = true
Part4170.Material = Enum.Material.Fabric
Part4171.Name = "Tree_Collision"
Part4171.Parent = Model4157
Part4171.CFrame = CFrame.new(1033.62683, 368.45755, 3184.76123, -0.480755806, 0.215178281, -0.850042641, -0.128292218, 0.941730618, 0.310945809, 0.867419422, 0.258542567, -0.425136209)
Part4171.Orientation = Vector3.new(-18.1200008392334, -116.56999969482422, -7.760000228881836)
Part4171.Position = Vector3.new(1033.6268310546875, 368.4575500488281, 3184.76123046875)
Part4171.Rotation = Vector3.new(-143.82000732421875, -58.220001220703125, -155.88999938964844)
Part4171.Transparency = 1
Part4171.Size = Vector3.new(1.4091228246688843, 24.790103912353516, 1.5656908750534058)
Part4171.Anchored = true
Part4171.Material = Enum.Material.Fabric
Part4172.Name = "Tree_Collision"
Part4172.Parent = Model4157
Part4172.CFrame = CFrame.new(1019.32031, 367.985626, 3186.39014, -0.481163532, -0.0190823916, -0.876423478, -0.110978387, 0.993046582, 0.0393064059, 0.8695786, 0.116176769, -0.479934871)
Part4172.Orientation = Vector3.new(-2.25, -118.70999908447266, -6.380000114440918)
Part4172.Position = Vector3.new(1019.3203125, 367.9856262207031, 3186.39013671875)
Part4172.Rotation = Vector3.new(-175.32000732421875, -61.209999084472656, 177.72999572753906)
Part4172.Transparency = 1
Part4172.Size = Vector3.new(1.4091228246688843, 24.790103912353516, 1.5656908750534058)
Part4172.Anchored = true
Part4172.Material = Enum.Material.Fabric
Part4173.Name = "Tree_Collision"
Part4173.Parent = Model4157
Part4173.CFrame = CFrame.new(1033.60315, 367.668396, 3135.79883, -0.445538044, 0.078718856, -0.891795754, 0.165070564, 0.986272514, 0.00458964892, 0.879914403, -0.145164266, -0.452415407)
Part4173.Orientation = Vector3.new(-0.25999999046325684, -116.9000015258789, 9.5)
Part4173.Position = Vector3.new(1033.6031494140625, 367.66839599609375, 3135.798828125)
Part4173.Rotation = Vector3.new(-179.4199981689453, -63.099998474121094, -169.97999572753906)
Part4173.Transparency = 1
Part4173.Size = Vector3.new(1.4091228246688843, 23.746309280395508, 1.5656908750534058)
Part4173.Anchored = true
Part4173.Material = Enum.Material.Fabric
Model4174.Name = "??"
Model4174.Parent = Folder0
Part4175.Name = "TreeMesh Bottom"
Part4175.Parent = Model4174
Part4175.CFrame = CFrame.new(1037.63806, 356.151398, 3145.87842, 0.825254619, -0.000814457133, 0.564760268, 0.000905692345, 0.999999642, 0.000118687458, -0.564760149, 0.000413551694, 0.825255036)
Part4175.Orientation = Vector3.new(-0.009999999776482582, 34.38999938964844, 0.05000000074505806)
Part4175.Position = Vector3.new(1037.6380615234375, 356.1513977050781, 3145.87841796875)
Part4175.Rotation = Vector3.new(-0.009999999776482582, 34.38999938964844, 0.05999999865889549)
Part4175.Size = Vector3.new(8.611300468444824, 0.26094648241996765, 7.306557655334473)
Part4175.Anchored = true
Part4175.CanCollide = false
Part4175.Material = Enum.Material.Fabric
SpecialMesh4176.Name = "BarkMesh"
SpecialMesh4176.Parent = Part4175
SpecialMesh4176.MeshId = "rbxassetid://623621260"
SpecialMesh4176.Offset = Vector3.new(0, 3.5593373775482178, 0)
SpecialMesh4176.Scale = Vector3.new(1.0437939167022705, 1.0437939167022705, 1.0437939167022705)
SpecialMesh4176.TextureId = "rbxassetid://623618671"
SpecialMesh4176.MeshType = Enum.MeshType.FileMesh
Part4177.Name = "TreeMeshTop"
Part4177.Parent = Model4174
Part4177.CFrame = CFrame.new(1037.61182, 387.611786, 3145.89014, 0.825254619, -0.000814457133, 0.564760268, 0.000905692345, 0.999999642, 0.000118687458, -0.564760149, 0.000413551694, 0.825255036)
Part4177.Orientation = Vector3.new(-0.009999999776482582, 34.38999938964844, 0.05000000074505806)
Part4177.Position = Vector3.new(1037.61181640625, 387.6117858886719, 3145.89013671875)
Part4177.Rotation = Vector3.new(-0.009999999776482582, 34.38999938964844, 0.05999999865889549)
Part4177.Transparency = 0.05000000074505806
Part4177.Size = Vector3.new(8.611300468444824, 0.26094648241996765, 7.306557655334473)
Part4177.Anchored = true
Part4177.CanCollide = false
Part4177.Material = Enum.Material.Fabric
SpecialMesh4178.Name = "TopTreeMesh"
SpecialMesh4178.Parent = Part4177
SpecialMesh4178.MeshId = "rbxassetid://623621456"
SpecialMesh4178.Offset = Vector3.new(0, 3.5593373775482178, 0)
SpecialMesh4178.Scale = Vector3.new(1.6700702905654907, 1.6700702905654907, 1.6700702905654907)
SpecialMesh4178.TextureId = "rbxassetid://745556120"
SpecialMesh4178.MeshType = Enum.MeshType.FileMesh
Part4179.Name = "Tree_Collision"
Part4179.Parent = Model4174
Part4179.CFrame = CFrame.new(1039.29016, 369.856293, 3150.97192, 0.824043274, -0.024047358, 0.566016257, 0.0975813121, 0.990191162, -0.0999966785, -0.558059692, 0.137634203, 0.818306923)
Part4179.Orientation = Vector3.new(5.739999771118164, 34.66999816894531, 5.630000114440918)
Part4179.Position = Vector3.new(1039.2901611328125, 369.8562927246094, 3150.971923828125)
Part4179.Rotation = Vector3.new(6.96999979019165, 34.470001220703125, 1.6699999570846558)
Part4179.Transparency = 1
Part4179.Size = Vector3.new(1.4091228246688843, 27.921485900878906, 1.5656908750534058)
Part4179.Anchored = true
Part4179.Material = Enum.Material.Fabric
Part4180.Name = "Tree_Collision"
Part4180.Parent = Model4174
Part4180.CFrame = CFrame.new(1049.24158, 368.814148, 3155.46191, 0.81300652, 0.292602181, 0.503395379, -0.300994396, 0.95128715, -0.0668228641, -0.498425007, -0.0971917063, 0.861470401)
Part4180.Orientation = Vector3.new(3.8299999237060547, 30.299999237060547, -17.559999465942383)
Part4180.Position = Vector3.new(1049.2415771484375, 368.81414794921875, 3155.4619140625)
Part4180.Rotation = Vector3.new(4.440000057220459, 30.219999313354492, -19.790000915527344)
Part4180.Transparency = 1
Part4180.Size = Vector3.new(1.4091228246688843, 24.790103912353516, 1.5656908750534058)
Part4180.Anchored = true
Part4180.Material = Enum.Material.Fabric
Part4181.Name = "Tree_Collision"
Part4181.Parent = Model4174
Part4181.CFrame = CFrame.new(1023.04865, 370.328156, 3158.18042, 0.823498368, 0.00115221739, 0.567317486, 0.114847519, 0.978954315, -0.168696865, -0.555572569, 0.204076588, 0.806034803)
Part4181.Orientation = Vector3.new(9.710000038146973, 35.13999938964844, 6.690000057220459)
Part4181.Position = Vector3.new(1023.0486450195312, 370.3281555175781, 3158.180419921875)
Part4181.Rotation = Vector3.new(11.819999694824219, 34.560001373291016, -0.07999999821186066)
Part4181.Transparency = 1
Part4181.Size = Vector3.new(1.4091228246688843, 27.921485900878906, 1.5656908750534058)
Part4181.Anchored = true
Part4181.Material = Enum.Material.Fabric
Part4182.Name = "Tree_Collision"
Part4182.Parent = Model4174
Part4182.CFrame = CFrame.new(1062.23157, 368.530365, 3115.86719, 0.826368213, -0.138092369, 0.545938253, -0.0102650784, 0.965617001, 0.259785861, -0.563040495, -0.220281914, 0.796533883)
Part4182.Orientation = Vector3.new(-15.0600004196167, 34.43000030517578, -0.6100000143051147)
Part4182.Position = Vector3.new(1062.2315673828125, 368.5303649902344, 3115.8671875)
Part4182.Rotation = Vector3.new(-18.059999465942383, 33.09000015258789, 9.489999771118164)
Part4182.Transparency = 1
Part4182.Size = Vector3.new(1.4091228246688843, 24.790103912353516, 1.5656908750534058)
Part4182.Anchored = true
Part4182.Material = Enum.Material.Fabric
Part4183.Name = "Tree_Collision"
Part4183.Parent = Model4174
Part4183.CFrame = CFrame.new(1023.55725, 369.705444, 3139.59375, 0.791555405, -0.296543509, 0.534326017, 0.214418367, 0.953558028, 0.211570099, -0.572249413, -0.0528996512, 0.818374753)
Part4183.Orientation = Vector3.new(-12.210000038146973, 33.13999938964844, 12.670000076293945)
Part4183.Position = Vector3.new(1023.5572509765625, 369.7054443359375, 3139.59375)
Part4183.Rotation = Vector3.new(-14.5, 32.29999923706055, 20.540000915527344)
Part4183.Transparency = 1
Part4183.Size = Vector3.new(1.4091228246688843, 27.921485900878906, 1.5656908750534058)
Part4183.Anchored = true
Part4183.Material = Enum.Material.Fabric
Part4184.Name = "Tree_Collision"
Part4184.Parent = Model4174
Part4184.CFrame = CFrame.new(1042.42712, 368.42099, 3168.33911, 0.878199697, 0.0703461468, 0.473095298, 0.0892434567, 0.947659969, -0.30657202, -0.46989885, 0.311450899, 0.825953066)
Part4184.Orientation = Vector3.new(17.850000381469727, 29.799999237060547, 5.380000114440918)
Part4184.Position = Vector3.new(1042.4271240234375, 368.4209899902344, 3168.339111328125)
Part4184.Rotation = Vector3.new(20.360000610351562, 28.239999771118164, -4.579999923706055)
Part4184.Transparency = 1
Part4184.Size = Vector3.new(1.4091228246688843, 23.746309280395508, 1.5656908750534058)
Part4184.Anchored = true
Part4184.Material = Enum.Material.Fabric
Part4185.Name = "Tree_Collision"
Part4185.Parent = Model4174
Part4185.CFrame = CFrame.new(1063.08899, 369.361938, 3137.02637, 0.837797999, 0.115878917, 0.533543706, -0.161192805, 0.986159861, 0.0389319099, -0.521647036, -0.118620172, 0.844877899)
Part4185.Orientation = Vector3.new(-2.2300000190734863, 32.27000045776367, -9.279999732971191)
Part4185.Position = Vector3.new(1063.0889892578125, 369.3619384765625, 3137.0263671875)
Part4185.Rotation = Vector3.new(-2.640000104904175, 32.25, -7.869999885559082)
Part4185.Transparency = 1
Part4185.Size = Vector3.new(1.4091228246688843, 24.790103912353516, 1.5656908750534058)
Part4185.Anchored = true
Part4185.Material = Enum.Material.Fabric
Part4186.Name = "Tree_Collision"
Part4186.Parent = Model4174
Part4186.CFrame = CFrame.new(1078.49536, 367.266327, 3134.64307, 0.802708983, 0.224105224, 0.552663922, -0.16506435, 0.973998666, -0.155210957, -0.573076308, 0.0333637372, 0.818825603)
Part4186.Orientation = Vector3.new(8.930000305175781, 34.02000045776367, -9.619999885559082)
Part4186.Position = Vector3.new(1078.495361328125, 367.2663269042969, 3134.64306640625)
Part4186.Rotation = Vector3.new(10.729999542236328, 33.54999923706055, -15.600000381469727)
Part4186.Transparency = 1
Part4186.Size = Vector3.new(1.4091228246688843, 21.658721923828125, 1.5656908750534058)
Part4186.Anchored = true
Part4186.Material = Enum.Material.Fabric
Part4187.Name = "Tree_Collision"
Part4187.Parent = Model4174
Part4187.CFrame = CFrame.new(1002.85065, 368.164124, 3152.6936, 0.798126101, -0.175439626, 0.57638371, 0.268833518, 0.959855795, -0.0800964609, -0.53919214, 0.218877688, 0.81324631)
Part4187.Orientation = Vector3.new(4.590000152587891, 35.33000183105469, 15.649999618530273)
Part4187.Position = Vector3.new(1002.8506469726562, 368.16412353515625, 3152.693603515625)
Part4187.Rotation = Vector3.new(5.619999885559082, 35.20000076293945, 12.399999618530273)
Part4187.Transparency = 1
Part4187.Size = Vector3.new(1.4091228246688843, 23.746309280395508, 1.5656908750534058)
Part4187.Anchored = true
Part4187.Material = Enum.Material.Fabric
Part4188.Name = "Tree_Collision"
Part4188.Parent = Model4174
Part4188.CFrame = CFrame.new(1028.42102, 369.083435, 3126.50513, 0.841331899, -0.0638553724, 0.536736012, -0.126680791, 0.942051113, 0.310647249, -0.52546829, -0.329350263, 0.784484863)
Part4188.Orientation = Vector3.new(-18.100000381469727, 34.380001068115234, -7.659999847412109)
Part4188.Position = Vector3.new(1028.4210205078125, 369.08343505859375, 3126.505126953125)
Part4188.Rotation = Vector3.new(-21.600000381469727, 32.459999084472656, 4.340000152587891)
Part4188.Transparency = 1
Part4188.Size = Vector3.new(1.4091228246688843, 24.790103912353516, 1.5656908750534058)
Part4188.Anchored = true
Part4188.Material = Enum.Material.Fabric
Part4189.Name = "Tree_Collision"
Part4189.Parent = Model4174
Part4189.CFrame = CFrame.new(1041.72156, 368.620483, 3132.01929, 0.842713714, 0.0718733594, 0.533542693, -0.109361328, 0.993239343, 0.038933821, -0.52713728, -0.0911590084, 0.844876468)
Part4189.Orientation = Vector3.new(-2.2300000190734863, 32.27000045776367, -6.28000020980835)
Part4189.Position = Vector3.new(1041.7215576171875, 368.6204833984375, 3132.019287109375)
Part4189.Rotation = Vector3.new(-2.640000104904175, 32.25, -4.869999885559082)
Part4189.Transparency = 1
Part4189.Size = Vector3.new(1.4091228246688843, 24.790103912353516, 1.5656908750534058)
Part4189.Anchored = true
Part4189.Material = Enum.Material.Fabric
Part4190.Name = "Tree_Collision"
Part4190.Parent = Model4174
Part4190.CFrame = CFrame.new(1004.69116, 368.215424, 3169.33154, 0.81625104, -0.140415549, 0.560374975, 0.166687757, 0.986005604, 0.00426762272, -0.553131044, 0.0899240226, 0.828229904)
Part4190.Orientation = Vector3.new(-0.23999999463558197, 34.08000183105469, 9.600000381469727)
Part4190.Position = Vector3.new(1004.691162109375, 368.2154235839844, 3169.33154296875)
Part4190.Rotation = Vector3.new(-0.30000001192092896, 34.08000183105469, 9.760000228881836)
Part4190.Transparency = 1
Part4190.Size = Vector3.new(1.4091228246688843, 23.746309280395508, 1.5656908750534058)
Part4190.Anchored = true
Part4190.Material = Enum.Material.Fabric
Model4191.Name = "??"
Model4191.Parent = Folder0
Part4192.Name = "TreeMesh Bottom"
Part4192.Parent = Model4191
Part4192.CFrame = CFrame.new(1064.06934, 356.185944, 3114.54932, 0.564761579, -0.000814818544, -0.825253665, 0.000118290096, 0.999999642, -0.000906403002, 0.825254142, 0.000414282229, 0.56476146)
Part4192.Orientation = Vector3.new(0.05000000074505806, -55.61000061035156, 0.009999999776482582)
Part4192.Position = Vector3.new(1064.0693359375, 356.1859436035156, 3114.54931640625)
Part4192.Rotation = Vector3.new(0.09000000357627869, -55.61000061035156, 0.07999999821186066)
Part4192.Size = Vector3.new(8.611300468444824, 0.26094648241996765, 7.306557655334473)
Part4192.Anchored = true
Part4192.CanCollide = false
Part4192.Material = Enum.Material.Fabric
SpecialMesh4193.Name = "BarkMesh"
SpecialMesh4193.Parent = Part4192
SpecialMesh4193.MeshId = "rbxassetid://623621260"
SpecialMesh4193.Offset = Vector3.new(0, 3.5593373775482178, 0)
SpecialMesh4193.Scale = Vector3.new(1.0437939167022705, 1.0437939167022705, 1.0437939167022705)
SpecialMesh4193.TextureId = "rbxassetid://623618671"
SpecialMesh4193.MeshType = Enum.MeshType.FileMesh
Part4194.Name = "TreeMeshTop"
Part4194.Parent = Model4191
Part4194.CFrame = CFrame.new(1064.04321, 387.646088, 3114.56201, 0.564761579, -0.000814818544, -0.825253665, 0.000118290096, 0.999999642, -0.000906403002, 0.825254142, 0.000414282229, 0.56476146)
Part4194.Orientation = Vector3.new(0.05000000074505806, -55.61000061035156, 0.009999999776482582)
Part4194.Position = Vector3.new(1064.043212890625, 387.6460876464844, 3114.56201171875)
Part4194.Rotation = Vector3.new(0.09000000357627869, -55.61000061035156, 0.07999999821186066)
Part4194.Transparency = 0.05000000074505806
Part4194.Size = Vector3.new(8.611300468444824, 0.26094648241996765, 7.306557655334473)
Part4194.Anchored = true
Part4194.CanCollide = false
Part4194.Material = Enum.Material.Fabric
SpecialMesh4195.Name = "TopTreeMesh"
SpecialMesh4195.Parent = Part4194
SpecialMesh4195.MeshId = "rbxassetid://623621456"
SpecialMesh4195.Offset = Vector3.new(0, 3.5593373775482178, 0)
SpecialMesh4195.Scale = Vector3.new(1.6700702905654907, 1.6700702905654907, 1.6700702905654907)
SpecialMesh4195.TextureId = "rbxassetid://745556120"
SpecialMesh4195.MeshType = Enum.MeshType.FileMesh
Part4196.Name = "Tree_Collision"
Part4196.Parent = Model4191
Part4196.CFrame = CFrame.new(1058.96851, 369.886749, 3116.21851, 0.558022976, -0.138029769, -0.818266809, 0.0967915282, 0.990169883, -0.101019636, 0.824163198, -0.0228297766, 0.565896451)
Part4196.Orientation = Vector3.new(5.800000190734863, -55.33000183105469, 5.579999923706055)
Part4196.Position = Vector3.new(1058.968505859375, 369.8867492675781, 3116.218505859375)
Part4196.Rotation = Vector3.new(10.119999885559082, -54.90999984741211, 13.890000343322754)
Part4196.Transparency = 1
Part4196.Size = Vector3.new(1.4091228246688843, 27.921485900878906, 1.5656908750534058)
Part4196.Anchored = true
Part4196.Material = Enum.Material.Fabric
Part4197.Name = "Tree_Collision"
Part4197.Parent = Model4191
Part4197.CFrame = CFrame.new(1054.48047, 368.830444, 3126.16943, 0.498547435, 0.0968104377, -0.861441135, -0.301793098, 0.950965703, -0.0677873418, 0.812634826, 0.293770999, 0.503317356)
Part4197.Orientation = Vector3.new(3.890000104904175, -59.70000076293945, -17.610000610351562)
Part4197.Position = Vector3.new(1054.48046875, 368.8304443359375, 3126.16943359375)
Part4197.Rotation = Vector3.new(7.670000076293945, -59.47999954223633, -10.989999771118164)
Part4197.Transparency = 1
Part4197.Size = Vector3.new(1.4091228246688843, 24.790103912353516, 1.5656908750534058)
Part4197.Anchored = true
Part4197.Material = Enum.Material.Fabric
Part4198.Name = "Tree_Collision"
Part4198.Parent = Model4191
Part4198.CFrame = CFrame.new(1051.76086, 370.375519, 3099.97778, 0.555528402, -0.204470307, -0.805965364, 0.114057794, 0.978869915, -0.169718862, 0.823637664, 0.00235701283, 0.567111552)
Part4198.Orientation = Vector3.new(9.770000457763672, -54.869998931884766, 6.650000095367432)
Part4198.Position = Vector3.new(1051.7608642578125, 370.3755187988281, 3099.977783203125)
Part4198.Rotation = Vector3.new(16.65999984741211, -53.70000076293945, 20.209999084472656)
Part4198.Transparency = 1
Part4198.Size = Vector3.new(1.4091228246688843, 27.921485900878906, 1.5656908750534058)
Part4198.Anchored = true
Part4198.Material = Enum.Material.Fabric
Part4199.Name = "Tree_Collision"
Part4199.Parent = Model4191
