MeshPart70.Parent = Model67
MeshPart70.CFrame = CFrame.new(1656.43921, 294.683807, 2852.20679, 0.458006561, -0.0303192418, -0.888431609, -0.0122321323, 0.999108613, -0.0404022224, 0.888864696, 0.0293718949, 0.457227409)
MeshPart70.Orientation = Vector3.new(2.319999933242798, -62.77000045776367, -0.699999988079071)
MeshPart70.Position = Vector3.new(1656.439208984375, 294.6838073730469, 2852.206787109375)
MeshPart70.Rotation = Vector3.new(5.050000190734863, -62.68000030517578, 3.7899999618530273)
MeshPart70.Size = Vector3.new(36.445125579833984, 87.25019836425781, 48.101768493652344)
MeshPart70.Anchored = true
MeshPart70.CanCollide = false
MeshPart70.Material = Enum.Material.Fabric
MeshPart70.TextureID = "rbxassetid://1668393064"
Model71.Name = "Mesh_AlpTrees4"
Model71.Parent = Folder0
Part72.Name = "Mesh"
Part72.Parent = Model71
Part72.CFrame = CFrame.new(1661.67346, 302.106415, 2850.70532, -0.888440549, -0.0302808303, -0.457991868, -0.0402206779, 0.999119222, 0.011964228, 0.457226187, 0.0290502477, -0.888875902)
Part72.Orientation = Vector3.new(-0.6899999976158142, -152.74000549316406, -2.309999942779541)
Part72.Position = Vector3.new(1661.6734619140625, 302.1064147949219, 2850.705322265625)
Part72.Rotation = Vector3.new(-179.22999572753906, -27.260000228881836, 178.0500030517578)
Part72.Color = Color3.new(0.972549, 0.972549, 0.972549)
Part72.Transparency = 0.20000000298023224
Part72.Size = Vector3.new(0.3411868214607239, 0.3411868214607239, 0.3411868214607239)
Part72.Anchored = true
Part72.BottomSurface = Enum.SurfaceType.Smooth
Part72.BrickColor = BrickColor.new("Institutional white")
Part72.CanCollide = false
Part72.Material = Enum.Material.Fabric
Part72.TopSurface = Enum.SurfaceType.Smooth
Part72.brickColor = BrickColor.new("Institutional white")
SpecialMesh73.Parent = Part72
SpecialMesh73.MeshId = "rbxassetid://1668447688"
SpecialMesh73.Scale = Vector3.new(0.9595881104469299, 0.9595881700515747, 0.9595881700515747)
SpecialMesh73.TextureId = "rbxassetid://2686753922"
SpecialMesh73.MeshType = Enum.MeshType.FileMesh
MeshPart74.Parent = Model71
MeshPart74.CFrame = CFrame.new(1658.28625, 294.826935, 2851.4541, -0.888440549, -0.0302808303, -0.457991868, -0.0402206779, 0.999119222, 0.011964228, 0.457226187, 0.0290502477, -0.888875902)
MeshPart74.Orientation = Vector3.new(-0.6899999976158142, -152.74000549316406, -2.309999942779541)
MeshPart74.Position = Vector3.new(1658.2862548828125, 294.8269348144531, 2851.4541015625)
MeshPart74.Rotation = Vector3.new(-179.22999572753906, -27.260000228881836, 178.0500030517578)
MeshPart74.Size = Vector3.new(36.445125579833984, 87.25019836425781, 48.101768493652344)
MeshPart74.Anchored = true
MeshPart74.CanCollide = false
MeshPart74.Material = Enum.Material.Fabric
MeshPart74.TextureID = "rbxassetid://1668393064"
Model75.Name = "Mesh_AlpTrees4"
Model75.Parent = Folder0
Part76.Name = "Mesh"
Part76.Parent = Model75
Part76.CFrame = CFrame.new(1635.56702, 302.80365, 2800.04028, -0.888440549, -0.0302808303, -0.457991868, -0.0402206779, 0.999119222, 0.011964228, 0.457226187, 0.0290502477, -0.888875902)
Part76.Orientation = Vector3.new(-0.6899999976158142, -152.74000549316406, -2.309999942779541)
Part76.Position = Vector3.new(1635.5670166015625, 302.80364990234375, 2800.040283203125)
Part76.Rotation = Vector3.new(-179.22999572753906, -27.260000228881836, 178.0500030517578)
Part76.Color = Color3.new(0.972549, 0.972549, 0.972549)
Part76.Transparency = 0.20000000298023224
Part76.Size = Vector3.new(0.3411868214607239, 0.3411868214607239, 0.3411868214607239)
Part76.Anchored = true
Part76.BottomSurface = Enum.SurfaceType.Smooth
Part76.BrickColor = BrickColor.new("Institutional white")
Part76.CanCollide = false
Part76.Material = Enum.Material.Fabric
Part76.TopSurface = Enum.SurfaceType.Smooth
Part76.brickColor = BrickColor.new("Institutional white")
SpecialMesh77.Parent = Part76
SpecialMesh77.MeshId = "rbxassetid://1668447688"
SpecialMesh77.Scale = Vector3.new(0.9595881104469299, 0.9595881700515747, 0.9595881700515747)
SpecialMesh77.TextureId = "rbxassetid://2686753922"
SpecialMesh77.MeshType = Enum.MeshType.FileMesh
MeshPart78.Parent = Model75
MeshPart78.CFrame = CFrame.new(1632.18005, 295.524139, 2800.78906, -0.888440549, -0.0302808303, -0.457991868, -0.0402206779, 0.999119222, 0.011964228, 0.457226187, 0.0290502477, -0.888875902)
MeshPart78.Orientation = Vector3.new(-0.6899999976158142, -152.74000549316406, -2.309999942779541)
MeshPart78.Position = Vector3.new(1632.1800537109375, 295.5241394042969, 2800.7890625)
MeshPart78.Rotation = Vector3.new(-179.22999572753906, -27.260000228881836, 178.0500030517578)
MeshPart78.Size = Vector3.new(36.445125579833984, 87.25019836425781, 48.101768493652344)
MeshPart78.Anchored = true
MeshPart78.CanCollide = false
MeshPart78.Material = Enum.Material.Fabric
MeshPart78.TextureID = "rbxassetid://1668393064"
Model79.Name = "Mesh_AlpTrees4"
Model79.Parent = Folder0
Part80.Name = "Mesh"
Part80.Parent = Model79
Part80.CFrame = CFrame.new(1629.15601, 302.600006, 2798.14453, 0.458006561, -0.0303192418, -0.888431609, -0.0122321323, 0.999108613, -0.0404022224, 0.888864696, 0.0293718949, 0.457227409)
Part80.Orientation = Vector3.new(2.319999933242798, -62.77000045776367, -0.699999988079071)
Part80.Position = Vector3.new(1629.156005859375, 302.6000061035156, 2798.14453125)
Part80.Rotation = Vector3.new(5.050000190734863, -62.68000030517578, 3.7899999618530273)
Part80.Color = Color3.new(0.972549, 0.972549, 0.972549)
Part80.Transparency = 0.20000000298023224
Part80.Size = Vector3.new(0.3411868214607239, 0.3411868214607239, 0.3411868214607239)
Part80.Anchored = true
Part80.BottomSurface = Enum.SurfaceType.Smooth
Part80.BrickColor = BrickColor.new("Institutional white")
Part80.CanCollide = false
Part80.Material = Enum.Material.Fabric
Part80.TopSurface = Enum.SurfaceType.Smooth
Part80.brickColor = BrickColor.new("Institutional white")
SpecialMesh81.Parent = Part80
SpecialMesh81.MeshId = "rbxassetid://1668447688"
SpecialMesh81.Scale = Vector3.new(0.9595881104469299, 0.9595881700515747, 0.9595881700515747)
SpecialMesh81.TextureId = "rbxassetid://2686753922"
SpecialMesh81.MeshType = Enum.MeshType.FileMesh
MeshPart82.Parent = Model79
MeshPart82.CFrame = CFrame.new(1630.33325, 295.381042, 2801.54199, 0.458006561, -0.0303192418, -0.888431609, -0.0122321323, 0.999108613, -0.0404022224, 0.888864696, 0.0293718949, 0.457227409)
MeshPart82.Orientation = Vector3.new(2.319999933242798, -62.77000045776367, -0.699999988079071)
MeshPart82.Position = Vector3.new(1630.333251953125, 295.38104248046875, 2801.5419921875)
MeshPart82.Rotation = Vector3.new(5.050000190734863, -62.68000030517578, 3.7899999618530273)
MeshPart82.Size = Vector3.new(36.445125579833984, 87.25019836425781, 48.101768493652344)
MeshPart82.Anchored = true
MeshPart82.CanCollide = false
MeshPart82.Material = Enum.Material.Fabric
MeshPart82.TextureID = "rbxassetid://1668393064"
Model83.Name = "Mesh_AlpTrees4"
Model83.Parent = Folder0
Part84.Name = "Mesh"
Part84.Parent = Model83
Part84.CFrame = CFrame.new(1612.38306, 303.910065, 2735.60327, 0.145839989, -0.0304214451, -0.988840938, -0.0246046204, 0.999106646, -0.0343661644, 0.989001691, 0.0293420125, 0.144961625)
Part84.Orientation = Vector3.new(1.9700000286102295, -81.66000366210938, -1.409999966621399)
Part84.Position = Vector3.new(1612.383056640625, 303.9100646972656, 2735.603271484375)
Part84.Rotation = Vector3.new(13.34000015258789, -81.43000030517578, 11.779999732971191)
Part84.Color = Color3.new(0.972549, 0.972549, 0.972549)
Part84.Transparency = 0.20000000298023224
Part84.Size = Vector3.new(0.3411868214607239, 0.3411868214607239, 0.3411868214607239)
Part84.Anchored = true
Part84.BottomSurface = Enum.SurfaceType.Smooth
Part84.BrickColor = BrickColor.new("Institutional white")
Part84.CanCollide = false
Part84.Material = Enum.Material.Fabric
Part84.TopSurface = Enum.SurfaceType.Smooth
Part84.brickColor = BrickColor.new("Institutional white")
SpecialMesh85.Parent = Part84
SpecialMesh85.MeshId = "rbxassetid://1668447688"
SpecialMesh85.Scale = Vector3.new(0.9595881104469299, 0.9595881700515747, 0.9595881700515747)
SpecialMesh85.TextureId = "rbxassetid://2686753922"
SpecialMesh85.MeshType = Enum.MeshType.FileMesh
MeshPart86.Parent = Model83
MeshPart86.CFrame = CFrame.new(1612.34204, 296.650848, 2739.11646, 0.145839989, -0.0304214451, -0.988840938, -0.0246046204, 0.999106646, -0.0343661644, 0.989001691, 0.0293420125, 0.144961625)
MeshPart86.Orientation = Vector3.new(1.9700000286102295, -81.66000366210938, -1.409999966621399)
MeshPart86.Position = Vector3.new(1612.342041015625, 296.6508483886719, 2739.116455078125)
MeshPart86.Rotation = Vector3.new(13.34000015258789, -81.43000030517578, 11.779999732971191)
MeshPart86.Size = Vector3.new(36.445125579833984, 87.25019836425781, 48.101768493652344)
MeshPart86.Anchored = true
MeshPart86.CanCollide = false
MeshPart86.Material = Enum.Material.Fabric
MeshPart86.TextureID = "rbxassetid://1668393064"
Model87.Name = "Mesh_AlpTrees4"
Model87.Parent = Folder0
Part88.Name = "Mesh"
Part88.Parent = Model87
Part88.CFrame = CFrame.new(1620.69592, 302.507599, 2791.97632, 0.145839989, -0.0304214451, -0.988840938, -0.0246046204, 0.999106646, -0.0343661644, 0.989001691, 0.0293420125, 0.144961625)
Part88.Orientation = Vector3.new(1.9700000286102295, -81.66000366210938, -1.409999966621399)
Part88.Position = Vector3.new(1620.6959228515625, 302.5075988769531, 2791.976318359375)
Part88.Rotation = Vector3.new(13.34000015258789, -81.43000030517578, 11.779999732971191)
Part88.Color = Color3.new(0.972549, 0.972549, 0.972549)
Part88.Transparency = 0.20000000298023224
Part88.Size = Vector3.new(0.3411868214607239, 0.3411868214607239, 0.3411868214607239)
Part88.Anchored = true
Part88.BottomSurface = Enum.SurfaceType.Smooth
Part88.BrickColor = BrickColor.new("Institutional white")
Part88.CanCollide = false
Part88.Material = Enum.Material.Fabric
Part88.TopSurface = Enum.SurfaceType.Smooth
Part88.brickColor = BrickColor.new("Institutional white")
SpecialMesh89.Parent = Part88
SpecialMesh89.MeshId = "rbxassetid://1668447688"
SpecialMesh89.Scale = Vector3.new(0.9595881104469299, 0.9595881700515747, 0.9595881700515747)
SpecialMesh89.TextureId = "rbxassetid://2686753922"
SpecialMesh89.MeshType = Enum.MeshType.FileMesh
MeshPart90.Parent = Model87
MeshPart90.CFrame = CFrame.new(1620.65491, 295.248383, 2795.4895, 0.145839989, -0.0304214451, -0.988840938, -0.0246046204, 0.999106646, -0.0343661644, 0.989001691, 0.0293420125, 0.144961625)
MeshPart90.Orientation = Vector3.new(1.9700000286102295, -81.66000366210938, -1.409999966621399)
MeshPart90.Position = Vector3.new(1620.6549072265625, 295.2483825683594, 2795.489501953125)
MeshPart90.Rotation = Vector3.new(13.34000015258789, -81.43000030517578, 11.779999732971191)
MeshPart90.Size = Vector3.new(36.445125579833984, 87.25019836425781, 48.101768493652344)
MeshPart90.Anchored = true
MeshPart90.CanCollide = false
MeshPart90.Material = Enum.Material.Fabric
MeshPart90.TextureID = "rbxassetid://1668393064"
Model91.Name = "Mesh_AlpTrees4"
Model91.Parent = Folder0
Part92.Name = "Mesh"
Part92.Parent = Model91
Part92.CFrame = CFrame.new(1626.151, 302.624878, 2795.84473, -0.988847733, -0.0302807763, -0.145824075, -0.0341842882, 0.999119341, 0.024336664, 0.144959226, 0.0290501378, -0.989010632)
Part92.Orientation = Vector3.new(-1.3899999856948853, -171.61000061035156, -1.9600000381469727)
Part92.Position = Vector3.new(1626.1510009765625, 302.6248779296875, 2795.8447265625)
Part92.Rotation = Vector3.new(-178.58999633789062, -8.390000343322754, 178.25)
Part92.Color = Color3.new(0.972549, 0.972549, 0.972549)
Part92.Transparency = 0.20000000298023224
Part92.Size = Vector3.new(0.3411868214607239, 0.3411868214607239, 0.3411868214607239)
Part92.Anchored = true
Part92.BottomSurface = Enum.SurfaceType.Smooth
Part92.BrickColor = BrickColor.new("Institutional white")
Part92.CanCollide = false
Part92.Material = Enum.Material.Fabric
Part92.TopSurface = Enum.SurfaceType.Smooth
Part92.brickColor = BrickColor.new("Institutional white")
SpecialMesh93.Parent = Part92
SpecialMesh93.MeshId = "rbxassetid://1668447688"
SpecialMesh93.Scale = Vector3.new(0.9595881104469299, 0.9595881700515747, 0.9595881700515747)
SpecialMesh93.TextureId = "rbxassetid://2686753922"
SpecialMesh93.MeshType = Enum.MeshType.FileMesh
MeshPart94.Parent = Model91
MeshPart94.CFrame = CFrame.new(1622.64709, 295.377289, 2795.37573, -0.988847733, -0.0302807763, -0.145824075, -0.0341842882, 0.999119341, 0.024336664, 0.144959226, 0.0290501378, -0.989010632)
MeshPart94.Orientation = Vector3.new(-1.3899999856948853, -171.61000061035156, -1.9600000381469727)
MeshPart94.Position = Vector3.new(1622.6470947265625, 295.3772888183594, 2795.375732421875)
MeshPart94.Rotation = Vector3.new(-178.58999633789062, -8.390000343322754, 178.25)
MeshPart94.Size = Vector3.new(36.445125579833984, 87.25019836425781, 48.101768493652344)
MeshPart94.Anchored = true
MeshPart94.CanCollide = false
MeshPart94.Material = Enum.Material.Fabric
MeshPart94.TextureID = "rbxassetid://1668393064"
Model95.Name = "Mesh_AlpTrees4"
Model95.Parent = Folder0
Part96.Name = "Mesh"
Part96.Parent = Model95
Part96.CFrame = CFrame.new(1617.83813, 304.027344, 2739.47168, -0.988847733, -0.0302807763, -0.145824075, -0.0341842882, 0.999119341, 0.024336664, 0.144959226, 0.0290501378, -0.989010632)
Part96.Orientation = Vector3.new(-1.3899999856948853, -171.61000061035156, -1.9600000381469727)
Part96.Position = Vector3.new(1617.838134765625, 304.02734375, 2739.4716796875)
Part96.Rotation = Vector3.new(-178.58999633789062, -8.390000343322754, 178.25)
Part96.Color = Color3.new(0.972549, 0.972549, 0.972549)
Part96.Transparency = 0.20000000298023224
Part96.Size = Vector3.new(0.3411868214607239, 0.3411868214607239, 0.3411868214607239)
Part96.Anchored = true
Part96.BottomSurface = Enum.SurfaceType.Smooth
Part96.BrickColor = BrickColor.new("Institutional white")
Part96.CanCollide = false
Part96.Material = Enum.Material.Fabric
Part96.TopSurface = Enum.SurfaceType.Smooth
Part96.brickColor = BrickColor.new("Institutional white")
SpecialMesh97.Parent = Part96
SpecialMesh97.MeshId = "rbxassetid://1668447688"
SpecialMesh97.Scale = Vector3.new(0.9595881104469299, 0.9595881700515747, 0.9595881700515747)
SpecialMesh97.TextureId = "rbxassetid://2686753922"
SpecialMesh97.MeshType = Enum.MeshType.FileMesh
MeshPart98.Parent = Model95
MeshPart98.CFrame = CFrame.new(1614.33423, 296.779755, 2739.00269, -0.988847733, -0.0302807763, -0.145824075, -0.0341842882, 0.999119341, 0.024336664, 0.144959226, 0.0290501378, -0.989010632)
MeshPart98.Orientation = Vector3.new(-1.3899999856948853, -171.61000061035156, -1.9600000381469727)
MeshPart98.Position = Vector3.new(1614.334228515625, 296.7797546386719, 2739.002685546875)
MeshPart98.Rotation = Vector3.new(-178.58999633789062, -8.390000343322754, 178.25)
MeshPart98.Size = Vector3.new(36.445125579833984, 87.25019836425781, 48.101768493652344)
MeshPart98.Anchored = true
MeshPart98.CanCollide = false
MeshPart98.Material = Enum.Material.Fabric
MeshPart98.TextureID = "rbxassetid://1668393064"
Model99.Name = "Mesh_AlpTrees4"
Model99.Parent = Folder0
Part100.Name = "Mesh"
Part100.Parent = Model99
Part100.CFrame = CFrame.new(1601.57471, 304.901855, 2689.69897, 0.145839989, -0.0304214451, -0.988840938, -0.0246046204, 0.999106646, -0.0343661644, 0.989001691, 0.0293420125, 0.144961625)
Part100.Orientation = Vector3.new(1.9700000286102295, -81.66000366210938, -1.409999966621399)
Part100.Position = Vector3.new(1601.57470703125, 304.90185546875, 2689.698974609375)
Part100.Rotation = Vector3.new(13.34000015258789, -81.43000030517578, 11.779999732971191)
Part100.Color = Color3.new(0.972549, 0.972549, 0.972549)
Part100.Transparency = 0.20000000298023224
Part100.Size = Vector3.new(0.3411868214607239, 0.3411868214607239, 0.3411868214607239)
Part100.Anchored = true
Part100.BottomSurface = Enum.SurfaceType.Smooth
Part100.BrickColor = BrickColor.new("Institutional white")
Part100.CanCollide = false
Part100.Material = Enum.Material.Fabric
Part100.TopSurface = Enum.SurfaceType.Smooth
Part100.brickColor = BrickColor.new("Institutional white")
SpecialMesh101.Parent = Part100
SpecialMesh101.MeshId = "rbxassetid://1668447688"
SpecialMesh101.Scale = Vector3.new(0.9595881104469299, 0.9595881700515747, 0.9595881700515747)
SpecialMesh101.TextureId = "rbxassetid://2686753922"
SpecialMesh101.MeshType = Enum.MeshType.FileMesh
MeshPart102.Parent = Model99
MeshPart102.CFrame = CFrame.new(1601.53369, 297.642639, 2693.21216, 0.145839989, -0.0304214451, -0.988840938, -0.0246046204, 0.999106646, -0.0343661644, 0.989001691, 0.0293420125, 0.144961625)
MeshPart102.Orientation = Vector3.new(1.9700000286102295, -81.66000366210938, -1.409999966621399)
MeshPart102.Position = Vector3.new(1601.53369140625, 297.64263916015625, 2693.212158203125)
MeshPart102.Rotation = Vector3.new(13.34000015258789, -81.43000030517578, 11.779999732971191)
MeshPart102.Size = Vector3.new(36.445125579833984, 87.25019836425781, 48.101768493652344)
MeshPart102.Anchored = true
MeshPart102.CanCollide = false
MeshPart102.Material = Enum.Material.Fabric
MeshPart102.TextureID = "rbxassetid://1668393064"
Model103.Name = "Mesh_AlpTrees4"
Model103.Parent = Folder0
Part104.Name = "Mesh"
Part104.Parent = Model103
Part104.CFrame = CFrame.new(1607.02979, 305.019135, 2693.56738, -0.988847733, -0.0302807763, -0.145824075, -0.0341842882, 0.999119341, 0.024336664, 0.144959226, 0.0290501378, -0.989010632)
Part104.Orientation = Vector3.new(-1.3899999856948853, -171.61000061035156, -1.9600000381469727)
Part104.Position = Vector3.new(1607.02978515625, 305.0191345214844, 2693.5673828125)
Part104.Rotation = Vector3.new(-178.58999633789062, -8.390000343322754, 178.25)
Part104.Color = Color3.new(0.972549, 0.972549, 0.972549)
Part104.Transparency = 0.20000000298023224
Part104.Size = Vector3.new(0.3411868214607239, 0.3411868214607239, 0.3411868214607239)
Part104.Anchored = true
Part104.BottomSurface = Enum.SurfaceType.Smooth
Part104.BrickColor = BrickColor.new("Institutional white")
Part104.CanCollide = false
Part104.Material = Enum.Material.Fabric
Part104.TopSurface = Enum.SurfaceType.Smooth
Part104.brickColor = BrickColor.new("Institutional white")
SpecialMesh105.Parent = Part104
SpecialMesh105.MeshId = "rbxassetid://1668447688"
SpecialMesh105.Scale = Vector3.new(0.9595881104469299, 0.9595881700515747, 0.9595881700515747)
SpecialMesh105.TextureId = "rbxassetid://2686753922"
SpecialMesh105.MeshType = Enum.MeshType.FileMesh
MeshPart106.Parent = Model103
MeshPart106.CFrame = CFrame.new(1603.52588, 297.771545, 2693.09839, -0.988847733, -0.0302807763, -0.145824075, -0.0341842882, 0.999119341, 0.024336664, 0.144959226, 0.0290501378, -0.989010632)
MeshPart106.Orientation = Vector3.new(-1.3899999856948853, -171.61000061035156, -1.9600000381469727)
MeshPart106.Position = Vector3.new(1603.52587890625, 297.77154541015625, 2693.098388671875)
MeshPart106.Rotation = Vector3.new(-178.58999633789062, -8.390000343322754, 178.25)
MeshPart106.Size = Vector3.new(36.445125579833984, 87.25019836425781, 48.101768493652344)
MeshPart106.Anchored = true
MeshPart106.CanCollide = false
MeshPart106.Material = Enum.Material.Fabric
MeshPart106.TextureID = "rbxassetid://1668393064"
Model107.Name = "Mesh_AlpTrees4"
Model107.Parent = Folder0
Part108.Name = "Mesh"
Part108.Parent = Model107
Part108.CFrame = CFrame.new(1559.21338, 308.210541, 2534.14185, 0.199917406, -0.0303851496, -0.979342163, -0.0225116778, 0.999112964, -0.0355940349, 0.979553521, 0.0291624945, 0.199056417)
Part108.Orientation = Vector3.new(2.0399999618530273, -78.51000213623047, -1.2899999618530273)
Part108.Position = Vector3.new(1559.21337890625, 308.2105407714844, 2534.141845703125)
Part108.Rotation = Vector3.new(10.140000343322754, -78.33000183105469, 8.640000343322754)
Part108.Color = Color3.new(0.972549, 0.972549, 0.972549)
Part108.Transparency = 0.20000000298023224
Part108.Size = Vector3.new(0.3411868214607239, 0.3411868214607239, 0.3411868214607239)
Part108.Anchored = true
Part108.BottomSurface = Enum.SurfaceType.Smooth
Part108.BrickColor = BrickColor.new("Institutional white")
Part108.CanCollide = false
Part108.Material = Enum.Material.Fabric
Part108.TopSurface = Enum.SurfaceType.Smooth
Part108.brickColor = BrickColor.new("Institutional white")
SpecialMesh109.Parent = Part108
SpecialMesh109.MeshId = "rbxassetid://1668447688"
SpecialMesh109.Scale = Vector3.new(0.9595881104469299, 0.9595881700515747, 0.9595881700515747)
SpecialMesh109.TextureId = "rbxassetid://2686753922"
SpecialMesh109.MeshType = Enum.MeshType.FileMesh
MeshPart110.Parent = Model107
MeshPart110.CFrame = CFrame.new(1559.37561, 300.957855, 2537.66382, 0.199917406, -0.0303851496, -0.979342163, -0.0225116778, 0.999112964, -0.0355940349, 0.979553521, 0.0291624945, 0.199056417)
MeshPart110.Orientation = Vector3.new(2.0399999618530273, -78.51000213623047, -1.2899999618530273)
MeshPart110.Position = Vector3.new(1559.3756103515625, 300.9578552246094, 2537.663818359375)
MeshPart110.Rotation = Vector3.new(10.140000343322754, -78.33000183105469, 8.640000343322754)
MeshPart110.Size = Vector3.new(36.445125579833984, 87.25019836425781, 48.101768493652344)
MeshPart110.Anchored = true
MeshPart110.CanCollide = false
MeshPart110.Material = Enum.Material.Fabric
MeshPart110.TextureID = "rbxassetid://1668393064"
Model111.Name = "Mesh_AlpTrees4"
Model111.Parent = Folder0
Part112.Name = "Mesh"
Part112.Parent = Model111
Part112.CFrame = CFrame.new(1593.26184, 306.304321, 2633.32593, 0.145839989, -0.0304214451, -0.988840938, -0.0246046204, 0.999106646, -0.0343661644, 0.989001691, 0.0293420125, 0.144961625)
Part112.Orientation = Vector3.new(1.9700000286102295, -81.66000366210938, -1.409999966621399)
Part112.Position = Vector3.new(1593.2618408203125, 306.3043212890625, 2633.325927734375)
Part112.Rotation = Vector3.new(13.34000015258789, -81.43000030517578, 11.779999732971191)
Part112.Color = Color3.new(0.972549, 0.972549, 0.972549)
Part112.Transparency = 0.20000000298023224
Part112.Size = Vector3.new(0.3411868214607239, 0.3411868214607239, 0.3411868214607239)
Part112.Anchored = true
Part112.BottomSurface = Enum.SurfaceType.Smooth
Part112.BrickColor = BrickColor.new("Institutional white")
Part112.CanCollide = false
Part112.Material = Enum.Material.Fabric
Part112.TopSurface = Enum.SurfaceType.Smooth
Part112.brickColor = BrickColor.new("Institutional white")
SpecialMesh113.Parent = Part112
SpecialMesh113.MeshId = "rbxassetid://1668447688"
SpecialMesh113.Scale = Vector3.new(0.9595881104469299, 0.9595881700515747, 0.9595881700515747)
SpecialMesh113.TextureId = "rbxassetid://2686753922"
SpecialMesh113.MeshType = Enum.MeshType.FileMesh
MeshPart114.Parent = Model111
MeshPart114.CFrame = CFrame.new(1593.22083, 299.045105, 2636.83911, 0.145839989, -0.0304214451, -0.988840938, -0.0246046204, 0.999106646, -0.0343661644, 0.989001691, 0.0293420125, 0.144961625)
MeshPart114.Orientation = Vector3.new(1.9700000286102295, -81.66000366210938, -1.409999966621399)
MeshPart114.Position = Vector3.new(1593.2208251953125, 299.04510498046875, 2636.839111328125)
MeshPart114.Rotation = Vector3.new(13.34000015258789, -81.43000030517578, 11.779999732971191)
MeshPart114.Size = Vector3.new(36.445125579833984, 87.25019836425781, 48.101768493652344)
MeshPart114.Anchored = true
MeshPart114.CanCollide = false
MeshPart114.Material = Enum.Material.Fabric
MeshPart114.TextureID = "rbxassetid://1668393064"
Model115.Name = "Mesh_AlpTrees4"
Model115.Parent = Folder0
Part116.Name = "Mesh"
Part116.Parent = Model115
Part116.CFrame = CFrame.new(1582.09338, 305.666504, 2575.66943, 0.199917406, -0.0303851496, -0.979342163, -0.0225116778, 0.999112964, -0.0355940349, 0.979553521, 0.0291624945, 0.199056417)
Part116.Orientation = Vector3.new(2.0399999618530273, -78.51000213623047, -1.2899999618530273)
Part116.Position = Vector3.new(1582.0933837890625, 305.66650390625, 2575.66943359375)
Part116.Rotation = Vector3.new(10.140000343322754, -78.33000183105469, 8.640000343322754)
Part116.Color = Color3.new(0.972549, 0.972549, 0.972549)
Part116.Transparency = 0.20000000298023224
Part116.Size = Vector3.new(0.3411868214607239, 0.3411868214607239, 0.3411868214607239)
Part116.Anchored = true
Part116.BottomSurface = Enum.SurfaceType.Smooth
Part116.BrickColor = BrickColor.new("Institutional white")
Part116.CanCollide = false
Part116.Material = Enum.Material.Fabric
Part116.TopSurface = Enum.SurfaceType.Smooth
Part116.brickColor = BrickColor.new("Institutional white")
SpecialMesh117.Parent = Part116
SpecialMesh117.MeshId = "rbxassetid://1668447688"
SpecialMesh117.Scale = Vector3.new(0.9595881104469299, 0.9595881700515747, 0.9595881700515747)
SpecialMesh117.TextureId = "rbxassetid://2686753922"
SpecialMesh117.MeshType = Enum.MeshType.FileMesh
MeshPart118.Parent = Model115
MeshPart118.CFrame = CFrame.new(1582.25586, 298.413788, 2579.19238, 0.199917406, -0.0303851496, -0.979342163, -0.0225116778, 0.999112964, -0.0355940349, 0.979553521, 0.0291624945, 0.199056417)
MeshPart118.Orientation = Vector3.new(2.0399999618530273, -78.51000213623047, -1.2899999618530273)
MeshPart118.Position = Vector3.new(1582.255859375, 298.4137878417969, 2579.1923828125)
MeshPart118.Rotation = Vector3.new(10.140000343322754, -78.33000183105469, 8.640000343322754)
MeshPart118.Size = Vector3.new(36.445125579833984, 87.25019836425781, 48.101768493652344)
MeshPart118.Anchored = true
MeshPart118.CanCollide = false
MeshPart118.Material = Enum.Material.Fabric
MeshPart118.TextureID = "rbxassetid://1668393064"
Model119.Name = "Mesh_AlpTrees4"
Model119.Parent = Folder0
Part120.Name = "Mesh"
Part120.Parent = Model119
Part120.CFrame = CFrame.new(1584.22925, 305.804169, 2577.42334, -0.979343116, -0.030428201, -0.199906424, -0.0356103629, 0.999115407, 0.0223775096, 0.199049056, 0.0290339924, -0.979559004)
Part120.Orientation = Vector3.new(-1.2799999713897705, -168.47000122070312, -2.0399999618530273)
Part120.Position = Vector3.new(1584.229248046875, 305.8041687011719, 2577.42333984375)
Part120.Rotation = Vector3.new(-178.69000244140625, -11.529999732971191, 178.22000122070312)
Part120.Color = Color3.new(0.972549, 0.972549, 0.972549)
Part120.Transparency = 0.20000000298023224
Part120.Size = Vector3.new(0.3411868214607239, 0.3411868214607239, 0.3411868214607239)
Part120.Anchored = true
Part120.BottomSurface = Enum.SurfaceType.Smooth
Part120.BrickColor = BrickColor.new("Institutional white")
Part120.CanCollide = false
Part120.Material = Enum.Material.Fabric
Part120.TopSurface = Enum.SurfaceType.Smooth
Part120.brickColor = BrickColor.new("Institutional white")
SpecialMesh121.Parent = Part120
SpecialMesh121.MeshId = "rbxassetid://1668447688"
SpecialMesh121.Scale = Vector3.new(0.9595881104469299, 0.9595881700515747, 0.9595881700515747)
SpecialMesh121.TextureId = "rbxassetid://2686753922"
SpecialMesh121.MeshType = Enum.MeshType.FileMesh
MeshPart122.Parent = Model119
MeshPart122.CFrame = CFrame.new(1580.71558, 298.550323, 2577.16016, -0.979343116, -0.030428201, -0.199906424, -0.0356103629, 0.999115407, 0.0223775096, 0.199049056, 0.0290339924, -0.979559004)
MeshPart122.Orientation = Vector3.new(-1.2799999713897705, -168.47000122070312, -2.0399999618530273)
MeshPart122.Position = Vector3.new(1580.715576171875, 298.5503234863281, 2577.16015625)
MeshPart122.Rotation = Vector3.new(-178.69000244140625, -11.529999732971191, 178.22000122070312)
MeshPart122.Size = Vector3.new(36.445125579833984, 87.25019836425781, 48.101768493652344)
MeshPart122.Anchored = true
MeshPart122.CanCollide = false
MeshPart122.Material = Enum.Material.Fabric
MeshPart122.TextureID = "rbxassetid://1668393064"
Model123.Name = "Mesh_AlpTrees4"
Model123.Parent = Folder0
Part124.Name = "Mesh"
Part124.Parent = Model123
Part124.CFrame = CFrame.new(1562.88892, 308.211792, 2537.92725, -0.979343116, -0.030428201, -0.199906424, -0.0356103629, 0.999115407, 0.0223775096, 0.199049056, 0.0290339924, -0.979559004)
Part124.Orientation = Vector3.new(-1.2799999713897705, -168.47000122070312, -2.0399999618530273)
Part124.Position = Vector3.new(1562.888916015625, 308.2117919921875, 2537.92724609375)
Part124.Rotation = Vector3.new(-178.69000244140625, -11.529999732971191, 178.22000122070312)
Part124.Color = Color3.new(0.972549, 0.972549, 0.972549)
Part124.Transparency = 0.20000000298023224
Part124.Size = Vector3.new(0.3411868214607239, 0.3411868214607239, 0.3411868214607239)
Part124.Anchored = true
Part124.BottomSurface = Enum.SurfaceType.Smooth
Part124.BrickColor = BrickColor.new("Institutional white")
Part124.CanCollide = false
Part124.Material = Enum.Material.Fabric
Part124.TopSurface = Enum.SurfaceType.Smooth
Part124.brickColor = BrickColor.new("Institutional white")
SpecialMesh125.Parent = Part124
SpecialMesh125.MeshId = "rbxassetid://1668447688"
SpecialMesh125.Scale = Vector3.new(0.9595881104469299, 0.9595881700515747, 0.9595881700515747)
SpecialMesh125.TextureId = "rbxassetid://2686753922"
SpecialMesh125.MeshType = Enum.MeshType.FileMesh
MeshPart126.Parent = Model123
MeshPart126.CFrame = CFrame.new(1559.37561, 300.957855, 2537.66382, -0.979343116, -0.030428201, -0.199906424, -0.0356103629, 0.999115407, 0.0223775096, 0.199049056, 0.0290339924, -0.979559004)
MeshPart126.Orientation = Vector3.new(-1.2799999713897705, -168.47000122070312, -2.0399999618530273)
MeshPart126.Position = Vector3.new(1559.3756103515625, 300.9578552246094, 2537.663818359375)
MeshPart126.Rotation = Vector3.new(-178.69000244140625, -11.529999732971191, 178.22000122070312)
MeshPart126.Size = Vector3.new(36.445125579833984, 87.25019836425781, 48.101768493652344)
MeshPart126.Anchored = true
MeshPart126.CanCollide = false
MeshPart126.Material = Enum.Material.Fabric
MeshPart126.TextureID = "rbxassetid://1668393064"
Model127.Name = "Mesh_AlpTrees4"
Model127.Parent = Folder0
Part128.Name = "Mesh"
Part128.Parent = Model127
Part128.CFrame = CFrame.new(1426.55054, 310.642181, 2421.17676, -0.87766695, -0.0486938879, -0.476792246, -0.0576769263, 0.998326659, 0.00421287399, 0.475789189, 0.0311974101, -0.879005432)
Part128.Orientation = Vector3.new(-0.23999999463558197, -151.52000427246094, -3.309999942779541)
Part128.Position = Vector3.new(1426.550537109375, 310.6421813964844, 2421.1767578125)
Part128.Rotation = Vector3.new(-179.72999572753906, -28.479999542236328, 176.82000732421875)
Part128.Color = Color3.new(0.972549, 0.972549, 0.972549)
Part128.Transparency = 0.20000000298023224
Part128.Size = Vector3.new(0.3411868214607239, 0.3411868214607239, 0.3411868214607239)
Part128.Anchored = true
Part128.BottomSurface = Enum.SurfaceType.Smooth
Part128.BrickColor = BrickColor.new("Institutional white")
Part128.CanCollide = false
Part128.Material = Enum.Material.Fabric
Part128.TopSurface = Enum.SurfaceType.Smooth
Part128.brickColor = BrickColor.new("Institutional white")
SpecialMesh129.Parent = Part128
SpecialMesh129.MeshId = "rbxassetid://1668447688"
SpecialMesh129.Scale = Vector3.new(0.9595881104469299, 0.9595881700515747, 0.9595881700515747)
SpecialMesh129.TextureId = "rbxassetid://2686753922"
SpecialMesh129.MeshType = Enum.MeshType.FileMesh
MeshPart130.Parent = Model127
MeshPart130.CFrame = CFrame.new(1423.31702, 303.298798, 2421.98755, -0.87766695, -0.0486938879, -0.476792246, -0.0576769263, 0.998326659, 0.00421287399, 0.475789189, 0.0311974101, -0.879005432)
MeshPart130.Orientation = Vector3.new(-0.23999999463558197, -151.52000427246094, -3.309999942779541)
MeshPart130.Position = Vector3.new(1423.3170166015625, 303.2987976074219, 2421.987548828125)
MeshPart130.Rotation = Vector3.new(-179.72999572753906, -28.479999542236328, 176.82000732421875)
MeshPart130.Size = Vector3.new(36.445125579833984, 87.25019836425781, 48.101768493652344)
MeshPart130.Anchored = true
MeshPart130.CanCollide = false
MeshPart130.Material = Enum.Material.Fabric
MeshPart130.TextureID = "rbxassetid://1668393064"
Model131.Name = "Mesh_AlpTrees4"
Model131.Parent = Folder0
Part132.Name = "Mesh"
Part132.Parent = Model131
Part132.CFrame = CFrame.new(1416.66724, 310.151306, 2421.47998, 0.476804852, -0.0486145765, -0.877664506, -0.00434792088, 0.998327076, -0.0576603301, 0.878997862, 0.0313087404, 0.475795865)
Part132.Orientation = Vector3.new(3.309999942779541, -61.540000915527344, -0.25)
Part132.Position = Vector3.new(1416.667236328125, 310.15130615234375, 2421.47998046875)
Part132.Rotation = Vector3.new(6.909999847412109, -61.36000061035156, 5.820000171661377)
Part132.Color = Color3.new(0.972549, 0.972549, 0.972549)
Part132.Transparency = 0.20000000298023224
Part132.Size = Vector3.new(0.3411868214607239, 0.3411868214607239, 0.3411868214607239)
Part132.Anchored = true
Part132.BottomSurface = Enum.SurfaceType.Smooth
Part132.BrickColor = BrickColor.new("Institutional white")
Part132.CanCollide = false
Part132.Material = Enum.Material.Fabric
Part132.TopSurface = Enum.SurfaceType.Smooth
Part132.brickColor = BrickColor.new("Institutional white")
SpecialMesh133.Parent = Part132
SpecialMesh133.MeshId = "rbxassetid://1668447688"
SpecialMesh133.Scale = Vector3.new(0.9595881104469299, 0.9595881700515747, 0.9595881700515747)
SpecialMesh133.TextureId = "rbxassetid://2686753922"
SpecialMesh133.MeshType = Enum.MeshType.FileMesh
MeshPart134.Parent = Model131
MeshPart134.CFrame = CFrame.new(1418.05103, 302.952728, 2424.84229, 0.476804852, -0.0486145765, -0.877664506, -0.00434792088, 0.998327076, -0.0576603301, 0.878997862, 0.0313087404, 0.475795865)
MeshPart134.Orientation = Vector3.new(3.309999942779541, -61.540000915527344, -0.25)
MeshPart134.Position = Vector3.new(1418.051025390625, 302.9527282714844, 2424.84228515625)
MeshPart134.Rotation = Vector3.new(6.909999847412109, -61.36000061035156, 5.820000171661377)
MeshPart134.Size = Vector3.new(36.445125579833984, 87.25019836425781, 48.101768493652344)
MeshPart134.Anchored = true
MeshPart134.CanCollide = false
MeshPart134.Material = Enum.Material.Fabric
MeshPart134.TextureID = "rbxassetid://1668393064"
Model135.Name = "Mesh_AlpTrees4"
Model135.Parent = Folder0
Part136.Name = "Mesh"
Part136.Parent = Model135
Part136.CFrame = CFrame.new(1501.10938, 307.352234, 2478.59912, 0.501423597, -0.168533742, -0.848629355, -0.170272708, 0.942440867, -0.287772119, 0.848281085, 0.288793921, 0.443865418)
Part136.Orientation = Vector3.new(16.719999313354492, -62.38999938964844, -10.239999771118164)
Part136.Position = Vector3.new(1501.109375, 307.35223388671875, 2478.59912109375)
Part136.Rotation = Vector3.new(32.959999084472656, -58.060001373291016, 18.579999923706055)
Part136.Color = Color3.new(0.972549, 0.972549, 0.972549)
Part136.Transparency = 0.20000000298023224
Part136.Size = Vector3.new(0.3411868214607239, 0.3411868214607239, 0.3411868214607239)
Part136.Anchored = true
Part136.BottomSurface = Enum.SurfaceType.Smooth
Part136.BrickColor = BrickColor.new("Institutional white")
Part136.CanCollide = false
Part136.Material = Enum.Material.Fabric
Part136.TopSurface = Enum.SurfaceType.Smooth
Part136.brickColor = BrickColor.new("Institutional white")
SpecialMesh137.Parent = Part136
SpecialMesh137.MeshId = "rbxassetid://1668447688"
SpecialMesh137.Scale = Vector3.new(0.9595881104469299, 0.9595881700515747, 0.9595881700515747)
SpecialMesh137.TextureId = "rbxassetid://2686753922"
SpecialMesh137.MeshType = Enum.MeshType.FileMesh
MeshPart138.Parent = Model135
MeshPart138.CFrame = CFrame.new(1503.46375, 299.76413, 2479.9834, 0.501423597, -0.168533742, -0.848629355, -0.170272708, 0.942440867, -0.287772119, 0.848281085, 0.288793921, 0.443865418)
MeshPart138.Orientation = Vector3.new(16.719999313354492, -62.38999938964844, -10.239999771118164)
MeshPart138.Position = Vector3.new(1503.4637451171875, 299.7641296386719, 2479.9833984375)
MeshPart138.Rotation = Vector3.new(32.959999084472656, -58.060001373291016, 18.579999923706055)
MeshPart138.Size = Vector3.new(36.445125579833984, 87.25019836425781, 48.101768493652344)
MeshPart138.Anchored = true
MeshPart138.CanCollide = false
MeshPart138.Material = Enum.Material.Fabric
MeshPart138.TextureID = "rbxassetid://1668393064"
Model139.Name = "Mesh_AlpTrees4"
Model139.Parent = Folder0
Part140.Name = "Mesh"
Part140.Parent = Model139
Part140.CFrame = CFrame.new(1553.52563, 308.676086, 2512.24097, -0.822393894, -0.0302883759, -0.568112612, -0.0413899049, 0.99912113, 0.00664830301, 0.567411721, 0.0289816447, -0.822923541)
Part140.Orientation = Vector3.new(-0.3799999952316284, -145.3800048828125, -2.369999885559082)
Part140.Position = Vector3.new(1553.525634765625, 308.67608642578125, 2512.240966796875)
Part140.Rotation = Vector3.new(-179.5399932861328, -34.619998931884766, 177.88999938964844)
Part140.Color = Color3.new(0.972549, 0.972549, 0.972549)
Part140.Transparency = 0.20000000298023224
Part140.Size = Vector3.new(0.3411868214607239, 0.3411868214607239, 0.3411868214607239)
Part140.Anchored = true
Part140.BottomSurface = Enum.SurfaceType.Smooth
Part140.BrickColor = BrickColor.new("Institutional white")
Part140.CanCollide = false
Part140.Material = Enum.Material.Fabric
Part140.TopSurface = Enum.SurfaceType.Smooth
Part140.brickColor = BrickColor.new("Institutional white")
SpecialMesh141.Parent = Part140
SpecialMesh141.MeshId = "rbxassetid://1668447688"
SpecialMesh141.Scale = Vector3.new(0.9595881104469299, 0.9595881700515747, 0.9595881700515747)
SpecialMesh141.TextureId = "rbxassetid://2686753922"
SpecialMesh141.MeshType = Enum.MeshType.FileMesh
MeshPart142.Parent = Model139
MeshPart142.CFrame = CFrame.new(1550.29138, 301.388062, 2513.44458, -0.822393894, -0.0302883759, -0.568112612, -0.0413899049, 0.99912113, 0.00664830301, 0.567411721, 0.0289816447, -0.822923541)
MeshPart142.Orientation = Vector3.new(-0.3799999952316284, -145.3800048828125, -2.369999885559082)
MeshPart142.Position = Vector3.new(1550.2913818359375, 301.3880615234375, 2513.444580078125)
MeshPart142.Rotation = Vector3.new(-179.5399932861328, -34.619998931884766, 177.88999938964844)
MeshPart142.Size = Vector3.new(36.445125579833984, 87.25019836425781, 48.101768493652344)
MeshPart142.Anchored = true
MeshPart142.CanCollide = false
MeshPart142.Material = Enum.Material.Fabric
MeshPart142.TextureID = "rbxassetid://1668393064"
Model143.Name = "Mesh_AlpTrees4"
Model143.Parent = Folder0
Part144.Name = "Mesh"
Part144.Parent = Model143
Part144.CFrame = CFrame.new(1470.6543, 317.297424, 2444.89282, -0.767635107, 0.399179101, -0.501393437, 0.364875585, 0.915378749, 0.170145139, 0.526883245, -0.0523376167, -0.848323226)
Part144.Orientation = Vector3.new(-9.800000190734863, -149.4199981689453, 21.729999542236328)
Part144.Position = Vector3.new(1470.654296875, 317.29742431640625, 2444.892822265625)
Part144.Rotation = Vector3.new(-168.66000366210938, -30.09000015258789, -152.52999877929688)
Part144.Color = Color3.new(0.972549, 0.972549, 0.972549)
Part144.Transparency = 0.20000000298023224
Part144.Size = Vector3.new(0.3411868214607239, 0.3411868214607239, 0.3411868214607239)
Part144.Anchored = true
Part144.BottomSurface = Enum.SurfaceType.Smooth
Part144.BrickColor = BrickColor.new("Institutional white")
Part144.CanCollide = false
Part144.Material = Enum.Material.Fabric
Part144.TopSurface = Enum.SurfaceType.Smooth
Part144.brickColor = BrickColor.new("Institutional white")
SpecialMesh145.Parent = Part144
SpecialMesh145.MeshId = "rbxassetid://1668447688"
SpecialMesh145.Scale = Vector3.new(0.9595881104469299, 0.9595881700515747, 0.9595881700515747)
SpecialMesh145.TextureId = "rbxassetid://2686753922"
SpecialMesh145.MeshType = Enum.MeshType.FileMesh
MeshPart146.Parent = Model143
MeshPart146.CFrame = CFrame.new(1464.60144, 312.220337, 2446.51147, -0.767635107, 0.399179101, -0.501393437, 0.364875585, 0.915378749, 0.170145139, 0.526883245, -0.0523376167, -0.848323226)
MeshPart146.Orientation = Vector3.new(-9.800000190734863, -149.4199981689453, 21.729999542236328)
MeshPart146.Position = Vector3.new(1464.6014404296875, 312.2203369140625, 2446.511474609375)
MeshPart146.Rotation = Vector3.new(-168.66000366210938, -30.09000015258789, -152.52999877929688)
MeshPart146.Size = Vector3.new(36.445125579833984, 87.25019836425781, 48.101768493652344)
MeshPart146.Anchored = true
MeshPart146.CanCollide = false
