SpecialMesh4881.Name = "BarkMesh"
SpecialMesh4881.Parent = Part4880
SpecialMesh4881.MeshId = "rbxassetid://623621260"
SpecialMesh4881.Offset = Vector3.new(0, 3.4100000858306885, 0)
SpecialMesh4881.TextureId = "rbxassetid://623618671"
SpecialMesh4881.MeshType = Enum.MeshType.FileMesh
Part4882.Name = "TreeMeshTop"
Part4882.Parent = Model4879
Part4882.CFrame = CFrame.new(2665.00732, 289.509216, 2963.09058, 6.78002834e-07, 0.00208787154, -0.999997973, 0.192864895, 0.981223106, 0.00204881281, 0.981225371, -0.192864463, -0.000402014703)
Part4882.Orientation = Vector3.new(-0.11999999731779099, -90.0199966430664, 11.119999885559082)
Part4882.Position = Vector3.new(2665.00732421875, 289.50921630859375, 2963.090576171875)
Part4882.Rotation = Vector3.new(-101.0999984741211, -89.87999725341797, -89.9800033569336)
Part4882.Transparency = 0.05000000074505806
Part4882.Size = Vector3.new(8.250000953674316, 0.2499980926513672, 7)
Part4882.Anchored = true
Part4882.CanCollide = false
Part4882.Material = Enum.Material.Fabric
SpecialMesh4883.Name = "TopTreeMesh"
SpecialMesh4883.Parent = Part4882
SpecialMesh4883.MeshId = "rbxassetid://623621456"
SpecialMesh4883.Offset = Vector3.new(0, 3.4100000858306885, 0)
SpecialMesh4883.Scale = Vector3.new(1.600000023841858, 1.600000023841858, 1.600000023841858)
SpecialMesh4883.TextureId = "rbxassetid://745556120"
SpecialMesh4883.MeshType = Enum.MeshType.FileMesh
Part4884.Name = "Tree_Collision"
Part4884.Parent = Model4879
Part4884.CFrame = CFrame.new(2660.04761, 272.551605, 2964.95874, -0.00465581939, -0.0980515331, -0.995170534, 0.286831558, 0.953232765, -0.0952614471, 0.957969785, -0.285889834, 0.0236862004)
Part4884.Orientation = Vector3.new(5.46999979019165, -88.63999938964844, 16.75)
Part4884.Position = Vector3.new(2660.047607421875, 272.5516052246094, 2964.958740234375)
Part4884.Rotation = Vector3.new(76.04000091552734, -84.37000274658203, 92.72000122070312)
Part4884.Transparency = 1
Part4884.Size = Vector3.new(1.3500009775161743, 26.749998092651367, 1.5)
Part4884.Anchored = true
Part4884.Material = Enum.Material.Fabric
Part4885.Name = "Tree_Collision"
Part4885.Parent = Model4879
Part4885.CFrame = CFrame.new(2651.11084, 272.633392, 2970.48608, -0.0484203622, -0.08316838, -0.995358586, -0.112454362, 0.99064523, -0.0773040801, 0.992476463, 0.108189322, -0.0573200434)
Part4885.Orientation = Vector3.new(4.429999828338623, -93.30000305175781, -6.480000019073486)
Part4885.Position = Vector3.new(2651.11083984375, 272.6333923339844, 2970.486083984375)
Part4885.Rotation = Vector3.new(126.55999755859375, -84.4800033569336, 120.20999908447266)
Part4885.Transparency = 1
Part4885.Size = Vector3.new(1.3500009775161743, 23.749998092651367, 1.5)
Part4885.Anchored = true
Part4885.Material = Enum.Material.Fabric
Part4886.Name = "Tree_Collision"
Part4886.Parent = Model4879
Part4886.CFrame = CFrame.new(2663.13794, 269.775238, 2948.44238, -0.00636496022, -0.167137787, -0.985913157, 0.303423643, 0.939127147, -0.161165237, 0.952834547, -0.300175101, 0.0447360575)
Part4886.Orientation = Vector3.new(9.270000457763672, -87.4000015258789, 17.90999984741211)
Part4886.Position = Vector3.new(2663.137939453125, 269.7752380371094, 2948.4423828125)
Part4886.Rotation = Vector3.new(74.48999786376953, -80.37000274658203, 92.18000030517578)
Part4886.Transparency = 1
Part4886.Size = Vector3.new(1.3500009775161743, 26.749998092651367, 1.5)
Part4886.Anchored = true
Part4886.Material = Enum.Material.Fabric
Part4887.Name = "Tree_Collision"
Part4887.Parent = Model4879
Part4887.CFrame = CFrame.new(2675.38721, 278.404022, 3001.65063, -0.00207059458, 0.261678994, -0.9651528, 0.181896836, 0.949152112, 0.256950617, 0.983315408, -0.175026193, -0.0495638922)
Part4887.Orientation = Vector3.new(-14.890000343322754, -92.94000244140625, 10.850000381469727)
Part4887.Position = Vector3.new(2675.38720703125, 278.4040222167969, 3001.650634765625)
Part4887.Rotation = Vector3.new(-100.91999816894531, -74.83000183105469, -90.44999694824219)
Part4887.Transparency = 1
Part4887.Size = Vector3.new(1.3500009775161743, 23.749998092651367, 1.5)
Part4887.Anchored = true
Part4887.Material = Enum.Material.Fabric
Part4888.Name = "Tree_Collision"
Part4888.Parent = Model4879
Part4888.CFrame = CFrame.new(2677.5564, 271.169983, 2958.82764, 0.0256333575, 0.213010088, -0.976713777, 0.397826135, 0.894162059, 0.205447242, 0.917102695, -0.393828541, -0.0618205816)
Part4888.Orientation = Vector3.new(-11.859999656677246, -93.62000274658203, 23.979999542236328)
Part4888.Position = Vector3.new(2677.556396484375, 271.16998291015625, 2958.82763671875)
Part4888.Rotation = Vector3.new(-106.75, -77.61000061035156, -83.13999938964844)
Part4888.Transparency = 1
Part4888.Size = Vector3.new(1.3500009775161743, 26.749998092651367, 1.5)
Part4888.Anchored = true
Part4888.Material = Enum.Material.Fabric
Part4889.Name = "Tree_Collision"
Part4889.Parent = Model4879
Part4889.CFrame = CFrame.new(2644.61743, 269.904388, 2958.43066, -0.108010963, -0.294890851, -0.949406803, 0.277869821, 0.907976687, -0.313634753, 0.95452714, -0.297687471, -0.0161301754)
Part4889.Orientation = Vector3.new(18.280000686645508, -90.97000122070312, 17.020000457763672)
Part4889.Position = Vector3.new(2644.617431640625, 269.9043884277344, 2958.4306640625)
Part4889.Rotation = Vector3.new(92.94000244140625, -71.69999694824219, 110.12000274658203)
Part4889.Transparency = 1
Part4889.Size = Vector3.new(1.3500009775161743, 22.749998092651367, 1.5)
Part4889.Anchored = true
Part4889.Material = Enum.Material.Fabric
Part4890.Name = "Tree_Collision"
Part4890.Parent = Model4879
Part4890.CFrame = CFrame.new(2658.19702, 277.151459, 2990.92139, -0.04298307, 0.0343905017, -0.998483837, 0.0311780944, 0.998966753, 0.0330649726, 0.998589218, -0.029709585, -0.0440108776)
Part4890.Orientation = Vector3.new(-1.8899999856948853, -92.5199966430664, 1.7899999618530273)
Part4890.Position = Vector3.new(2658.197021484375, 277.1514587402344, 2990.92138671875)
Part4890.Rotation = Vector3.new(-143.0800018310547, -86.83999633789062, -141.33999633789062)
Part4890.Transparency = 1
Part4890.Size = Vector3.new(1.3500009775161743, 23.749998092651367, 1.5)
Part4890.Anchored = true
Part4890.Material = Enum.Material.Fabric
Part4891.Name = "Tree_Collision"
Part4891.Parent = Model4879
Part4891.CFrame = CFrame.new(2651.74048, 277.77951, 3004.52368, 0.0192689151, -0.152181596, -0.988164783, 0.0272756666, 0.988060355, -0.15163359, 0.99944222, -0.0240310356, 0.0231896937)
Part4891.Orientation = Vector3.new(8.720000267028809, -88.66000366210938, 1.5800000429153442)
Part4891.Position = Vector3.new(2651.740478515625, 277.7795104980469, 3004.523681640625)
Part4891.Rotation = Vector3.new(81.30000305175781, -81.18000030517578, 82.77999877929688)
Part4891.Transparency = 1
Part4891.Size = Vector3.new(1.3500009775161743, 20.749998092651367, 1.5)
Part4891.Anchored = true
Part4891.Material = Enum.Material.Fabric
Part4892.Name = "Tree_Collision"
Part4892.Parent = Model4879
Part4892.CFrame = CFrame.new(2678.40015, 265.215576, 2936.08911, -0.00525239855, -0.0796559751, -0.996808708, 0.448744625, 0.890629292, -0.0735356212, 0.893644571, -0.447698772, 0.0310672447)
Part4892.Orientation = Vector3.new(4.21999979019165, -88.20999908447266, 26.739999771118164)
Part4892.Position = Vector3.new(2678.400146484375, 265.215576171875, 2936.089111328125)
Part4892.Rotation = Vector3.new(67.0999984741211, -85.41999816894531, 93.7699966430664)
Part4892.Transparency = 1
Part4892.Size = Vector3.new(1.3500009775161743, 22.749998092651367, 1.5)
Part4892.Anchored = true
Part4892.Material = Enum.Material.Fabric
Part4893.Name = "Tree_Collision"
Part4893.Parent = Model4879
Part4893.CFrame = CFrame.new(2685.27148, 272.668213, 2969.66943, -0.0417564809, 0.309715748, -0.949912071, 0.0660212338, 0.949518383, 0.306685299, 0.996944129, -0.0499082655, -0.0600963645)
Part4893.Orientation = Vector3.new(-17.860000610351562, -93.62000274658203, 3.9800000190734863)
Part4893.Position = Vector3.new(2685.271484375, 272.668212890625, 2969.66943359375)
Part4893.Rotation = Vector3.new(-101.08999633789062, -71.79000091552734, -97.68000030517578)
Part4893.Transparency = 1
Part4893.Size = Vector3.new(1.3500009775161743, 23.749998092651367, 1.5)
Part4893.Anchored = true
Part4893.Material = Enum.Material.Fabric
Part4894.Name = "Tree_Collision"
Part4894.Parent = Model4879
Part4894.CFrame = CFrame.new(2673.71362, 273.701141, 2977.14258, -0.0411246978, 0.0365937985, -0.998483837, 0.0834160373, 0.995966017, 0.033065863, 0.995665848, -0.0819297209, -0.0440113097)
Part4894.Orientation = Vector3.new(-1.8899999856948853, -92.5199966430664, 4.789999961853027)
Part4894.Position = Vector3.new(2673.713623046875, 273.7011413574219, 2977.142578125)
Part4894.Rotation = Vector3.new(-143.0800018310547, -86.83999633789062, -138.33999633789062)
Part4894.Transparency = 1
Part4894.Size = Vector3.new(1.3500009775161743, 23.749998092651367, 1.5)
Part4894.Anchored = true
Part4894.Material = Enum.Material.Fabric
Part4895.Name = "Tree_Collision"
Part4895.Parent = Model4879
Part4895.CFrame = CFrame.new(2664.24878, 263.842102, 2928.66675, -0.00418723375, 0.00703256391, -0.999966681, 0.352881789, 0.935653985, 0.00510264793, 0.935658514, -0.352848649, -0.00639946759)
Part4895.Orientation = Vector3.new(-0.28999999165534973, -90.37000274658203, 20.65999984741211)
Part4895.Position = Vector3.new(2664.248779296875, 263.84210205078125, 2928.666748046875)
Part4895.Rotation = Vector3.new(-141.42999267578125, -89.52999877929688, -120.7699966430664)
Part4895.Transparency = 1
Part4895.Size = Vector3.new(1.3500009775161743, 22.749998092651367, 1.5)
Part4895.Anchored = true
Part4895.Material = Enum.Material.Fabric
Model4896.Name = "茂み"
Model4896.Parent = Folder0
Part4897.Name = "TreeMesh Bottom"
Part4897.Parent = Model4896
Part4897.CFrame = CFrame.new(2994.46948, 242.951904, 2607.58203, 0.257453382, -0.0461282432, 0.965192199, -0.0841973871, 0.993993223, 0.0699632689, -0.962618053, -0.0992785618, 0.252022982)
Part4897.Orientation = Vector3.new(-4.010000228881836, 75.37000274658203, -4.840000152587891)
Part4897.Position = Vector3.new(2994.469482421875, 242.951904296875, 2607.58203125)
Part4897.Rotation = Vector3.new(-15.520000457763672, 74.83999633789062, 10.15999984741211)
Part4897.Size = Vector3.new(8.250000953674316, 0.2499980926513672, 7)
Part4897.Anchored = true
Part4897.CanCollide = false
Part4897.Material = Enum.Material.Fabric
SpecialMesh4898.Name = "BarkMesh"
SpecialMesh4898.Parent = Part4897
SpecialMesh4898.MeshId = "rbxassetid://623621260"
SpecialMesh4898.Offset = Vector3.new(0, 3.4100000858306885, 0)
SpecialMesh4898.TextureId = "rbxassetid://623618671"
SpecialMesh4898.MeshType = Enum.MeshType.FileMesh
Part4899.Name = "TreeMeshTop"
Part4899.Parent = Model4896
Part4899.CFrame = CFrame.new(2993.07812, 272.910797, 2604.59058, 0.257453382, -0.0461282432, 0.965192199, -0.0841973871, 0.993993223, 0.0699632689, -0.962618053, -0.0992785618, 0.252022982)
Part4899.Orientation = Vector3.new(-4.010000228881836, 75.37000274658203, -4.840000152587891)
Part4899.Position = Vector3.new(2993.078125, 272.9107971191406, 2604.590576171875)
Part4899.Rotation = Vector3.new(-15.520000457763672, 74.83999633789062, 10.15999984741211)
Part4899.Transparency = 0.05000000074505806
Part4899.Size = Vector3.new(8.250000953674316, 0.2499980926513672, 7)
Part4899.Anchored = true
Part4899.CanCollide = false
Part4899.Material = Enum.Material.Fabric
SpecialMesh4900.Name = "TopTreeMesh"
SpecialMesh4900.Parent = Part4899
SpecialMesh4900.MeshId = "rbxassetid://623621456"
SpecialMesh4900.Offset = Vector3.new(0, 3.4100000858306885, 0)
SpecialMesh4900.Scale = Vector3.new(1.600000023841858, 1.600000023841858, 1.600000023841858)
SpecialMesh4900.TextureId = "rbxassetid://745556120"
SpecialMesh4900.MeshType = Enum.MeshType.FileMesh
Part4901.Name = "Tree_Collision"
Part4901.Parent = Model4896
Part4901.CFrame = CFrame.new(2998.24536, 256.469116, 2608.90381, 0.256473452, 0.0260644853, 0.966202855, 0.0126355924, 0.999463618, -0.0303158835, -0.966471314, 0.0199838132, 0.256006479)
Part4901.Orientation = Vector3.new(1.7400000095367432, 75.16000366210938, 0.7200000286102295)
Part4901.Position = Vector3.new(2998.245361328125, 256.4691162109375, 2608.90380859375)
Part4901.Rotation = Vector3.new(6.75, 75.05999755859375, -5.800000190734863)
Part4901.Transparency = 1
Part4901.Size = Vector3.new(1.3500009775161743, 26.749998092651367, 1.5)
Part4901.Anchored = true
Part4901.CanCollide = false
Part4901.Material = Enum.Material.Fabric
Part4902.Name = "Tree_Collision"
Part4902.Parent = Model4896
Part4902.CFrame = CFrame.new(3008.31494, 255.637848, 2606.01978, 0.305187345, 0.114842698, 0.945345283, -0.376872867, 0.926223695, 0.0091464445, -0.874547958, -0.359064937, 0.325952679)
Part4902.Orientation = Vector3.new(-0.5199999809265137, 70.9800033569336, -22.139999389648438)
Part4902.Position = Vector3.new(3008.31494140625, 255.63784790039062, 2606.019775390625)
Part4902.Rotation = Vector3.new(-1.6100000143051147, 70.97000122070312, -20.6200008392334)
Part4902.Transparency = 1
Part4902.Size = Vector3.new(1.3500009775161743, 23.749998092651367, 1.5)
Part4902.Anchored = true
Part4902.CanCollide = false
Part4902.Material = Enum.Material.Fabric
Part4903.Name = "Tree_Collision"
Part4903.Parent = Model4896
Part4903.CFrame = CFrame.new(2990.93262, 258.127106, 2624.19385, 0.256888807, 0.0889329314, 0.962343574, 0.0300766639, 0.994542301, -0.0999372378, -0.965975404, 0.0546168089, 0.252812058)
Part4903.Orientation = Vector3.new(5.739999771118164, 75.27999877929688, 1.7300000190734863)
Part4903.Position = Vector3.new(2990.9326171875, 258.1271057128906, 2624.19384765625)
Part4903.Rotation = Vector3.new(21.56999969482422, 74.2300033569336, -19.100000381469727)
Part4903.Transparency = 1
Part4903.Size = Vector3.new(1.3500009775161743, 26.749998092651367, 1.5)
Part4903.Anchored = true
Part4903.CanCollide = false
Part4903.Material = Enum.Material.Fabric
Part4904.Name = "Tree_Collision"
Part4904.Parent = Model4896
Part4904.CFrame = CFrame.new(2993.05566, 250.974884, 2569.42358, 0.259928524, -0.292255044, 0.920342326, -0.0951517522, 0.940712512, 0.32559669, -0.960931838, -0.172203466, 0.216709673)
Part4904.Orientation = Vector3.new(-19, 76.75, -5.78000020980835)
Part4904.Position = Vector3.new(2993.0556640625, 250.97488403320312, 2569.423583984375)
Part4904.Rotation = Vector3.new(-56.349998474121094, 66.9800033569336, 48.349998474121094)
Part4904.Transparency = 1
Part4904.Size = Vector3.new(1.3500009775161743, 23.749998092651367, 1.5)
Part4904.Anchored = true
Part4904.CanCollide = false
Part4904.Material = Enum.Material.Fabric
Part4905.Name = "Tree_Collision"
Part4905.Parent = Model4896
Part4905.CFrame = CFrame.new(2979.73462, 255.636871, 2610.55225, 0.217271477, -0.302761018, 0.927973509, 0.128262162, 0.951296866, 0.280339569, -0.967651129, 0.0581139699, 0.245522588)
Part4905.Orientation = Vector3.new(-16.280000686645508, 75.18000030517578, 7.679999828338623)
Part4905.Position = Vector3.new(2979.734619140625, 255.63687133789062, 2610.55224609375)
Part4905.Rotation = Vector3.new(-48.790000915527344, 68.12000274658203, 54.34000015258789)
Part4905.Transparency = 1
Part4905.Size = Vector3.new(1.3500009775161743, 26.749998092651367, 1.5)
Part4905.Anchored = true
Part4905.CanCollide = false
Part4905.Material = Enum.Material.Fabric
Part4906.Name = "Tree_Collision"
Part4906.Parent = Model4896
Part4906.CFrame = CFrame.new(3011.41846, 256.768341, 2619.58618, 0.355285704, 0.212700725, 0.910239697, 0.0120005794, 0.972652197, -0.231969133, -0.934683323, 0.093338728, 0.343016773)
Part4906.Orientation = Vector3.new(13.40999984741211, 69.3499984741211, 0.7099999785423279)
Part4906.Position = Vector3.new(3011.41845703125, 256.7683410644531, 2619.586181640625)
Part4906.Rotation = Vector3.new(34.06999969482422, 65.54000091552734, -30.90999984741211)
Part4906.Transparency = 1
Part4906.Size = Vector3.new(1.3500009775161743, 22.749998092651367, 1.5)
Part4906.Anchored = true
Part4906.CanCollide = false
Part4906.Material = Enum.Material.Fabric
Part4907.Name = "Tree_Collision"
Part4907.Parent = Model4896
Part4907.CFrame = CFrame.new(3006.84033, 253.884216, 2584.04419, 0.302448988, -0.0345918313, 0.952540696, -0.241139665, 0.964058459, 0.111576341, -0.922161162, -0.263440609, 0.283237338)
Part4907.Orientation = Vector3.new(-6.409999847412109, 73.44000244140625, -14.039999961853027)
Part4907.Position = Vector3.new(3006.84033203125, 253.88421630859375, 2584.044189453125)
Part4907.Rotation = Vector3.new(-21.5, 72.27999877929688, 6.519999980926514)
Part4907.Transparency = 1
Part4907.Size = Vector3.new(1.3500009775161743, 23.749998092651367, 1.5)
Part4907.Anchored = true
Part4907.CanCollide = false
Part4907.Material = Enum.Material.Fabric
Part4908.Name = "Tree_Collision"
Part4908.Parent = Model4896
Part4908.CFrame = CFrame.new(3016.62866, 251.193237, 2572.90576, 0.242556006, 0.146916986, 0.958951414, -0.249343961, 0.964704812, -0.0847299173, -0.937550485, -0.218555957, 0.270627737)
Part4908.Orientation = Vector3.new(4.860000133514404, 74.23999786376953, -14.489999771118164)
Part4908.Position = Vector3.new(3016.628662109375, 251.1932373046875, 2572.90576171875)
Part4908.Rotation = Vector3.new(17.3799991607666, 73.52999877929688, -31.200000762939453)
Part4908.Transparency = 1
Part4908.Size = Vector3.new(1.3500009775161743, 20.749998092651367, 1.5)
Part4908.Anchored = true
Part4908.CanCollide = false
Part4908.Material = Enum.Material.Fabric
Part4909.Name = "Tree_Collision"
Part4909.Parent = Model4896
Part4909.CFrame = CFrame.new(2972.94482, 256.106567, 2633.06689, 0.241283506, -0.0343438834, 0.969849765, 0.185637802, 0.982555449, -0.0113899782, -0.952536702, 0.182788342, 0.243449897)
Part4909.Orientation = Vector3.new(0.6499999761581421, 75.91000366210938, 10.699999809265137)
Part4909.Position = Vector3.new(2972.94482421875, 256.1065673828125, 2633.06689453125)
Part4909.Rotation = Vector3.new(2.680000066757202, 75.88999938964844, 8.100000381469727)
Part4909.Transparency = 1
Part4909.Size = Vector3.new(1.3500009775161743, 22.749998092651367, 1.5)
Part4909.Anchored = true
Part4909.CanCollide = false
Part4909.Material = Enum.Material.Fabric
Part4910.Name = "Tree_Collision"
Part4910.Parent = Model4896
Part4910.CFrame = CFrame.new(2975.12842, 253.575836, 2598.14966, 0.301057518, -0.305949807, 0.90319705, -0.207348734, 0.903476477, 0.375158489, -0.930794001, -0.300220191, 0.208560228)
Part4910.Orientation = Vector3.new(-22.030000686645508, 77, -12.930000305175781)
Part4910.Position = Vector3.new(2975.12841796875, 253.57583618164062, 2598.149658203125)
Part4910.Rotation = Vector3.new(-60.93000030517578, 64.58000183105469, 45.459999084472656)
Part4910.Transparency = 1
Part4910.Size = Vector3.new(1.3500009775161743, 23.749998092651367, 1.5)
Part4910.Anchored = true
Part4910.CanCollide = false
Part4910.Material = Enum.Material.Fabric
Part4911.Name = "Tree_Collision"
Part4911.Parent = Model4896
Part4911.CFrame = CFrame.new(2988.24219, 253.30127, 2593.85645, 0.300225317, -0.0503740907, 0.952540278, -0.190354452, 0.975357413, 0.111577332, -0.934684277, -0.214817911, 0.283237875)
Part4911.Orientation = Vector3.new(-6.409999847412109, 73.44000244140625, -11.039999961853027)
Part4911.Position = Vector3.new(2988.2421875, 253.30126953125, 2593.8564453125)
Part4911.Rotation = Vector3.new(-21.5, 72.27999877929688, 9.520000457763672)
Part4911.Transparency = 1
Part4911.Size = Vector3.new(1.3500009775161743, 23.749998092651367, 1.5)
Part4911.Anchored = true
Part4911.CanCollide = false
Part4911.Material = Enum.Material.Fabric
Part4912.Name = "Tree_Collision"
Part4912.Parent = Model4896
Part4912.CFrame = CFrame.new(2984.6582, 257.785919, 2643.89307, 0.250615805, -0.0929691494, 0.963615298, 0.0820832327, 0.993837535, 0.0745368376, -0.964603126, 0.0604163781, 0.256702691)
Part4912.Orientation = Vector3.new(-4.269999980926514, 75.08000183105469, 4.71999979019165)
Part4912.Position = Vector3.new(2984.658203125, 257.7859191894531, 2643.89306640625)
Part4912.Rotation = Vector3.new(-16.190000534057617, 74.5, 20.350000381469727)
Part4912.Transparency = 1
Part4912.Size = Vector3.new(1.3500009775161743, 22.749998092651367, 1.5)
Part4912.Anchored = true
Part4912.CanCollide = false
Part4912.Material = Enum.Material.Fabric
Model4913.Name = "茂み"
Model4913.Parent = Folder0
Part4914.Name = "TreeMesh Bottom"
Part4914.Parent = Model4913
Part4914.CFrame = CFrame.new(3042.09351, 241.408325, 2568.7395, 0.232723698, -0.35165453, 0.906744242, -0.280926108, 0.868293285, 0.40884468, -0.931088269, -0.349874973, 0.103283808)
Part4914.Orientation = Vector3.new(-24.1299991607666, 83.5, -17.93000030517578)
Part4914.Position = Vector3.new(3042.093505859375, 241.4083251953125, 2568.739501953125)
Part4914.Rotation = Vector3.new(-75.81999969482422, 65.05999755859375, 56.5)
Part4914.Size = Vector3.new(8.250000953674316, 0.2499980926513672, 7)
Part4914.Anchored = true
Part4914.CanCollide = false
Part4914.Material = Enum.Material.Fabric
SpecialMesh4915.Name = "BarkMesh"
SpecialMesh4915.Parent = Part4914
SpecialMesh4915.MeshId = "rbxassetid://623621260"
SpecialMesh4915.Offset = Vector3.new(0, 3.4100000858306885, 0)
SpecialMesh4915.TextureId = "rbxassetid://623618671"
SpecialMesh4915.MeshType = Enum.MeshType.FileMesh
Part4916.Name = "TreeMeshTop"
Part4916.Parent = Model4913
Part4916.CFrame = CFrame.new(3031.4939, 267.578613, 2558.19507, 0.232723698, -0.35165453, 0.906744242, -0.280926108, 0.868293285, 0.40884468, -0.931088269, -0.349874973, 0.103283808)
Part4916.Orientation = Vector3.new(-24.1299991607666, 83.5, -17.93000030517578)
Part4916.Position = Vector3.new(3031.493896484375, 267.57861328125, 2558.195068359375)
Part4916.Rotation = Vector3.new(-75.81999969482422, 65.05999755859375, 56.5)
Part4916.Transparency = 0.05000000074505806
Part4916.Size = Vector3.new(8.250000953674316, 0.2499980926513672, 7)
Part4916.Anchored = true
Part4916.CanCollide = false
Part4916.Material = Enum.Material.Fabric
SpecialMesh4917.Name = "TopTreeMesh"
SpecialMesh4917.Parent = Part4916
SpecialMesh4917.MeshId = "rbxassetid://623621456"
SpecialMesh4917.Offset = Vector3.new(0, 3.4100000858306885, 0)
SpecialMesh4917.Scale = Vector3.new(1.600000023841858, 1.600000023841858, 1.600000023841858)
SpecialMesh4917.TextureId = "rbxassetid://745556120"
SpecialMesh4917.MeshType = Enum.MeshType.FileMesh
Part4918.Name = "Tree_Collision"
Part4918.Parent = Model4913
Part4918.CFrame = CFrame.new(3041.60571, 255.22644, 2565.99292, 0.202038169, -0.279949129, 0.93851757, -0.193675488, 0.927934825, 0.318485796, -0.960039318, -0.246113405, 0.133259192)
Part4918.Orientation = Vector3.new(-18.56999969482422, 81.91999816894531, -11.789999961853027)
Part4918.Position = Vector3.new(3041.605712890625, 255.2264404296875, 2565.992919921875)
Part4918.Rotation = Vector3.new(-67.29000091552734, 69.80000305175781, 54.18000030517578)
Part4918.Transparency = 1
Part4918.Size = Vector3.new(1.3500009775161743, 26.749998092651367, 1.5)
Part4918.Anchored = true
Part4918.CanCollide = false
Part4918.Material = Enum.Material.Fabric
Part4919.Name = "Tree_Collision"
Part4919.Parent = Model4913
Part4919.CFrame = CFrame.new(3051.32544, 256.479004, 2562.20337, 0.371073991, -0.188041285, 0.909368396, -0.510049462, 0.777067542, 0.36881271, -0.77598995, -0.60067749, 0.192439526)
Part4919.Orientation = Vector3.new(-21.639999389648438, 78.05000305175781, -33.279998779296875)
Part4919.Position = Vector3.new(3051.325439453125, 256.47900390625, 2562.203369140625)
Part4919.Rotation = Vector3.new(-62.45000076293945, 65.41999816894531, 26.8700008392334)
Part4919.Transparency = 1
Part4919.Size = Vector3.new(1.3500009775161743, 23.749998092651367, 1.5)
Part4919.Anchored = true
Part4919.CanCollide = false
Part4919.Material = Enum.Material.Fabric
Part4920.Name = "Tree_Collision"
Part4920.Parent = Model4913
Part4920.CFrame = CFrame.new(3034.74463, 259.072388, 2581.09766, 0.197121173, -0.217272326, 0.956003308, -0.177451491, 0.951122403, 0.252752513, -0.964188397, -0.219466448, 0.148931369)
Part4920.Orientation = Vector3.new(-14.640000343322754, 81.1500015258789, -10.569999694824219)
Part4920.Position = Vector3.new(3034.74462890625, 259.0723876953125, 2581.09765625)
Part4920.Rotation = Vector3.new(-59.4900016784668, 72.94000244140625, 47.779998779296875)
Part4920.Transparency = 1
Part4920.Size = Vector3.new(1.3500009775161743, 26.749998092651367, 1.5)
Part4920.Anchored = true
Part4920.CanCollide = false
Part4920.Material = Enum.Material.Fabric
Part4921.Name = "Tree_Collision"
Part4921.Parent = Model4913
Part4921.CFrame = CFrame.new(3036.79224, 237.391602, 2530.29199, 0.238493472, -0.572384298, 0.784540236, -0.289770007, 0.72911036, 0.620031118, -0.926909387, -0.375208437, 0.00802926719)
Part4921.Orientation = Vector3.new(-38.31999969482422, 89.41000366210938, -21.670000076293945)
Part4921.Position = Vector3.new(3036.792236328125, 237.3916015625, 2530.2919921875)
Part4921.Rotation = Vector3.new(-89.26000213623047, 51.68000030517578, 67.37999725341797)
Part4921.Transparency = 1
Part4921.Size = Vector3.new(1.3500009775161743, 23.749998092651367, 1.5)
Part4921.Anchored = true
Part4921.CanCollide = false
Part4921.Material = Enum.Material.Fabric
Part4922.Name = "Tree_Collision"
Part4922.Parent = Model4913
Part4922.CFrame = CFrame.new(3024.31543, 249.713867, 2570.08203, 0.12935172, -0.576538205, 0.806770205, -0.0992421657, 0.801993966, 0.589036524, -0.986623526, -0.156258062, 0.0465232283)
Part4922.Orientation = Vector3.new(-36.09000015258789, 86.69999694824219, -7.050000190734863)
Part4922.Position = Vector3.new(3024.3154296875, 249.7138671875, 2570.08203125)
Part4922.Rotation = Vector3.new(-85.4800033569336, 53.779998779296875, 77.3499984741211)
Part4922.Transparency = 1
Part4922.Size = Vector3.new(1.3500009775161743, 26.749998092651367, 1.5)
Part4922.Anchored = true
Part4922.CanCollide = false
Part4922.Material = Enum.Material.Fabric
Part4923.Name = "Tree_Collision"
Part4923.Parent = Model4913
Part4923.CFrame = CFrame.new(3054.4668, 262.286743, 2574.50635, 0.297486395, -0.0913127363, 0.95035255, -0.157237262, 0.977140367, 0.143106431, -0.941691697, -0.192002267, 0.276328176)
Part4923.Orientation = Vector3.new(-8.229999542236328, 73.79000091552734, -9.140000343322754)
Part4923.Position = Vector3.new(3054.466796875, 262.2867431640625, 2574.50634765625)
Part4923.Rotation = Vector3.new(-27.3799991607666, 71.87000274658203, 17.059999465942383)
Part4923.Transparency = 1
Part4923.Size = Vector3.new(1.3500009775161743, 22.749998092651367, 1.5)
Part4923.Anchored = true
Part4923.CanCollide = false
Part4923.Material = Enum.Material.Fabric
Part4924.Name = "Tree_Collision"
Part4924.Parent = Model4913
Part4924.CFrame = CFrame.new(3049.59277, 248.144897, 2541.81445, 0.325099558, -0.337998003, 0.883217812, -0.400259078, 0.796992242, 0.452330232, -0.856801033, -0.500566721, 0.1238157)
Part4924.Orientation = Vector3.new(-26.889999389648438, 82.0199966430664, -26.670000076293945)
Part4924.Position = Vector3.new(3049.5927734375, 248.1448974609375, 2541.814453125)
Part4924.Rotation = Vector3.new(-74.69000244140625, 62.029998779296875, 46.11000061035156)
Part4924.Transparency = 1
Part4924.Size = Vector3.new(1.3500009775161743, 23.749998092651367, 1.5)
Part4924.Anchored = true
Part4924.CanCollide = false
Part4924.Material = Enum.Material.Fabric
Part4925.Name = "Tree_Collision"
Part4925.Parent = Model4913
Part4925.CFrame = CFrame.new(3059.28809, 245.244995, 2530.64697, 0.270024121, -0.163755044, 0.948829591, -0.429093212, 0.861705244, 0.270832509, -0.861958742, -0.480265737, 0.16241537)
Part4925.Orientation = Vector3.new(-15.710000038146973, 80.29000091552734, -26.469999313354492)
Part4925.Position = Vector3.new(3059.2880859375, 245.2449951171875, 2530.64697265625)
Part4925.Rotation = Vector3.new(-59.04999923706055, 71.58999633789062, 31.229999542236328)
Part4925.Transparency = 1
Part4925.Size = Vector3.new(1.3500009775161743, 20.749998092651367, 1.5)
Part4925.Anchored = true
Part4925.CanCollide = false
Part4925.Material = Enum.Material.Fabric
Part4926.Name = "Tree_Collision"
Part4926.Parent = Model4913
Part4926.CFrame = CFrame.new(3018.59985, 254.694946, 2592.34766, 0.135250792, -0.325832009, 0.935706556, -0.0356058627, 0.942175865, 0.333231539, -0.990174174, -0.0783864558, 0.11582879)
Part4926.Orientation = Vector3.new(-19.469999313354492, 82.94000244140625, -2.1600000858306885)
Part4926.Position = Vector3.new(3018.599853515625, 254.6949462890625, 2592.34765625)
Part4926.Rotation = Vector3.new(-70.83000183105469, 69.33999633789062, 67.45999908447266)
Part4926.Transparency = 1
Part4926.Size = Vector3.new(1.3500009775161743, 22.749998092651367, 1.5)
Part4926.Anchored = true
Part4926.CanCollide = false
Part4926.Material = Enum.Material.Fabric
Part4927.Name = "Tree_Collision"
Part4927.Parent = Model4913
Part4927.CFrame = CFrame.new(3020.07495, 242.964478, 2559.32324, 0.313105881, -0.579074144, 0.752757728, -0.37220183, 0.654388249, 0.658216536, -0.873748899, -0.486267865, -0.0106387287)
Part4927.Orientation = Vector3.new(-41.15999984741211, 90.80999755859375, -29.6299991607666)
Part4927.Position = Vector3.new(3020.074951171875, 242.9644775390625, 2559.3232421875)
Part4927.Rotation = Vector3.new(-90.93000030517578, 48.83000183105469, 61.599998474121094)
Part4927.Transparency = 1
Part4927.Size = Vector3.new(1.3500009775161743, 23.749998092651367, 1.5)
Part4927.Anchored = true
Part4927.CanCollide = false
Part4927.Material = Enum.Material.Fabric
Part4928.Name = "Tree_Collision"
Part4928.Parent = Model4913
Part4928.CFrame = CFrame.new(3032.46509, 245.18103, 2553.66187, 0.306965798, -0.354549855, 0.883217096, -0.357998848, 0.816847503, 0.452331185, -0.881824076, -0.45503962, 0.123815998)
Part4928.Orientation = Vector3.new(-26.889999389648438, 82.0199966430664, -23.670000076293945)
Part4928.Position = Vector3.new(3032.465087890625, 245.1810302734375, 2553.661865234375)
Part4928.Rotation = Vector3.new(-74.69000244140625, 62.029998779296875, 49.11000061035156)
Part4928.Transparency = 1
Part4928.Size = Vector3.new(1.3500009775161743, 23.749998092651367, 1.5)
Part4928.Anchored = true
Part4928.CanCollide = false
Part4928.Material = Enum.Material.Fabric
Part4929.Name = "Tree_Collision"
Part4929.Parent = Model4913
Part4929.CFrame = CFrame.new(3029.65601, 262.647827, 2600.81738, 0.175309449, -0.38987425, 0.904030442, -0.131224632, 0.900804341, 0.413930207, -0.975731492, -0.191196471, 0.106758878)
Part4929.Orientation = Vector3.new(-24.450000762939453, 83.2699966430664, -8.289999961853027)
Part4929.Position = Vector3.new(3029.656005859375, 262.6478271484375, 2600.8173828125)
Part4929.Rotation = Vector3.new(-75.54000091552734, 64.69000244140625, 65.79000091552734)
Part4929.Transparency = 1
Part4929.Size = Vector3.new(1.3500009775161743, 22.749998092651367, 1.5)
Part4929.Anchored = true
Part4929.CanCollide = false
Part4929.Material = Enum.Material.Fabric
Model4930.Name = "茂み"
Model4930.Parent = Folder0
Part4931.Name = "TreeMesh Bottom"
Part4931.Parent = Model4930
Part4931.CFrame = CFrame.new(2860.17896, 246.445099, 2648.87793, 0.260177046, 0.0583853833, 0.963797271, -0.248755664, 0.968532443, 0.00847946852, -0.932970285, -0.241955459, 0.266513556)
Part4931.Orientation = Vector3.new(-0.49000000953674316, 74.54000091552734, -14.399999618530273)
Part4931.Position = Vector3.new(2860.178955078125, 246.44509887695312, 2648.8779296875)
Part4931.Rotation = Vector3.new(-1.8200000524520874, 74.54000091552734, -12.649999618530273)
Part4931.Size = Vector3.new(8.250000953674316, 0.2499980926513672, 7)
Part4931.Anchored = true
Part4931.CanCollide = false
Part4931.Material = Enum.Material.Fabric
SpecialMesh4932.Name = "BarkMesh"
SpecialMesh4932.Parent = Part4931
SpecialMesh4932.MeshId = "rbxassetid://623621260"
SpecialMesh4932.Offset = Vector3.new(0, 3.4100000858306885, 0)
SpecialMesh4932.TextureId = "rbxassetid://623618671"
SpecialMesh4932.MeshType = Enum.MeshType.FileMesh
Part4933.Name = "TreeMeshTop"
Part4933.Parent = Model4930
Part4933.CFrame = CFrame.new(2861.9375, 275.636841, 2641.58643, 0.260177046, 0.0583853833, 0.963797271, -0.248755664, 0.968532443, 0.00847946852, -0.932970285, -0.241955459, 0.266513556)
Part4933.Orientation = Vector3.new(-0.49000000953674316, 74.54000091552734, -14.399999618530273)
Part4933.Position = Vector3.new(2861.9375, 275.6368408203125, 2641.58642578125)
Part4933.Rotation = Vector3.new(-1.8200000524520874, 74.54000091552734, -12.649999618530273)
Part4933.Transparency = 0.05000000074505806
Part4933.Size = Vector3.new(8.250000953674316, 0.2499980926513672, 7)
Part4933.Anchored = true
Part4933.CanCollide = false
Part4933.Material = Enum.Material.Fabric
SpecialMesh4934.Name = "TopTreeMesh"
SpecialMesh4934.Parent = Part4933
SpecialMesh4934.MeshId = "rbxassetid://623621456"
SpecialMesh4934.Offset = Vector3.new(0, 3.4100000858306885, 0)
SpecialMesh4934.Scale = Vector3.new(1.600000023841858, 1.600000023841858, 1.600000023841858)
SpecialMesh4934.TextureId = "rbxassetid://745556120"
SpecialMesh4934.MeshType = Enum.MeshType.FileMesh
Part4935.Name = "Tree_Collision"
Part4935.Parent = Model4930
Part4935.CFrame = CFrame.new(2865.31689, 259.562012, 2648.35547, 0.269281834, 0.129157931, 0.954364538, -0.153910071, 0.9840042, -0.089742139, -0.950686097, -0.122719966, 0.284852982)
Part4935.Orientation = Vector3.new(5.150000095367432, 73.37999725341797, -8.890000343322754)
Part4935.Position = Vector3.new(2865.31689453125, 259.56201171875, 2648.35546875)
Part4935.Rotation = Vector3.new(17.489999771118164, 72.62000274658203, -25.6200008392334)
Part4935.Transparency = 1
Part4935.Size = Vector3.new(1.3500009775161743, 26.749998092651367, 1.5)
Part4935.Anchored = true
Part4935.CanCollide = false
Part4935.Material = Enum.Material.Fabric
Part4936.Name = "Tree_Collision"
Part4936.Parent = Model4930
Part4936.CFrame = CFrame.new(2875.28369, 257.312073, 2645.90527, 0.276165485, 0.214926347, 0.936773896, -0.528810501, 0.847864449, -0.0386317223, -0.802557528, -0.484705299, 0.347805887)
Part4936.Orientation = Vector3.new(2.2100000381469727, 69.62999725341797, -31.950000762939453)
Part4936.Position = Vector3.new(2875.28369140625, 257.31207275390625, 2645.9052734375)
Part4936.Rotation = Vector3.new(6.340000152587891, 69.5199966430664, -37.88999938964844)
Part4936.Transparency = 1
Part4936.Size = Vector3.new(1.3500009775161743, 23.749998092651367, 1.5)
Part4936.Anchored = true
Part4936.CanCollide = false
Part4936.Material = Enum.Material.Fabric
Part4937.Name = "Tree_Collision"
Part4937.Parent = Model4930
Part4937.CFrame = CFrame.new(2858.01147, 264.152832, 2663.03735, 0.271494359, 0.190710783, 0.943359077, -0.136713386, 0.977876902, -0.158343285, -0.952683091, -0.0859801769, 0.291560739)
Part4937.Orientation = Vector3.new(9.109999656677246, 72.83000183105469, -7.960000038146973)
Part4937.Position = Vector3.new(2858.011474609375, 264.15283203125, 2663.037353515625)
Part4937.Rotation = Vector3.new(28.510000228881836, 70.62000274658203, -35.09000015258789)
Part4937.Transparency = 1
Part4937.Size = Vector3.new(1.3500009775161743, 26.749998092651367, 1.5)
Part4937.Anchored = true
Part4937.CanCollide = false
Part4937.Material = Enum.Material.Fabric
Part4938.Name = "Tree_Collision"
Part4938.Parent = Model4930
Part4938.CFrame = CFrame.new(2860.11328, 248.934174, 2609.93896, 0.261481792, -0.190940201, 0.946136892, -0.259541065, 0.930229425, 0.259458691, -0.929662466, -0.313404083, 0.193681449)
Part4938.Orientation = Vector3.new(-15.039999961853027, 78.43000030517578, -15.59000015258789)
Part4938.Position = Vector3.new(2860.11328125, 248.93417358398438, 2609.93896484375)
Part4938.Rotation = Vector3.new(-53.2599983215332, 71.11000061035156, 36.13999938964844)
Part4938.Transparency = 1
Part4938.Size = Vector3.new(1.3500009775161743, 23.749998092651367, 1.5)
Part4938.Anchored = true
Part4938.CanCollide = false
Part4938.Material = Enum.Material.Fabric
Part4939.Name = "Tree_Collision"
Part4939.Parent = Model4930
Part4939.CFrame = CFrame.new(2846.79883, 260.843628, 2649.5835, 0.242284, -0.203367263, 0.948655009, -0.0363355055, 0.975200295, 0.218337893, -0.969528198, -0.0873693228, 0.228886008)
Part4939.Orientation = Vector3.new(-12.609999656677246, 76.44000244140625, -2.130000114440918)
Part4939.Position = Vector3.new(2846.798828125, 260.8436279296875, 2649.58349609375)
Part4939.Rotation = Vector3.new(-43.650001525878906, 71.55999755859375, 40.0099983215332)
Part4939.Transparency = 1
Part4939.Size = Vector3.new(1.3500009775161743, 26.749998092651367, 1.5)
Part4939.Anchored = true
Part4939.CanCollide = false
Part4939.Material = Enum.Material.Fabric
Part4940.Name = "Tree_Collision"
Part4940.Parent = Model4930
Part4940.CFrame = CFrame.new(2878.30615, 260.085815, 2659.25146, 0.36706388, 0.311018229, 0.87666291, -0.159845963, 0.94952035, -0.269937694, -0.916361392, -0.0410463065, 0.398249269)
Part4940.Orientation = Vector3.new(15.65999984741211, 65.56999969482422, -9.5600004196167)
Part4940.Position = Vector3.new(2878.30615234375, 260.0858154296875, 2659.25146484375)
Part4940.Rotation = Vector3.new(34.130001068115234, 61.2400016784668, -40.279998779296875)
Part4940.Transparency = 1
Part4940.Size = Vector3.new(1.3500009775161743, 22.749998092651367, 1.5)
Part4940.Anchored = true
Part4940.CanCollide = false
Part4940.Material = Enum.Material.Fabric
Part4941.Name = "Tree_Collision"
Part4941.Parent = Model4930
Part4941.CFrame = CFrame.new(2873.92871, 252.538177, 2624.375, 0.288134009, 0.0689501837, 0.955107629, -0.401865125, 0.914034069, 0.0552486554, -0.86918819, -0.399742216, 0.291073173)
Part4941.Orientation = Vector3.new(-3.1700000762939453, 73.05000305175781, -23.729999542236328)
Part4941.Position = Vector3.new(2873.9287109375, 252.53817749023438, 2624.375)
Part4941.Rotation = Vector3.new(-10.75, 72.7699966430664, -13.460000038146973)
Part4941.Transparency = 1
Part4941.Size = Vector3.new(1.3500009775161743, 23.749998092651367, 1.5)
Part4941.Anchored = true
Part4941.CanCollide = false
Part4941.Material = Enum.Material.Fabric
Part4942.Name = "Tree_Collision"
Part4942.Parent = Model4930
Part4942.CFrame = CFrame.new(2883.53369, 247.285522, 2614.01758, 0.227924228, 0.248934627, 0.941322446, -0.406157047, 0.902950287, -0.140443444, -0.884925783, -0.350312829, 0.306910545)
Part4942.Orientation = Vector3.new(8.069999694824219, 71.94000244140625, -24.219999313354492)
Part4942.Position = Vector3.new(2883.53369140625, 247.2855224609375, 2614.017578125)
Part4942.Rotation = Vector3.new(24.59000015258789, 70.2699966430664, -47.52000045776367)
Part4942.Transparency = 1
Part4942.Size = Vector3.new(1.3500009775161743, 20.749998092651367, 1.5)
Part4942.Anchored = true
Part4942.CanCollide = false
Part4942.Material = Enum.Material.Fabric
Part4943.Name = "Tree_Collision"
Part4943.Parent = Model4930
Part4943.CFrame = CFrame.new(2839.79419, 265.263, 2671.59717, 0.271904677, 0.0651554391, 0.960119069, 0.0199203938, 0.997113645, -0.073307246, -0.962120652, 0.039058283, 0.269821733)
Part4943.Orientation = Vector3.new(4.199999809265137, 74.30000305175781, 1.1399999856948853)
Part4943.Position = Vector3.new(2839.794189453125, 265.26300048828125, 2671.59716796875)
Part4943.Rotation = Vector3.new(15.199999809265137, 73.76000213623047, -13.479999542236328)
Part4943.Transparency = 1
Part4943.Size = Vector3.new(1.3500009775161743, 22.749998092651367, 1.5)
Part4943.Anchored = true
Part4943.CanCollide = false
Part4943.Material = Enum.Material.Fabric
Part4944.Name = "Tree_Collision"
Part4944.Parent = Model4930
Part4944.CFrame = CFrame.new(2842.16968, 257.474335, 2637.479, 0.290364712, -0.206707269, 0.934326708, -0.369722188, 0.876338243, 0.308778226, -0.882609963, -0.43509832, 0.17803371)
Part4944.Orientation = Vector3.new(-17.989999771118164, 79.20999908447266, -22.8700008392334)
Part4944.Position = Vector3.new(2842.169677734375, 257.4743347167969, 2637.47900390625)
Part4944.Rotation = Vector3.new(-60.029998779296875, 69.12000274658203, 35.45000076293945)
Part4944.Transparency = 1
Part4944.Size = Vector3.new(1.3500009775161743, 23.749998092651367, 1.5)
Part4944.Anchored = true
Part4944.CanCollide = false
Part4944.Material = Enum.Material.Fabric
