Part3895.Name = "Tree_Collision"
Part3895.Parent = Model3885
Part3895.CFrame = CFrame.new(1202.59998, 350.884979, 3622.56836, -0.571137428, 0.299307436, 0.764343619, 0.0875380114, 0.948055983, -0.305836231, -0.816176832, -0.107765399, -0.567670047)
Part3895.Orientation = Vector3.new(17.809999465942383, 126.5999984741211, 5.28000020980835)
Part3895.Position = Vector3.new(1202.5999755859375, 350.8849792480469, 3622.568359375)
Part3895.Rotation = Vector3.new(151.69000244140625, 49.849998474121094, -152.33999633789062)
Part3895.Transparency = 1
Part3895.Size = Vector3.new(1.3500009775161743, 22.749998092651367, 1.5)
Part3895.Anchored = true
Part3895.Material = Enum.Material.Fabric
Part3896.Name = "Tree_Collision"
Part3896.Parent = Model3885
Part3896.CFrame = CFrame.new(1170.4585, 351.718292, 3606.48047, -0.617298305, -0.133191153, 0.775375485, -0.162933052, 0.985845327, 0.0396293476, -0.76967603, -0.101870842, -0.630260527)
Part3896.Orientation = Vector3.new(-2.2699999809265137, 129.11000061035156, -9.380000114440918)
Part3896.Position = Vector3.new(1170.45849609375, 351.7182922363281, 3606.48046875)
Part3896.Rotation = Vector3.new(-176.39999389648438, 50.84000015258789, 167.82000732421875)
Part3896.Transparency = 1
Part3896.Size = Vector3.new(1.3500009775161743, 23.749998092651367, 1.5)
Part3896.Anchored = true
Part3896.Material = Enum.Material.Fabric
Part3897.Name = "Tree_Collision"
Part3897.Parent = Model3885
Part3897.CFrame = CFrame.new(1166.44043, 349.690582, 3592.09839, -0.664185643, 0.0048671551, 0.7475546, -0.166843161, 0.973795891, -0.15457657, -0.72871542, -0.227391317, -0.645967722)
Part3897.Orientation = Vector3.new(8.890000343322754, 130.8300018310547, -9.720000267028809)
Part3897.Position = Vector3.new(1166.4404296875, 349.6905822753906, 3592.098388671875)
Part3897.Rotation = Vector3.new(166.5399932861328, 48.380001068115234, -179.5800018310547)
Part3897.Transparency = 1
Part3897.Size = Vector3.new(1.3500009775161743, 20.749998092651367, 1.5)
Part3897.Anchored = true
Part3897.Material = Enum.Material.Fabric
Part3898.Name = "Tree_Collision"
Part3898.Parent = Model3885
Part3898.CFrame = CFrame.new(1192.2262, 350.658447, 3661.9978, -0.630714059, 0.236595497, 0.73907131, 0.267110586, 0.960386157, -0.0794951543, -0.728599489, 0.147274405, -0.668924689)
Part3898.Orientation = Vector3.new(4.559999942779541, 132.14999389648438, 15.539999961853027)
Part3898.Position = Vector3.new(1192.2261962890625, 350.658447265625, 3661.997802734375)
Part3898.Rotation = Vector3.new(173.22000122070312, 47.650001525878906, -159.44000244140625)
Part3898.Transparency = 1
Part3898.Size = Vector3.new(1.3500009775161743, 22.749998092651367, 1.5)
Part3898.Anchored = true
Part3898.Material = Enum.Material.Fabric
Part3899.Name = "Tree_Collision"
Part3899.Parent = Model3885
Part3899.CFrame = CFrame.new(1164.40027, 351.473145, 3640.65698, -0.621570587, -0.32098043, 0.714580834, -0.128428638, 0.941615045, 0.311249048, -0.772762299, 0.101690494, -0.626502037)
Part3899.Orientation = Vector3.new(-18.1299991607666, 131.24000549316406, -7.769999980926514)
Part3899.Position = Vector3.new(1164.4002685546875, 351.47314453125, 3640.656982421875)
Part3899.Rotation = Vector3.new(-153.5800018310547, 45.61000061035156, 152.69000244140625)
Part3899.Transparency = 1
Part3899.Size = Vector3.new(1.3500009775161743, 23.749998092651367, 1.5)
Part3899.Anchored = true
Part3899.Material = Enum.Material.Fabric
Part3900.Name = "Tree_Collision"
Part3900.Parent = Model3885
Part3900.CFrame = CFrame.new(1168.13184, 351.02356, 3627.37646, -0.623421848, -0.10070239, 0.775376201, -0.111115128, 0.993021607, 0.0396298803, -0.773953497, -0.0614497066, -0.630259633)
Part3900.Orientation = Vector3.new(-2.2699999809265137, 129.11000061035156, -6.380000114440918)
Part3900.Position = Vector3.new(1168.1318359375, 351.0235595703125, 3627.37646484375)
Part3900.Rotation = Vector3.new(-176.39999389648438, 50.84000015258789, 170.82000732421875)
Part3900.Transparency = 1
Part3900.Size = Vector3.new(1.3500009775161743, 23.749998092651367, 1.5)
Part3900.Anchored = true
Part3900.Material = Enum.Material.Fabric
Part3901.Name = "Tree_Collision"
Part3901.Parent = Model3885
Part3901.CFrame = CFrame.new(1207.84363, 350.730103, 3658.35156, -0.646539748, 0.104349993, 0.755712688, 0.164923489, 0.98629868, 0.00490836473, -0.744843602, 0.127807707, -0.654889584)
Part3901.Orientation = Vector3.new(-0.2800000011920929, 130.91000366210938, 9.489999771118164)
Part3901.Position = Vector3.new(1207.8436279296875, 350.7301025390625, 3658.3515625)
Part3901.Rotation = Vector3.new(-179.57000732421875, 49.09000015258789, -170.8300018310547)
Part3901.Transparency = 1
Part3901.Size = Vector3.new(1.3500009775161743, 22.749998092651367, 1.5)
Part3901.Anchored = true
Part3901.Material = Enum.Material.Fabric
Model3902.Name = "茂み"
Model3902.Parent = Folder0
Part3903.Name = "TreeMesh Bottom"
Part3903.Parent = Model3902
Part3903.CFrame = CFrame.new(1395.22046, 339.288361, 3749.36499, -0.837375879, -0.000947397959, 0.546630323, -0.000791638682, 1.00000381, 0.000520459667, -0.546631694, 3.0142719e-06, -0.837377608)
Part3903.Orientation = Vector3.new(-0.029999999329447746, 146.86000061035156, -0.05000000074505806)
Part3903.Position = Vector3.new(1395.220458984375, 339.2883605957031, 3749.364990234375)
Part3903.Rotation = Vector3.new(-179.9600067138672, 33.13999938964844, 179.94000244140625)
Part3903.Size = Vector3.new(8.250000953674316, 0.2499980926513672, 7)
Part3903.Anchored = true
Part3903.CanCollide = false
Part3903.Material = Enum.Material.Fabric
SpecialMesh3904.Name = "BarkMesh"
SpecialMesh3904.Parent = Part3903
SpecialMesh3904.MeshId = "rbxassetid://623621260"
SpecialMesh3904.Offset = Vector3.new(0, 3.4100000858306885, 0)
SpecialMesh3904.TextureId = "rbxassetid://623618671"
SpecialMesh3904.MeshType = Enum.MeshType.FileMesh
Part3905.Name = "TreeMeshTop"
Part3905.Parent = Model3902
Part3905.CFrame = CFrame.new(1395.19165, 369.428406, 3749.36548, -0.837375879, -0.000947397959, 0.546630323, -0.000791638682, 1.00000381, 0.000520459667, -0.546631694, 3.0142719e-06, -0.837377608)
Part3905.Orientation = Vector3.new(-0.029999999329447746, 146.86000061035156, -0.05000000074505806)
Part3905.Position = Vector3.new(1395.191650390625, 369.42840576171875, 3749.365478515625)
Part3905.Rotation = Vector3.new(-179.9600067138672, 33.13999938964844, 179.94000244140625)
Part3905.Transparency = 0.05000000074505806
Part3905.Size = Vector3.new(8.250000953674316, 0.2499980926513672, 7)
Part3905.Anchored = true
Part3905.CanCollide = false
Part3905.Material = Enum.Material.Fabric
SpecialMesh3906.Name = "TopTreeMesh"
SpecialMesh3906.Parent = Part3905
SpecialMesh3906.MeshId = "rbxassetid://623621456"
SpecialMesh3906.Offset = Vector3.new(0, 3.4100000858306885, 0)
SpecialMesh3906.Scale = Vector3.new(1.600000023841858, 1.600000023841858, 1.600000023841858)
SpecialMesh3906.TextureId = "rbxassetid://745556120"
SpecialMesh3906.MeshType = Enum.MeshType.FileMesh
Part3907.Name = "Tree_Collision"
Part3907.Parent = Model3902
Part3907.CFrame = CFrame.new(1399.10425, 352.422607, 3746.02759, -0.830880165, 0.134745747, 0.539893985, 0.0958930254, 0.990399837, -0.0996057615, -0.548131227, -0.0309883505, -0.835822403)
Part3907.Orientation = Vector3.new(5.71999979019165, 147.13999938964844, 5.53000020980835)
Part3907.Position = Vector3.new(1399.104248046875, 352.422607421875, 3746.027587890625)
Part3907.Rotation = Vector3.new(173.1999969482422, 32.68000030517578, -170.7899932861328)
Part3907.Transparency = 1
Part3907.Size = Vector3.new(1.3500009775161743, 26.749998092651367, 1.5)
Part3907.Anchored = true
Part3907.Material = Enum.Material.Fabric
Part3908.Name = "Tree_Collision"
Part3908.Parent = Model3902
Part3908.CFrame = CFrame.new(1399.43384, 351.418518, 3735.57397, -0.770900428, -0.203239247, 0.603663862, -0.302590519, 0.950816393, -0.0663018376, -0.560496926, -0.233774602, -0.79448092)
Part3908.Orientation = Vector3.new(3.799999952316284, 142.77000427246094, -17.649999618530273)
Part3908.Position = Vector3.new(1399.433837890625, 351.41851806640625, 3735.573974609375)
Part3908.Rotation = Vector3.new(175.22999572753906, 37.130001068115234, 165.22999572753906)
Part3908.Transparency = 1
Part3908.Size = Vector3.new(1.3500009775161743, 23.749998092651367, 1.5)
Part3908.Anchored = true
Part3908.Material = Enum.Material.Fabric
Part3909.Name = "Tree_Collision"
Part3909.Parent = Model3902
Part3909.CFrame = CFrame.new(1411.43286, 352.901672, 3757.76489, -0.828402042, 0.186524391, 0.528169036, 0.113162622, 0.9792189, -0.168325007, -0.548588514, -0.0796716213, -0.832292199)
Part3909.Orientation = Vector3.new(9.6899995803833, 147.60000610351562, 6.590000152587891)
Part3909.Position = Vector3.new(1411.432861328125, 352.90167236328125, 3757.764892578125)
Part3909.Rotation = Vector3.new(168.57000732421875, 31.8799991607666, -167.30999755859375)
Part3909.Transparency = 1
Part3909.Size = Vector3.new(1.3500009775161743, 26.749998092651367, 1.5)
Part3909.Anchored = true
Part3909.Material = Enum.Material.Fabric
Part3910.Name = "Tree_Collision"
Part3910.Parent = Model3902
Part3910.CFrame = CFrame.new(1359.62573, 351.083038, 3738.57935, -0.836192131, -0.152333438, 0.526859641, -0.0119615141, 0.965492487, 0.260173053, -0.548310757, 0.211251944, -0.809157133)
Part3910.Orientation = Vector3.new(-15.079999923706055, 146.92999267578125, -0.7099999785423279)
Part3910.Position = Vector3.new(1359.625732421875, 351.0830383300781, 3738.579345703125)
Part3910.Rotation = Vector3.new(-162.17999267578125, 31.790000915527344, 169.67999267578125)
Part3910.Transparency = 1
Part3910.Size = Vector3.new(1.3500009775161743, 23.749998092651367, 1.5)
Part3910.Anchored = true
Part3910.Material = Enum.Material.Fabric
Part3911.Name = "Tree_Collision"
Part3911.Parent = Model3902
Part3911.CFrame = CFrame.new(1394.7937, 352.281708, 3764.12476, -0.831761122, 0.0629319698, 0.551558554, 0.212749183, 0.953835964, 0.211998746, -0.512753725, 0.293675154, -0.806750178)
Part3911.Orientation = Vector3.new(-12.239999771118164, 145.63999938964844, 12.569999694824219)
Part3911.Position = Vector3.new(1394.793701171875, 352.2817077636719, 3764.124755859375)
Part3911.Rotation = Vector3.new(-165.27999877929688, 33.470001220703125, -175.6699981689453)
Part3911.Transparency = 1
Part3911.Size = Vector3.new(1.3500009775161743, 26.749998092651367, 1.5)
Part3911.Anchored = true
Part3911.Material = Enum.Material.Fabric
Part3912.Name = "Tree_Collision"
Part3912.Parent = Model3902
Part3912.CFrame = CFrame.new(1413.33032, 351.065369, 3736.89038, -0.770108223, 0.259337246, 0.582821846, 0.0876058415, 0.947976649, -0.306062162, -0.63187331, -0.184641957, -0.752762139)
Part3912.Orientation = Vector3.new(17.81999969482422, 142.25, 5.28000020980835)
Part3912.Position = Vector3.new(1413.330322265625, 351.06536865234375, 3736.890380859375)
Part3912.Rotation = Vector3.new(157.8699951171875, 35.650001525878906, -161.38999938964844)
Part3912.Transparency = 1
Part3912.Size = Vector3.new(1.3500009775161743, 22.749998092651367, 1.5)
Part3912.Anchored = true
Part3912.Material = Enum.Material.Fabric
Part3913.Name = "Tree_Collision"
Part3913.Parent = Model3902
Part3913.CFrame = CFrame.new(1378.04077, 351.904907, 3730.0686, -0.80206579, -0.15553157, 0.576631844, -0.162850544, 0.985868216, 0.0393956825, -0.574609041, -0.0623068139, -0.816057324)
Part3913.Orientation = Vector3.new(-2.259999990463257, 144.75, -9.380000114440918)
Part3913.Position = Vector3.new(1378.040771484375, 351.9049072265625, 3730.068603515625)
Part3913.Rotation = Vector3.new(-177.24000549316406, 35.209999084472656, 169.02999877929688)
Part3913.Transparency = 1
Part3913.Size = Vector3.new(1.3500009775161743, 23.749998092651367, 1.5)
Part3913.Anchored = true
Part3913.Material = Enum.Material.Fabric
Part3914.Name = "Tree_Collision"
Part3914.Parent = Model3902
Part3914.CFrame = CFrame.new(1370.29175, 349.876984, 3717.30396, -0.836166978, -0.056451872, 0.545565605, -0.166746289, 0.973776042, -0.15480493, -0.522518516, -0.220413327, -0.823650181)
Part3914.Orientation = Vector3.new(8.90999984741211, 146.47999572753906, -9.720000267028809)
Part3914.Position = Vector3.new(1370.291748046875, 349.8769836425781, 3717.303955078125)
Part3914.Rotation = Vector3.new(169.36000061035156, 33.060001373291016, 176.13999938964844)
Part3914.Transparency = 1
Part3914.Size = Vector3.new(1.3500009775161743, 20.749998092651367, 1.5)
Part3914.Anchored = true
Part3914.Material = Enum.Material.Fabric
Part3915.Name = "Tree_Collision"
Part3915.Parent = Model3902
Part3915.CFrame = CFrame.new(1413.97681, 350.844452, 3777.65649, -0.80381614, 0.267748237, 0.531219661, 0.267199516, 0.960342288, -0.0797234103, -0.53149724, 0.0778584555, -0.843478501)
Part3915.Orientation = Vector3.new(4.570000171661377, 147.8000030517578, 15.550000190734863)
Part3915.Position = Vector3.new(1413.976806640625, 350.8444519042969, 3777.656494140625)
Part3915.Rotation = Vector3.new(174.60000610351562, 32.09000015258789, -161.5800018310547)
Part3915.Transparency = 1
Part3915.Size = Vector3.new(1.3500009775161743, 22.749998092651367, 1.5)
Part3915.Anchored = true
Part3915.Material = Enum.Material.Fabric
Part3916.Name = "Tree_Collision"
Part3916.Parent = Model3902
Part3916.CFrame = CFrame.new(1381.42603, 351.663971, 3764.61255, -0.807005167, -0.281459153, 0.519160151, -0.12834537, 0.94169867, 0.311029941, -0.576433361, 0.184370384, -0.796077609)
Part3916.Orientation = Vector3.new(-18.1200008392334, 146.88999938964844, -7.760000228881836)
Part3916.Position = Vector3.new(1381.426025390625, 351.6639709472656, 3764.612548828125)
Part3916.Rotation = Vector3.new(-158.66000366210938, 31.280000686645508, 160.77000427246094)
Part3916.Transparency = 1
Part3916.Size = Vector3.new(1.3500009775161743, 23.749998092651367, 1.5)
Part3916.Anchored = true
Part3916.Material = Enum.Material.Fabric
Part3917.Name = "Tree_Collision"
Part3917.Parent = Model3902
Part3917.CFrame = CFrame.new(1381.43677, 351.212402, 3750.81763, -0.809105575, -0.11334224, 0.576632857, -0.111031532, 0.993040085, 0.039396219, -0.577083468, -0.03214873, -0.816056609)
Part3917.Orientation = Vector3.new(-2.259999990463257, 144.75, -6.380000114440918)
Part3917.Position = Vector3.new(1381.436767578125, 351.21240234375, 3750.817626953125)
Part3917.Rotation = Vector3.new(-177.24000549316406, 35.209999084472656, 172.02999877929688)
Part3917.Transparency = 1
Part3917.Size = Vector3.new(1.3500009775161743, 23.749998092651367, 1.5)
Part3917.Anchored = true
Part3917.Material = Enum.Material.Fabric
Part3918.Name = "Tree_Collision"
Part3918.Parent = Model3902
Part3918.CFrame = CFrame.new(1428.03198, 350.91214, 3769.93286, -0.823457837, 0.135159105, 0.551047266, 0.165014848, 0.986284375, 0.00467732549, -0.542855859, 0.094782263, -0.83446455)
Part3918.Orientation = Vector3.new(-0.27000001072883606, 146.55999755859375, 9.5)
Part3918.Position = Vector3.new(1428.031982421875, 350.9121398925781, 3769.932861328125)
Part3918.Rotation = Vector3.new(-179.67999267578125, 33.439998626708984, -170.67999267578125)
Part3918.Transparency = 1
Part3918.Size = Vector3.new(1.3500009775161743, 22.749998092651367, 1.5)
Part3918.Anchored = true
Part3918.Material = Enum.Material.Fabric
Model3919.Name = "茂み"
Model3919.Parent = Folder0
Part3920.Name = "TreeMesh Bottom"
Part3920.Parent = Model3919
Part3920.CFrame = CFrame.new(1343.64624, 339.199219, 3706.99683, -0.546630144, -0.000414781622, -0.837376356, 0.000455754576, 1.00000381, -0.000792843872, 0.837377727, -0.00081510056, -0.5466308)
Part3920.Orientation = Vector3.new(0.05000000074505806, -123.13999938964844, 0.029999999329447746)
Part3920.Position = Vector3.new(1343.646240234375, 339.19921875, 3706.996826171875)
Part3920.Rotation = Vector3.new(179.9199981689453, -56.86000061035156, 179.9600067138672)
Part3920.Size = Vector3.new(8.250000953674316, 0.2499980926513672, 7)
Part3920.Anchored = true
Part3920.CanCollide = false
Part3920.Material = Enum.Material.Fabric
SpecialMesh3921.Name = "BarkMesh"
SpecialMesh3921.Parent = Part3920
SpecialMesh3921.MeshId = "rbxassetid://623621260"
SpecialMesh3921.Offset = Vector3.new(0, 3.4100000858306885, 0)
SpecialMesh3921.TextureId = "rbxassetid://623618671"
SpecialMesh3921.MeshType = Enum.MeshType.FileMesh
Part3922.Name = "TreeMeshTop"
Part3922.Parent = Model3919
Part3922.CFrame = CFrame.new(1343.63428, 369.339294, 3706.97192, -0.546630144, -0.000414781622, -0.837376356, 0.000455754576, 1.00000381, -0.000792843872, 0.837377727, -0.00081510056, -0.5466308)
Part3922.Orientation = Vector3.new(0.05000000074505806, -123.13999938964844, 0.029999999329447746)
Part3922.Position = Vector3.new(1343.63427734375, 369.33929443359375, 3706.971923828125)
Part3922.Rotation = Vector3.new(179.9199981689453, -56.86000061035156, 179.9600067138672)
Part3922.Transparency = 0.05000000074505806
Part3922.Size = Vector3.new(8.250000953674316, 0.2499980926513672, 7)
Part3922.Anchored = true
Part3922.CanCollide = false
Part3922.Material = Enum.Material.Fabric
SpecialMesh3923.Name = "TopTreeMesh"
SpecialMesh3923.Parent = Part3922
SpecialMesh3923.MeshId = "rbxassetid://623621456"
SpecialMesh3923.Offset = Vector3.new(0, 3.4100000858306885, 0)
SpecialMesh3923.Scale = Vector3.new(1.600000023841858, 1.600000023841858, 1.600000023841858)
SpecialMesh3923.TextureId = "rbxassetid://745556120"
SpecialMesh3923.MeshType = Enum.MeshType.FileMesh
Part3924.Name = "Tree_Collision"
Part3924.Parent = Model3919
Part3924.CFrame = CFrame.new(1340.30396, 352.325226, 3703.09009, -0.548170924, -0.031401027, -0.835778892, 0.0971287489, 0.990147769, -0.100905634, 0.830710948, -0.136491448, -0.539718986)
Part3924.Orientation = Vector3.new(5.789999961853027, -122.8499984741211, 5.599999904632568)
Part3924.Position = Vector3.new(1340.303955078125, 352.3252258300781, 3703.090087890625)
Part3924.Rotation = Vector3.new(169.41000366210938, -56.70000076293945, 176.72000122070312)
Part3924.Transparency = 1
Part3924.Size = Vector3.new(1.3500009775161743, 26.749998092651367, 1.5)
Part3924.Anchored = true
Part3924.Material = Enum.Material.Fabric
Part3925.Name = "Tree_Collision"
Part3925.Parent = Model3919
Part3925.CFrame = CFrame.new(1329.85083, 351.316223, 3702.76245, -0.560369492, -0.234169915, -0.79445225, -0.301465064, 0.951075435, -0.0676963106, 0.771434486, 0.201563984, -0.603546321)
Part3925.Orientation = Vector3.new(3.880000114440918, -127.22000122070312, -17.59000015258789)
Part3925.Position = Vector3.new(1329.850830078125, 351.31622314453125, 3702.762451171875)
Part3925.Rotation = Vector3.new(173.60000610351562, -52.599998474121094, 157.32000732421875)
Part3925.Transparency = 1
Part3925.Size = Vector3.new(1.3500009775161743, 23.749998092651367, 1.5)
Part3925.Anchored = true
Part3925.Material = Enum.Material.Fabric
Part3926.Name = "Tree_Collision"
Part3926.Parent = Model3919
Part3926.CFrame = CFrame.new(1352.04175, 352.787476, 3690.76001, -0.548634529, -0.0800779462, -0.832220793, 0.114394844, 0.978855371, -0.169601277, 0.828202963, -0.188250482, -0.527872145)
Part3926.Orientation = Vector3.new(9.760000228881836, -122.38999938964844, 6.670000076293945)
Part3926.Position = Vector3.new(1352.041748046875, 352.7874755859375, 3690.760009765625)
Part3926.Rotation = Vector3.new(162.19000244140625, -56.33000183105469, 171.6999969482422)
Part3926.Transparency = 1
Part3926.Size = Vector3.new(1.3500009775161743, 26.749998092651367, 1.5)
Part3926.Anchored = true
Part3926.Material = Enum.Material.Fabric
Part3927.Name = "Tree_Collision"
Part3927.Parent = Model3919
Part3927.CFrame = CFrame.new(1332.85669, 351.052094, 3742.57104, -0.548304319, 0.210849494, -0.809264302, -0.0107157445, 0.965847433, 0.258906662, 0.836213827, 0.1506311, -0.527317762)
Part3927.Orientation = Vector3.new(-15.010000228881836, -123.08999633789062, -0.6399999856948853)
Part3927.Position = Vector3.new(1332.856689453125, 351.0520935058594, 3742.571044921875)
Part3927.Rotation = Vector3.new(-153.85000610351562, -54.02000045776367, -158.97000122070312)
Part3927.Transparency = 1
Part3927.Size = Vector3.new(1.3500009775161743, 23.749998092651367, 1.5)
Part3927.Anchored = true
Part3927.Material = Enum.Material.Fabric
Part3928.Name = "Tree_Collision"
Part3928.Parent = Model3919
Part3928.CFrame = CFrame.new(1358.40063, 352.199432, 3707.40063, -0.512841284, 0.293277591, -0.806836963, 0.214002237, 0.95384562, 0.210689873, 0.831386209, -0.064614296, -0.551932216)
Part3928.Orientation = Vector3.new(-12.15999984741211, -124.37000274658203, 12.649999618530273)
Part3928.Position = Vector3.new(1358.400634765625, 352.1994323730469, 3707.400634765625)
Part3928.Rotation = Vector3.new(-159.11000061035156, -53.790000915527344, -150.24000549316406)
Part3928.Transparency = 1
Part3928.Size = Vector3.new(1.3500009775161743, 26.749998092651367, 1.5)
Part3928.Anchored = true
Part3928.Material = Enum.Material.Fabric
Part3929.Name = "Tree_Collision"
Part3929.Parent = Model3919
Part3929.CFrame = CFrame.new(1331.16748, 350.939117, 3688.86646, -0.631909072, -0.18503657, -0.752632797, 0.0887002349, 0.947440922, -0.307403058, 0.769953787, -0.261008978, -0.582282305)
Part3929.Orientation = Vector3.new(17.899999618530273, -127.7300033569336, 5.349999904632568)
Part3929.Position = Vector3.new(1331.16748046875, 350.9391174316406, 3688.866455078125)
Part3929.Rotation = Vector3.new(152.1699981689453, -48.81999969482422, 163.67999267578125)
Part3929.Transparency = 1
Part3929.Size = Vector3.new(1.3500009775161743, 22.749998092651367, 1.5)
Part3929.Anchored = true
Part3929.Material = Enum.Material.Fabric
Part3930.Name = "Tree_Collision"
Part3930.Parent = Model3919
Part3930.CFrame = CFrame.new(1324.3457, 351.837982, 3724.15405, -0.5745399, -0.0627176911, -0.816072464, -0.161676645, 0.98611474, 0.0380393378, 0.802353203, 0.153794497, -0.576700866)
Part3930.Orientation = Vector3.new(-2.180000066757202, -125.25, -9.3100004196167)
Part3930.Position = Vector3.new(1324.345703125, 351.8379821777344, 3724.154052734375)
Part3930.Rotation = Vector3.new(-176.22999572753906, -54.689998626708984, 173.77000427246094)
Part3930.Transparency = 1
Part3930.Size = Vector3.new(1.3500009775161743, 23.749998092651367, 1.5)
Part3930.Anchored = true
Part3930.Material = Enum.Material.Fabric
Part3931.Name = "Tree_Collision"
Part3931.Parent = Model3919
Part3931.CFrame = CFrame.new(1311.58179, 349.81842, 3731.90698, -0.522448719, -0.220818132, -0.823583901, -0.165490106, 0.973782122, -0.156108752, 0.83646065, 0.054735899, -0.545293272)
Part3931.Orientation = Vector3.new(8.979999542236328, -123.51000213623047, -9.649999618530273)
Part3931.Position = Vector3.new(1311.581787109375, 349.81842041015625, 3731.906982421875)
Part3931.Rotation = Vector3.new(164.02000427246094, -55.45000076293945, 157.08999633789062)
Part3931.Transparency = 1
Part3931.Size = Vector3.new(1.3500009775161743, 20.749998092651367, 1.5)
Part3931.Anchored = true
Part3931.Material = Enum.Material.Fabric
Part3932.Name = "Tree_Collision"
Part3932.Parent = Model3919
Part3932.CFrame = CFrame.new(1371.93384, 350.734039, 3688.21948, -0.531607985, 0.0774571598, -0.843443692, 0.268393308, 0.959901392, -0.0810116827, 0.80334568, -0.269440472, -0.531079054)
Part3932.Orientation = Vector3.new(4.650000095367432, -122.19999694824219, 15.619999885559082)
Part3932.Position = Vector3.new(1371.933837890625, 350.7340393066406, 3688.219482421875)
Part3932.Rotation = Vector3.new(171.3300018310547, -57.5099983215332, -171.7100067138672)
Part3932.Transparency = 1
Part3932.Size = Vector3.new(1.3500009775161743, 22.749998092651367, 1.5)
Part3932.Anchored = true
Part3932.Material = Enum.Material.Fabric
Part3933.Name = "Tree_Collision"
Part3933.Parent = Model3919
Part3933.CFrame = CFrame.new(1358.88892, 351.60553, 3720.7688, -0.576378584, 0.183976501, -0.796206236, -0.127163634, 0.942270279, 0.309781581, 0.807231903, 0.279799163, -0.519708157)
Part3933.Orientation = Vector3.new(-18.049999237060547, -123.12999725341797, -7.690000057220459)
Part3933.Position = Vector3.new(1358.888916015625, 351.60552978515625, 3720.768798828125)
Part3933.Rotation = Vector3.new(-149.1999969482422, -52.77000045776367, -162.3000030517578)
Part3933.Transparency = 1
Part3933.Size = Vector3.new(1.3500009775161743, 23.749998092651367, 1.5)
Part3933.Anchored = true
Part3933.Material = Enum.Material.Fabric
Part3934.Name = "Tree_Collision"
Part3934.Parent = Model3919
Part3934.CFrame = CFrame.new(1345.09497, 351.148132, 3720.75903, -0.577036023, -0.0325615704, -0.816071749, -0.109845243, 0.993224859, 0.0380404145, 0.809301853, 0.111591913, -0.57670188)
Part3934.Orientation = Vector3.new(-2.180000066757202, -125.25, -6.309999942779541)
Part3934.Position = Vector3.new(1345.094970703125, 351.14813232421875, 3720.759033203125)
Part3934.Rotation = Vector3.new(-176.22999572753906, -54.689998626708984, 176.77000427246094)
Part3934.Transparency = 1
Part3934.Size = Vector3.new(1.3500009775161743, 23.749998092651367, 1.5)
Part3934.Anchored = true
Part3934.Material = Enum.Material.Fabric
Part3935.Name = "Tree_Collision"
Part3935.Parent = Model3919
Part3935.CFrame = CFrame.new(1364.20972, 350.773743, 3674.16431, -0.542923391, 0.0943720341, -0.834465086, 0.166240409, 0.986083865, 0.00335897086, 0.823167264, -0.136897832, -0.551055193)
Part3935.Orientation = Vector3.new(-0.1899999976158142, -123.44000244140625, 9.569999694824219)
Part3935.Position = Vector3.new(1364.209716796875, 350.77374267578125, 3674.164306640625)
Part3935.Rotation = Vector3.new(-179.64999389648438, -56.560001373291016, -170.13999938964844)
Part3935.Transparency = 1
Part3935.Size = Vector3.new(1.3500009775161743, 22.749998092651367, 1.5)
Part3935.Anchored = true
Part3935.Material = Enum.Material.Fabric
Model3936.Name = "茂み"
Model3936.Parent = Folder0
Part3937.Name = "TreeMesh Bottom"
Part3937.Parent = Model3936
Part3937.CFrame = CFrame.new(1268.89062, 339.72345, 3659.59839, 0.837375879, -0.000413544127, -0.546630979, 0.000791638682, 1.00000381, 0.000456170616, 0.546631694, -0.000814790546, 0.83737725)
Part3937.Orientation = Vector3.new(-0.029999999329447746, -33.13999938964844, 0.05000000074505806)
Part3937.Position = Vector3.new(1268.890625, 339.72344970703125, 3659.598388671875)
Part3937.Rotation = Vector3.new(-0.029999999329447746, -33.13999938964844, 0.029999999329447746)
Part3937.Size = Vector3.new(8.250000953674316, 0.2499980926513672, 7)
Part3937.Anchored = true
Part3937.CanCollide = false
Part3937.Material = Enum.Material.Fabric
SpecialMesh3938.Name = "BarkMesh"
SpecialMesh3938.Parent = Part3937
SpecialMesh3938.MeshId = "rbxassetid://623621260"
SpecialMesh3938.Offset = Vector3.new(0, 3.4100000858306885, 0)
SpecialMesh3938.TextureId = "rbxassetid://623618671"
SpecialMesh3938.MeshType = Enum.MeshType.FileMesh
Part3939.Name = "TreeMeshTop"
Part3939.Parent = Model3936
Part3939.CFrame = CFrame.new(1268.87842, 369.863678, 3659.57251, 0.837375879, -0.000413544127, -0.546630979, 0.000791638682, 1.00000381, 0.000456170616, 0.546631694, -0.000814790546, 0.83737725)
Part3939.Orientation = Vector3.new(-0.029999999329447746, -33.13999938964844, 0.05000000074505806)
Part3939.Position = Vector3.new(1268.87841796875, 369.8636779785156, 3659.572509765625)
Part3939.Rotation = Vector3.new(-0.029999999329447746, -33.13999938964844, 0.029999999329447746)
Part3939.Transparency = 0.05000000074505806
Part3939.Size = Vector3.new(8.250000953674316, 0.2499980926513672, 7)
Part3939.Anchored = true
Part3939.CanCollide = false
Part3939.Material = Enum.Material.Fabric
SpecialMesh3940.Name = "TopTreeMesh"
SpecialMesh3940.Parent = Part3939
SpecialMesh3940.MeshId = "rbxassetid://623621456"
SpecialMesh3940.Offset = Vector3.new(0, 3.4100000858306885, 0)
SpecialMesh3940.Scale = Vector3.new(1.600000023841858, 1.600000023841858, 1.600000023841858)
SpecialMesh3940.TextureId = "rbxassetid://745556120"
SpecialMesh3940.MeshType = Enum.MeshType.FileMesh
Part3941.Name = "Tree_Collision"
Part3941.Parent = Model3936
Part3941.CFrame = CFrame.new(1264.9895, 352.855164, 3662.92358, 0.830748141, -0.136093885, -0.539758921, 0.0974688083, 0.990240216, -0.0996622965, 0.548053205, 0.0301844329, 0.835903049)
Part3941.Orientation = Vector3.new(5.71999979019165, -32.849998474121094, 5.619999885559082)
Part3941.Position = Vector3.new(1264.989501953125, 352.85516357421875, 3662.923583984375)
Part3941.Rotation = Vector3.new(6.800000190734863, -32.66999816894531, 9.300000190734863)
Part3941.Transparency = 1
Part3941.Size = Vector3.new(1.3500009775161743, 26.749998092651367, 1.5)
Part3941.Anchored = true
Part3941.Material = Enum.Material.Fabric
Part3942.Name = "Tree_Collision"
Part3942.Parent = Model3936
Part3942.CFrame = CFrame.new(1264.6604, 351.859131, 3673.37817, 0.771311462, 0.201944441, -0.603573442, -0.301085919, 0.951281428, -0.0664790273, 0.560741842, 0.233002827, 0.794534862)
Part3942.Orientation = Vector3.new(3.809999942779541, -37.220001220703125, -17.559999465942383)
Part3942.Position = Vector3.new(1264.660400390625, 351.859130859375, 3673.378173828125)
Part3942.Rotation = Vector3.new(4.78000020980835, -37.130001068115234, -14.670000076293945)
Part3942.Transparency = 1
Part3942.Size = Vector3.new(1.3500009775161743, 23.749998092651367, 1.5)
Part3942.Anchored = true
Part3942.Material = Enum.Material.Fabric
Part3943.Name = "Tree_Collision"
Part3943.Parent = Model3936
Part3943.CFrame = CFrame.new(1252.65991, 353.308014, 3651.18579, 0.828246415, -0.18785727, -0.527940571, 0.114736326, 0.979028523, -0.16836679, 0.548496544, 0.0788749158, 0.832428753)
Part3943.Orientation = Vector3.new(9.6899995803833, -32.380001068115234, 6.679999828338623)
Part3943.Position = Vector3.new(1252.659912109375, 353.3080139160156, 3651.185791015625)
Part3943.Rotation = Vector3.new(11.430000305175781, -31.8700008392334, 12.779999732971191)
Part3943.Transparency = 1
Part3943.Size = Vector3.new(1.3500009775161743, 26.749998092651367, 1.5)
Part3943.Anchored = true
Part3943.Material = Enum.Material.Fabric
Part3944.Name = "Tree_Collision"
Part3944.Parent = Model3936
Part3944.CFrame = CFrame.new(1304.46948, 351.575439, 3670.37378, 0.836207092, 0.151019424, -0.52721405, -0.0103785815, 0.965527117, 0.260112047, 0.548320174, -0.212035313, 0.808945775)
Part3944.Orientation = Vector3.new(-15.079999923706055, -33.09000015258789, -0.6200000047683716)
Part3944.Position = Vector3.new(1304.469482421875, 351.575439453125, 3670.373779296875)
Part3944.Rotation = Vector3.new(-17.81999969482422, -31.81999969482422, -10.239999771118164)
Part3944.Transparency = 1
Part3944.Size = Vector3.new(1.3500009775161743, 23.749998092651367, 1.5)
Part3944.Anchored = true
Part3944.Material = Enum.Material.Fabric
Part3945.Name = "Tree_Collision"
Part3945.Parent = Model3936
Part3945.CFrame = CFrame.new(1269.2998, 352.705475, 3644.82788, 0.831469536, -0.0642299801, -0.551848471, 0.214297473, 0.953510642, 0.211902082, 0.512581766, -0.29444918, 0.806577265)
Part3945.Orientation = Vector3.new(-12.229999542236328, -34.380001068115234, 12.670000076293945)
Part3945.Position = Vector3.new(1269.2998046875, 352.7054748535156, 3644.827880859375)
Part3945.Rotation = Vector3.new(-14.720000267028809, -33.4900016784668, 4.420000076293945)
Part3945.Transparency = 1
Part3945.Size = Vector3.new(1.3500009775161743, 26.749998092651367, 1.5)
Part3945.Anchored = true
Part3945.Material = Enum.Material.Fabric
Part3946.Name = "Tree_Collision"
Part3946.Parent = Model3936
Part3946.CFrame = CFrame.new(1250.7644, 351.486053, 3672.06226, 0.769987166, -0.260627449, -0.582406163, 0.0891668275, 0.947772563, -0.306243569, 0.631802619, 0.183871746, 0.753009856)
Part3946.Orientation = Vector3.new(17.829999923706055, -37.720001220703125, 5.369999885559082)
Part3946.Position = Vector3.new(1250.764404296875, 351.4860534667969, 3672.062255859375)
Part3946.Rotation = Vector3.new(22.1299991607666, -35.619998931884766, 18.700000762939453)
Part3946.Transparency = 1
Part3946.Size = Vector3.new(1.3500009775161743, 22.749998092651367, 1.5)
Part3946.Anchored = true
Part3946.Material = Enum.Material.Fabric
Part3947.Name = "Tree_Collision"
Part3947.Parent = Model3936
Part3947.CFrame = CFrame.new(1286.05249, 352.37915, 3678.88306, 0.802286685, 0.154188246, -0.57668525, -0.16129081, 0.986129522, 0.039272964, 0.574740529, 0.0615056455, 0.816025555)
Part3947.Orientation = Vector3.new(-2.25, -35.25, -9.289999961853027)
Part3947.Position = Vector3.new(1286.052490234375, 352.379150390625, 3678.883056640625)
Part3947.Rotation = Vector3.new(-2.759999990463257, -35.220001220703125, -10.880000114440918)
Part3947.Transparency = 1
Part3947.Size = Vector3.new(1.3500009775161743, 23.749998092651367, 1.5)
Part3947.Anchored = true
Part3947.Material = Enum.Material.Fabric
Part3948.Name = "Tree_Collision"
Part3948.Parent = Model3936
Part3948.CFrame = CFrame.new(1293.80493, 350.372101, 3691.64966, 0.836391687, 0.0551263615, -0.545356572, -0.165183142, 0.974030972, -0.154876679, 0.522655249, 0.219620675, 0.823775053)
Part3948.Orientation = Vector3.new(8.90999984741211, -33.5099983215332, -9.630000114440918)
Part3948.Position = Vector3.new(1293.804931640625, 350.3721008300781, 3691.649658203125)
Part3948.Rotation = Vector3.new(10.649999618530273, -33.04999923706055, -3.7699999809265137)
Part3948.Transparency = 1
Part3948.Size = Vector3.new(1.3500009775161743, 20.749998092651367, 1.5)
Part3948.Anchored = true
Part3948.Material = Enum.Material.Fabric
Part3949.Name = "Tree_Collision"
Part3949.Parent = Model3936
Part3949.CFrame = CFrame.new(1250.11792, 351.231171, 3631.29614, 0.80345118, -0.269055068, -0.531111479, 0.268724561, 0.959913433, -0.0797619447, 0.5312801, -0.0786377713, 0.843543112)
Part3949.Orientation = Vector3.new(4.570000171661377, -32.20000076293945, 15.640000343322754)
Part3949.Position = Vector3.new(1250.117919921875, 351.2311706542969, 3631.296142578125)
Part3949.Rotation = Vector3.new(5.400000095367432, -32.08000183105469, 18.510000228881836)
Part3949.Transparency = 1
Part3949.Size = Vector3.new(1.3500009775161743, 22.749998092651367, 1.5)
Part3949.Anchored = true
Part3949.Material = Enum.Material.Fabric
Part3950.Name = "Tree_Collision"
Part3950.Parent = Model3936
Part3950.CFrame = CFrame.new(1282.66772, 352.105621, 3644.34009, 0.807178199, 0.280177414, -0.519584179, -0.12677969, 0.941931188, 0.310968041, 0.57653743, -0.185133412, 0.795825005)
Part3950.Orientation = Vector3.new(-18.1200008392334, -33.13999938964844, -7.670000076293945)
Part3950.Position = Vector3.new(1282.667724609375, 352.1056213378906, 3644.340087890625)
Part3950.Rotation = Vector3.new(-21.34000015258789, -31.299999237060547, -19.139999389648438)
Part3950.Transparency = 1
Part3950.Size = Vector3.new(1.3500009775161743, 23.749998092651367, 1.5)
Part3950.Anchored = true
Part3950.Material = Enum.Material.Fabric
Part3951.Name = "Tree_Collision"
Part3951.Parent = Model3936
Part3951.CFrame = CFrame.new(1282.65796, 351.665222, 3658.13452, 0.809255302, 0.111990288, -0.576686978, -0.109460384, 0.993219316, 0.0392752551, 0.577173769, 0.0313405395, 0.816024244)
Part3951.Orientation = Vector3.new(-2.25, -35.25, -6.289999961853027)
Part3951.Position = Vector3.new(1282.657958984375, 351.66522216796875, 3658.134521484375)
Part3951.Rotation = Vector3.new(-2.759999990463257, -35.220001220703125, -7.880000114440918)
Part3951.Transparency = 1
Part3951.Size = Vector3.new(1.3500009775161743, 23.749998092651367, 1.5)
Part3951.Anchored = true
Part3951.Material = Enum.Material.Fabric
Part3952.Name = "Tree_Collision"
Part3952.Parent = Model3936
Part3952.CFrame = CFrame.new(1236.06299, 351.28598, 3639.01978, 0.823232174, -0.136501133, -0.551053643, 0.166576445, 0.986022174, 0.00460559083, 0.542721152, -0.0955838561, 0.834460735)
Part3952.Orientation = Vector3.new(-0.25999999046325684, -33.439998626708984, 9.59000015258789)
Part3952.Position = Vector3.new(1236.06298828125, 351.2859802246094, 3639.019775390625)
Part3952.Rotation = Vector3.new(-0.3199999928474426, -33.439998626708984, 9.40999984741211)
Part3952.Transparency = 1
Part3952.Size = Vector3.new(1.3500009775161743, 22.749998092651367, 1.5)
Part3952.Anchored = true
Part3952.Material = Enum.Material.Fabric
Model3953.Name = "茂み"
Model3953.Parent = Folder0
Part3954.Name = "TreeMesh Bottom"
Part3954.Parent = Model3953
Part3954.CFrame = CFrame.new(1306.30591, 339.748688, 3671.52124, -0.546630144, -0.000413864385, -0.837376356, 0.000455754576, 1.00000381, -0.00079174852, 0.837377727, -0.000814501778, -0.5466308)
Part3954.Orientation = Vector3.new(0.05000000074505806, -123.13999938964844, 0.029999999329447746)
Part3954.Position = Vector3.new(1306.305908203125, 339.7486877441406, 3671.521240234375)
Part3954.Rotation = Vector3.new(179.9199981689453, -56.86000061035156, 179.9600067138672)
Part3954.Size = Vector3.new(8.250000953674316, 0.2499980926513672, 7)
Part3954.Anchored = true
Part3954.CanCollide = false
Part3954.Material = Enum.Material.Fabric
SpecialMesh3955.Name = "BarkMesh"
SpecialMesh3955.Parent = Part3954
SpecialMesh3955.MeshId = "rbxassetid://623621260"
SpecialMesh3955.Offset = Vector3.new(0, 3.4100000858306885, 0)
SpecialMesh3955.TextureId = "rbxassetid://623618671"
SpecialMesh3955.MeshType = Enum.MeshType.FileMesh
Part3956.Name = "TreeMeshTop"
Part3956.Parent = Model3953
Part3956.CFrame = CFrame.new(1306.2937, 369.888763, 3671.49634, -0.546630144, -0.000413864385, -0.837376356, 0.000455754576, 1.00000381, -0.00079174852, 0.837377727, -0.000814501778, -0.5466308)
Part3956.Orientation = Vector3.new(0.05000000074505806, -123.13999938964844, 0.029999999329447746)
Part3956.Position = Vector3.new(1306.293701171875, 369.8887634277344, 3671.496337890625)
Part3956.Rotation = Vector3.new(179.9199981689453, -56.86000061035156, 179.9600067138672)
Part3956.Transparency = 0.05000000074505806
Part3956.Size = Vector3.new(8.250000953674316, 0.2499980926513672, 7)
Part3956.Anchored = true
Part3956.CanCollide = false
Part3956.Material = Enum.Material.Fabric
SpecialMesh3957.Name = "TopTreeMesh"
SpecialMesh3957.Parent = Part3956
SpecialMesh3957.MeshId = "rbxassetid://623621456"
SpecialMesh3957.Offset = Vector3.new(0, 3.4100000858306885, 0)
SpecialMesh3957.Scale = Vector3.new(1.600000023841858, 1.600000023841858, 1.600000023841858)
SpecialMesh3957.TextureId = "rbxassetid://745556120"
SpecialMesh3957.MeshType = Enum.MeshType.FileMesh
Part3958.Name = "Tree_Collision"
Part3958.Parent = Model3953
Part3958.CFrame = CFrame.new(1302.96362, 352.874695, 3667.61401, -0.548170209, -0.0314008929, -0.835779369, 0.097127758, 0.990148008, -0.100904673, 0.830711663, -0.136490047, -0.53971839)
Part3958.Orientation = Vector3.new(5.789999961853027, -122.8499984741211, 5.599999904632568)
Part3958.Position = Vector3.new(1302.963623046875, 352.87469482421875, 3667.614013671875)
Part3958.Rotation = Vector3.new(169.41000366210938, -56.70000076293945, 176.72000122070312)
Part3958.Transparency = 1
Part3958.Size = Vector3.new(1.3500009775161743, 26.749998092651367, 1.5)
Part3958.Anchored = true
Part3958.Material = Enum.Material.Fabric
Part3959.Name = "Tree_Collision"
Part3959.Parent = Model3953
Part3959.CFrame = CFrame.new(1292.51025, 351.865601, 3667.28638, -0.560369253, -0.234171301, -0.794451892, -0.301465929, 0.951075137, -0.0676973313, 0.771434188, 0.201564014, -0.60354656)
Part3959.Orientation = Vector3.new(3.880000114440918, -127.22000122070312, -17.59000015258789)
Part3959.Position = Vector3.new(1292.51025390625, 351.8656005859375, 3667.286376953125)
Part3959.Rotation = Vector3.new(173.60000610351562, -52.599998474121094, 157.32000732421875)
Part3959.Transparency = 1
Part3959.Size = Vector3.new(1.3500009775161743, 23.749998092651367, 1.5)
Part3959.Anchored = true
Part3959.Material = Enum.Material.Fabric
Part3960.Name = "Tree_Collision"
Part3960.Parent = Model3953
Part3960.CFrame = CFrame.new(1314.70093, 353.336945, 3655.28442, -0.548634589, -0.0800802037, -0.832220554, 0.11439386, 0.978855133, -0.169603288, 0.828203082, -0.18825078, -0.527871907)
Part3960.Orientation = Vector3.new(9.760000228881836, -122.38999938964844, 6.670000076293945)
Part3960.Position = Vector3.new(1314.700927734375, 353.3369445800781, 3655.284423828125)
Part3960.Rotation = Vector3.new(162.19000244140625, -56.33000183105469, 171.6999969482422)
Part3960.Transparency = 1
