Part4683.Name = "Tree_Collision"
Part4683.Parent = Model4675
Part4683.CFrame = CFrame.new(2692.6604, 290.607025, 3098.49707, 0.0146283917, -0.107243702, -0.994125724, -0.0433139056, 0.993231237, -0.107785217, 0.998956561, 0.0446363091, 0.00988430716)
Part4683.Orientation = Vector3.new(6.190000057220459, -89.43000030517578, -2.5)
Part4683.Position = Vector3.new(2692.660400390625, 290.6070251464844, 3098.4970703125)
Part4683.Rotation = Vector3.new(84.76000213623047, -83.79000091552734, 82.2300033569336)
Part4683.Transparency = 1
Part4683.Size = Vector3.new(1.3500009775161743, 23.749998092651367, 1.5)
Part4683.Anchored = true
Part4683.Material = Enum.Material.Fabric
Part4684.Name = "Tree_Collision"
Part4684.Parent = Model4675
Part4684.CFrame = CFrame.new(2693.71558, 293.873688, 3055.14966, -0.0415887237, -0.151110828, -0.987642288, 0.176630065, 0.971816838, -0.156127945, 0.983400524, -0.180940539, -0.0137258731)
Part4684.Orientation = Vector3.new(8.979999542236328, -90.80000305175781, 10.300000190734863)
Part4684.Position = Vector3.new(2693.715576171875, 293.8736877441406, 3055.149658203125)
Part4684.Rotation = Vector3.new(95.0199966430664, -80.9800033569336, 105.38999938964844)
Part4684.Transparency = 1
Part4684.Size = Vector3.new(1.3500009775161743, 26.749998092651367, 1.5)
Part4684.Anchored = true
Part4684.Material = Enum.Material.Fabric
Part4685.Name = "Tree_Collision"
Part4685.Parent = Model4675
Part4685.CFrame = CFrame.new(2663.45264, 280.818817, 3054.47363, -0.12044625, -0.621137261, -0.774391711, 0.0112607926, 0.779165447, -0.62671876, 0.992658138, -0.0842060596, -0.0868530571)
Part4685.Orientation = Vector3.new(38.810001373291016, -96.4000015258789, 0.8299999833106995)
Part4685.Position = Vector3.new(2663.45263671875, 280.8188171386719, 3054.4736328125)
Part4685.Rotation = Vector3.new(97.88999938964844, -50.75, 100.97000122070312)
Part4685.Transparency = 1
Part4685.Size = Vector3.new(1.3500009775161743, 22.749998092651367, 1.5)
Part4685.Anchored = true
Part4685.Material = Enum.Material.Fabric
Part4686.Name = "Tree_Collision"
Part4686.Parent = Model4675
Part4686.CFrame = CFrame.new(2676.20947, 285.477936, 3087.76221, 0.0312224962, -0.324622512, -0.945328712, -0.198156983, 0.925006568, -0.324189365, 0.979674995, 0.19744572, -0.0354451165)
Part4686.Orientation = Vector3.new(18.920000076293945, -92.1500015258789, -12.09000015258789)
Part4686.Position = Vector3.new(2676.20947265625, 285.4779357910156, 3087.76220703125)
Part4686.Rotation = Vector3.new(96.23999786376953, -70.97000122070312, 84.51000213623047)
Part4686.Transparency = 1
Part4686.Size = Vector3.new(1.3500009775161743, 23.749998092651367, 1.5)
Part4686.Anchored = true
Part4686.Material = Enum.Material.Fabric
Part4687.Name = "Tree_Collision"
Part4687.Parent = Model4675
Part4687.CFrame = CFrame.new(2671.09473, 280.82608, 3101.15234, 0.0906576216, -0.494058371, -0.864690125, -0.179215848, 0.845997036, -0.502168238, 0.97962594, 0.200491756, -0.0118468627)
Part4687.Orientation = Vector3.new(30.139999389648438, -90.77999877929688, -11.960000038146973)
Part4687.Position = Vector3.new(2671.0947265625, 280.8260803222656, 3101.15234375)
Part4687.Rotation = Vector3.new(91.3499984741211, -59.849998474121094, 79.5999984741211)
Part4687.Transparency = 1
Part4687.Size = Vector3.new(1.3500009775161743, 20.749998092651367, 1.5)
Part4687.Anchored = true
Part4687.Material = Enum.Material.Fabric
Part4688.Name = "Tree_Collision"
Part4688.Parent = Model4675
Part4688.CFrame = CFrame.new(2694.73828, 293.57901, 3031.65332, -0.0903434604, -0.426884472, -0.899782479, 0.216529787, 0.873445332, -0.436130852, 0.972088933, -0.234231412, 0.013523126)
Part4688.Orientation = Vector3.new(25.860000610351562, -89.13999938964844, 13.920000076293945)
Part4688.Position = Vector3.new(2694.73828125, 293.5790100097656, 3031.6533203125)
Part4688.Rotation = Vector3.new(88.22000122070312, -64.12999725341797, 101.94999694824219)
Part4688.Transparency = 1
Part4688.Size = Vector3.new(1.3500009775161743, 22.749998092651367, 1.5)
Part4688.Anchored = true
Part4688.Material = Enum.Material.Fabric
Part4689.Name = "Tree_Collision"
Part4689.Parent = Model4675
Part4689.CFrame = CFrame.new(2701.26416, 295.752594, 3066.04932, 0.0198748931, -0.0523194708, -0.998433232, -0.165754944, 0.98463887, -0.0548968539, 0.985968769, 0.166586444, 0.0108974371)
Part4689.Orientation = Vector3.new(3.1500000953674316, -89.37000274658203, -9.5600004196167)
Part4689.Position = Vector3.new(2701.26416015625, 295.7525939941406, 3066.04931640625)
Part4689.Rotation = Vector3.new(78.7699966430664, -86.79000091552734, 69.19999694824219)
Part4689.Transparency = 1
Part4689.Size = Vector3.new(1.3500009775161743, 23.749998092651367, 1.5)
Part4689.Anchored = true
Part4689.Material = Enum.Material.Fabric
Part4690.Name = "Tree_Collision"
Part4690.Parent = Model4675
Part4690.CFrame = CFrame.new(2690.74951, 290.905182, 3073.56104, 0.0141902529, -0.32581085, -0.945329249, -0.149475351, 0.934109807, -0.324188441, 0.988665879, 0.145903915, -0.0354453474)
Part4690.Orientation = Vector3.new(18.920000076293945, -92.1500015258789, -9.09000015258789)
Part4690.Position = Vector3.new(2690.74951171875, 290.9051818847656, 3073.56103515625)
Part4690.Rotation = Vector3.new(96.23999786376953, -70.97000122070312, 87.51000213623047)
Part4690.Transparency = 1
Part4690.Size = Vector3.new(1.3500009775161743, 23.749998092651367, 1.5)
Part4690.Anchored = true
Part4690.Material = Enum.Material.Fabric
Part4691.Name = "Tree_Collision"
Part4691.Parent = Model4675
Part4691.CFrame = CFrame.new(2681.43311, 288.748444, 3024.11206, -0.0518979132, -0.354289949, -0.933695138, 0.121086031, 0.925824642, -0.35803467, 0.991286576, -0.131638616, -0.00514876703)
Part4691.Orientation = Vector3.new(20.979999542236328, -90.31999969482422, 7.449999809265137)
Part4691.Position = Vector3.new(2681.43310546875, 288.7484436035156, 3024.112060546875)
Part4691.Rotation = Vector3.new(90.81999969482422, -69.0199966430664, 98.33000183105469)
Part4691.Transparency = 1
Part4691.Size = Vector3.new(1.3500009775161743, 22.749998092651367, 1.5)
Part4691.Anchored = true
Part4691.Material = Enum.Material.Fabric
Model4692.Name = "茂み"
Model4692.Parent = Folder0
Part4693.Name = "TreeMesh Bottom"
Part4693.Parent = Model4692
Part4693.CFrame = CFrame.new(2619.41431, 258.922699, 3196.20752, -0.0608821511, -0.33738336, -0.939396501, 0.166825414, 0.924464762, -0.342832536, 0.98410511, -0.177587613, 6.85453415e-07)
Part4693.Orientation = Vector3.new(20.049999237060547, -90, 10.229999542236328)
Part4693.Position = Vector3.new(2619.414306640625, 258.9226989746094, 3196.20751953125)
Part4693.Rotation = Vector3.new(90, -69.94999694824219, 100.2300033569336)
Part4693.Size = Vector3.new(8.250000953674316, 0.2499980926513672, 7)
Part4693.Anchored = true
Part4693.CanCollide = false
Part4693.Material = Enum.Material.Fabric
SpecialMesh4694.Name = "BarkMesh"
SpecialMesh4694.Parent = Part4693
SpecialMesh4694.MeshId = "rbxassetid://623621260"
SpecialMesh4694.Offset = Vector3.new(0, 3.4100000858306885, 0)
SpecialMesh4694.TextureId = "rbxassetid://623618671"
SpecialMesh4694.MeshType = Enum.MeshType.FileMesh
Part4695.Name = "TreeMeshTop"
Part4695.Parent = Model4692
Part4695.CFrame = CFrame.new(2609.24658, 286.786835, 3190.85376, -0.0608821511, -0.33738336, -0.939396501, 0.166825414, 0.924464762, -0.342832536, 0.98410511, -0.177587613, 6.85453415e-07)
Part4695.Orientation = Vector3.new(20.049999237060547, -90, 10.229999542236328)
Part4695.Position = Vector3.new(2609.24658203125, 286.7868347167969, 3190.853759765625)
Part4695.Rotation = Vector3.new(90, -69.94999694824219, 100.2300033569336)
Part4695.Transparency = 0.05000000074505806
Part4695.Size = Vector3.new(8.250000953674316, 0.2499980926513672, 7)
Part4695.Anchored = true
Part4695.CanCollide = false
Part4695.Material = Enum.Material.Fabric
SpecialMesh4696.Name = "TopTreeMesh"
SpecialMesh4696.Parent = Part4695
SpecialMesh4696.MeshId = "rbxassetid://623621456"
SpecialMesh4696.Offset = Vector3.new(0, 3.4100000858306885, 0)
SpecialMesh4696.Scale = Vector3.new(1.600000023841858, 1.600000023841858, 1.600000023841858)
SpecialMesh4696.TextureId = "rbxassetid://745556120"
SpecialMesh4696.MeshType = Enum.MeshType.FileMesh
Part4697.Name = "Tree_Collision"
Part4697.Parent = Model4692
Part4697.CFrame = CFrame.new(2610.44678, 269.133759, 3192.45972, -0.0977770984, -0.422265649, -0.901183426, 0.253750443, 0.865015507, -0.432850033, 0.962315202, -0.270998538, 0.0225713849)
Part4697.Orientation = Vector3.new(25.649999618530273, -88.56999969482422, 16.350000381469727)
Part4697.Position = Vector3.new(2610.44677734375, 269.1337585449219, 3192.459716796875)
Part4697.Rotation = Vector3.new(87.01000213623047, -64.30999755859375, 103.04000091552734)
Part4697.Transparency = 1
Part4697.Size = Vector3.new(1.3500009775161743, 26.749998092651367, 1.5)
Part4697.Anchored = true
Part4697.Material = Enum.Material.Fabric
Part4698.Name = "Tree_Collision"
Part4698.Parent = Model4692
Part4698.CFrame = CFrame.new(2602.06226, 266.049896, 3197.99121, -0.0010227561, -0.418941915, -0.908012509, -0.136593789, 0.899560869, -0.414888561, 0.990626812, 0.123604544, -0.0581448972)
Part4698.Orientation = Vector3.new(24.510000228881836, -93.66000366210938, -8.630000114440918)
Part4698.Position = Vector3.new(2602.062255859375, 266.0498962402344, 3197.9912109375)
Part4698.Rotation = Vector3.new(97.9800033569336, -65.2300033569336, 90.13999938964844)
Part4698.Transparency = 1
Part4698.Size = Vector3.new(1.3500009775161743, 23.749998092651367, 1.5)
Part4698.Anchored = true
Part4698.Material = Enum.Material.Fabric
Part4699.Name = "Tree_Collision"
Part4699.Parent = Model4692
Part4699.CFrame = CFrame.new(2614.21069, 267.832245, 3175.90088, -0.105130225, -0.482335418, -0.869655371, 0.268808246, 0.828164577, -0.491818905, 0.957439303, -0.285475552, 0.0425905585)
Part4699.Orientation = Vector3.new(29.459999084472656, -87.19999694824219, 17.979999542236328)
Part4699.Position = Vector3.new(2614.210693359375, 267.8322448730469, 3175.90087890625)
Part4699.Rotation = Vector3.new(85.05000305175781, -60.41999816894531, 102.30000305175781)
Part4699.Transparency = 1
Part4699.Size = Vector3.new(1.3500009775161743, 26.749998092651367, 1.5)
Part4699.Anchored = true
Part4699.Material = Enum.Material.Fabric
Part4700.Name = "Tree_Collision"
Part4700.Parent = Model4692
Part4700.CFrame = CFrame.new(2623.03882, 279.384979, 3229.2334, -0.0590336919, -0.0825511664, -0.994836926, 0.155786857, 0.983602822, -0.0908633024, 0.986025333, -0.160346493, -0.0452053547)
Part4700.Orientation = Vector3.new(5.210000038146973, -92.5999984741211, 9)
Part4700.Position = Vector3.new(2623.038818359375, 279.3849792480469, 3229.2333984375)
Part4700.Rotation = Vector3.new(116.44999694824219, -84.18000030517578, 125.56999969482422)
Part4700.Transparency = 1
Part4700.Size = Vector3.new(1.3500009775161743, 23.749998092651367, 1.5)
Part4700.Anchored = true
Part4700.Material = Enum.Material.Fabric
Part4701.Name = "Tree_Collision"
Part4701.Parent = Model4692
Part4701.CFrame = CFrame.new(2627.32397, 273.962616, 3186.30127, -0.107839614, -0.110529251, -0.988005042, 0.368960083, 0.918376982, -0.143011421, 0.923168182, -0.379956722, -0.0582565069)
Part4701.Orientation = Vector3.new(8.220000267028809, -93.37000274658203, 21.889999389648438)
Part4701.Position = Vector3.new(2627.323974609375, 273.9626159667969, 3186.30126953125)
Part4701.Rotation = Vector3.new(112.16000366210938, -81.12000274658203, 134.2899932861328)
Part4701.Transparency = 1
Part4701.Size = Vector3.new(1.3500009775161743, 26.749998092651367, 1.5)
Part4701.Anchored = true
Part4701.Material = Enum.Material.Fabric
Part4702.Name = "Tree_Collision"
Part4702.Parent = Model4692
Part4702.CFrame = CFrame.new(2596.83813, 261.423553, 3185.89648, -0.191724539, -0.591504335, -0.783175826, 0.209755987, 0.754846454, -0.621457338, 0.958772242, -0.283424467, -0.0206510127)
Part4702.Orientation = Vector3.new(38.41999816894531, -91.51000213623047, 15.529999732971191)
Part4702.Position = Vector3.new(2596.838134765625, 261.4235534667969, 3185.896484375)
Part4702.Rotation = Vector3.new(91.9000015258789, -51.54999923706055, 107.95999908447266)
Part4702.Transparency = 1
Part4702.Size = Vector3.new(1.3500009775161743, 22.749998092651367, 1.5)
Part4702.Anchored = true
Part4702.Material = Enum.Material.Fabric
Part4703.Name = "Tree_Collision"
Part4703.Parent = Model4692
Part4703.CFrame = CFrame.new(2607.27295, 272.43808, 3218.49194, -0.0453956127, -0.312246263, -0.948915958, 1.20699406e-06, 0.949895322, -0.312568456, 0.998969316, -0.0141903758, -0.0431206524)
Part4703.Orientation = Vector3.new(18.209999084472656, -92.5999984741211, 0)
Part4703.Position = Vector3.new(2607.27294921875, 272.4380798339844, 3218.491943359375)
Part4703.Rotation = Vector3.new(97.8499984741211, -71.61000061035156, 98.2699966430664)
Part4703.Transparency = 1
Part4703.Size = Vector3.new(1.3500009775161743, 23.749998092651367, 1.5)
Part4703.Anchored = true
Part4703.Material = Enum.Material.Fabric
Part4704.Name = "Tree_Collision"
Part4704.Parent = Model4692
Part4704.CFrame = CFrame.new(2601.07349, 270.604584, 3232.10547, 0.0143887699, -0.483587921, -0.875177622, 0.0177884847, 0.875253499, -0.483337402, 0.999738336, -0.00861342624, 0.0211960971)
Part4704.Orientation = Vector3.new(28.899999618530273, -88.61000061035156, 1.159999966621399)
Part4704.Position = Vector3.new(2601.073486328125, 270.6045837402344, 3232.10546875)
Part4704.Rotation = Vector3.new(87.48999786376953, -61.06999969482422, 88.30000305175781)
Part4704.Transparency = 1
Part4704.Size = Vector3.new(1.3500009775161743, 20.749998092651367, 1.5)
Part4704.Anchored = true
Part4704.Material = Enum.Material.Fabric
Part4705.Name = "Tree_Collision"
Part4705.Parent = Model4692
Part4705.CFrame = CFrame.new(2630.03857, 268.993256, 3163.47168, -0.154517442, -0.384341538, -0.910168231, 0.406441748, 0.814940989, -0.413130224, 0.900516391, -0.433766186, 0.0302898586)
Part4705.Orientation = Vector3.new(24.399999618530273, -88.08999633789062, 26.510000228881836)
Part4705.Position = Vector3.new(2630.03857421875, 268.9932556152344, 3163.4716796875)
Part4705.Rotation = Vector3.new(85.80999755859375, -65.52999877929688, 111.9000015258789)
Part4705.Transparency = 1
Part4705.Size = Vector3.new(1.3500009775161743, 22.749998092651367, 1.5)
Part4705.Anchored = true
Part4705.Material = Enum.Material.Fabric
Part4706.Name = "Tree_Collision"
Part4706.Parent = Model4692
Part4706.CFrame = CFrame.new(2634.11182, 277.871552, 3197.1626, -0.0562644899, -0.036871776, -0.997734904, 0.0331505239, 0.998697877, -0.0387767553, 0.997865558, -0.0352571756, -0.0549688339)
Part4706.Orientation = Vector3.new(2.2200000286102295, -93.1500015258789, 1.899999976158142)
Part4706.Position = Vector3.new(2634.11181640625, 277.8715515136719, 3197.16259765625)
Part4706.Rotation = Vector3.new(144.8000030517578, -86.13999938964844, 146.75999450683594)
Part4706.Transparency = 1
Part4706.Size = Vector3.new(1.3500009775161743, 23.749998092651367, 1.5)
Part4706.Anchored = true
Part4706.Material = Enum.Material.Fabric
Part4707.Name = "Tree_Collision"
Part4707.Parent = Model4692
Part4707.CFrame = CFrame.new(2622.94946, 274.748383, 3204.65479, -0.0616748631, -0.309441775, -0.948916376, 0.0497130007, 0.948593855, -0.312567681, 0.996857524, -0.0664510429, -0.0431211889)
Part4707.Orientation = Vector3.new(18.209999084472656, -92.5999984741211, 3)
Part4707.Position = Vector3.new(2622.949462890625, 274.7483825683594, 3204.65478515625)
Part4707.Rotation = Vector3.new(97.8499984741211, -71.61000061035156, 101.2699966430664)
Part4707.Transparency = 1
Part4707.Size = Vector3.new(1.3500009775161743, 23.749998092651367, 1.5)
Part4707.Anchored = true
Part4707.Material = Enum.Material.Fabric
Part4708.Name = "Tree_Collision"
Part4708.Parent = Model4692
Part4708.CFrame = CFrame.new(2617.18579, 262.932343, 3156.03394, -0.120232761, -0.317946881, -0.940454125, 0.316227317, 0.885714233, -0.339868724, 0.94103384, -0.33826068, -0.00594836473)
Part4708.Orientation = Vector3.new(19.8700008392334, -90.36000061035156, 19.649999618530273)
Part4708.Position = Vector3.new(2617.185791015625, 262.9323425292969, 3156.033935546875)
Part4708.Rotation = Vector3.new(91, -70.12999725341797, 110.70999908447266)
Part4708.Transparency = 1
Part4708.Size = Vector3.new(1.3500009775161743, 22.749998092651367, 1.5)
Part4708.Anchored = true
Part4708.Material = Enum.Material.Fabric
Model4709.Name = "茂み"
Model4709.Parent = Folder0
Part4710.Name = "TreeMesh Bottom"
Part4710.Parent = Model4709
Part4710.CFrame = CFrame.new(2742.87964, 309.762756, 3096.52246, -0.00636353344, -0.18417877, -0.982872963, 0.0339422151, 0.982286513, -0.184289396, 0.999405682, -0.0345333293, 7.21838887e-07)
Part4710.Orientation = Vector3.new(10.619999885559082, -90, 1.9800000190734863)
Part4710.Position = Vector3.new(2742.879638671875, 309.76275634765625, 3096.5224609375)
Part4710.Rotation = Vector3.new(90, -79.37999725341797, 91.9800033569336)
Part4710.Size = Vector3.new(8.250000953674316, 0.2499980926513672, 7)
Part4710.Anchored = true
Part4710.CanCollide = false
Part4710.Material = Enum.Material.Fabric
SpecialMesh4711.Name = "BarkMesh"
SpecialMesh4711.Parent = Part4710
SpecialMesh4711.MeshId = "rbxassetid://623621260"
SpecialMesh4711.Offset = Vector3.new(0, 3.4100000858306885, 0)
SpecialMesh4711.TextureId = "rbxassetid://623618671"
SpecialMesh4711.MeshType = Enum.MeshType.FileMesh
Part4712.Name = "TreeMeshTop"
Part4712.Parent = Model4709
Part4712.CFrame = CFrame.new(2737.32959, 339.369385, 3095.48071, -0.00636353344, -0.18417877, -0.982872963, 0.0339422151, 0.982286513, -0.184289396, 0.999405682, -0.0345333293, 7.21838887e-07)
Part4712.Orientation = Vector3.new(10.619999885559082, -90, 1.9800000190734863)
Part4712.Position = Vector3.new(2737.32958984375, 339.369384765625, 3095.480712890625)
Part4712.Rotation = Vector3.new(90, -79.37999725341797, 91.9800033569336)
Part4712.Transparency = 0.05000000074505806
Part4712.Size = Vector3.new(8.250000953674316, 0.2499980926513672, 7)
Part4712.Anchored = true
Part4712.CanCollide = false
Part4712.Material = Enum.Material.Fabric
SpecialMesh4713.Name = "TopTreeMesh"
SpecialMesh4713.Parent = Part4712
SpecialMesh4713.MeshId = "rbxassetid://623621456"
SpecialMesh4713.Offset = Vector3.new(0, 3.4100000858306885, 0)
SpecialMesh4713.Scale = Vector3.new(1.600000023841858, 1.600000023841858, 1.600000023841858)
SpecialMesh4713.TextureId = "rbxassetid://745556120"
SpecialMesh4713.MeshType = Enum.MeshType.FileMesh
Part4714.Name = "Tree_Collision"
Part4714.Parent = Model4709
Part4714.CFrame = CFrame.new(2735.63159, 321.704651, 3094.63135, -0.0289149005, -0.280175388, -0.959513903, 0.127853289, 0.950994074, -0.281541198, 0.991373599, -0.130817518, 0.00832350459)
Part4714.Orientation = Vector3.new(16.350000381469727, -89.5, 7.659999847412109)
Part4714.Position = Vector3.new(2735.631591796875, 321.70465087890625, 3094.63134765625)
Part4714.Rotation = Vector3.new(88.30999755859375, -73.63999938964844, 95.88999938964844)
Part4714.Transparency = 1
Part4714.Size = Vector3.new(1.3500009775161743, 26.749998092651367, 1.5)
Part4714.Anchored = true
Part4714.Material = Enum.Material.Fabric
Part4715.Name = "Tree_Collision"
Part4715.Parent = Model4709
Part4715.CFrame = CFrame.new(2727.00098, 319.256165, 3100.10229, 0.0025643697, -0.260742098, -0.965405881, -0.273000836, 0.92855376, -0.251514971, 0.962012291, 0.264202029, -0.0688015819)
Part4715.Orientation = Vector3.new(14.569999694824219, -94.08000183105469, -16.3799991607666)
Part4715.Position = Vector3.new(2727.0009765625, 319.25616455078125, 3100.102294921875)
Part4715.Rotation = Vector3.new(105.30000305175781, -74.88999938964844, 89.44000244140625)
Part4715.Transparency = 1
Part4715.Size = Vector3.new(1.3500009775161743, 23.749998092651367, 1.5)
Part4715.Anchored = true
Part4715.Material = Enum.Material.Fabric
Part4716.Name = "Tree_Collision"
Part4716.Parent = Model4709
Part4716.CFrame = CFrame.new(2738.68872, 322.165009, 3077.88379, -0.0337988138, -0.345880479, -0.937670469, 0.144430816, 0.926667392, -0.347028702, 0.988939703, -0.147157431, 0.0186356604)
Part4716.Orientation = Vector3.new(20.309999465942383, -88.86000061035156, 8.859999656677246)
Part4716.Position = Vector3.new(2738.688720703125, 322.1650085449219, 3077.8837890625)
Part4716.Rotation = Vector3.new(86.93000030517578, -69.66000366210938, 95.58000183105469)
Part4716.Transparency = 1
Part4716.Size = Vector3.new(1.3500009775161743, 26.749998092651367, 1.5)
Part4716.Anchored = true
Part4716.Material = Enum.Material.Fabric
Part4717.Name = "Tree_Collision"
Part4717.Parent = Model4709
Part4717.CFrame = CFrame.new(2750.71509, 324.513489, 3131.7854, -0.00631881133, 0.0772950053, -0.996988893, 0.0225908644, 0.996765614, 0.0771337003, 0.999726951, -0.0220352039, -0.00804436952)
Part4717.Orientation = Vector3.new(-4.420000076293945, -90.45999908447266, 1.2999999523162842)
Part4717.Position = Vector3.new(2750.715087890625, 324.51348876953125, 3131.785400390625)
Part4717.Rotation = Vector3.new(-95.94999694824219, -85.55000305175781, -94.66999816894531)
Part4717.Transparency = 1
Part4717.Size = Vector3.new(1.3500009775161743, 23.749998092651367, 1.5)
Part4717.Anchored = true
Part4717.Material = Enum.Material.Fabric
Part4718.Name = "Tree_Collision"
Part4718.Parent = Model4709
Part4718.CFrame = CFrame.new(2752.90625, 324.583923, 3088.35742, -0.0207875259, 0.0331021063, -0.999236584, 0.247541904, 0.968503654, 0.0269334614, 0.968656421, -0.246792957, -0.0283268318)
Part4718.Orientation = Vector3.new(-1.5399999618530273, -91.62000274658203, 14.34000015258789)
Part4718.Position = Vector3.new(2752.90625, 324.58392333984375, 3088.357421875)
Part4718.Rotation = Vector3.new(-136.44000244140625, -87.76000213623047, -122.12999725341797)
Part4718.Transparency = 1
Part4718.Size = Vector3.new(1.3500009775161743, 26.749998092651367, 1.5)
Part4718.Anchored = true
Part4718.Material = Enum.Material.Fabric
Part4719.Name = "Tree_Collision"
Part4719.Parent = Model4709
Part4719.CFrame = CFrame.new(2720.76514, 317.280396, 3087.7666, -0.128913924, -0.465591371, -0.875561237, 0.10043852, 0.872257471, -0.478623658, 0.986558497, -0.149641007, -0.065682821)
Part4719.Orientation = Vector3.new(28.600000381469727, -94.29000091552734, 6.570000171661377)
Part4719.Position = Vector3.new(2720.76513671875, 317.2803955078125, 3087.7666015625)
Part4719.Rotation = Vector3.new(97.80999755859375, -61.11000061035156, 105.4800033569336)
Part4719.Transparency = 1
Part4719.Size = Vector3.new(1.3500009775161743, 22.749998092651367, 1.5)
Part4719.Anchored = true
Part4719.Material = Enum.Material.Fabric
Part4720.Name = "Tree_Collision"
Part4720.Parent = Model4709
Part4720.CFrame = CFrame.new(2733.73804, 321.769714, 3120.99487, -0.0183351245, -0.150864884, -0.988385022, -0.13361606, 0.980053842, -0.147115365, 0.990865648, 0.129367113, -0.0381272323)
Part4720.Orientation = Vector3.new(8.460000038146973, -92.20999908447266, -7.760000228881836)
Part4720.Position = Vector3.new(2733.738037109375, 321.76971435546875, 3120.994873046875)
Part4720.Rotation = Vector3.new(104.52999877929688, -81.26000213623047, 96.93000030517578)
Part4720.Transparency = 1
Part4720.Size = Vector3.new(1.3500009775161743, 23.749998092651367, 1.5)
Part4720.Anchored = true
Part4720.Material = Enum.Material.Fabric
Part4721.Name = "Tree_Collision"
Part4721.Parent = Model4709
Part4721.CFrame = CFrame.new(2727.68286, 319.052979, 3134.52466, 0.0435700603, -0.331994236, -0.942275465, -0.12593469, 0.933822513, -0.33483994, 0.991083324, 0.133254543, -0.0011227075)
Part4721.Orientation = Vector3.new(19.559999465942383, -90.06999969482422, -7.679999828338623)
Part4721.Position = Vector3.new(2727.682861328125, 319.052978515625, 3134.524658203125)
Part4721.Rotation = Vector3.new(90.19000244140625, -70.44000244140625, 82.5199966430664)
Part4721.Transparency = 1
Part4721.Size = Vector3.new(1.3500009775161743, 20.749998092651367, 1.5)
Part4721.Anchored = true
Part4721.Material = Enum.Material.Fabric
Part4722.Name = "Tree_Collision"
Part4722.Parent = Model4709
Part4722.CFrame = CFrame.new(2754.15576, 322.513947, 3064.96143, -0.0611956604, -0.255386621, -0.96490097, 0.294839561, 0.918948829, -0.261924267, 0.953587294, -0.300519615, 0.0190624446)
Part4722.Orientation = Vector3.new(15.180000305175781, -88.87000274658203, 17.790000915527344)
Part4722.Position = Vector3.new(2754.15576171875, 322.5139465332031, 3064.96142578125)
Part4722.Rotation = Vector3.new(85.83999633789062, -74.7699966430664, 103.4800033569336)
Part4722.Transparency = 1
Part4722.Size = Vector3.new(1.3500009775161743, 22.749998092651367, 1.5)
Part4722.Anchored = true
Part4722.Material = Enum.Material.Fabric
Part4723.Name = "Tree_Collision"
Part4723.Parent = Model4709
Part4723.CFrame = CFrame.new(2760.53247, 325.782593, 3099.29883, -0.0235886611, 0.128135651, -0.991476893, -0.0993323177, 0.986544967, 0.129860699, 0.994776726, 0.101549193, -0.0105431098)
Part4723.Orientation = Vector3.new(-7.460000038146973, -90.61000061035156, -5.75)
Part4723.Position = Vector3.new(2760.532470703125, 325.7825927734375, 3099.298828125)
Part4723.Rotation = Vector3.new(-94.63999938964844, -82.51000213623047, -100.43000030517578)
Part4723.Transparency = 1
Part4723.Size = Vector3.new(1.3500009775161743, 23.749998092651367, 1.5)
Part4723.Anchored = true
Part4723.Material = Enum.Material.Fabric
Part4724.Name = "Tree_Collision"
Part4724.Parent = Model4709
Part4724.CFrame = CFrame.new(2749.20923, 323.464783, 3106.8418, -0.0262058675, -0.149697661, -0.98838532, -0.082141906, 0.985703707, -0.147114381, 0.996278226, 0.0773329288, -0.0381275304)
Part4724.Orientation = Vector3.new(8.460000038146973, -92.20999908447266, -4.760000228881836)
Part4724.Position = Vector3.new(2749.209228515625, 323.46478271484375, 3106.841796875)
Part4724.Rotation = Vector3.new(104.52999877929688, -81.26000213623047, 99.93000030517578)
Part4724.Transparency = 1
Part4724.Size = Vector3.new(1.3500009775161743, 23.749998092651367, 1.5)
Part4724.Anchored = true
Part4724.Material = Enum.Material.Fabric
Part4725.Name = "Tree_Collision"
Part4725.Parent = Model4709
Part4725.CFrame = CFrame.new(2740.28491, 319.703186, 3057.4165, -0.0412673205, -0.17568478, -0.98358196, 0.195492491, 0.963973761, -0.180385396, 0.979838789, -0.199726671, -0.00543546397)
Part4725.Orientation = Vector3.new(10.390000343322754, -90.31999969482422, 11.460000038146973)
Part4725.Position = Vector3.new(2740.284912109375, 319.70318603515625, 3057.41650390625)
Part4725.Rotation = Vector3.new(91.7300033569336, -79.5999984741211, 103.22000122070312)
Part4725.Transparency = 1
Part4725.Size = Vector3.new(1.3500009775161743, 22.749998092651367, 1.5)
Part4725.Anchored = true
Part4725.Material = Enum.Material.Fabric
Model4726.Name = "茂み"
Model4726.Parent = Folder0
Part4727.Name = "TreeMesh Bottom"
Part4727.Parent = Model4726
Part4727.CFrame = CFrame.new(2777.50513, 275.807281, 2997.71265, 5.5716373e-07, -0.0554891042, -0.998461187, 0.0565503761, 0.996862948, -0.0554017574, 0.998403966, -0.0564626604, 0.00313874544)
Part4727.Orientation = Vector3.new(3.180000066757202, -89.81999969482422, 3.25)
Part4727.Position = Vector3.new(2777.505126953125, 275.8072814941406, 2997.712646484375)
Part4727.Rotation = Vector3.new(86.76000213623047, -86.81999969482422, 90)
Part4727.Size = Vector3.new(8.250000953674316, 0.2499980926513672, 7)
Part4727.Anchored = true
Part4727.CanCollide = false
Part4727.Material = Enum.Material.Fabric
SpecialMesh4728.Name = "BarkMesh"
SpecialMesh4728.Parent = Part4727
SpecialMesh4728.MeshId = "rbxassetid://623621260"
SpecialMesh4728.Offset = Vector3.new(0, 3.4100000858306885, 0)
SpecialMesh4728.TextureId = "rbxassetid://623618671"
SpecialMesh4728.MeshType = Enum.MeshType.FileMesh
Part4729.Name = "TreeMeshTop"
Part4729.Parent = Model4726
Part4729.CFrame = CFrame.new(2775.83398, 305.853088, 2996.01001, 5.5716373e-07, -0.0554891042, -0.998461187, 0.0565503761, 0.996862948, -0.0554017574, 0.998403966, -0.0564626604, 0.00313874544)
Part4729.Orientation = Vector3.new(3.180000066757202, -89.81999969482422, 3.25)
Part4729.Position = Vector3.new(2775.833984375, 305.85308837890625, 2996.010009765625)
Part4729.Rotation = Vector3.new(86.76000213623047, -86.81999969482422, 90)
Part4729.Transparency = 0.05000000074505806
Part4729.Size = Vector3.new(8.250000953674316, 0.2499980926513672, 7)
Part4729.Anchored = true
Part4729.CanCollide = false
Part4729.Material = Enum.Material.Fabric
SpecialMesh4730.Name = "TopTreeMesh"
SpecialMesh4730.Parent = Part4729
SpecialMesh4730.MeshId = "rbxassetid://623621456"
SpecialMesh4730.Offset = Vector3.new(0, 3.4100000858306885, 0)
SpecialMesh4730.Scale = Vector3.new(1.600000023841858, 1.600000023841858, 1.600000023841858)
SpecialMesh4730.TextureId = "rbxassetid://745556120"
SpecialMesh4730.MeshType = Enum.MeshType.FileMesh
Part4731.Name = "Tree_Collision"
Part4731.Parent = Model4726
Part4731.CFrame = CFrame.new(2771.86133, 288.542603, 2995.55054, -0.0102149285, -0.154914141, -0.987876832, 0.152390689, 0.976147056, -0.154652029, 0.988271773, -0.152122408, 0.0136363823)
Part4731.Orientation = Vector3.new(8.899999618530273, -89.20999908447266, 8.869999885559082)
Part4731.Position = Vector3.new(2771.861328125, 288.5426025390625, 2995.550537109375)
Part4731.Rotation = Vector3.new(84.95999908447266, -81.06999969482422, 93.7699966430664)
Part4731.Transparency = 1
Part4731.Size = Vector3.new(1.3500009775161743, 26.749998092651367, 1.5)
Part4731.Anchored = true
Part4731.Material = Enum.Material.Fabric
Part4732.Name = "Tree_Collision"
Part4732.Parent = Model4726
Part4732.CFrame = CFrame.new(2762.99658, 287.353943, 3001.06592, -0.0309670977, -0.137793571, -0.989978671, -0.249714747, 0.960110903, -0.125826761, 0.967828035, 0.24331665, -0.0641407445)
Part4732.Orientation = Vector3.new(7.230000019073486, -93.70999908447266, -14.579999923706055)
Part4732.Position = Vector3.new(2762.99658203125, 287.35394287109375, 3001.06591796875)
Part4732.Rotation = Vector3.new(117.01000213623047, -81.87999725341797, 102.66999816894531)
Part4732.Transparency = 1
Part4732.Size = Vector3.new(1.3500009775161743, 23.749998092651367, 1.5)
Part4732.Anchored = true
Part4732.Material = Enum.Material.Fabric
Part4733.Name = "Tree_Collision"
Part4733.Parent = Model4726
Part4733.CFrame = CFrame.new(2774.91992, 288.233093, 2978.7998, -0.0129156094, -0.223247513, -0.974678159, 0.16940327, 0.960179567, -0.222173035, 0.98546654, -0.167982578, 0.0254177712)
Part4733.Orientation = Vector3.new(12.84000015258789, -88.51000213623047, 10.010000228881836)
Part4733.Position = Vector3.new(2774.919921875, 288.23309326171875, 2978.7998046875)
Part4733.Rotation = Vector3.new(83.47000122070312, -77.08000183105469, 93.30999755859375)
Part4733.Transparency = 1
Part4733.Size = Vector3.new(1.3500009775161743, 26.749998092651367, 1.5)
Part4733.Anchored = true
Part4733.Material = Enum.Material.Fabric
Part4734.Name = "Tree_Collision"
Part4734.Parent = Model4726
Part4734.CFrame = CFrame.new(2787.25244, 290.194458, 3032.64795, -0.00142446673, 0.205681711, -0.978619695, 0.0452987179, 0.977629542, 0.20540601, 0.998976707, -0.0440370552, -0.0107092969)
Part4734.Orientation = Vector3.new(-11.850000381469727, -90.62999725341797, 2.6500000953674316)
Part4734.Position = Vector3.new(2787.25244140625, 290.1944580078125, 3032.64794921875)
Part4734.Rotation = Vector3.new(-92.9800033569336, -78.12999725341797, -90.4000015258789)
Part4734.Transparency = 1
Part4734.Size = Vector3.new(1.3500009775161743, 23.749998092651367, 1.5)
Part4734.Anchored = true
Part4734.Material = Enum.Material.Fabric
Part4735.Name = "Tree_Collision"
Part4735.Parent = Model4726
Part4735.CFrame = CFrame.new(2789.35107, 289.021118, 2989.23096, 0.0132999942, 0.157770395, -0.987388253, 0.26948756, 0.950370729, 0.155483887, 0.962916434, -0.268156379, -0.0298768822)
Part4735.Orientation = Vector3.new(-8.9399995803833, -91.7300033569336, 15.829999923706055)
Part4735.Position = Vector3.new(2789.35107421875, 289.0211181640625, 2989.23095703125)
Part4735.Rotation = Vector3.new(-100.87999725341797, -80.88999938964844, -85.18000030517578)
Part4735.Transparency = 1
Part4735.Size = Vector3.new(1.3500009775161743, 26.749998092651367, 1.5)
Part4735.Anchored = true
Part4735.Material = Enum.Material.Fabric
Part4736.Name = "Tree_Collision"
Part4736.Parent = Model4726
Part4736.CFrame = CFrame.new(2756.53394, 285.930359, 2988.77124, -0.112931244, -0.34900105, -0.930294931, 0.138057873, 0.921689928, -0.362533867, 0.983969092, -0.169375241, -0.0559052229)
Part4736.Orientation = Vector3.new(21.260000228881836, -93.44000244140625, 8.520000457763672)
Part4736.Position = Vector3.new(2756.533935546875, 285.93035888671875, 2988.771240234375)
Part4736.Rotation = Vector3.new(98.7699966430664, -68.4800033569336, 107.93000030517578)
Part4736.Transparency = 1
Part4736.Size = Vector3.new(1.3500009775161743, 22.749998092651367, 1.5)
Part4736.Anchored = true
Part4736.Material = Enum.Material.Fabric
Part4737.Name = "Tree_Collision"
Part4737.Parent = Model4726
Part4737.CFrame = CFrame.new(2770.04248, 289.434753, 3021.90454, -0.033585161, -0.0224308297, -0.99918592, -0.108193912, 0.99395591, -0.0186783597, 0.993566453, 0.107479312, -0.0358087346)
Part4737.Orientation = Vector3.new(1.0700000524520874, -92.05000305175781, -6.210000038146973)
Part4737.Position = Vector3.new(2770.04248046875, 289.43475341796875, 3021.904541015625)
Part4737.Rotation = Vector3.new(152.4499969482422, -87.69000244140625, 146.25999450683594)
Part4737.Transparency = 1
Part4737.Size = Vector3.new(1.3500009775161743, 23.749998092651367, 1.5)
Part4737.Anchored = true
Part4737.Material = Enum.Material.Fabric
Part4738.Name = "Tree_Collision"
Part4738.Parent = Model4726
Part4738.CFrame = CFrame.new(2763.7124, 287.824646, 3035.48535, 0.0287938509, -0.208014295, -0.97770381, -0.108591571, 0.971668959, -0.209930032, 0.993673384, 0.112215884, 0.00538977515)
Part4738.Orientation = Vector3.new(12.119999885559082, -89.68000030517578, -6.380000114440918)
Part4738.Position = Vector3.new(2763.71240234375, 287.82464599609375, 3035.4853515625)
Part4738.Rotation = Vector3.new(88.52999877929688, -77.87999725341797, 82.12000274658203)
Part4738.Transparency = 1
Part4738.Size = Vector3.new(1.3500009775161743, 20.749998092651367, 1.5)
Part4738.Anchored = true
Part4738.Material = Enum.Material.Fabric
Part4739.Name = "Tree_Collision"
Part4739.Parent = Model4726
Part4739.CFrame = CFrame.new(2790.27734, 286.290405, 2965.88794, -0.0206717458, -0.134809107, -0.990657628, 0.321275592, 0.937420189, -0.134270206, 0.94676441, -0.321049422, 0.0239329506)
Part4739.Orientation = Vector3.new(7.71999979019165, -88.62000274658203, 18.920000076293945)
Part4739.Position = Vector3.new(2790.27734375, 286.2904052734375, 2965.887939453125)
Part4739.Rotation = Vector3.new(79.88999938964844, -82.16000366210938, 98.72000122070312)
Part4739.Transparency = 1
Part4739.Size = Vector3.new(1.3500009775161743, 22.749998092651367, 1.5)
Part4739.Anchored = true
Part4739.Material = Enum.Material.Fabric
Part4740.Name = "Tree_Collision"
Part4740.Parent = Model4726
Part4740.CFrame = CFrame.new(2797.08936, 289.463409, 3000.15039, -0.0343472622, 0.255007446, -0.966330826, -0.0734405294, 0.963643312, 0.256906956, 0.996712029, 0.0797924921, -0.0143702012)
Part4740.Orientation = Vector3.new(-14.890000343322754, -90.8499984741211, -4.360000133514404)
Part4740.Position = Vector3.new(2797.08935546875, 289.4634094238281, 3000.150390625)
Part4740.Rotation = Vector3.new(-93.19999694824219, -75.08999633789062, -97.66999816894531)
Part4740.Transparency = 1
Part4740.Size = Vector3.new(1.3500009775161743, 23.749998092651367, 1.5)
Part4740.Anchored = true
Part4740.Material = Enum.Material.Fabric
Part4741.Name = "Tree_Collision"
Part4741.Parent = Model4726
Part4741.CFrame = CFrame.new(2785.57544, 288.798798, 3007.73218, -0.0347134136, -0.0206415001, -0.999186099, -0.0560269877, 0.998256207, -0.018677339, 0.997829854, 0.0553337634, -0.035809055)
Part4741.Orientation = Vector3.new(1.0700000524520874, -92.05000305175781, -3.2100000381469727)
Part4741.Position = Vector3.new(2785.575439453125, 288.7987976074219, 3007.732177734375)
Part4741.Rotation = Vector3.new(152.4499969482422, -87.69000244140625, 149.25999450683594)
Part4741.Transparency = 1
Part4741.Size = Vector3.new(1.3500009775161743, 23.749998092651367, 1.5)
Part4741.Anchored = true
Part4741.Material = Enum.Material.Fabric
Part4742.Name = "Tree_Collision"
Part4742.Parent = Model4726
Part4742.CFrame = CFrame.new(2776.14478, 285.133728, 2958.39355, -0.013726241, -0.0497546755, -0.998669088, 0.220788583, 0.973959446, -0.0515598692, 0.975229442, -0.221201867, -0.00238328218)
Part4742.Orientation = Vector3.new(2.9600000381469727, -90.13999938964844, 12.770000457763672)
Part4742.Position = Vector3.new(2776.144775390625, 285.13372802734375, 2958.3935546875)
Part4742.Rotation = Vector3.new(92.6500015258789, -87.04000091552734, 105.41999816894531)
Part4742.Transparency = 1
Part4742.Size = Vector3.new(1.3500009775161743, 22.749998092651367, 1.5)
Part4742.Anchored = true
Part4742.Material = Enum.Material.Fabric
Model4743.Name = "茂み"
Model4743.Parent = Folder0
Part4744.Name = "TreeMesh Bottom"
Part4744.Parent = Model4743
Part4744.CFrame = CFrame.new(2699.7417, 274.691528, 2984.65747, 3.93946152e-07, -0.158866942, -0.987300098, 0.298838735, 0.942183971, -0.151607201, 0.954303682, -0.295043379, 0.0474759676)
Part4744.Orientation = Vector3.new(8.720000267028809, -87.25, 17.600000381469727)
Part4744.Position = Vector3.new(2699.74169921875, 274.6915283203125, 2984.657470703125)
Part4744.Rotation = Vector3.new(72.61000061035156, -80.86000061035156, 90)
Part4744.Size = Vector3.new(8.250000953674316, 0.2499980926513672, 7)
Part4744.Anchored = true
Part4744.CanCollide = false
Part4744.Material = Enum.Material.Fabric
SpecialMesh4745.Name = "BarkMesh"
SpecialMesh4745.Parent = Part4744
SpecialMesh4745.MeshId = "rbxassetid://623621260"
SpecialMesh4745.Offset = Vector3.new(0, 3.4100000858306885, 0)
SpecialMesh4745.TextureId = "rbxassetid://623618671"
SpecialMesh4745.MeshType = Enum.MeshType.FileMesh
Part4746.Name = "TreeMeshTop"
Part4746.Parent = Model4743
Part4746.CFrame = CFrame.new(2694.95483, 303.089233, 2975.76392, 3.93946152e-07, -0.158866942, -0.987300098, 0.298838735, 0.942183971, -0.151607201, 0.954303682, -0.295043379, 0.0474759676)
Part4746.Orientation = Vector3.new(8.720000267028809, -87.25, 17.600000381469727)
Part4746.Position = Vector3.new(2694.954833984375, 303.0892333984375, 2975.763916015625)
Part4746.Rotation = Vector3.new(72.61000061035156, -80.86000061035156, 90)
Part4746.Transparency = 0.05000000074505806
Part4746.Size = Vector3.new(8.250000953674316, 0.2499980926513672, 7)
Part4746.Anchored = true
Part4746.CanCollide = false
Part4746.Material = Enum.Material.Fabric
SpecialMesh4747.Name = "TopTreeMesh"
SpecialMesh4747.Parent = Part4746
SpecialMesh4747.MeshId = "rbxassetid://623621456"
SpecialMesh4747.Offset = Vector3.new(0, 3.4100000858306885, 0)
SpecialMesh4747.Scale = Vector3.new(1.600000023841858, 1.600000023841858, 1.600000023841858)
SpecialMesh4747.TextureId = "rbxassetid://745556120"
SpecialMesh4747.MeshType = Enum.MeshType.FileMesh
Part4748.Name = "Tree_Collision"
Part4748.Parent = Model4743
Part4748.CFrame = CFrame.new(2692.79541, 285.886719, 2979.64453, -0.0201551598, -0.256168514, -0.966422021, 0.387787014, 0.888944447, -0.243719116, 0.921528697, -0.379678071, 0.0814220086)
Part4748.Orientation = Vector3.new(14.109999656677246, -85.18000030517578, 23.56999969482422)
Part4748.Position = Vector3.new(2692.79541015625, 285.88671875, 2979.64453125)
Part4748.Rotation = Vector3.new(71.52999877929688, -75.11000061035156, 94.5)
Part4748.Transparency = 1
Part4748.Size = Vector3.new(1.3500009775161743, 26.749998092651367, 1.5)
Part4748.Anchored = true
Part4748.Material = Enum.Material.Fabric
Part4749.Name = "Tree_Collision"
Part4749.Parent = Model4743
