Part3697.Name = "Tree_Collision"
Part3697.Parent = Model3681
Part3697.CFrame = CFrame.new(1102.61426, 369.026947, 3390.19165, 0.984080434, -0.166003227, -0.0634748042, 0.166568935, 0.986024261, 0.00368736801, 0.0619757473, -0.0142016262, 0.997977257)
Part3697.Orientation = Vector3.new(-0.20999999344348907, -3.640000104904175, 9.59000015258789)
Part3697.Position = Vector3.new(1102.6142578125, 369.0269470214844, 3390.191650390625)
Part3697.Rotation = Vector3.new(-0.20999999344348907, -3.640000104904175, 9.579999923706055)
Part3697.Transparency = 1
Part3697.Size = Vector3.new(1.3500009775161743, 22.749998092651367, 1.5)
Part3697.Anchored = true
Part3697.Material = Enum.Material.Fabric
Model3698.Name = "茂み"
Model3698.Parent = Folder0
Part3699.Name = "TreeMesh Bottom"
Part3699.Parent = Model3698
Part3699.CFrame = CFrame.new(1137.14771, 356.916931, 3273.24634, 0.998305619, -0.0008145225, -0.0581867993, 0.000789049722, 1.00000083, -0.000460748968, 0.0581874847, 0.000414056034, 0.998306215)
Part3699.Orientation = Vector3.new(0.029999999329447746, -3.3399999141693115, 0.05000000074505806)
Part3699.Position = Vector3.new(1137.147705078125, 356.91693115234375, 3273.246337890625)
Part3699.Rotation = Vector3.new(0.029999999329447746, -3.3399999141693115, 0.05000000074505806)
Part3699.Size = Vector3.new(8.250000953674316, 0.2499980926513672, 7)
Part3699.Anchored = true
Part3699.CanCollide = false
Part3699.Material = Enum.Material.Fabric
SpecialMesh3700.Name = "BarkMesh"
SpecialMesh3700.Parent = Part3699
SpecialMesh3700.MeshId = "rbxassetid://623621260"
SpecialMesh3700.Offset = Vector3.new(0, 3.4100000858306885, 0)
SpecialMesh3700.TextureId = "rbxassetid://623618671"
SpecialMesh3700.MeshType = Enum.MeshType.FileMesh
Part3701.Name = "TreeMeshTop"
Part3701.Parent = Model3698
Part3701.CFrame = CFrame.new(1137.1228, 387.057068, 3273.25854, 0.998305619, -0.0008145225, -0.0581867993, 0.000789049722, 1.00000083, -0.000460748968, 0.0581874847, 0.000414056034, 0.998306215)
Part3701.Orientation = Vector3.new(0.029999999329447746, -3.3399999141693115, 0.05000000074505806)
Part3701.Position = Vector3.new(1137.122802734375, 387.05706787109375, 3273.258544921875)
Part3701.Rotation = Vector3.new(0.029999999329447746, -3.3399999141693115, 0.05000000074505806)
Part3701.Transparency = 0.05000000074505806
Part3701.Size = Vector3.new(8.250000953674316, 0.2499980926513672, 7)
Part3701.Anchored = true
Part3701.CanCollide = false
Part3701.Material = Enum.Material.Fabric
SpecialMesh3702.Name = "TopTreeMesh"
SpecialMesh3702.Parent = Part3701
SpecialMesh3702.MeshId = "rbxassetid://623621456"
SpecialMesh3702.Offset = Vector3.new(0, 3.4100000858306885, 0)
SpecialMesh3702.Scale = Vector3.new(1.600000023841858, 1.600000023841858, 1.600000023841858)
SpecialMesh3702.TextureId = "rbxassetid://745556120"
SpecialMesh3702.MeshType = Enum.MeshType.FileMesh
Part3703.Name = "Tree_Collision"
Part3703.Parent = Model3698
Part3703.CFrame = CFrame.new(1135.41406, 370.044159, 3278.08374, 0.993255973, -0.103146471, -0.0529512465, 0.0974619314, 0.990145981, -0.100572236, 0.0628033578, 0.0947331339, 0.993520379)
Part3703.Orientation = Vector3.new(5.769999980926514, -3.049999952316284, 5.619999885559082)
Part3703.Position = Vector3.new(1135.4140625, 370.0441589355469, 3278.083740234375)
Part3703.Rotation = Vector3.new(5.78000020980835, -3.0399999618530273, 5.929999828338623)
Part3703.Transparency = 1
Part3703.Size = Vector3.new(1.3500009775161743, 26.749998092651367, 1.5)
Part3703.Anchored = true
Part3703.Material = Enum.Material.Fabric
Part3704.Name = "Tree_Collision"
Part3704.Parent = Model3698
Part3704.CFrame = CFrame.new(1140.3252, 369.039856, 3287.31812, 0.948005199, 0.29098931, -0.128887326, -0.301132053, 0.951199532, -0.0673912987, 0.102987587, 0.102699377, 0.989367366)
Part3704.Orientation = Vector3.new(3.859999895095825, -7.420000076293945, -17.56999969482422)
Part3704.Position = Vector3.new(1140.3251953125, 369.03985595703125, 3287.318115234375)
Part3704.Rotation = Vector3.new(3.9000000953674316, -7.409999847412109, -17.059999465942383)
Part3704.Transparency = 1
Part3704.Size = Vector3.new(1.3500009775161743, 23.749998092651367, 1.5)
Part3704.Anchored = true
Part3704.Material = Enum.Material.Fabric
Part3705.Name = "Tree_Collision"
Part3705.Parent = Model3698
Part3705.CFrame = CFrame.new(1118.88208, 370.499817, 3274.02637, 0.991304696, -0.123866096, -0.0444171429, 0.114727929, 0.978870511, -0.169271275, 0.0644458234, 0.162703335, 0.984568834)
Part3705.Orientation = Vector3.new(9.75, -2.5799999237060547, 6.679999828338623)
Part3705.Position = Vector3.new(1118.882080078125, 370.49981689453125, 3274.0263671875)
Part3705.Rotation = Vector3.new(9.760000228881836, -2.549999952316284, 7.119999885559082)
Part3705.Transparency = 1
Part3705.Size = Vector3.new(1.3500009775161743, 26.749998092651367, 1.5)
Part3705.Anchored = true
Part3705.Material = Enum.Material.Fabric
Part3706.Name = "Tree_Collision"
Part3706.Parent = Model3698
Part3706.CFrame = CFrame.new(1173.37622, 368.77829, 3264.92578, 0.998131275, 0.0256219879, -0.0554797947, -0.0103823058, 0.965762019, 0.259226829, 0.0602224171, -0.258166194, 0.964222312)
Part3706.Orientation = Vector3.new(-15.020000457763672, -3.2899999618530273, -0.6200000047683716)
Part3706.Position = Vector3.new(1173.376220703125, 368.7782897949219, 3264.92578125)
Part3706.Rotation = Vector3.new(-15.050000190734863, -3.180000066757202, -1.4700000286102295)
Part3706.Transparency = 1
Part3706.Size = Vector3.new(1.3500009775161743, 23.749998092651367, 1.5)
Part3706.Anchored = true
Part3706.Material = Enum.Material.Fabric
Part3707.Name = "Tree_Collision"
Part3707.Parent = Model3698
Part3707.CFrame = CFrame.new(1130.1604, 369.910492, 3260.23804, 0.97624737, -0.202120557, -0.0780311525, 0.21431841, 0.953701377, 0.211006984, 0.0317698121, -0.222718358, 0.974365711)
Part3707.Orientation = Vector3.new(-12.180000305175781, -4.579999923706055, 12.670000076293945)
Part3707.Position = Vector3.new(1130.160400390625, 369.9104919433594, 3260.238037109375)
Part3707.Rotation = Vector3.new(-12.220000267028809, -4.480000019073486, 11.699999809265137)
Part3707.Transparency = 1
Part3707.Size = Vector3.new(1.3500009775161743, 26.749998092651367, 1.5)
Part3707.Anchored = true
Part3707.Material = Enum.Material.Fabric
Part3708.Name = "Tree_Collision"
Part3708.Parent = Model3698
Part3708.CFrame = CFrame.new(1127.61328, 368.660828, 3293.08154, 0.982151985, -0.134830311, -0.131143808, 0.0890651941, 0.947497785, -0.307112277, 0.16566661, 0.289950311, 0.942594588)
Part3708.Orientation = Vector3.new(17.889999389648438, -7.920000076293945, 5.369999885559082)
Part3708.Position = Vector3.new(1127.61328125, 368.66082763671875, 3293.08154296875)
Part3708.Rotation = Vector3.new(18.049999237060547, -7.539999961853027, 7.820000171661377)
Part3708.Transparency = 1
Part3708.Size = Vector3.new(1.3500009775161743, 22.749998092651367, 1.5)
Part3708.Anchored = true
Part3708.Material = Enum.Material.Fabric
Part3709.Name = "Tree_Collision"
Part3709.Parent = Model3698
Part3709.CFrame = CFrame.new(1161.62329, 369.566284, 3281.46362, 0.981834292, 0.164316028, -0.0948802531, -0.161332503, 0.986155689, 0.0383580029, 0.0998697281, -0.0223538727, 0.994750023)
Part3709.Orientation = Vector3.new(-2.200000047683716, -5.449999809265137, -9.289999961853027)
Part3709.Position = Vector3.new(1161.623291015625, 369.5662841796875, 3281.463623046875)
Part3709.Rotation = Vector3.new(-2.2100000381469727, -5.440000057220459, -9.5)
Part3709.Transparency = 1
Part3709.Size = Vector3.new(1.3500009775161743, 23.749998092651367, 1.5)
Part3709.Anchored = true
Part3709.Material = Enum.Material.Fabric
Part3710.Name = "Tree_Collision"
Part3710.Parent = Model3698
Part3710.CFrame = CFrame.new(1174.69507, 367.553345, 3288.68799, 0.985544145, 0.156934962, -0.0638319552, -0.165168285, 0.973885894, -0.155782536, 0.0377176106, 0.164073497, 0.98572737)
Part3710.Orientation = Vector3.new(8.960000038146973, -3.7100000381469727, -9.630000114440918)
Part3710.Position = Vector3.new(1174.695068359375, 367.5533447265625, 3288.68798828125)
Part3710.Rotation = Vector3.new(8.979999542236328, -3.6600000858306885, -9.050000190734863)
Part3710.Transparency = 1
Part3710.Size = Vector3.new(1.3500009775161743, 20.749998092651367, 1.5)
Part3710.Anchored = true
Part3710.Material = Enum.Material.Fabric
Part3711.Name = "Tree_Collision"
Part3711.Parent = Model3698
Part3711.CFrame = CFrame.new(1106.79126, 368.437012, 3258.02808, 0.96122396, -0.272606492, -0.0416513383, 0.26871711, 0.959836066, -0.0806756467, 0.0619713366, 0.0663548112, 0.995870352)
Part3711.Orientation = Vector3.new(4.630000114440918, -2.390000104904175, 15.640000343322754)
Part3711.Position = Vector3.new(1106.791259765625, 368.43701171875, 3258.028076171875)
Part3711.Rotation = Vector3.new(4.630000114440918, -2.390000104904175, 15.829999923706055)
Part3711.Transparency = 1
Part3711.Size = Vector3.new(1.3500009775161743, 22.749998092651367, 1.5)
Part3711.Anchored = true
Part3711.Material = Enum.Material.Fabric
Part3712.Name = "Tree_Collision"
Part3712.Parent = Model3698
Part3712.CFrame = CFrame.new(1141.51929, 369.317596, 3253.17065, 0.986970544, 0.15107125, -0.0553825796, -0.126819432, 0.942210376, 0.31009528, 0.0990286767, -0.29903096, 0.949091673)
Part3712.Orientation = Vector3.new(-18.059999465942383, -3.3399999141693115, -7.670000076293945)
Part3712.Position = Vector3.new(1141.519287109375, 369.3175964355469, 3253.170654296875)
Part3712.Rotation = Vector3.new(-18.09000015258789, -3.1700000762939453, -8.699999809265137)
Part3712.Transparency = 1
Part3712.Size = Vector3.new(1.3500009775161743, 23.749998092651367, 1.5)
Part3712.Anchored = true
Part3712.Material = Enum.Material.Fabric
Part3713.Name = "Tree_Collision"
Part3713.Parent = Model3698
Part3713.CFrame = CFrame.new(1148.36597, 368.866577, 3265.14478, 0.989087999, 0.112707555, -0.0948812664, -0.109501876, 0.993247509, 0.0383586325, 0.0985640585, -0.0275503341, 0.994749784)
Part3713.Orientation = Vector3.new(-2.200000047683716, -5.449999809265137, -6.289999961853027)
Part3713.Position = Vector3.new(1148.365966796875, 368.8665771484375, 3265.144775390625)
Part3713.Rotation = Vector3.new(-2.2100000381469727, -5.440000057220459, -6.5)
Part3713.Transparency = 1
Part3713.Size = Vector3.new(1.3500009775161743, 23.749998092651367, 1.5)
Part3713.Anchored = true
Part3713.Material = Enum.Material.Fabric
Part3714.Name = "Tree_Collision"
Part3714.Parent = Model3698
Part3714.CFrame = CFrame.new(1098.43311, 368.478851, 3271.71509, 0.984080315, -0.166004181, -0.0634748042, 0.166569918, 0.986024082, 0.00368737523, 0.0619757473, -0.0142017007, 0.997977257)
Part3714.Orientation = Vector3.new(-0.20999999344348907, -3.640000104904175, 9.59000015258789)
Part3714.Position = Vector3.new(1098.43310546875, 368.4788513183594, 3271.715087890625)
Part3714.Rotation = Vector3.new(-0.20999999344348907, -3.640000104904175, 9.579999923706055)
Part3714.Transparency = 1
Part3714.Size = Vector3.new(1.3500009775161743, 22.749998092651367, 1.5)
Part3714.Anchored = true
Part3714.Material = Enum.Material.Fabric
Model3715.Name = "茂み"
Model3715.Parent = Folder0
Part3716.Name = "TreeMesh Bottom"
Part3716.Parent = Model3715
Part3716.CFrame = CFrame.new(1370.604, 357.176514, 3186.02002, -0.535153329, 1.03091397e-05, -0.844754994, -0.000785163313, 0.999999642, 0.000509605568, 0.844754636, 0.000935987744, -0.535153091)
Part3716.Orientation = Vector3.new(-0.029999999329447746, -122.3499984741211, -0.03999999910593033)
Part3716.Position = Vector3.new(1370.60400390625, 357.176513671875, 3186.02001953125)
Part3716.Rotation = Vector3.new(-179.9499969482422, -57.650001525878906, -180)
Part3716.Size = Vector3.new(8.250000953674316, 0.2499980926513672, 7)
Part3716.Anchored = true
Part3716.CanCollide = false
Part3716.Material = Enum.Material.Fabric
SpecialMesh3717.Name = "BarkMesh"
SpecialMesh3717.Parent = Part3716
SpecialMesh3717.MeshId = "rbxassetid://623621260"
SpecialMesh3717.Offset = Vector3.new(0, 3.4100000858306885, 0)
SpecialMesh3717.TextureId = "rbxassetid://623618671"
SpecialMesh3717.MeshType = Enum.MeshType.FileMesh
Part3718.Name = "TreeMeshTop"
Part3718.Parent = Model3715
Part3718.CFrame = CFrame.new(1370.60486, 387.316742, 3186.04858, -0.535153329, 1.03091397e-05, -0.844754994, -0.000785163313, 0.999999642, 0.000509605568, 0.844754636, 0.000935987744, -0.535153091)
Part3718.Orientation = Vector3.new(-0.029999999329447746, -122.3499984741211, -0.03999999910593033)
Part3718.Position = Vector3.new(1370.6048583984375, 387.3167419433594, 3186.048583984375)
Part3718.Rotation = Vector3.new(-179.9499969482422, -57.650001525878906, -180)
Part3718.Transparency = 0.05000000074505806
Part3718.Size = Vector3.new(8.250000953674316, 0.2499980926513672, 7)
Part3718.Anchored = true
Part3718.CanCollide = false
Part3718.Material = Enum.Material.Fabric
SpecialMesh3719.Name = "TopTreeMesh"
SpecialMesh3719.Parent = Part3718
SpecialMesh3719.MeshId = "rbxassetid://623621456"
SpecialMesh3719.Offset = Vector3.new(0, 3.4100000858306885, 0)
SpecialMesh3719.Scale = Vector3.new(1.600000023841858, 1.600000023841858, 1.600000023841858)
SpecialMesh3719.TextureId = "rbxassetid://745556120"
SpecialMesh3719.MeshType = Enum.MeshType.FileMesh
Part3720.Name = "Tree_Collision"
Part3720.Parent = Model3715
Part3720.CFrame = CFrame.new(1367.21399, 370.31076, 3182.18213, -0.536741555, -0.032829158, -0.84310776, 0.0958989933, 0.990393937, -0.0996156856, 0.838279128, -0.134321064, -0.528437197)
Part3720.Orientation = Vector3.new(5.71999979019165, -122.08000183105469, 5.53000020980835)
Part3720.Position = Vector3.new(1367.2139892578125, 370.3107604980469, 3182.18212890625)
Part3720.Rotation = Vector3.new(169.32000732421875, -57.470001220703125, 176.5)
Part3720.Transparency = 1
Part3720.Size = Vector3.new(1.3500009775161743, 26.749998092651367, 1.5)
Part3720.Anchored = true
Part3720.Material = Enum.Material.Fabric
Part3721.Name = "Tree_Collision"
Part3721.Parent = Model3715
Part3721.CFrame = CFrame.new(1356.75647, 369.306519, 3181.99561, -0.549923241, -0.230984986, -0.802640975, -0.302585721, 0.950817823, -0.0663131922, 0.778479695, 0.206399783, -0.592767656)
Part3721.Orientation = Vector3.new(3.799999952316284, -126.44999694824219, -17.649999618530273)
Part3721.Position = Vector3.new(1356.7564697265625, 369.3065185546875, 3181.99560546875)
Part3721.Rotation = Vector3.new(173.6199951171875, -53.380001068115234, 157.22000122070312)
Part3721.Transparency = 1
Part3721.Size = Vector3.new(1.3500009775161743, 23.749998092651367, 1.5)
Part3721.Anchored = true
Part3721.Material = Enum.Material.Fabric
Part3722.Name = "Tree_Collision"
Part3722.Parent = Model3715
Part3722.CFrame = CFrame.new(1378.78186, 370.789703, 3169.69458, -0.537234008, -0.0822140276, -0.839417994, 0.113169491, 0.979216933, -0.168335497, 0.835808873, -0.185431421, -0.516762912)
Part3722.Orientation = Vector3.new(9.6899995803833, -121.62000274658203, 6.590000152587891)
Part3722.Position = Vector3.new(1378.7818603515625, 370.7897033691406, 3169.694580078125)
Part3722.Rotation = Vector3.new(161.9600067138672, -57.08000183105469, 171.3000030517578)
Part3722.Transparency = 1
Part3722.Size = Vector3.new(1.3500009775161743, 26.749998092651367, 1.5)
Part3722.Anchored = true
Part3722.Material = Enum.Material.Fabric
Part3723.Name = "Tree_Collision"
Part3723.Parent = Model3715
Part3723.CFrame = CFrame.new(1360.30554, 368.971558, 3221.75879, -0.536848962, 0.21330446, -0.816269875, -0.0119551634, 0.965496004, 0.260162383, 0.843596101, 0.149426103, -0.515773773)
Part3723.Orientation = Vector3.new(-15.079999923706055, -122.29000091552734, -0.7099999785423279)
Part3723.Position = Vector3.new(1360.3055419921875, 368.9715576171875, 3221.7587890625)
Part3723.Rotation = Vector3.new(-153.22999572753906, -54.709999084472656, -158.3300018310547)
Part3723.Transparency = 1
Part3723.Size = Vector3.new(1.3500009775161743, 23.749998092651367, 1.5)
Part3723.Anchored = true
Part3723.Material = Enum.Material.Fabric
Part3724.Name = "Tree_Collision"
Part3724.Parent = Model3715
Part3724.CFrame = CFrame.new(1385.36829, 370.170013, 3186.24536, -0.501357317, 0.292782485, -0.814199746, 0.212756217, 0.953837574, 0.211987361, 0.838677466, -0.0669443235, -0.540503025)
Part3724.Orientation = Vector3.new(-12.239999771118164, -123.58000183105469, 12.569999694824219)
Part3724.Position = Vector3.new(1385.3682861328125, 370.1700134277344, 3186.245361328125)
Part3724.Rotation = Vector3.new(-158.5800018310547, -54.5099983215332, -149.72000122070312)
Part3724.Transparency = 1
Part3724.Size = Vector3.new(1.3500009775161743, 26.749998092651367, 1.5)
Part3724.Anchored = true
Part3724.Material = Enum.Material.Fabric
Part3725.Name = "Tree_Collision"
Part3725.Parent = Model3715
Part3725.CFrame = CFrame.new(1357.88342, 368.953247, 3168.08228, -0.621305704, -0.188167393, -0.760640681, 0.0876115263, 0.947973549, -0.306072563, 0.778657317, -0.256804585, -0.572493911)
Part3725.Orientation = Vector3.new(17.81999969482422, -126.97000122070312, 5.28000020980835)
Part3725.Position = Vector3.new(1357.8834228515625, 368.9532470703125, 3168.082275390625)
Part3725.Rotation = Vector3.new(151.8699951171875, -49.52000045776367, 163.14999389648438)
Part3725.Transparency = 1
Part3725.Size = Vector3.new(1.3500009775161743, 22.749998092651367, 1.5)
Part3725.Anchored = true
Part3725.Material = Enum.Material.Fabric
Part3726.Name = "Tree_Collision"
Part3726.Parent = Model3715
Part3726.CFrame = CFrame.new(1351.54382, 369.793182, 3203.46143, -0.5636096, -0.0601841547, -0.823847175, -0.162844762, 0.985870302, 0.0393848568, 0.809833288, 0.15635632, -0.565445065)
Part3726.Orientation = Vector3.new(-2.259999990463257, -124.45999908447266, -9.380000114440918)
Part3726.Position = Vector3.new(1351.5438232421875, 369.7931823730469, 3203.46142578125)
Part3726.Rotation = Vector3.new(-176.02000427246094, -55.470001220703125, 173.89999389648438)
Part3726.Transparency = 1
Part3726.Size = Vector3.new(1.3500009775161743, 23.749998092651367, 1.5)
Part3726.Anchored = true
Part3726.Material = Enum.Material.Fabric
Part3727.Name = "Tree_Collision"
Part3727.Parent = Model3715
Part3727.CFrame = CFrame.new(1338.88599, 367.765259, 3211.38403, -0.511058927, -0.219627544, -0.831014156, -0.166740075, 0.973776042, -0.154815674, 0.843220532, 0.0594431683, -0.534276068)
Part3727.Orientation = Vector3.new(8.90999984741211, -122.73999786376953, -9.720000267028809)
Part3727.Position = Vector3.new(1338.885986328125, 367.7652587890625, 3211.384033203125)
Part3727.Rotation = Vector3.new(163.83999633789062, -56.20000076293945, 156.74000549316406)
Part3727.Transparency = 1
Part3727.Size = Vector3.new(1.3500009775161743, 20.749998092651367, 1.5)
Part3727.Anchored = true
Part3727.Material = Enum.Material.Fabric
Part3728.Name = "Tree_Collision"
Part3728.Parent = Model3715
Part3728.CFrame = CFrame.new(1398.63721, 368.732605, 3166.87915, -0.520480514, 0.0741920769, -0.850645423, 0.267205864, 0.960340321, -0.0797344819, 0.810990512, -0.268796712, -0.519661307)
Part3728.Orientation = Vector3.new(4.570000171661377, -121.41999816894531, 15.550000190734863)
Part3728.Position = Vector3.new(1398.63720703125, 368.73260498046875, 3166.879150390625)
Part3728.Rotation = Vector3.new(171.27999877929688, -58.279998779296875, -171.88999938964844)
Part3728.Transparency = 1
Part3728.Size = Vector3.new(1.3500009775161743, 22.749998092651367, 1.5)
Part3728.Anchored = true
Part3728.Material = Enum.Material.Fabric
Part3729.Name = "Tree_Collision"
Part3729.Parent = Model3715
Part3729.CFrame = CFrame.new(1386.03809, 369.552399, 3199.60498, -0.565366507, 0.188187301, -0.803086817, -0.128339827, 0.941703618, 0.31101957, 0.814796627, 0.27890712, -0.50825423)
Part3729.Orientation = Vector3.new(-18.1200008392334, -122.33000183105469, -7.760000228881836)
Part3729.Position = Vector3.new(1386.0380859375, 369.5523986816406, 3199.60498046875)
Part3729.Rotation = Vector3.new(-148.5399932861328, -53.43000030517578, -161.58999633789062)
Part3729.Transparency = 1
Part3729.Size = Vector3.new(1.3500009775161743, 23.749998092651367, 1.5)
Part3729.Anchored = true
Part3729.Material = Enum.Material.Fabric
Part3730.Name = "Tree_Collision"
Part3730.Parent = Model3715
Part3730.CFrame = CFrame.new(1372.24451, 369.100769, 3199.78247, -0.565988183, -0.0306054112, -0.8238464, -0.111026093, 0.993041754, 0.0393847786, 0.816905499, 0.113759361, -0.565446138)
Part3730.Orientation = Vector3.new(-2.259999990463257, -124.45999908447266, -6.380000114440918)
Part3730.Position = Vector3.new(1372.2445068359375, 369.10076904296875, 3199.782470703125)
Part3730.Rotation = Vector3.new(-176.02000427246094, -55.470001220703125, 176.89999389648438)
Part3730.Transparency = 1
Part3730.Size = Vector3.new(1.3500009775161743, 23.749998092651367, 1.5)
Part3730.Anchored = true
Part3730.Material = Enum.Material.Fabric
Part3731.Name = "Tree_Collision"
Part3731.Parent = Model3715
Part3731.CFrame = CFrame.new(1390.72205, 368.800079, 3152.93115, -0.531569064, 0.0929234773, -0.841903627, 0.165021405, 0.986284077, 0.00466641039, 0.830786765, -0.136451095, -0.539610803)
Part3731.Orientation = Vector3.new(-0.27000001072883606, -122.66000366210938, 9.5)
Part3731.Position = Vector3.new(1390.7220458984375, 368.8000793457031, 3152.93115234375)
Part3731.Rotation = Vector3.new(-179.5, -57.34000015258789, -170.0800018310547)
Part3731.Transparency = 1
Part3731.Size = Vector3.new(1.3500009775161743, 22.749998092651367, 1.5)
Part3731.Anchored = true
Part3731.Material = Enum.Material.Fabric
Model3732.Name = "茂み"
Model3732.Parent = Folder0
Part3733.Name = "TreeMesh Bottom"
Part3733.Parent = Model3732
Part3733.CFrame = CFrame.new(1328.94348, 357.087677, 3238.16846, 0.84475553, -0.000815117091, -0.535151899, 0.000466523605, 0.999999642, -0.000786726945, 0.535152316, 0.000414930924, 0.844755471)
Part3733.Orientation = Vector3.new(0.05000000074505806, -32.349998474121094, 0.029999999329447746)
Part3733.Position = Vector3.new(1328.9434814453125, 357.0876770019531, 3238.16845703125)
Part3733.Rotation = Vector3.new(0.05000000074505806, -32.349998474121094, 0.05999999865889549)
Part3733.Size = Vector3.new(8.250000953674316, 0.2499980926513672, 7)
Part3733.Anchored = true
Part3733.CanCollide = false
Part3733.Material = Enum.Material.Fabric
SpecialMesh3734.Name = "BarkMesh"
SpecialMesh3734.Parent = Part3733
SpecialMesh3734.MeshId = "rbxassetid://623621260"
SpecialMesh3734.Offset = Vector3.new(0, 3.4100000858306885, 0)
SpecialMesh3734.TextureId = "rbxassetid://623618671"
SpecialMesh3734.MeshType = Enum.MeshType.FileMesh
Part3735.Name = "TreeMeshTop"
Part3735.Parent = Model3732
Part3735.CFrame = CFrame.new(1328.91846, 387.227936, 3238.17969, 0.84475553, -0.000815117091, -0.535151899, 0.000466523605, 0.999999642, -0.000786726945, 0.535152316, 0.000414930924, 0.844755471)
Part3735.Orientation = Vector3.new(0.05000000074505806, -32.349998474121094, 0.029999999329447746)
Part3735.Position = Vector3.new(1328.91845703125, 387.2279357910156, 3238.1796875)
Part3735.Rotation = Vector3.new(0.05000000074505806, -32.349998474121094, 0.05999999865889549)
Part3735.Transparency = 0.05000000074505806
Part3735.Size = Vector3.new(8.250000953674316, 0.2499980926513672, 7)
Part3735.Anchored = true
Part3735.CanCollide = false
Part3735.Material = Enum.Material.Fabric
SpecialMesh3736.Name = "TopTreeMesh"
SpecialMesh3736.Parent = Part3735
SpecialMesh3736.MeshId = "rbxassetid://623621456"
SpecialMesh3736.Offset = Vector3.new(0, 3.4100000858306885, 0)
SpecialMesh3736.Scale = Vector3.new(1.600000023841858, 1.600000023841858, 1.600000023841858)
SpecialMesh3736.TextureId = "rbxassetid://745556120"
SpecialMesh3736.MeshType = Enum.MeshType.FileMesh
Part3737.Name = "Tree_Collision"
Part3737.Parent = Model3732
Part3737.CFrame = CFrame.new(1325.08264, 370.213684, 3241.56299, 0.838111222, -0.136055529, -0.5282619, 0.0971397832, 0.990148008, -0.100899182, 0.536783755, 0.0332493447, 0.843067467)
Part3737.Orientation = Vector3.new(5.789999961853027, -32.06999969482422, 5.599999904632568)
Part3737.Position = Vector3.new(1325.0826416015625, 370.21368408203125, 3241.56298828125)
Part3737.Rotation = Vector3.new(6.820000171661377, -31.889999389648438, 9.220000267028809)
Part3737.Transparency = 1
Part3737.Size = Vector3.new(1.3500009775161743, 26.749998092651367, 1.5)
Part3737.Anchored = true
Part3737.Material = Enum.Material.Fabric
Part3738.Name = "Tree_Collision"
Part3738.Parent = Model3732
Part3738.CFrame = CFrame.new(1324.89783, 369.204865, 3252.01953, 0.779008865, 0.204735026, -0.592647433, -0.301454693, 0.951079845, -0.0676903352, 0.549794853, 0.231387019, 0.802614987)
Part3738.Orientation = Vector3.new(3.880000114440918, -36.439998626708984, -17.59000015258789)
Part3738.Position = Vector3.new(1324.8978271484375, 369.2048645019531, 3252.01953125)
Part3738.Rotation = Vector3.new(4.820000171661377, -36.349998474121094, -14.729999542236328)
Part3738.Transparency = 1
Part3738.Size = Vector3.new(1.3500009775161743, 23.749998092651367, 1.5)
Part3738.Anchored = true
Part3738.Material = Enum.Material.Fabric
Part3739.Name = "Tree_Collision"
Part3739.Parent = Model3732
Part3739.CFrame = CFrame.new(1312.59314, 370.675842, 3229.99463, 0.835609555, -0.187145382, -0.516464353, 0.114405714, 0.978855968, -0.169595107, 0.537281454, 0.0826284513, 0.839348793)
Part3739.Orientation = Vector3.new(9.760000228881836, -31.600000381469727, 6.670000076293945)
Part3739.Position = Vector3.new(1312.5931396484375, 370.67584228515625, 3229.99462890625)
Part3739.Rotation = Vector3.new(11.420000076293945, -31.100000381469727, 12.619999885559082)
Part3739.Transparency = 1
Part3739.Size = Vector3.new(1.3500009775161743, 26.749998092651367, 1.5)
Part3739.Anchored = true
Part3739.Material = Enum.Material.Fabric
Part3740.Name = "Tree_Collision"
Part3740.Parent = Model3732
Part3740.CFrame = CFrame.new(1364.66174, 368.940887, 3248.47095, 0.843616128, 0.147733241, -0.516225576, -0.0107045174, 0.965846658, 0.258912295, 0.536843061, -0.21289587, 0.816382229)
Part3740.Orientation = Vector3.new(-15.010000228881836, -32.310001373291016, -0.6299999952316284)
Part3740.Position = Vector3.new(1364.6617431640625, 368.9408874511719, 3248.470947265625)
Part3740.Rotation = Vector3.new(-17.600000381469727, -31.079999923706055, -9.930000305175781)
Part3740.Transparency = 1
Part3740.Size = Vector3.new(1.3500009775161743, 23.749998092651367, 1.5)
Part3740.Anchored = true
Part3740.Material = Enum.Material.Fabric
Part3741.Name = "Tree_Collision"
Part3741.Parent = Model3732
Part3741.CFrame = CFrame.new(1329.14636, 370.087799, 3223.40967, 0.838303387, -0.0686165094, -0.540870845, 0.214013353, 0.9538427, 0.210695013, 0.501446903, -0.292378932, 0.814291596)
Part3741.Orientation = Vector3.new(-12.15999984741211, -33.59000015258789, 12.649999618530273)
Part3741.Position = Vector3.new(1329.1463623046875, 370.0877990722656, 3223.40966796875)
Part3741.Rotation = Vector3.new(-14.510000228881836, -32.7400016784668, 4.679999828338623)
Part3741.Transparency = 1
Part3741.Size = Vector3.new(1.3500009775161743, 26.749998092651367, 1.5)
Part3741.Anchored = true
Part3741.Material = Enum.Material.Fabric
Part3742.Name = "Tree_Collision"
Part3742.Parent = Model3732
Part3742.CFrame = CFrame.new(1310.98547, 368.827698, 3250.89307, 0.778502464, -0.258464396, -0.571954668, 0.0887119621, 0.947442293, -0.307397753, 0.621343434, 0.188569993, 0.760512292)
Part3742.Orientation = Vector3.new(17.899999618530273, -36.95000076293945, 5.349999904632568)
Part3742.Position = Vector3.new(1310.9854736328125, 368.82769775390625, 3250.89306640625)
Part3742.Rotation = Vector3.new(22.010000228881836, -34.88999938964844, 18.3700008392334)
Part3742.Transparency = 1
Part3742.Size = Vector3.new(1.3500009775161743, 22.749998092651367, 1.5)
Part3742.Anchored = true
Part3742.Material = Enum.Material.Fabric
Part3743.Name = "Tree_Collision"
Part3743.Parent = Model3732
Part3743.CFrame = CFrame.new(1346.36218, 369.726837, 3257.23242, 0.810117424, 0.154629961, -0.565509975, -0.161665902, 0.986116946, 0.0380450785, 0.563540101, 0.0606025159, 0.82386601)
Part3743.Orientation = Vector3.new(-2.180000066757202, -34.470001220703125, -9.3100004196167)
Part3743.Position = Vector3.new(1346.3621826171875, 369.7268371582031, 3257.232421875)
Part3743.Rotation = Vector3.new(-2.640000104904175, -34.439998626708984, -10.8100004196167)
Part3743.Transparency = 1
Part3743.Size = Vector3.new(1.3500009775161743, 23.749998092651367, 1.5)
Part3743.Anchored = true
Part3743.Material = Enum.Material.Fabric
Part3744.Name = "Tree_Collision"
Part3744.Parent = Model3732
Part3744.CFrame = CFrame.new(1354.28931, 367.707458, 3269.8894, 0.843510747, 0.0577393919, -0.534001589, -0.165480509, 0.97378546, -0.15610218, 0.510988235, 0.220040023, 0.83095032)
Part3744.Orientation = Vector3.new(8.979999542236328, -32.72999954223633, -9.640000343322754)
Part3744.Position = Vector3.new(1354.289306640625, 367.70745849609375, 3269.889404296875)
Part3744.Rotation = Vector3.new(10.640000343322754, -32.279998779296875, -3.9200000762939453)
Part3744.Transparency = 1
Part3744.Size = Vector3.new(1.3500009775161743, 20.749998092651367, 1.5)
Part3744.Anchored = true
Part3744.Material = Enum.Material.Fabric
Part3745.Name = "Tree_Collision"
Part3745.Parent = Model3732
Part3745.CFrame = CFrame.new(1309.78174, 368.622162, 3210.13867, 0.810521305, -0.270477504, -0.519518435, 0.268404514, 0.959899604, -0.0810051709, 0.520593941, -0.0737844855, 0.850613236)
Part3745.Orientation = Vector3.new(4.650000095367432, -31.40999984741211, 15.619999885559082)
Part3745.Position = Vector3.new(1309.78173828125, 368.6221618652344, 3210.138671875)
Part3745.Rotation = Vector3.new(5.440000057220459, -31.299999237060547, 18.450000762939453)
Part3745.Transparency = 1
Part3745.Size = Vector3.new(1.3500009775161743, 22.749998092651367, 1.5)
Part3745.Anchored = true
Part3745.Material = Enum.Material.Fabric
Part3746.Name = "Tree_Collision"
Part3746.Parent = Model3732
Part3746.CFrame = CFrame.new(1342.5061, 369.493988, 3222.73877, 0.815020442, 0.277256489, -0.50879544, -0.127152994, 0.942270696, 0.309787303, 0.56531173, -0.187787354, 0.803220749)
Part3746.Orientation = Vector3.new(-18.049999237060547, -32.349998474121094, -7.690000057220459)
Part3746.Position = Vector3.new(1342.506103515625, 369.4939880371094, 3222.73876953125)
Part3746.Rotation = Vector3.new(-21.09000015258789, -30.579999923706055, -18.790000915527344)
Part3746.Transparency = 1
Part3746.Size = Vector3.new(1.3500009775161743, 23.749998092651367, 1.5)
Part3746.Anchored = true
Part3746.Material = Enum.Material.Fabric
Part3747.Name = "Tree_Collision"
Part3747.Parent = Model3732
Part3747.CFrame = CFrame.new(1342.68494, 369.036713, 3236.53149, 0.817097843, 0.112020433, -0.565510869, -0.109834701, 0.993221462, 0.0380459651, 0.565939426, 0.0310254414, 0.82386291)
Part3747.Orientation = Vector3.new(-2.180000066757202, -34.470001220703125, -6.309999942779541)
Part3747.Position = Vector3.new(1342.6849365234375, 369.0367126464844, 3236.531494140625)
Part3747.Rotation = Vector3.new(-2.640000104904175, -34.439998626708984, -7.809999942779541)
Part3747.Transparency = 1
Part3747.Size = Vector3.new(1.3500009775161743, 23.749998092651367, 1.5)
Part3747.Anchored = true
Part3747.Material = Enum.Material.Fabric
Part3748.Name = "Tree_Collision"
Part3748.Parent = Model3732
Part3748.CFrame = CFrame.new(1295.83325, 368.661865, 3218.0542, 0.830494583, -0.138178363, -0.539616108, 0.166250721, 0.986077726, 0.00336478604, 0.531638563, -0.0925059989, 0.841904461)
Part3748.Orientation = Vector3.new(-0.1899999976158142, -32.65999984741211, 9.569999694824219)
Part3748.Position = Vector3.new(1295.833251953125, 368.661865234375, 3218.05419921875)
Part3748.Rotation = Vector3.new(-0.23000000417232513, -32.65999984741211, 9.449999809265137)
Part3748.Transparency = 1
Part3748.Size = Vector3.new(1.3500009775161743, 22.749998092651367, 1.5)
Part3748.Anchored = true
Part3748.Material = Enum.Material.Fabric
Model3749.Name = "茂み"
Model3749.Parent = Folder0
Part3750.Name = "TreeMesh Bottom"
Part3750.Parent = Model3749
Part3750.CFrame = CFrame.new(1282.56934, 357.612579, 3313.56396, 0.535154402, -0.000814620173, 0.844755054, 0.000785164884, 1.00000453, 0.000466923462, -0.844756365, 0.000413396978, 0.535155952)
Part3750.Orientation = Vector3.new(-0.029999999329447746, 57.650001525878906, 0.03999999910593033)
Part3750.Position = Vector3.new(1282.5693359375, 357.6125793457031, 3313.56396484375)
Part3750.Rotation = Vector3.new(-0.05000000074505806, 57.650001525878906, 0.09000000357627869)
Part3750.Size = Vector3.new(8.250000953674316, 0.2499980926513672, 7)
Part3750.Anchored = true
Part3750.CanCollide = false
Part3750.Material = Enum.Material.Fabric
SpecialMesh3751.Name = "BarkMesh"
SpecialMesh3751.Parent = Part3750
SpecialMesh3751.MeshId = "rbxassetid://623621260"
SpecialMesh3751.Offset = Vector3.new(0, 3.4100000858306885, 0)
SpecialMesh3751.TextureId = "rbxassetid://623618671"
SpecialMesh3751.MeshType = Enum.MeshType.FileMesh
Part3752.Name = "TreeMeshTop"
Part3752.Parent = Model3749
Part3752.CFrame = CFrame.new(1282.5437, 387.75296, 3313.57568, 0.535154402, -0.000814620173, 0.844755054, 0.000785164884, 1.00000453, 0.000466923462, -0.844756365, 0.000413396978, 0.535155952)
Part3752.Orientation = Vector3.new(-0.029999999329447746, 57.650001525878906, 0.03999999910593033)
Part3752.Position = Vector3.new(1282.543701171875, 387.7529602050781, 3313.57568359375)
Part3752.Rotation = Vector3.new(-0.05000000074505806, 57.650001525878906, 0.09000000357627869)
Part3752.Transparency = 0.05000000074505806
Part3752.Size = Vector3.new(8.250000953674316, 0.2499980926513672, 7)
Part3752.Anchored = true
Part3752.CanCollide = false
Part3752.Material = Enum.Material.Fabric
SpecialMesh3753.Name = "TopTreeMesh"
SpecialMesh3753.Parent = Part3752
SpecialMesh3753.MeshId = "rbxassetid://623621456"
SpecialMesh3753.Offset = Vector3.new(0, 3.4100000858306885, 0)
SpecialMesh3753.Scale = Vector3.new(1.600000023841858, 1.600000023841858, 1.600000023841858)
SpecialMesh3753.TextureId = "rbxassetid://745556120"
SpecialMesh3753.MeshType = Enum.MeshType.FileMesh
Part3754.Name = "Tree_Collision"
Part3754.Parent = Model3749
Part3754.CFrame = CFrame.new(1285.94739, 370.744324, 3317.41846, 0.53666538, 0.0320324749, 0.843188167, 0.0974632427, 0.9902426, -0.0996516347, -0.838149905, 0.135658979, 0.528305352)
Part3754.Orientation = Vector3.new(5.71999979019165, 57.93000030517578, 5.619999885559082)
Part3754.Position = Vector3.new(1285.9473876953125, 370.74432373046875, 3317.41845703125)
Part3754.Rotation = Vector3.new(10.680000305175781, 57.47999954223633, -3.4200000762939453)
Part3754.Transparency = 1
Part3754.Size = Vector3.new(1.3500009775161743, 26.749998092651367, 1.5)
Part3754.Anchored = true
Part3754.Material = Enum.Material.Fabric
Part3755.Name = "Tree_Collision"
Part3755.Parent = Model3749
Part3755.CFrame = CFrame.new(1296.40515, 369.748352, 3317.60547, 0.550166011, 0.230220228, 0.80269438, -0.301092505, 0.951280892, -0.0664677098, -0.778887093, -0.205116183, 0.59267807)
Part3755.Orientation = Vector3.new(3.809999942779541, 53.560001373291016, -17.559999465942383)
Part3755.Position = Vector3.new(1296.4051513671875, 369.74835205078125, 3317.60546875)
Part3755.Rotation = Vector3.new(6.400000095367432, 53.38999938964844, -22.709999084472656)
Part3755.Transparency = 1
Part3755.Size = Vector3.new(1.3500009775161743, 23.749998092651367, 1.5)
Part3755.Anchored = true
Part3755.Material = Enum.Material.Fabric
Part3756.Name = "Tree_Collision"
Part3756.Parent = Model3749
Part3756.CFrame = CFrame.new(1274.37927, 371.197327, 3329.90771, 0.5371418, 0.0814244971, 0.839552701, 0.114730068, 0.979026854, -0.168355197, -0.835652947, 0.186752543, 0.516534388)
Part3756.Orientation = Vector3.new(9.6899995803833, 58.400001525878906, 6.679999828338623)
Part3756.Position = Vector3.new(1274.3792724609375, 371.19732666015625, 3329.90771484375)
Part3756.Rotation = Vector3.new(18.049999237060547, 57.09000015258789, -8.619999885559082)
Part3756.Transparency = 1
Part3756.Size = Vector3.new(1.3500009775161743, 26.749998092651367, 1.5)
Part3756.Anchored = true
Part3756.Material = Enum.Material.Fabric
Part3757.Name = "Tree_Collision"
Part3757.Parent = Model3749
Part3757.CFrame = CFrame.new(1292.85876, 369.464203, 3277.84082, 0.536858022, -0.214080617, 0.816060722, -0.0103848865, 0.96552515, 0.260122031, -0.843611181, -0.148122832, 0.516125023)
Part3757.Orientation = Vector3.new(-15.079999923706055, 57.689998626708984, -0.6200000047683716)
Part3757.Position = Vector3.new(1292.8587646484375, 369.4642028808594, 3277.8408203125)
Part3757.Rotation = Vector3.new(-26.75, 54.689998626708984, 21.739999771118164)
Part3757.Transparency = 1
Part3757.Size = Vector3.new(1.3500009775161743, 23.749998092651367, 1.5)
Part3757.Anchored = true
Part3757.Material = Enum.Material.Fabric
Part3758.Name = "Tree_Collision"
Part3758.Parent = Model3749
Part3758.CFrame = CFrame.new(1267.79504, 370.594452, 3313.35596, 0.50118649, -0.293550432, 0.814028442, 0.214291871, 0.953510284, 0.2119129, -0.838388562, 0.068231456, 0.540790319)
Part3758.Orientation = Vector3.new(-12.229999542236328, 56.400001525878906, 12.670000076293945)
Part3758.Position = Vector3.new(1267.7950439453125, 370.5944519042969, 3313.35595703125)
Part3758.Rotation = Vector3.new(-21.399999618530273, 54.4900016784668, 30.360000610351562)
Part3758.Transparency = 1
Part3758.Size = Vector3.new(1.3500009775161743, 26.749998092651367, 1.5)
Part3758.Anchored = true
Part3758.Material = Enum.Material.Fabric
Part3759.Name = "Tree_Collision"
Part3759.Parent = Model3749
Part3759.CFrame = CFrame.new(1295.27942, 369.375427, 3331.51807, 0.621235967, 0.187404275, 0.760886073, 0.089161776, 0.94777739, -0.306232393, -0.778537035, 0.258083701, 0.572082222)
Part3759.Orientation = Vector3.new(17.829999923706055, 53.060001373291016, 5.369999885559082)
Part3759.Position = Vector3.new(1295.2794189453125, 369.37542724609375, 3331.51806640625)
Part3759.Rotation = Vector3.new(28.15999984741211, 49.540000915527344, -16.790000915527344)
Part3759.Transparency = 1
Part3759.Size = Vector3.new(1.3500009775161743, 22.749998092651367, 1.5)
Part3759.Anchored = true
Part3759.Material = Enum.Material.Fabric
Part3760.Name = "Tree_Collision"
Part3760.Parent = Model3749
Part3760.CFrame = CFrame.new(1301.61853, 370.268158, 3296.13989, 0.563739955, 0.0593904071, 0.823815584, -0.16129677, 0.986128807, 0.0392840803, -0.810052276, -0.155024245, 0.565497994)
Part3760.Orientation = Vector3.new(-2.25, 55.529998779296875, -9.289999961853027)
Part3760.Position = Vector3.new(1301.6185302734375, 370.2681579589844, 3296.139892578125)
Part3760.Rotation = Vector3.new(-3.9700000286102295, 55.470001220703125, -6.010000228881836)
Part3760.Transparency = 1
Part3760.Size = Vector3.new(1.3500009775161743, 23.749998092651367, 1.5)
Part3760.Anchored = true
Part3760.Material = Enum.Material.Fabric
Part3761.Name = "Tree_Collision"
Part3761.Parent = Model3749
Part3761.CFrame = CFrame.new(1314.27783, 368.261078, 3288.21411, 0.51119411, 0.218842238, 0.831138194, -0.165190011, 0.974032164, -0.154866174, -0.843443513, -0.058128804, 0.534068465)
Part3761.Orientation = Vector3.new(8.90999984741211, 57.279998779296875, -9.630000114440918)
Part3761.Position = Vector3.new(1314.27783203125, 368.2610778808594, 3288.214111328125)
Part3761.Rotation = Vector3.new(16.170000076293945, 56.220001220703125, -23.18000030517578)
Part3761.Transparency = 1
Part3761.Size = Vector3.new(1.3500009775161743, 20.749998092651367, 1.5)
Part3761.Anchored = true
Part3761.Material = Enum.Material.Fabric
Part3762.Name = "Tree_Collision"
Part3762.Parent = Model3749
Part3762.CFrame = CFrame.new(1254.526, 369.120331, 3332.72046, 0.520265043, -0.0749649554, 0.850709498, 0.268719405, 0.959916413, -0.0797513574, -0.810628593, 0.270093024, 0.519553959)
Part3762.Orientation = Vector3.new(4.570000171661377, 58.59000015258789, 15.640000343322754)
Part3762.Position = Vector3.new(1254.5260009765625, 369.1203308105469, 3332.720458984375)
Part3762.Rotation = Vector3.new(8.729999542236328, 58.290000915527344, 8.199999809265137)
Part3762.Transparency = 1
