Part4483.Name = "TreeMeshTop"
Part4483.Parent = Model4480
Part4483.CFrame = CFrame.new(1601.84412, 387.565613, 3763.54736, -0.00538381934, -0.00139039266, 0.999987841, -0.000816740328, 1.00000358, 0.00138607319, -0.999988019, -0.000809306221, -0.00538638234)
Part4483.Orientation = Vector3.new(-0.07999999821186066, 90.30999755859375, -0.05000000074505806)
Part4483.Position = Vector3.new(1601.8441162109375, 387.56561279296875, 3763.54736328125)
Part4483.Rotation = Vector3.new(-165.57000732421875, 89.72000122070312, 165.52000427246094)
Part4483.Transparency = 0.05000000074505806
Part4483.Size = Vector3.new(8.250000953674316, 0.2499980926513672, 7)
Part4483.Anchored = true
Part4483.CanCollide = false
Part4483.Material = Enum.Material.Fabric
SpecialMesh4484.Name = "TopTreeMesh"
SpecialMesh4484.Parent = Part4483
SpecialMesh4484.MeshId = "rbxassetid://623621456"
SpecialMesh4484.Offset = Vector3.new(0, 3.4100000858306885, 0)
SpecialMesh4484.Scale = Vector3.new(1.600000023841858, 1.600000023841858, 1.600000023841858)
SpecialMesh4484.TextureId = "rbxassetid://745556120"
SpecialMesh4484.MeshType = Enum.MeshType.FileMesh
Part4485.Name = "Tree_Collision"
Part4485.Parent = Model4480
Part4485.CFrame = CFrame.new(1606.80054, 370.564087, 3764.9729, -0.000636279583, 0.0992624164, 0.995064139, 0.0958722234, 0.990488708, -0.098744601, -0.995396316, 0.0953354836, -0.0101481676)
Part4485.Orientation = Vector3.new(5.670000076293945, 90.58000183105469, 5.53000020980835)
Part4485.Position = Vector3.new(1606.800537109375, 370.5640869140625, 3764.972900390625)
Part4485.Rotation = Vector3.new(95.87000274658203, 84.30000305175781, -90.37000274658203)
Part4485.Transparency = 1
Part4485.Size = Vector3.new(1.3500009775161743, 26.749998092651367, 1.5)
Part4485.Anchored = true
Part4485.Material = Enum.Material.Fabric
Part4486.Name = "Tree_Collision"
Part4486.Parent = Model4480
Part4486.CFrame = CFrame.new(1615.70581, 369.567596, 3759.48657, 0.0430836082, 0.082231164, 0.995684862, -0.302572936, 0.950882435, -0.0654385611, -0.952155054, -0.298446596, 0.0658464432)
Part4486.Orientation = Vector3.new(3.75, 86.22000122070312, -17.649999618530273)
Part4486.Position = Vector3.new(1615.705810546875, 369.5675964355469, 3759.486572265625)
Part4486.Rotation = Vector3.new(44.81999969482422, 84.68000030517578, -62.349998474121094)
Part4486.Transparency = 1
Part4486.Size = Vector3.new(1.3500009775161743, 23.749998092651367, 1.5)
Part4486.Anchored = true
Part4486.Material = Enum.Material.Fabric
Part4487.Name = "Tree_Collision"
Part4487.Parent = Model4480
Part4487.CFrame = CFrame.new(1603.8009, 371.040894, 3781.72876, 0.00109615922, 0.168431118, 0.985716105, 0.113143377, 0.979368031, -0.167472169, -0.993580937, 0.111709923, -0.0179846883)
Part4487.Orientation = Vector3.new(9.640000343322754, 91.05000305175781, 6.590000152587891)
Part4487.Position = Vector3.new(1603.8009033203125, 371.0408935546875, 3781.728759765625)
Part4487.Rotation = Vector3.new(96.12999725341797, 80.30000305175781, -89.62999725341797)
Part4487.Transparency = 1
Part4487.Size = Vector3.new(1.3500009775161743, 26.749998092651367, 1.5)
Part4487.Anchored = true
Part4487.Material = Enum.Material.Fabric
Part4488.Name = "Tree_Collision"
Part4488.Parent = Model4480
Part4488.CFrame = CFrame.new(1591.25842, 369.210327, 3727.92651, -0.00332072377, -0.261064082, 0.965319157, -0.0119848391, 0.965267122, 0.261008888, -0.999925375, -0.0107020512, -0.00633561611)
Part4488.Orientation = Vector3.new(-15.130000114440918, 90.37999725341797, -0.7099999785423279)
Part4488.Position = Vector3.new(1591.2584228515625, 369.2103271484375, 3727.926513671875)
Part4488.Rotation = Vector3.new(-91.38999938964844, 74.87000274658203, 90.7300033569336)
Part4488.Transparency = 1
Part4488.Size = Vector3.new(1.3500009775161743, 23.749998092651367, 1.5)
Part4488.Anchored = true
Part4488.Material = Enum.Material.Fabric
Part4489.Name = "Tree_Collision"
Part4489.Parent = Model4480
Part4489.CFrame = CFrame.new(1589.32422, 370.408203, 3771.3501, -0.0307425857, -0.211189926, 0.976964772, 0.212702826, 0.953658462, 0.212845057, -0.976636052, 0.214345708, 0.0156012774)
Part4489.Orientation = Vector3.new(-12.289999961853027, 89.08999633789062, 12.569999694824219)
Part4489.Position = Vector3.new(1589.32421875, 370.408203125, 3771.35009765625)
Part4489.Rotation = Vector3.new(-85.80999755859375, 77.68000030517578, 98.27999877929688)
Part4489.Transparency = 1
Part4489.Size = Vector3.new(1.3500009775161743, 26.749998092651367, 1.5)
Part4489.Anchored = true
Part4489.Material = Enum.Material.Fabric
Part4490.Name = "Tree_Collision"
Part4490.Parent = Model4480
Part4490.CFrame = CFrame.new(1622.26636, 369.220367, 3771.80762, 0.102740139, 0.296176791, 0.949594855, 0.0876746178, 0.948236346, -0.305238873, -0.99083972, 0.114614531, 0.0714529455)
Part4490.Orientation = Vector3.new(17.770000457763672, 85.69999694824219, 5.28000020980835)
Part4490.Position = Vector3.new(1622.266357421875, 369.2203674316406, 3771.8076171875)
Part4490.Rotation = Vector3.new(76.81999969482422, 71.7300033569336, -70.87000274658203)
Part4490.Transparency = 1
Part4490.Size = Vector3.new(1.3500009775161743, 22.749998092651367, 1.5)
Part4490.Anchored = true
Part4490.Material = Enum.Material.Fabric
Part4491.Name = "Tree_Collision"
Part4491.Parent = Model4480
Part4491.CFrame = CFrame.new(1608.50854, 370.047363, 3738.60181, 0.0375617743, -0.0345818624, 0.99869895, -0.162838325, 0.985835791, 0.0402609706, -0.985940516, -0.16413784, 0.0313969254)
Part4491.Orientation = Vector3.new(-2.309999942779541, 88.19999694824219, -9.380000114440918)
Part4491.Position = Vector3.new(1608.508544921875, 370.04736328125, 3738.601806640625)
Part4491.Rotation = Vector3.new(-52.04999923706055, 87.08000183105469, 42.630001068115234)
Part4491.Transparency = 1
Part4491.Size = Vector3.new(1.3500009775161743, 23.749998092651367, 1.5)
Part4491.Anchored = true
Part4491.Material = Enum.Material.Fabric
Part4492.Name = "Tree_Collision"
Part4492.Parent = Model4480
Part4492.CFrame = CFrame.new(1614.89087, 368.024658, 3725.10083, -0.0246943235, 0.151961505, 0.988081098, -0.166787967, 0.973905087, -0.153949633, -0.985686362, -0.168601096, 0.00129398704)
Part4492.Orientation = Vector3.new(8.859999656677246, 89.91999816894531, -9.720000267028809)
Part4492.Position = Vector3.new(1614.890869140625, 368.024658203125, 3725.100830078125)
Part4492.Rotation = Vector3.new(89.5199966430664, 81.1500015258789, -99.2300033569336)
Part4492.Transparency = 1
Part4492.Size = Vector3.new(1.3500009775161743, 20.749998092651367, 1.5)
Part4492.Anchored = true
Part4492.Material = Enum.Material.Fabric
Part4493.Name = "Tree_Collision"
Part4493.Parent = Model4480
Part4493.CFrame = CFrame.new(1588.60693, 368.970795, 3794.8147, 0.000251561403, 0.0817664936, 0.99665463, 0.267180294, 0.960419536, -0.078861095, -0.963649511, 0.266304761, -0.0216061771)
Part4493.Orientation = Vector3.new(4.519999980926514, 91.23999786376953, 15.550000190734863)
Part4493.Position = Vector3.new(1588.60693359375, 368.9707946777344, 3794.814697265625)
Part4493.Rotation = Vector3.new(105.31999969482422, 85.30999755859375, -89.81999969482422)
Part4493.Transparency = 1
Part4493.Size = Vector3.new(1.3500009775161743, 22.749998092651367, 1.5)
Part4493.Anchored = true
Part4493.Material = Enum.Material.Fabric
Part4494.Name = "Tree_Collision"
Part4494.Parent = Model4480
Part4494.CFrame = CFrame.new(1581.55029, 369.783508, 3760.4646, 0.0363319218, -0.309778214, 0.950117886, -0.128334299, 0.941428661, 0.311852664, -0.991068125, -0.13326174, -0.0055526495)
Part4494.Orientation = Vector3.new(-18.170000076293945, 90.33000183105469, -7.760000228881836)
Part4494.Position = Vector3.new(1581.55029296875, 369.78350830078125, 3760.464599609375)
Part4494.Rotation = Vector3.new(-91.0199966430664, 71.83000183105469, 83.30999755859375)
Part4494.Transparency = 1
Part4494.Size = Vector3.new(1.3500009775161743, 23.749998092651367, 1.5)
Part4494.Anchored = true
Part4494.Material = Enum.Material.Fabric
Part4495.Name = "Tree_Collision"
Part4495.Parent = Model4480
Part4495.CFrame = CFrame.new(1593.06738, 369.341797, 3752.87085, 0.0357017517, -0.0365006588, 0.99869895, -0.111021034, 0.993007183, 0.0402615033, -0.99317944, -0.11231336, 0.0313980877)
Part4495.Orientation = Vector3.new(-2.309999942779541, 88.19999694824219, -6.380000114440918)
Part4495.Position = Vector3.new(1593.0673828125, 369.341796875, 3752.870849609375)
Part4495.Rotation = Vector3.new(-52.04999923706055, 87.08000183105469, 45.630001068115234)
Part4495.Transparency = 1
Part4495.Size = Vector3.new(1.3500009775161743, 23.749998092651367, 1.5)
Part4495.Anchored = true
Part4495.Material = Enum.Material.Fabric
Part4496.Name = "Tree_Collision"
Part4496.Parent = Model4480
Part4496.CFrame = CFrame.new(1602.79785, 369.050964, 3802.28564, -0.0010073185, -0.00545152277, 0.999987841, 0.164993972, 0.986283958, 0.00554305175, -0.986297011, 0.164996609, -9.54270363e-05)
Part4496.Orientation = Vector3.new(-0.3199999928474426, 90.01000213623047, 9.5)
Part4496.Position = Vector3.new(1602.7978515625, 369.05096435546875, 3802.28564453125)
Part4496.Rotation = Vector3.new(-90.98999786376953, 89.72000122070312, 100.47000122070312)
Part4496.Transparency = 1
Part4496.Size = Vector3.new(1.3500009775161743, 22.749998092651367, 1.5)
Part4496.Anchored = true
Part4496.Material = Enum.Material.Fabric
Model4497.Name = "茂み"
Model4497.Parent = Folder0
Part4498.Name = "TreeMesh Bottom"
Part4498.Parent = Model4497
Part4498.CFrame = CFrame.new(1552.04272, 339.281464, 3730.82544, -0.999988616, -0.000414195296, -0.00538486242, -0.000409858767, 1.00000429, -0.000816851156, 0.00538659096, -0.000814674539, -0.9999879)
Part4498.Orientation = Vector3.new(0.05000000074505806, -179.69000244140625, -0.019999999552965164)
Part4498.Position = Vector3.new(1552.042724609375, 339.2814636230469, 3730.825439453125)
Part4498.Rotation = Vector3.new(179.9499969482422, -0.3100000023841858, 179.97999572753906)
Part4498.Size = Vector3.new(8.250000953674316, 0.2499980926513672, 7)
Part4498.Anchored = true
Part4498.CanCollide = false
Part4498.Material = Enum.Material.Fabric
SpecialMesh4499.Name = "BarkMesh"
SpecialMesh4499.Parent = Part4498
SpecialMesh4499.MeshId = "rbxassetid://623621260"
SpecialMesh4499.Offset = Vector3.new(0, 3.4100000858306885, 0)
SpecialMesh4499.TextureId = "rbxassetid://623618671"
SpecialMesh4499.MeshType = Enum.MeshType.FileMesh
Part4500.Name = "TreeMeshTop"
Part4500.Parent = Model4497
Part4500.CFrame = CFrame.new(1552.03052, 369.4216, 3730.80103, -0.999988616, -0.000414195296, -0.00538486242, -0.000409858767, 1.00000429, -0.000816851156, 0.00538659096, -0.000814674539, -0.9999879)
Part4500.Orientation = Vector3.new(0.05000000074505806, -179.69000244140625, -0.019999999552965164)
Part4500.Position = Vector3.new(1552.030517578125, 369.4216003417969, 3730.801025390625)
Part4500.Rotation = Vector3.new(179.9499969482422, -0.3100000023841858, 179.97999572753906)
Part4500.Transparency = 0.05000000074505806
Part4500.Size = Vector3.new(8.250000953674316, 0.2499980926513672, 7)
Part4500.Anchored = true
Part4500.CanCollide = false
Part4500.Material = Enum.Material.Fabric
SpecialMesh4501.Name = "TopTreeMesh"
SpecialMesh4501.Parent = Part4500
SpecialMesh4501.MeshId = "rbxassetid://623621456"
SpecialMesh4501.Offset = Vector3.new(0, 3.4100000858306885, 0)
SpecialMesh4501.Scale = Vector3.new(1.600000023841858, 1.600000023841858, 1.600000023841858)
SpecialMesh4501.TextureId = "rbxassetid://745556120"
SpecialMesh4501.MeshType = Enum.MeshType.FileMesh
Part4502.Name = "Tree_Collision"
Part4502.Parent = Model4497
Part4502.CFrame = CFrame.new(1553.44958, 352.408661, 3725.88306, -0.995358646, 0.095727548, -0.0101859272, 0.0962671265, 0.990229666, -0.10093382, 0.000425726175, -0.101445556, -0.994843662)
Part4502.Orientation = Vector3.new(5.789999961853027, -179.41000366210938, 5.550000190734863)
Part4502.Position = Vector3.new(1553.4495849609375, 352.4086608886719, 3725.883056640625)
Part4502.Rotation = Vector3.new(174.2100067138672, -0.5799999833106995, -174.50999450683594)
Part4502.Transparency = 1
Part4502.Size = Vector3.new(1.3500009775161743, 26.749998092651367, 1.5)
Part4502.Anchored = true
Part4502.Material = Enum.Material.Fabric
Part4503.Name = "Tree_Collision"
Part4503.Parent = Model4497
Part4503.CFrame = CFrame.new(1547.96252, 351.394623, 3716.97974, -0.952274919, -0.298071206, 0.0658216178, -0.302291512, 0.950816274, -0.0676607639, -0.0424148738, -0.0843281224, -0.995537579)
Part4503.Orientation = Vector3.new(3.880000114440918, 176.22000122070312, -17.639999389648438)
Part4503.Position = Vector3.new(1547.9625244140625, 351.3946228027344, 3716.979736328125)
Part4503.Rotation = Vector3.new(176.11000061035156, 3.7699999809265137, 162.6199951171875)
Part4503.Transparency = 1
Part4503.Size = Vector3.new(1.3500009775161743, 23.749998092651367, 1.5)
Part4503.Anchored = true
Part4503.Material = Enum.Material.Fabric
Part4504.Name = "Tree_Collision"
Part4504.Parent = Model4497
Part4504.CFrame = CFrame.new(1570.20557, 352.885468, 3728.88086, -0.993536353, 0.11209856, -0.0180510581, 0.113534778, 0.978949547, -0.169638976, -0.0013436377, -0.17059125, -0.985343695)
Part4504.Orientation = Vector3.new(9.770000457763672, -178.9499969482422, 6.619999885559082)
Part4504.Position = Vector3.new(1570.20556640625, 352.8854675292969, 3728.880859375)
Part4504.Rotation = Vector3.new(170.22999572753906, -1.0299999713897705, -173.55999755859375)
Part4504.Transparency = 1
Part4504.Size = Vector3.new(1.3500009775161743, 26.749998092651367, 1.5)
Part4504.Anchored = true
Part4504.Material = Enum.Material.Fabric
Part4505.Name = "Tree_Collision"
Part4505.Parent = Model4497
Part4505.CFrame = CFrame.new(1516.40222, 351.10376, 3741.42773, -0.999930501, -0.0103207305, -0.00623169541, -0.0115823587, 0.965844393, 0.258882672, 0.00334843993, 0.258935422, -0.96589154)
Part4505.Orientation = Vector3.new(-15, -179.6300048828125, -0.6899999976158142)
Part4505.Position = Vector3.new(1516.4022216796875, 351.103759765625, 3741.427734375)
Part4505.Rotation = Vector3.new(-165, -0.36000001430511475, 179.41000366210938)
Part4505.Transparency = 1
Part4505.Size = Vector3.new(1.3500009775161743, 23.749998092651367, 1.5)
Part4505.Anchored = true
Part4505.Material = Enum.Material.Fabric
Part4506.Name = "Tree_Collision"
Part4506.Parent = Model4497
Part4506.CFrame = CFrame.new(1559.8269, 352.288757, 3743.3584, -0.976552308, 0.21472308, 0.0156868398, 0.21315667, 0.954036713, 0.210684583, 0.0302742124, 0.209086806, -0.977431178)
Part4506.Orientation = Vector3.new(-12.15999984741211, 179.0800018310547, 12.59000015258789)
Part4506.Position = Vector3.new(1559.826904296875, 352.28875732421875, 3743.3583984375)
Part4506.Rotation = Vector3.new(-167.83999633789062, 0.8999999761581421, -167.60000610351562)
Part4506.Transparency = 1
Part4506.Size = Vector3.new(1.3500009775161743, 26.749998092651367, 1.5)
Part4506.Anchored = true
Part4506.Material = Enum.Material.Fabric
Part4507.Name = "Tree_Collision"
Part4507.Parent = Model4497
Part4507.CFrame = CFrame.new(1560.28296, 351.028107, 3710.41968, -0.990805209, 0.114990085, 0.0713339746, 0.0878394544, 0.947535396, -0.307361096, -0.10293293, -0.298267722, -0.9489187)
Part4507.Orientation = Vector3.new(17.899999618530273, 175.6999969482422, 5.300000190734863)
Part4507.Position = Vector3.new(1560.282958984375, 351.0281066894531, 3710.419677734375)
Part4507.Rotation = Vector3.new(162.0500030517578, 4.090000152587891, -173.3800048828125)
Part4507.Transparency = 1
Part4507.Size = Vector3.new(1.3500009775161743, 22.749998092651367, 1.5)
Part4507.Anchored = true
Part4507.Material = Enum.Material.Fabric
Part4508.Name = "Tree_Collision"
Part4508.Parent = Model4497
Part4508.CFrame = CFrame.new(1527.07861, 351.898529, 3724.17603, -0.986005187, -0.16374737, 0.0314139426, -0.162530214, 0.985974729, 0.0380462296, -0.0372015834, 0.0324080884, -0.9987849)
Part4508.Orientation = Vector3.new(-2.180000066757202, 178.1999969482422, -9.359999656677246)
Part4508.Position = Vector3.new(1527.07861328125, 351.8985290527344, 3724.176025390625)
Part4508.Rotation = Vector3.new(-177.82000732421875, 1.7999999523162842, 170.57000732421875)
Part4508.Transparency = 1
Part4508.Size = Vector3.new(1.3500009775161743, 23.749998092651367, 1.5)
Part4508.Anchored = true
Part4508.Material = Enum.Material.Fabric
Part4509.Name = "Tree_Collision"
Part4509.Parent = Model4497
Part4509.CFrame = CFrame.new(1513.57703, 349.867157, 3717.79785, -0.985752583, -0.168215439, 0.00123500824, -0.166343138, 0.973634243, -0.156128004, 0.0250620842, -0.154108033, -0.987738907)
Part4509.Orientation = Vector3.new(8.979999542236328, 179.92999267578125, -9.699999809265137)
Part4509.Position = Vector3.new(1513.5770263671875, 349.8671569824219, 3717.7978515625)
Part4509.Rotation = Vector3.new(171.02000427246094, 0.07000000029802322, 170.32000732421875)
Part4509.Transparency = 1
Part4509.Size = Vector3.new(1.3500009775161743, 20.749998092651367, 1.5)
Part4509.Anchored = true
Part4509.Material = Enum.Material.Fabric
Part4510.Name = "Tree_Collision"
Part4510.Parent = Model4497
Part4510.CFrame = CFrame.new(1583.29102, 350.843689, 3744.07886, -0.96354425, 0.266685009, -0.0216359794, 0.267560303, 0.960131168, -0.0810507238, -0.000840216875, -0.083884865, -0.996477902)
Part4510.Orientation = Vector3.new(4.650000095367432, -178.75999450683594, 15.569999694824219)
Part4510.Position = Vector3.new(1583.291015625, 350.84368896484375, 3744.078857421875)
Part4510.Rotation = Vector3.new(175.35000610351562, -1.2400000095367432, -164.52999877929688)
Part4510.Transparency = 1
Part4510.Size = Vector3.new(1.3500009775161743, 22.749998092651367, 1.5)
Part4510.Anchored = true
Part4510.Material = Enum.Material.Fabric
Part4511.Name = "Tree_Collision"
Part4511.Parent = Model4497
Part4511.CFrame = CFrame.new(1548.94092, 351.685547, 3751.13379, -0.991119266, -0.13289012, -0.00542831421, -0.128022537, 0.942162395, 0.30975771, -0.0360477567, 0.307700276, -0.950803161)
Part4511.Orientation = Vector3.new(-18.040000915527344, -179.6699981689453, -7.739999771118164)
Part4511.Position = Vector3.new(1548.94091796875, 351.685546875, 3751.1337890625)
Part4511.Rotation = Vector3.new(-161.9600067138672, -0.3100000023841858, 172.36000061035156)
Part4511.Transparency = 1
Part4511.Size = Vector3.new(1.3500009775161743, 23.749998092651367, 1.5)
Part4511.Anchored = true
Part4511.Material = Enum.Material.Fabric
Part4512.Name = "Tree_Collision"
Part4512.Parent = Model4497
Part4512.CFrame = CFrame.new(1541.34753, 351.221375, 3739.61938, -0.993223727, -0.111920893, 0.0314150155, -0.11070694, 0.993129492, 0.0380472057, -0.0354557037, 0.034311451, -0.998784781)
Part4512.Orientation = Vector3.new(-2.180000066757202, 178.1999969482422, -6.360000133514404)
Part4512.Position = Vector3.new(1541.3475341796875, 351.22137451171875, 3739.619384765625)
Part4512.Rotation = Vector3.new(-177.82000732421875, 1.7999999523162842, 173.57000732421875)
Part4512.Transparency = 1
Part4512.Size = Vector3.new(1.3500009775161743, 23.749998092651367, 1.5)
Part4512.Anchored = true
Part4512.Material = Enum.Material.Fabric
Part4513.Name = "Tree_Collision"
Part4513.Parent = Model4497
Part4513.CFrame = CFrame.new(1590.76245, 350.889587, 3729.88843, -0.986231804, 0.16538775, -9.22977924e-05, 0.165386766, 0.986228108, 0.00333747151, 0.000644385815, 0.00327597558, -0.999997258)
Part4513.Orientation = Vector3.new(-0.1899999976158142, -179.99000549316406, 9.520000457763672)
Part4513.Position = Vector3.new(1590.762451171875, 350.88958740234375, 3729.888427734375)
Part4513.Rotation = Vector3.new(-179.80999755859375, -0.009999999776482582, -170.47999572753906)
Part4513.Transparency = 1
Part4513.Size = Vector3.new(1.3500009775161743, 22.749998092651367, 1.5)
Part4513.Anchored = true
Part4513.Material = Enum.Material.Fabric
Part4514.Name = "バスのりば"
Part4514.Parent = Folder0
Part4514.CFrame = CFrame.new(1917.13733, 125.694107, 2165.54126, 0.797128975, 0.0208639819, -0.603448749, -0.0226464421, 0.999730885, 0.00465046801, 0.603385031, 0.00995918084, 0.79738909)
Part4514.Orientation = Vector3.new(-0.27000001072883606, -37.119998931884766, -1.2999999523162842)
Part4514.Position = Vector3.new(1917.1373291015625, 125.69410705566406, 2165.541259765625)
Part4514.Rotation = Vector3.new(-0.33000001311302185, -37.119998931884766, -1.5)
Part4514.Size = Vector3.new(75.5, 31.25, 79.5)
Part4514.Anchored = true
Part4514.BottomSurface = Enum.SurfaceType.Smooth
Part4514.CanCollide = false
Part4514.TopSurface = Enum.SurfaceType.Smooth
SpecialMesh4515.Parent = Part4514
SpecialMesh4515.MeshId = "rbxassetid://7069502473"
SpecialMesh4515.Scale = Vector3.new(7.9473652839660645, 7.352944374084473, 8.368416786193848)
SpecialMesh4515.TextureId = "rbxassetid://7069502560"
SpecialMesh4515.MeshType = Enum.MeshType.FileMesh
Part4516.Name = "バスのりば"
Part4516.Parent = Folder0
Part4516.CFrame = CFrame.new(1925.31885, 286.462891, 3078.74976, 2.08166817e-17, -0.0223041307, -0.999751568, -1.11758727e-08, 0.99975121, -0.0223041326, 1.00000036, -1.1176799e-08, -8.3089341e-11)
Part4516.Orientation = Vector3.new(1.2799999713897705, -90, 0)
Part4516.Position = Vector3.new(1925.31884765625, 286.462890625, 3078.749755859375)
Part4516.Rotation = Vector3.new(90, -88.72000122070312, 90)
Part4516.Size = Vector3.new(75.5, 31.25, 79.5)
Part4516.Anchored = true
Part4516.BottomSurface = Enum.SurfaceType.Smooth
Part4516.CanCollide = false
Part4516.TopSurface = Enum.SurfaceType.Smooth
SpecialMesh4517.Parent = Part4516
SpecialMesh4517.MeshId = "rbxassetid://7069502473"
SpecialMesh4517.Scale = Vector3.new(7.9473652839660645, 7.352944374084473, 8.368416786193848)
SpecialMesh4517.TextureId = "rbxassetid://7069502560"
SpecialMesh4517.MeshType = Enum.MeshType.FileMesh
Part4518.Name = "石"
Part4518.Parent = Folder0
Part4518.CFrame = CFrame.new(2969.01782, 307.313904, 3110.84961, 1, 0, 0, 0, -4.37113883e-08, 1, 0, -1, -4.37113883e-08)
Part4518.Orientation = Vector3.new(-90, 0, 0)
Part4518.Position = Vector3.new(2969.017822265625, 307.31390380859375, 3110.849609375)
Part4518.Rotation = Vector3.new(-90, 0, 0)
Part4518.Size = Vector3.new(32, 22, 29.999998092651367)
Part4518.Anchored = true
Part4518.BottomSurface = Enum.SurfaceType.Smooth
Part4518.TopSurface = Enum.SurfaceType.Smooth
SpecialMesh4519.Parent = Part4518
SpecialMesh4519.MeshId = "rbxassetid://473211502"
SpecialMesh4519.Scale = Vector3.new(0.7999999523162842, 1.100000023841858, 1.499999761581421)
SpecialMesh4519.TextureId = "rbxassetid://473212369"
SpecialMesh4519.MeshType = Enum.MeshType.FileMesh
Model4520.Name = "茂み"
Model4520.Parent = Folder0
Part4521.Name = "TreeMesh Bottom"
Part4521.Parent = Model4520
Part4521.CFrame = CFrame.new(3137.50073, 289.798157, 2925.58472, 0.259612322, 0.0248750579, 0.96539557, -0.160641909, 0.986855567, 0.0177716911, -0.952259958, -0.159696415, 0.260195792)
Part4521.Orientation = Vector3.new(-1.0199999809265137, 74.91999816894531, -9.25)
Part4521.Position = Vector3.new(3137.500732421875, 289.79815673828125, 2925.584716796875)
Part4521.Rotation = Vector3.new(-3.9100000858306885, 74.87999725341797, -5.46999979019165)
Part4521.Size = Vector3.new(8.250000953674316, 0.2499980926513672, 7)
Part4521.Anchored = true
Part4521.CanCollide = false
Part4521.Material = Enum.Material.Fabric
SpecialMesh4522.Name = "BarkMesh"
SpecialMesh4522.Parent = Part4521
SpecialMesh4522.MeshId = "rbxassetid://623621260"
SpecialMesh4522.Offset = Vector3.new(0, 3.4100000858306885, 0)
SpecialMesh4522.TextureId = "rbxassetid://623618671"
SpecialMesh4522.MeshType = Enum.MeshType.FileMesh
Part4523.Name = "TreeMeshTop"
Part4523.Parent = Model4520
Part4523.CFrame = CFrame.new(3138.24927, 319.541992, 2920.77222, 0.259612322, 0.0248750579, 0.96539557, -0.160641909, 0.986855567, 0.0177716911, -0.952259958, -0.159696415, 0.260195792)
Part4523.Orientation = Vector3.new(-1.0199999809265137, 74.91999816894531, -9.25)
Part4523.Position = Vector3.new(3138.249267578125, 319.5419921875, 2920.772216796875)
Part4523.Rotation = Vector3.new(-3.9100000858306885, 74.87999725341797, -5.46999979019165)
Part4523.Transparency = 0.05000000074505806
Part4523.Size = Vector3.new(8.250000953674316, 0.2499980926513672, 7)
Part4523.Anchored = true
Part4523.CanCollide = false
Part4523.Material = Enum.Material.Fabric
SpecialMesh4524.Name = "TopTreeMesh"
SpecialMesh4524.Parent = Part4523
SpecialMesh4524.MeshId = "rbxassetid://623621456"
SpecialMesh4524.Offset = Vector3.new(0, 3.4100000858306885, 0)
SpecialMesh4524.Scale = Vector3.new(1.600000023841858, 1.600000023841858, 1.600000023841858)
SpecialMesh4524.TextureId = "rbxassetid://745556120"
SpecialMesh4524.MeshType = Enum.MeshType.FileMesh
Part4525.Name = "Tree_Collision"
Part4525.Parent = Model4520
Part4525.CFrame = CFrame.new(3142.20679, 303.074677, 2926.13892, 0.26548776, 0.0961883888, 0.959307015, -0.0643935055, 0.994560719, -0.081902191, -0.961963177, -0.0400291532, 0.270237505)
Part4525.Orientation = Vector3.new(4.699999809265137, 74.2699966430664, -3.700000047683716)
Part4525.Position = Vector3.new(3142.206787109375, 303.0746765136719, 2926.138916015625)
Part4525.Rotation = Vector3.new(16.860000610351562, 73.5999984741211, -19.920000076293945)
Part4525.Transparency = 1
Part4525.Size = Vector3.new(1.3500009775161743, 26.749998092651367, 1.5)
Part4525.Anchored = true
Part4525.Material = Enum.Material.Fabric
Part4526.Name = "Tree_Collision"
Part4526.Parent = Model4520
Part4526.CFrame = CFrame.new(3152.21851, 301.36853, 2923.44482, 0.28581956, 0.183026195, 0.940645874, -0.449999303, 0.892270148, -0.0368789434, -0.846056461, -0.412747741, 0.337389648)
Part4526.Orientation = Vector3.new(2.109999895095825, 70.2699966430664, -26.760000228881836)
Part4526.Position = Vector3.new(3152.218505859375, 301.3685302734375, 2923.44482421875)
Part4526.Rotation = Vector3.new(6.239999771118164, 70.16000366210938, -32.630001068115234)
Part4526.Transparency = 1
Part4526.Size = Vector3.new(1.3500009775161743, 23.749998092651367, 1.5)
Part4526.Anchored = true
Part4526.Material = Enum.Material.Fabric
Part4527.Name = "Tree_Collision"
Part4527.Parent = Model4520
Part4527.CFrame = CFrame.new(3134.89038, 306.170227, 2941.2019, 0.267125607, 0.158237383, 0.950584471, -0.0470262393, 0.987394452, -0.15114972, -0.962515473, -0.00432659686, 0.271199644)
Part4527.Orientation = Vector3.new(8.6899995803833, 74.08000183105469, -2.7300000190734863)
Part4527.Position = Vector3.new(3134.890380859375, 306.17022705078125, 2941.201904296875)
Part4527.Rotation = Vector3.new(29.1299991607666, 71.91000366210938, -30.639999389648438)
Part4527.Transparency = 1
Part4527.Size = Vector3.new(1.3500009775161743, 26.749998092651367, 1.5)
Part4527.Anchored = true
Part4527.Material = Enum.Material.Fabric
Part4528.Name = "Tree_Collision"
Part4528.Parent = Model4520
Part4528.CFrame = CFrame.new(3137.00171, 295.552094, 2886.99634, 0.261294633, -0.223720267, 0.938978314, -0.171618327, 0.946507037, 0.273271382, -0.94988215, -0.232549876, 0.208922774)
Part4528.Orientation = Vector3.new(-15.859999656677246, 77.45999908447266, -10.279999732971191)
Part4528.Position = Vector3.new(3137.001708984375, 295.5520935058594, 2886.996337890625)
Part4528.Rotation = Vector3.new(-52.599998474121094, 69.87999725341797, 40.56999969482422)
Part4528.Transparency = 1
Part4528.Size = Vector3.new(1.3500009775161743, 23.749998092651367, 1.5)
Part4528.Anchored = true
Part4528.Material = Enum.Material.Fabric
Part4529.Name = "Tree_Collision"
Part4529.Parent = Model4520
Part4529.CFrame = CFrame.new(3123.66919, 303.637543, 2927.58716, 0.234536499, -0.23554486, 0.943142176, 0.0533961393, 0.97186023, 0.229438931, -0.970641732, -0.00345214456, 0.240513921)
Part4529.Orientation = Vector3.new(-13.260000228881836, 75.69000244140625, 3.140000104904175)
Part4529.Position = Vector3.new(3123.669189453125, 303.6375427246094, 2927.587158203125)
Part4529.Rotation = Vector3.new(-43.650001525878906, 70.58999633789062, 45.119998931884766)
Part4529.Transparency = 1
Part4529.Size = Vector3.new(1.3500009775161743, 26.749998092651367, 1.5)
Part4529.Anchored = true
Part4529.Material = Enum.Material.Fabric
Part4530.Name = "Tree_Collision"
Part4530.Parent = Model4520
Part4530.CFrame = CFrame.new(3155.27075, 303.107269, 2936.9585, 0.363717526, 0.279800206, 0.888497293, -0.0699720085, 0.959336519, -0.273464322, -0.92887938, 0.0372936875, 0.368505448)
Part4530.Orientation = Vector3.new(15.869999885559082, 67.47000122070312, -4.170000076293945)
Part4530.Position = Vector3.new(3155.270751953125, 303.1072692871094, 2936.95849609375)
Part4530.Rotation = Vector3.new(36.58000183105469, 62.689998626708984, -37.56999969482422)
Part4530.Transparency = 1
Part4530.Size = Vector3.new(1.3500009775161743, 22.749998092651367, 1.5)
Part4530.Anchored = true
Part4530.Material = Enum.Material.Fabric
Part4531.Name = "Tree_Collision"
Part4531.Parent = Model4520
Part4531.CFrame = CFrame.new(3150.82349, 298.381653, 2901.59717, 0.29307723, 0.0357646644, 0.95542264, -0.31757158, 0.946208477, 0.0619960763, -0.901807785, -0.321583807, 0.288670063)
Part4531.Orientation = Vector3.new(-3.549999952316284, 73.19000244140625, -18.549999237060547)
Part4531.Position = Vector3.new(3150.823486328125, 298.38165283203125, 2901.59716796875)
Part4531.Rotation = Vector3.new(-12.119999885559082, 72.83000183105469, -6.960000038146973)
Part4531.Transparency = 1
Part4531.Size = Vector3.new(1.3500009775161743, 23.749998092651367, 1.5)
Part4531.Anchored = true
Part4531.Material = Enum.Material.Fabric
Part4532.Name = "Tree_Collision"
Part4532.Parent = Model4520
Part4532.CFrame = CFrame.new(3160.49878, 294.338715, 2890.77319, 0.232897282, 0.216453701, 0.948110044, -0.322505057, 0.936940014, -0.134682059, -0.917470992, -0.274402231, 0.288018107)
Part4532.Orientation = Vector3.new(7.739999771118164, 73.0999984741211, -18.989999771118164)
Part4532.Position = Vector3.new(3160.498779296875, 294.3387145996094, 2890.773193359375)
Part4532.Rotation = Vector3.new(25.059999465942383, 71.45999908447266, -42.900001525878906)
Part4532.Transparency = 1
Part4532.Size = Vector3.new(1.3500009775161743, 20.749998092651367, 1.5)
Part4532.Anchored = true
Part4532.Material = Enum.Material.Fabric
Part4533.Name = "Tree_Collision"
Part4533.Parent = Model4520
Part4533.CFrame = CFrame.new(3116.72485, 305.955139, 2949.93945, 0.262390584, 0.0332642868, 0.964391351, 0.109774202, 0.991891623, -0.0640798658, -0.958699465, 0.122678488, 0.256611377)
Part4533.Orientation = Vector3.new(3.6700000762939453, 75.0999984741211, 6.320000171661377)
Part4533.Position = Vector3.new(3116.724853515625, 305.95513916015625, 2949.939453125)
Part4533.Rotation = Vector3.new(14.020000457763672, 74.66000366210938, -7.230000019073486)
Part4533.Transparency = 1
Part4533.Size = Vector3.new(1.3500009775161743, 22.749998092651367, 1.5)
Part4533.Anchored = true
Part4533.Material = Enum.Material.Fabric
Part4534.Name = "Tree_Collision"
Part4534.Parent = Model4520
Part4534.CFrame = CFrame.new(3119.04126, 301.148163, 2915.271, 0.294146687, -0.238840327, 0.925439835, -0.284356833, 0.902559221, 0.323316842, -0.912481546, -0.358256936, 0.197568923)
Part4534.Orientation = Vector3.new(-18.860000610351562, 77.94999694824219, -17.489999771118164)
Part4534.Position = Vector3.new(3119.041259765625, 301.1481628417969, 2915.27099609375)
Part4534.Rotation = Vector3.new(-58.56999969482422, 67.7300033569336, 39.08000183105469)
Part4534.Transparency = 1
Part4534.Size = Vector3.new(1.3500009775161743, 23.749998092651367, 1.5)
Part4534.Anchored = true
Part4534.Material = Enum.Material.Fabric
Part4535.Name = "Tree_Collision"
Part4535.Parent = Model4520
Part4535.CFrame = CFrame.new(3132.14185, 299.697968, 2911.17798, 0.294548512, 0.020376455, 0.955422342, -0.267615885, 0.961531878, 0.0619971268, -0.91740191, -0.273946613, 0.288670629)
Part4535.Orientation = Vector3.new(-3.549999952316284, 73.19000244140625, -15.550000190734863)
Part4535.Position = Vector3.new(3132.141845703125, 299.6979675292969, 2911.177978515625)
Part4535.Rotation = Vector3.new(-12.119999885559082, 72.83000183105469, -3.9600000381469727)
Part4535.Transparency = 1
Part4535.Size = Vector3.new(1.3500009775161743, 23.749998092651367, 1.5)
Part4535.Anchored = true
Part4535.Material = Enum.Material.Fabric
Part4536.Name = "Tree_Collision"
Part4536.Parent = Model4520
Part4536.CFrame = CFrame.new(3128.42896, 307.472565, 2960.80029, 0.264517784, -0.0233080052, 0.964102268, 0.00527750328, 0.999730766, 0.0227216333, -0.964368224, -0.00092253089, 0.264569521)
Part4536.Orientation = Vector3.new(-1.2999999523162842, 74.6500015258789, 0.30000001192092896)
Part4536.Position = Vector3.new(3128.428955078125, 307.4725646972656, 2960.80029296875)
Part4536.Rotation = Vector3.new(-4.909999847412109, 74.5999984741211, 5.039999961853027)
Part4536.Transparency = 1
Part4536.Size = Vector3.new(1.3500009775161743, 22.749998092651367, 1.5)
Part4536.Anchored = true
Part4536.Material = Enum.Material.Fabric
Model4537.Name = "茂み"
Model4537.Parent = Folder0
Part4538.Name = "TreeMesh Bottom"
Part4538.Parent = Model4537
Part4538.CFrame = CFrame.new(3104.11304, 307.048279, 3147.69458, 0.839995146, -0.0238334071, 0.54207015, 0.0216931254, 0.999711275, 0.0103388857, -0.542160034, 0.0030745815, 0.840269625)
Part4538.Orientation = Vector3.new(-0.5899999737739563, 32.83000183105469, 1.2400000095367432)
Part4538.Position = Vector3.new(3104.113037109375, 307.04827880859375, 3147.694580078125)
Part4538.Rotation = Vector3.new(-0.699999988079071, 32.81999969482422, 1.6299999952316284)
Part4538.Size = Vector3.new(8.250000953674316, 0.2499980926513672, 7)
Part4538.Anchored = true
Part4538.CanCollide = false
Part4538.Material = Enum.Material.Fabric
SpecialMesh4539.Name = "BarkMesh"
SpecialMesh4539.Parent = Part4538
SpecialMesh4539.MeshId = "rbxassetid://623621260"
SpecialMesh4539.Offset = Vector3.new(0, 3.4100000858306885, 0)
SpecialMesh4539.TextureId = "rbxassetid://623618671"
SpecialMesh4539.MeshType = Enum.MeshType.FileMesh
Part4540.Name = "TreeMeshTop"
Part4540.Parent = Model4537
Part4540.CFrame = CFrame.new(3103.39307, 337.179504, 3147.78613, 0.839994073, -0.0238340795, 0.542071879, 0.021693442, 0.999711215, 0.0103396503, -0.542161703, 0.00307415752, 0.840268612)
Part4540.Orientation = Vector3.new(-0.5899999737739563, 32.83000183105469, 1.2400000095367432)
Part4540.Position = Vector3.new(3103.39306640625, 337.17950439453125, 3147.7861328125)
Part4540.Rotation = Vector3.new(-0.699999988079071, 32.81999969482422, 1.6299999952316284)
Part4540.Transparency = 0.05000000074505806
Part4540.Size = Vector3.new(8.250000953674316, 0.2499980926513672, 7)
Part4540.Anchored = true
Part4540.CanCollide = false
Part4540.Material = Enum.Material.Fabric
SpecialMesh4541.Name = "TopTreeMesh"
SpecialMesh4541.Parent = Part4540
SpecialMesh4541.MeshId = "rbxassetid://623621456"
SpecialMesh4541.Offset = Vector3.new(0, 3.4100000858306885, 0)
SpecialMesh4541.Scale = Vector3.new(1.600000023841858, 1.600000023841858, 1.600000023841858)
SpecialMesh4541.TextureId = "rbxassetid://745556120"
SpecialMesh4541.MeshType = Enum.MeshType.FileMesh
Part4542.Name = "Tree_Collision"
Part4542.Parent = Model4537
Part4542.CFrame = CFrame.new(3106.87891, 310.258392, 3145.62378, 0.836379588, -0.0505390391, 0.545815885, 0.118291661, 0.988919497, -0.0896963477, -0.535234809, 0.139585674, 0.833090365)
Part4542.Orientation = Vector3.new(5.150000095367432, 33.22999954223633, 6.820000171661377)
Part4542.Position = Vector3.new(3106.87890625, 310.2583923339844, 3145.623779296875)
Part4542.Rotation = Vector3.new(6.150000095367432, 33.08000183105469, 3.4600000381469727)
Part4542.Transparency = 1
Part4542.Size = Vector3.new(1.3500009775161743, 26.749998092651367, 1.5)
Part4542.Anchored = true
Part4542.Material = Enum.Material.Fabric
Part4543.Name = "Tree_Collision"
Part4543.Parent = Model4537
Part4543.CFrame = CFrame.new(3101.79956, 353.967468, 3154.29663, 0.832905054, 0.273157507, 0.481304705, -0.280622751, 0.958057463, -0.0581097566, -0.4769907, -0.0866651461, 0.874625087)
Part4543.Orientation = Vector3.new(3.3299999237060547, 28.81999969482422, -16.329999923706055)
Part4543.Position = Vector3.new(3101.799560546875, 353.96746826171875, 3154.296630859375)
Part4543.Rotation = Vector3.new(3.799999952316284, 28.770000457763672, -18.15999984741211)
Part4543.Transparency = 1
Part4543.Size = Vector3.new(1.3500009775161743, 23.749998092651367, 1.5)
Part4543.Anchored = true
Part4543.Material = Enum.Material.Fabric
Part4544.Name = "Tree_Collision"
Part4544.Parent = Model4537
Part4544.CFrame = CFrame.new(3090.15308, 308.968781, 3148.74854, 0.835371256, -0.0268951841, 0.549030662, 0.135533139, 0.978045464, -0.15830864, -0.532721639, 0.206658363, 0.820673168)
Part4544.Orientation = Vector3.new(9.109999656677246, 33.779998779296875, 7.889999866485596)
Part4544.Position = Vector3.new(3090.153076171875, 308.9687805175781, 3148.74853515625)
Part4544.Rotation = Vector3.new(10.920000076293945, 33.29999923706055, 1.840000033378601)
Part4544.Transparency = 1
Part4544.Size = Vector3.new(1.3500009775161743, 26.749998092651367, 1.5)
Part4544.Anchored = true
Part4544.Material = Enum.Material.Fabric
Part4545.Name = "Tree_Collision"
Part4545.Parent = Model4537
Part4545.CFrame = CFrame.new(3134.02173, 322.436127, 3129.76172, 0.841317356, -0.154262602, 0.518061996, 0.0105462493, 0.962914944, 0.26959908, -0.540438592, -0.221354753, 0.811743975)
Part4545.Orientation = Vector3.new(-15.640000343322754, 32.54999923706055, 0.6299999952316284)
Part4545.Position = Vector3.new(3134.021728515625, 322.4361267089844, 3129.76171875)
Part4545.Rotation = Vector3.new(-18.3700008392334, 31.200000762939453, 10.390000343322754)
Part4545.Transparency = 1
Part4545.Size = Vector3.new(1.3500009775161743, 23.749998092651367, 1.5)
Part4545.Anchored = true
Part4545.Material = Enum.Material.Fabric
Part4546.Name = "Tree_Collision"
Part4546.Parent = Model4537
Part4546.CFrame = CFrame.new(3108.12036, 299.208008, 3145.01611, 0.801607311, -0.316865027, 0.506976843, 0.234398857, 0.946675062, 0.221059218, -0.549990475, -0.0583664626, 0.833131671)
Part4546.Orientation = Vector3.new(-12.770000457763672, 31.31999969482422, 13.90999984741211)
Part4546.Position = Vector3.new(3108.120361328125, 299.2080078125, 3145.01611328125)
Part4546.Rotation = Vector3.new(-14.859999656677246, 30.459999084472656, 21.56999969482422)
Part4546.Transparency = 1
Part4546.Size = Vector3.new(1.3500009775161743, 26.749998092651367, 1.5)
Part4546.Anchored = true
Part4546.Material = Enum.Material.Fabric
Part4547.Name = "Tree_Collision"
Part4547.Parent = Model4537
Part4547.CFrame = CFrame.new(3099.68848, 311.578156, 3144.55322, 0.888305604, 0.0400710963, 0.457501322, 0.110906728, 0.94798404, -0.298372507, -0.445659965, 0.315785974, 0.837655306)
Part4547.Orientation = Vector3.new(17.360000610351562, 28.639999389648438, 6.670000076293945)
Part4547.Position = Vector3.new(3099.6884765625, 311.5781555175781, 3144.55322265625)
Part4547.Rotation = Vector3.new(19.610000610351562, 27.229999542236328, -2.5799999237060547)
Part4547.Transparency = 1
Part4547.Size = Vector3.new(1.3500009775161743, 22.749998092651367, 1.5)
Part4547.Anchored = true
Part4547.Material = Enum.Material.Fabric
Part4548.Name = "Tree_Collision"
Part4548.Parent = Model4537
Part4548.CFrame = CFrame.new(3121.2605, 338.269836, 3140.5979, 0.85509187, 0.0963250399, 0.509450078, -0.140215874, 0.988939226, 0.0483616479, -0.499156713, -0.112786643, 0.859140098)
Part4548.Orientation = Vector3.new(-2.7699999809265137, 30.670000076293945, -8.069999694824219)
Part4548.Position = Vector3.new(3121.260498046875, 338.26983642578125, 3140.597900390625)
Part4548.Rotation = Vector3.new(-3.2200000286102295, 30.6299991607666, -6.429999828338623)
Part4548.Transparency = 1
Part4548.Size = Vector3.new(1.3500009775161743, 23.749998092651367, 1.5)
Part4548.Anchored = true
Part4548.Material = Enum.Material.Fabric
Part4549.Name = "Tree_Collision"
Part4549.Parent = Model4537
Part4549.CFrame = CFrame.new(3134.948, 337.563629, 3137.24463, 0.821506143, 0.200650468, 0.533729374, -0.144720733, 0.978760362, -0.145204172, -0.551528394, 0.0420443937, 0.833095908)
