SpecialMesh4093.Name = "TopTreeMesh"
SpecialMesh4093.Parent = Part4092
SpecialMesh4093.MeshId = "rbxassetid://623621456"
SpecialMesh4093.Offset = Vector3.new(0, 3.4100000858306885, 0)
SpecialMesh4093.Scale = Vector3.new(1.600000023841858, 1.600000023841858, 1.600000023841858)
SpecialMesh4093.TextureId = "rbxassetid://745556120"
SpecialMesh4093.MeshType = Enum.MeshType.FileMesh
Part4094.Name = "Tree_Collision"
Part4094.Parent = Model4089
Part4094.CFrame = CFrame.new(1096.37671, 352.60788, 3273.72827, 0.53666538, 0.0320324749, 0.843188167, 0.0974632427, 0.9902426, -0.0996516347, -0.838149905, 0.135658979, 0.528305352)
Part4094.Orientation = Vector3.new(5.71999979019165, 57.93000030517578, 5.619999885559082)
Part4094.Position = Vector3.new(1096.376708984375, 352.6078796386719, 3273.728271484375)
Part4094.Rotation = Vector3.new(10.680000305175781, 57.47999954223633, -3.4200000762939453)
Part4094.Transparency = 1
Part4094.Size = Vector3.new(1.3500009775161743, 26.749998092651367, 1.5)
Part4094.Anchored = true
Part4094.Material = Enum.Material.Fabric
Part4095.Name = "Tree_Collision"
Part4095.Parent = Model4089
Part4095.CFrame = CFrame.new(1106.83447, 351.611908, 3273.91528, 0.550166011, 0.230220228, 0.80269438, -0.301092505, 0.951280892, -0.0664677098, -0.778887093, -0.205116183, 0.59267807)
Part4095.Orientation = Vector3.new(3.809999942779541, 53.560001373291016, -17.559999465942383)
Part4095.Position = Vector3.new(1106.83447265625, 351.6119079589844, 3273.915283203125)
Part4095.Rotation = Vector3.new(6.400000095367432, 53.38999938964844, -22.709999084472656)
Part4095.Transparency = 1
Part4095.Size = Vector3.new(1.3500009775161743, 23.749998092651367, 1.5)
Part4095.Anchored = true
Part4095.Material = Enum.Material.Fabric
Part4096.Name = "Tree_Collision"
Part4096.Parent = Model4089
Part4096.CFrame = CFrame.new(1084.80859, 353.060883, 3286.21753, 0.5371418, 0.0814244971, 0.839552701, 0.114730068, 0.979026854, -0.168355197, -0.835652947, 0.186752543, 0.516534388)
Part4096.Orientation = Vector3.new(9.6899995803833, 58.400001525878906, 6.679999828338623)
Part4096.Position = Vector3.new(1084.80859375, 353.0608825683594, 3286.217529296875)
Part4096.Rotation = Vector3.new(18.049999237060547, 57.09000015258789, -8.619999885559082)
Part4096.Transparency = 1
Part4096.Size = Vector3.new(1.3500009775161743, 26.749998092651367, 1.5)
Part4096.Anchored = true
Part4096.Material = Enum.Material.Fabric
Part4097.Name = "Tree_Collision"
Part4097.Parent = Model4089
Part4097.CFrame = CFrame.new(1103.28809, 351.327759, 3234.15063, 0.536858022, -0.214080617, 0.816060722, -0.0103848865, 0.96552515, 0.260122031, -0.843611181, -0.148122832, 0.516125023)
Part4097.Orientation = Vector3.new(-15.079999923706055, 57.689998626708984, -0.6200000047683716)
Part4097.Position = Vector3.new(1103.2880859375, 351.3277587890625, 3234.150634765625)
Part4097.Rotation = Vector3.new(-26.75, 54.689998626708984, 21.739999771118164)
Part4097.Transparency = 1
Part4097.Size = Vector3.new(1.3500009775161743, 23.749998092651367, 1.5)
Part4097.Anchored = true
Part4097.Material = Enum.Material.Fabric
Part4098.Name = "Tree_Collision"
Part4098.Parent = Model4089
Part4098.CFrame = CFrame.new(1078.22437, 352.458008, 3269.66577, 0.50118649, -0.293550432, 0.814028442, 0.214291871, 0.953510284, 0.2119129, -0.838388562, 0.068231456, 0.540790319)
Part4098.Orientation = Vector3.new(-12.229999542236328, 56.400001525878906, 12.670000076293945)
Part4098.Position = Vector3.new(1078.224365234375, 352.4580078125, 3269.665771484375)
Part4098.Rotation = Vector3.new(-21.399999618530273, 54.4900016784668, 30.360000610351562)
Part4098.Transparency = 1
Part4098.Size = Vector3.new(1.3500009775161743, 26.749998092651367, 1.5)
Part4098.Anchored = true
Part4098.Material = Enum.Material.Fabric
Part4099.Name = "Tree_Collision"
Part4099.Parent = Model4089
Part4099.CFrame = CFrame.new(1105.70874, 351.238983, 3287.82788, 0.621235967, 0.187404275, 0.760886073, 0.089161776, 0.94777739, -0.306232393, -0.778537035, 0.258083701, 0.572082222)
Part4099.Orientation = Vector3.new(17.829999923706055, 53.060001373291016, 5.369999885559082)
Part4099.Position = Vector3.new(1105.708740234375, 351.2389831542969, 3287.827880859375)
Part4099.Rotation = Vector3.new(28.15999984741211, 49.540000915527344, -16.790000915527344)
Part4099.Transparency = 1
Part4099.Size = Vector3.new(1.3500009775161743, 22.749998092651367, 1.5)
Part4099.Anchored = true
Part4099.Material = Enum.Material.Fabric
Part4100.Name = "Tree_Collision"
Part4100.Parent = Model4089
Part4100.CFrame = CFrame.new(1112.04785, 352.131714, 3252.44971, 0.563739955, 0.0593904071, 0.823815584, -0.16129677, 0.986128807, 0.0392840803, -0.810052276, -0.155024245, 0.565497994)
Part4100.Orientation = Vector3.new(-2.25, 55.529998779296875, -9.289999961853027)
Part4100.Position = Vector3.new(1112.0478515625, 352.1317138671875, 3252.44970703125)
Part4100.Rotation = Vector3.new(-3.9700000286102295, 55.470001220703125, -6.010000228881836)
Part4100.Transparency = 1
Part4100.Size = Vector3.new(1.3500009775161743, 23.749998092651367, 1.5)
Part4100.Anchored = true
Part4100.Material = Enum.Material.Fabric
Part4101.Name = "Tree_Collision"
Part4101.Parent = Model4089
Part4101.CFrame = CFrame.new(1124.70715, 350.124634, 3244.52393, 0.51119411, 0.218842238, 0.831138194, -0.165190011, 0.974032164, -0.154866174, -0.843443513, -0.058128804, 0.534068465)
Part4101.Orientation = Vector3.new(8.90999984741211, 57.279998779296875, -9.630000114440918)
Part4101.Position = Vector3.new(1124.7071533203125, 350.1246337890625, 3244.52392578125)
Part4101.Rotation = Vector3.new(16.170000076293945, 56.220001220703125, -23.18000030517578)
Part4101.Transparency = 1
Part4101.Size = Vector3.new(1.3500009775161743, 20.749998092651367, 1.5)
Part4101.Anchored = true
Part4101.Material = Enum.Material.Fabric
Part4102.Name = "Tree_Collision"
Part4102.Parent = Model4089
Part4102.CFrame = CFrame.new(1064.95532, 350.983887, 3289.03027, 0.520265043, -0.0749649554, 0.850709498, 0.268719405, 0.959916413, -0.0797513574, -0.810628593, 0.270093024, 0.519553959)
Part4102.Orientation = Vector3.new(4.570000171661377, 58.59000015258789, 15.640000343322754)
Part4102.Position = Vector3.new(1064.955322265625, 350.98388671875, 3289.0302734375)
Part4102.Rotation = Vector3.new(8.729999542236328, 58.290000915527344, 8.199999809265137)
Part4102.Transparency = 1
Part4102.Size = Vector3.new(1.3500009775161743, 22.749998092651367, 1.5)
Part4102.Anchored = true
Part4102.Material = Enum.Material.Fabric
Part4103.Name = "Tree_Collision"
Part4103.Parent = Model4089
Part4103.CFrame = CFrame.new(1077.55359, 351.858063, 3256.30542, 0.565469682, -0.188943595, 0.802836537, -0.12678577, 0.941927731, 0.310978234, -0.814968407, -0.277636051, 0.508674622)
Part4103.Orientation = Vector3.new(-18.1200008392334, 57.63999938964844, -7.670000076293945)
Part4103.Position = Vector3.new(1077.5535888671875, 351.8580627441406, 3256.305419921875)
Part4103.Rotation = Vector3.new(-31.440000534057617, 53.400001525878906, 18.479999542236328)
Part4103.Transparency = 1
Part4103.Size = Vector3.new(1.3500009775161743, 23.749998092651367, 1.5)
Part4103.Anchored = true
Part4103.Material = Enum.Material.Fabric
Part4104.Name = "Tree_Collision"
Part4104.Parent = Model4089
Part4104.CFrame = CFrame.new(1091.3468, 351.417694, 3256.1272, 0.566077292, 0.0298042446, 0.823814511, -0.109467, 0.99321878, 0.0392863154, -0.817054152, -0.112419188, 0.565499485)
Part4104.Orientation = Vector3.new(-2.25, 55.529998779296875, -6.289999961853027)
Part4104.Position = Vector3.new(1091.3468017578125, 351.4176940917969, 3256.127197265625)
Part4104.Rotation = Vector3.new(-3.9700000286102295, 55.470001220703125, -3.009999990463257)
Part4104.Transparency = 1
Part4104.Size = Vector3.new(1.3500009775161743, 23.749998092651367, 1.5)
Part4104.Anchored = true
Part4104.Material = Enum.Material.Fabric
Part4105.Name = "Tree_Collision"
Part4105.Parent = Model4089
Part4105.CFrame = CFrame.new(1072.87012, 351.038879, 3302.97852, 0.531435788, -0.0937179476, 0.841899633, 0.16657047, 0.986023784, 0.00461648684, -0.83056277, 0.137781754, 0.5396173)
Part4105.Orientation = Vector3.new(-0.25999999046325684, 57.34000015258789, 9.59000015258789)
Part4105.Position = Vector3.new(1072.8701171875, 351.03887939453125, 3302.978515625)
Part4105.Rotation = Vector3.new(-0.49000000953674316, 57.34000015258789, 10)
Part4105.Transparency = 1
Part4105.Size = Vector3.new(1.3500009775161743, 22.749998092651367, 1.5)
Part4105.Anchored = true
Part4105.Material = Enum.Material.Fabric
Model4106.Name = "茂み"
Model4106.Parent = Folder0
Part4107.Name = "TreeMesh Bottom"
Part4107.Parent = Model4106
Part4107.CFrame = CFrame.new(928.437927, 336.681793, 3163.34595, -0.44769609, 5.85279049e-05, -0.89418596, -0.0007343631, 1.00000107, 0.000433131761, 0.894186437, 0.000850568525, -0.447695792)
Part4107.Orientation = Vector3.new(-0.019999999552965164, -116.5999984741211, -0.03999999910593033)
Part4107.Position = Vector3.new(928.4379272460938, 336.6817932128906, 3163.345947265625)
Part4107.Rotation = Vector3.new(-179.94000244140625, -63.400001525878906, -179.99000549316406)
Part4107.Size = Vector3.new(8.611300468444824, 0.26094648241996765, 7.306557655334473)
Part4107.Anchored = true
Part4107.CanCollide = false
Part4107.Material = Enum.Material.Fabric
SpecialMesh4108.Name = "BarkMesh"
SpecialMesh4108.Parent = Part4107
SpecialMesh4108.MeshId = "rbxassetid://623621260"
SpecialMesh4108.Offset = Vector3.new(0, 3.5593373775482178, 0)
SpecialMesh4108.Scale = Vector3.new(1.0437939167022705, 1.0437939167022705, 1.0437939167022705)
SpecialMesh4108.TextureId = "rbxassetid://623618671"
SpecialMesh4108.MeshType = Enum.MeshType.FileMesh
Part4109.Name = "TreeMeshTop"
Part4109.Parent = Model4106
Part4109.CFrame = CFrame.new(928.440247, 368.141876, 3163.37256, -0.44769609, 5.85279049e-05, -0.89418596, -0.0007343631, 1.00000107, 0.000433131761, 0.894186437, 0.000850568525, -0.447695792)
Part4109.Orientation = Vector3.new(-0.019999999552965164, -116.5999984741211, -0.03999999910593033)
Part4109.Position = Vector3.new(928.4402465820312, 368.1418762207031, 3163.37255859375)
Part4109.Rotation = Vector3.new(-179.94000244140625, -63.400001525878906, -179.99000549316406)
Part4109.Transparency = 0.05000000074505806
Part4109.Size = Vector3.new(8.611300468444824, 0.26094648241996765, 7.306557655334473)
Part4109.Anchored = true
Part4109.CanCollide = false
Part4109.Material = Enum.Material.Fabric
SpecialMesh4110.Name = "TopTreeMesh"
SpecialMesh4110.Parent = Part4109
SpecialMesh4110.MeshId = "rbxassetid://623621456"
SpecialMesh4110.Offset = Vector3.new(0, 3.5593373775482178, 0)
SpecialMesh4110.Scale = Vector3.new(1.6700702905654907, 1.6700702905654907, 1.6700702905654907)
SpecialMesh4110.TextureId = "rbxassetid://745556120"
SpecialMesh4110.MeshType = Enum.MeshType.FileMesh
Part4111.Name = "Tree_Collision"
Part4111.Parent = Model4106
Part4111.CFrame = CFrame.new(924.514526, 350.390686, 3159.71411, -0.4499304, -0.0461859964, -0.89186877, 0.0959490389, 0.99038291, -0.0996920019, 0.887895286, -0.130428299, -0.44117111)
Part4111.Orientation = Vector3.new(5.71999979019165, -116.31999969482422, 5.53000020980835)
Part4111.Position = Vector3.new(924.5145263671875, 350.39068603515625, 3159.714111328125)
Part4111.Rotation = Vector3.new(167.27000427246094, -63.11000061035156, 174.13999938964844)
Part4111.Transparency = 1
Part4111.Size = Vector3.new(1.4091228246688843, 27.921485900878906, 1.5656908750534058)
Part4111.Anchored = true
Part4111.Material = Enum.Material.Fabric
Part4112.Name = "Tree_Collision"
Part4112.Parent = Model4106
Part4112.CFrame = CFrame.new(913.634644, 349.342133, 3160.61572, -0.469026327, -0.209153801, -0.858061492, -0.302539945, 0.950823069, -0.0663926899, 0.82975018, 0.228457853, -0.509237707)
Part4112.Orientation = Vector3.new(3.809999942779541, -120.69000244140625, -17.649999618530273)
Part4112.Position = Vector3.new(913.6346435546875, 349.3421325683594, 3160.61572265625)
Part4112.Rotation = Vector3.new(172.57000732421875, -59.099998474121094, 155.97000122070312)
Part4112.Transparency = 1
Part4112.Size = Vector3.new(1.4091228246688843, 24.790103912353516, 1.5656908750534058)
Part4112.Anchored = true
Part4112.Material = Enum.Material.Fabric
Part4113.Name = "Tree_Collision"
Part4113.Parent = Model4106
Part4113.CFrame = CFrame.new(935.220398, 350.890015, 3145.53394, -0.450668097, -0.100448772, -0.887022376, 0.113219053, 0.97919482, -0.168409631, 0.885483742, -0.176324487, -0.429918498)
Part4113.Orientation = Vector3.new(9.699999809265137, -115.86000061035156, 6.599999904632568)
Part4113.Position = Vector3.new(935.2203979492188, 350.8900146484375, 3145.533935546875)
Part4113.Rotation = Vector3.new(158.61000061035156, -62.5, 167.42999267578125)
Part4113.Transparency = 1
Part4113.Size = Vector3.new(1.4091228246688843, 27.921485900878906, 1.5656908750534058)
Part4113.Anchored = true
Part4113.Material = Enum.Material.Fabric
Part4114.Name = "Tree_Collision"
Part4114.Parent = Model4106
Part4114.CFrame = CFrame.new(921.484802, 348.996094, 3201.53882, -0.449497938, 0.227176309, -0.86391139, -0.0119044818, 0.965512991, 0.260087669, 0.893202901, 0.127193123, -0.431291074)
Part4114.Orientation = Vector3.new(-15.079999923706055, -116.52999877929688, -0.7099999785423279)
Part4114.Position = Vector3.new(921.4848022460938, 348.99609375, 3201.538818359375)
Part4114.Rotation = Vector3.new(-148.91000366210938, -59.7599983215332, -153.19000244140625)
Part4114.Transparency = 1
Part4114.Size = Vector3.new(1.4091228246688843, 24.790103912353516, 1.5656908750534058)
Part4114.Anchored = true
Part4114.Material = Enum.Material.Fabric
Part4115.Name = "Tree_Collision"
Part4115.Parent = Model4106
Part4115.CFrame = CFrame.new(943.793884, 350.244904, 3162.03271, -0.414689213, 0.284544528, -0.864330709, 0.212807, 0.953839481, 0.211910814, 0.88473016, -0.0960584953, -0.456099331)
Part4115.Orientation = Vector3.new(-12.229999542236328, -117.81999969482422, 12.579999923706055)
Part4115.Position = Vector3.new(943.7938842773438, 350.2449035644531, 3162.03271484375)
Part4115.Rotation = Vector3.new(-155.0800018310547, -59.810001373291016, -145.5399932861328)
Part4115.Transparency = 1
Part4115.Size = Vector3.new(1.4091228246688843, 27.921485900878906, 1.5656908750534058)
Part4115.Anchored = true
Part4115.Material = Enum.Material.Fabric
Part4116.Name = "Tree_Collision"
Part4116.Parent = Model4106
Part4116.CFrame = CFrame.new(913.3479, 348.972198, 3146.0481, -0.540048599, -0.21302709, -0.814228058, 0.0876532421, 0.947941482, -0.306147903, 0.837057948, -0.236704141, -0.493261278)
Part4116.Orientation = Vector3.new(17.829999923706055, -121.20999908447266, 5.28000020980835)
Part4116.Position = Vector3.new(913.347900390625, 348.9721984863281, 3146.048095703125)
Part4116.Rotation = Vector3.new(148.1699981689453, -54.5099983215332, 158.47000122070312)
Part4116.Transparency = 1
Part4116.Size = Vector3.new(1.4091228246688843, 23.746309280395508, 1.5656908750534058)
Part4116.Anchored = true
Part4116.Material = Enum.Material.Fabric
Part4117.Name = "Tree_Collision"
Part4117.Parent = Model4106
Part4117.CFrame = CFrame.new(910.469299, 349.851776, 3183.4541, -0.479504228, -0.0442376211, -0.876424074, -0.162797362, 0.985877633, 0.0393064842, 0.862307549, 0.161527038, -0.479933709)
Part4117.Orientation = Vector3.new(-2.25, -118.70999908447266, -9.380000114440918)
Part4117.Position = Vector3.new(910.4692993164062, 349.8517761230469, 3183.4541015625)
Part4117.Rotation = Vector3.new(-175.32000732421875, -61.209999084472656, 174.72999572753906)
Part4117.Transparency = 1
Part4117.Size = Vector3.new(1.4091228246688843, 24.790103912353516, 1.5656908750534058)
Part4117.Anchored = true
Part4117.Material = Enum.Material.Fabric
Part4118.Name = "Tree_Collision"
Part4118.Parent = Model4106
Part4118.CFrame = CFrame.new(898.153625, 347.735199, 3193.00781, -0.423868716, -0.212599397, -0.880418837, -0.166687891, 0.973769307, -0.154891014, 0.890253901, 0.0811017007, -0.44818753)
Part4118.Orientation = Vector3.new(8.90999984741211, -116.9800033569336, -9.710000038146973)
Part4118.Position = Vector3.new(898.1536254882812, 347.7351989746094, 3193.0078125)
Part4118.Rotation = Vector3.new(160.94000244140625, -61.689998626708984, 153.36000061035156)
Part4118.Transparency = 1
Part4118.Size = Vector3.new(1.4091228246688843, 21.658721923828125, 1.5656908750534058)
Part4118.Anchored = true
Part4118.Material = Enum.Material.Fabric
Part4119.Name = "Tree_Collision"
Part4119.Parent = Model4106
Part4119.CFrame = CFrame.new(955.545837, 348.743378, 3140.53076, -0.436496317, 0.046804484, -0.898488045, 0.267253399, 0.960317075, -0.0798095912, 0.859097362, -0.274960339, -0.431682855)
Part4119.Orientation = Vector3.new(4.579999923706055, -115.66000366210938, 15.550000190734863)
Part4119.Position = Vector3.new(955.5458374023438, 348.7433776855469, 3140.53076171875)
Part4119.Rotation = Vector3.new(169.52999877929688, -63.959999084472656, -173.8800048828125)
Part4119.Transparency = 1
Part4119.Size = Vector3.new(1.4091228246688843, 23.746309280395508, 1.5656908750534058)
Part4119.Anchored = true
Part4119.Material = Enum.Material.Fabric
Part4120.Name = "Tree_Collision"
Part4120.Parent = Model4106
Part4120.CFrame = CFrame.new(945.888733, 349.60144, 3175.83667, -0.480755806, 0.215178281, -0.850042641, -0.128292218, 0.941730618, 0.310945809, 0.867419422, 0.258542567, -0.425136209)
Part4120.Orientation = Vector3.new(-18.1200008392334, -116.56999969482422, -7.760000228881836)
Part4120.Position = Vector3.new(945.8887329101562, 349.6014404296875, 3175.836669921875)
Part4120.Rotation = Vector3.new(-143.82000732421875, -58.220001220703125, -155.88999938964844)
Part4120.Transparency = 1
Part4120.Size = Vector3.new(1.4091228246688843, 24.790103912353516, 1.5656908750534058)
Part4120.Anchored = true
Part4120.Material = Enum.Material.Fabric
Part4121.Name = "Tree_Collision"
Part4121.Parent = Model4106
Part4121.CFrame = CFrame.new(931.582275, 349.129517, 3177.46558, -0.481163532, -0.0190823916, -0.876423478, -0.110978387, 0.993046582, 0.0393064059, 0.8695786, 0.116176769, -0.479934871)
Part4121.Orientation = Vector3.new(-2.25, -118.70999908447266, -6.380000114440918)
Part4121.Position = Vector3.new(931.582275390625, 349.1295166015625, 3177.465576171875)
Part4121.Rotation = Vector3.new(-175.32000732421875, -61.209999084472656, 177.72999572753906)
Part4121.Transparency = 1
Part4121.Size = Vector3.new(1.4091228246688843, 24.790103912353516, 1.5656908750534058)
Part4121.Anchored = true
Part4121.Material = Enum.Material.Fabric
Part4122.Name = "Tree_Collision"
Part4122.Parent = Model4106
Part4122.CFrame = CFrame.new(945.865051, 348.812225, 3126.87427, -0.445538044, 0.078718856, -0.891795754, 0.165070564, 0.986272514, 0.00458964892, 0.879914403, -0.145164266, -0.452415407)
Part4122.Orientation = Vector3.new(-0.25999999046325684, -116.9000015258789, 9.5)
Part4122.Position = Vector3.new(945.8650512695312, 348.8122253417969, 3126.874267578125)
Part4122.Rotation = Vector3.new(-179.4199981689453, -63.099998474121094, -169.97999572753906)
Part4122.Transparency = 1
Part4122.Size = Vector3.new(1.4091228246688843, 23.746309280395508, 1.5656908750534058)
Part4122.Anchored = true
Part4122.Material = Enum.Material.Fabric
Model4123.Name = "茂み"
Model4123.Parent = Folder0
Part4124.Name = "TreeMesh Bottom"
Part4124.Parent = Model4123
Part4124.CFrame = CFrame.new(949.900208, 337.295319, 3136.95386, 0.825254619, -0.000814457133, 0.564760268, 0.000905692345, 0.999999642, 0.000118687458, -0.564760149, 0.000413551694, 0.825255036)
Part4124.Orientation = Vector3.new(-0.009999999776482582, 34.38999938964844, 0.05000000074505806)
Part4124.Position = Vector3.new(949.9002075195312, 337.2953186035156, 3136.953857421875)
Part4124.Rotation = Vector3.new(-0.009999999776482582, 34.38999938964844, 0.05999999865889549)
Part4124.Size = Vector3.new(8.611300468444824, 0.26094648241996765, 7.306557655334473)
Part4124.Anchored = true
Part4124.CanCollide = false
Part4124.Material = Enum.Material.Fabric
SpecialMesh4125.Name = "BarkMesh"
SpecialMesh4125.Parent = Part4124
SpecialMesh4125.MeshId = "rbxassetid://623621260"
SpecialMesh4125.Offset = Vector3.new(0, 3.5593373775482178, 0)
SpecialMesh4125.Scale = Vector3.new(1.0437939167022705, 1.0437939167022705, 1.0437939167022705)
SpecialMesh4125.TextureId = "rbxassetid://623618671"
SpecialMesh4125.MeshType = Enum.MeshType.FileMesh
Part4126.Name = "TreeMeshTop"
Part4126.Parent = Model4123
Part4126.CFrame = CFrame.new(949.87384, 368.755646, 3136.96582, 0.825254619, -0.000814457133, 0.564760268, 0.000905692345, 0.999999642, 0.000118687458, -0.564760149, 0.000413551694, 0.825255036)
Part4126.Orientation = Vector3.new(-0.009999999776482582, 34.38999938964844, 0.05000000074505806)
Part4126.Position = Vector3.new(949.8738403320312, 368.7556457519531, 3136.9658203125)
Part4126.Rotation = Vector3.new(-0.009999999776482582, 34.38999938964844, 0.05999999865889549)
Part4126.Transparency = 0.05000000074505806
Part4126.Size = Vector3.new(8.611300468444824, 0.26094648241996765, 7.306557655334473)
Part4126.Anchored = true
Part4126.CanCollide = false
Part4126.Material = Enum.Material.Fabric
SpecialMesh4127.Name = "TopTreeMesh"
SpecialMesh4127.Parent = Part4126
SpecialMesh4127.MeshId = "rbxassetid://623621456"
SpecialMesh4127.Offset = Vector3.new(0, 3.5593373775482178, 0)
SpecialMesh4127.Scale = Vector3.new(1.6700702905654907, 1.6700702905654907, 1.6700702905654907)
SpecialMesh4127.TextureId = "rbxassetid://745556120"
SpecialMesh4127.MeshType = Enum.MeshType.FileMesh
Part4128.Name = "Tree_Collision"
Part4128.Parent = Model4123
Part4128.CFrame = CFrame.new(951.552002, 351.000183, 3142.04761, 0.824043274, -0.024047358, 0.566016257, 0.0975813121, 0.990191162, -0.0999966785, -0.558059692, 0.137634203, 0.818306923)
Part4128.Orientation = Vector3.new(5.739999771118164, 34.66999816894531, 5.630000114440918)
Part4128.Position = Vector3.new(951.552001953125, 351.00018310546875, 3142.047607421875)
Part4128.Rotation = Vector3.new(6.96999979019165, 34.470001220703125, 1.6699999570846558)
Part4128.Transparency = 1
Part4128.Size = Vector3.new(1.4091228246688843, 27.921485900878906, 1.5656908750534058)
Part4128.Anchored = true
Part4128.Material = Enum.Material.Fabric
Part4129.Name = "Tree_Collision"
Part4129.Parent = Model4123
Part4129.CFrame = CFrame.new(961.503357, 349.958038, 3146.53711, 0.81300652, 0.292602181, 0.503395379, -0.300994396, 0.95128715, -0.0668228641, -0.498425007, -0.0971917063, 0.861470401)
Part4129.Orientation = Vector3.new(3.8299999237060547, 30.299999237060547, -17.559999465942383)
Part4129.Position = Vector3.new(961.5033569335938, 349.9580383300781, 3146.537109375)
Part4129.Rotation = Vector3.new(4.440000057220459, 30.219999313354492, -19.790000915527344)
Part4129.Transparency = 1
Part4129.Size = Vector3.new(1.4091228246688843, 24.790103912353516, 1.5656908750534058)
Part4129.Anchored = true
Part4129.Material = Enum.Material.Fabric
Part4130.Name = "Tree_Collision"
Part4130.Parent = Model4123
Part4130.CFrame = CFrame.new(935.31073, 351.472046, 3149.25562, 0.823498368, 0.00115221739, 0.567317486, 0.114847519, 0.978954315, -0.168696865, -0.555572569, 0.204076588, 0.806034803)
Part4130.Orientation = Vector3.new(9.710000038146973, 35.13999938964844, 6.690000057220459)
Part4130.Position = Vector3.new(935.3107299804688, 351.4720458984375, 3149.255615234375)
Part4130.Rotation = Vector3.new(11.819999694824219, 34.560001373291016, -0.07999999821186066)
Part4130.Transparency = 1
Part4130.Size = Vector3.new(1.4091228246688843, 27.921485900878906, 1.5656908750534058)
Part4130.Anchored = true
Part4130.Material = Enum.Material.Fabric
Part4131.Name = "Tree_Collision"
Part4131.Parent = Model4123
Part4131.CFrame = CFrame.new(974.493469, 349.674225, 3106.94263, 0.826368213, -0.138092369, 0.545938253, -0.0102650784, 0.965617001, 0.259785861, -0.563040495, -0.220281914, 0.796533883)
Part4131.Orientation = Vector3.new(-15.0600004196167, 34.43000030517578, -0.6100000143051147)
Part4131.Position = Vector3.new(974.4934692382812, 349.6742248535156, 3106.942626953125)
Part4131.Rotation = Vector3.new(-18.059999465942383, 33.09000015258789, 9.489999771118164)
Part4131.Transparency = 1
Part4131.Size = Vector3.new(1.4091228246688843, 24.790103912353516, 1.5656908750534058)
Part4131.Anchored = true
Part4131.Material = Enum.Material.Fabric
Part4132.Name = "Tree_Collision"
Part4132.Parent = Model4123
Part4132.CFrame = CFrame.new(935.819214, 350.849304, 3130.66919, 0.791555405, -0.296543509, 0.534326017, 0.214418367, 0.953558028, 0.211570099, -0.572249413, -0.0528996512, 0.818374753)
Part4132.Orientation = Vector3.new(-12.210000038146973, 33.13999938964844, 12.670000076293945)
Part4132.Position = Vector3.new(935.8192138671875, 350.84930419921875, 3130.669189453125)
Part4132.Rotation = Vector3.new(-14.5, 32.29999923706055, 20.540000915527344)
Part4132.Transparency = 1
Part4132.Size = Vector3.new(1.4091228246688843, 27.921485900878906, 1.5656908750534058)
Part4132.Anchored = true
Part4132.Material = Enum.Material.Fabric
Part4133.Name = "Tree_Collision"
Part4133.Parent = Model4123
Part4133.CFrame = CFrame.new(954.689026, 349.56485, 3159.41431, 0.878199697, 0.0703461468, 0.473095298, 0.0892434567, 0.947659969, -0.30657202, -0.46989885, 0.311450899, 0.825953066)
Part4133.Orientation = Vector3.new(17.850000381469727, 29.799999237060547, 5.380000114440918)
Part4133.Position = Vector3.new(954.6890258789062, 349.5648498535156, 3159.414306640625)
Part4133.Rotation = Vector3.new(20.360000610351562, 28.239999771118164, -4.579999923706055)
Part4133.Transparency = 1
Part4133.Size = Vector3.new(1.4091228246688843, 23.746309280395508, 1.5656908750534058)
Part4133.Anchored = true
Part4133.Material = Enum.Material.Fabric
Part4134.Name = "Tree_Collision"
Part4134.Parent = Model4123
Part4134.CFrame = CFrame.new(975.350891, 350.505829, 3128.10156, 0.837797999, 0.115878917, 0.533543706, -0.161192805, 0.986159861, 0.0389319099, -0.521647036, -0.118620172, 0.844877899)
Part4134.Orientation = Vector3.new(-2.2300000190734863, 32.27000045776367, -9.279999732971191)
Part4134.Position = Vector3.new(975.3508911132812, 350.5058288574219, 3128.1015625)
Part4134.Rotation = Vector3.new(-2.640000104904175, 32.25, -7.869999885559082)
Part4134.Transparency = 1
Part4134.Size = Vector3.new(1.4091228246688843, 24.790103912353516, 1.5656908750534058)
Part4134.Anchored = true
Part4134.Material = Enum.Material.Fabric
Part4135.Name = "Tree_Collision"
Part4135.Parent = Model4123
Part4135.CFrame = CFrame.new(990.757446, 348.410156, 3125.71851, 0.802708983, 0.224105224, 0.552663922, -0.16506435, 0.973998666, -0.155210957, -0.573076308, 0.0333637372, 0.818825603)
Part4135.Orientation = Vector3.new(8.930000305175781, 34.02000045776367, -9.619999885559082)
Part4135.Position = Vector3.new(990.7574462890625, 348.41015625, 3125.718505859375)
Part4135.Rotation = Vector3.new(10.729999542236328, 33.54999923706055, -15.600000381469727)
Part4135.Transparency = 1
Part4135.Size = Vector3.new(1.4091228246688843, 21.658721923828125, 1.5656908750534058)
Part4135.Anchored = true
Part4135.Material = Enum.Material.Fabric
Part4136.Name = "Tree_Collision"
Part4136.Parent = Model4123
Part4136.CFrame = CFrame.new(915.112671, 349.307983, 3143.7688, 0.798126101, -0.175439626, 0.57638371, 0.268833518, 0.959855795, -0.0800964609, -0.53919214, 0.218877688, 0.81324631)
Part4136.Orientation = Vector3.new(4.590000152587891, 35.33000183105469, 15.649999618530273)
Part4136.Position = Vector3.new(915.1126708984375, 349.3079833984375, 3143.768798828125)
Part4136.Rotation = Vector3.new(5.619999885559082, 35.20000076293945, 12.399999618530273)
Part4136.Transparency = 1
Part4136.Size = Vector3.new(1.4091228246688843, 23.746309280395508, 1.5656908750534058)
Part4136.Anchored = true
Part4136.Material = Enum.Material.Fabric
Part4137.Name = "Tree_Collision"
Part4137.Parent = Model4123
Part4137.CFrame = CFrame.new(940.683044, 350.227264, 3117.58057, 0.841331899, -0.0638553724, 0.536736012, -0.126680791, 0.942051113, 0.310647249, -0.52546829, -0.329350263, 0.784484863)
Part4137.Orientation = Vector3.new(-18.100000381469727, 34.380001068115234, -7.659999847412109)
Part4137.Position = Vector3.new(940.6830444335938, 350.2272644042969, 3117.58056640625)
Part4137.Rotation = Vector3.new(-21.600000381469727, 32.459999084472656, 4.340000152587891)
Part4137.Transparency = 1
Part4137.Size = Vector3.new(1.4091228246688843, 24.790103912353516, 1.5656908750534058)
Part4137.Anchored = true
Part4137.Material = Enum.Material.Fabric
Part4138.Name = "Tree_Collision"
Part4138.Parent = Model4123
Part4138.CFrame = CFrame.new(953.983643, 349.764343, 3123.09521, 0.842713714, 0.0718733594, 0.533542693, -0.109361328, 0.993239343, 0.038933821, -0.52713728, -0.0911590084, 0.844876468)
Part4138.Orientation = Vector3.new(-2.2300000190734863, 32.27000045776367, -6.28000020980835)
Part4138.Position = Vector3.new(953.983642578125, 349.76434326171875, 3123.09521484375)
Part4138.Rotation = Vector3.new(-2.640000104904175, 32.25, -4.869999885559082)
Part4138.Transparency = 1
Part4138.Size = Vector3.new(1.4091228246688843, 24.790103912353516, 1.5656908750534058)
Part4138.Anchored = true
Part4138.Material = Enum.Material.Fabric
Part4139.Name = "Tree_Collision"
Part4139.Parent = Model4123
Part4139.CFrame = CFrame.new(916.953186, 349.359283, 3160.40747, 0.81625104, -0.140415549, 0.560374975, 0.166687757, 0.986005604, 0.00426762272, -0.553131044, 0.0899240226, 0.828229904)
Part4139.Orientation = Vector3.new(-0.23999999463558197, 34.08000183105469, 9.600000381469727)
Part4139.Position = Vector3.new(916.9531860351562, 349.3592834472656, 3160.407470703125)
Part4139.Rotation = Vector3.new(-0.30000001192092896, 34.08000183105469, 9.760000228881836)
Part4139.Transparency = 1
Part4139.Size = Vector3.new(1.4091228246688843, 23.746309280395508, 1.5656908750534058)
Part4139.Anchored = true
Part4139.Material = Enum.Material.Fabric
Model4140.Name = "茂み"
Model4140.Parent = Folder0
Part4141.Name = "TreeMesh Bottom"
Part4141.Parent = Model4140
Part4141.CFrame = CFrame.new(990.848694, 355.488312, 3158.39282, 0.894187033, -0.000814631232, -0.447693229, 0.000543000177, 1.00000095, -0.000735073234, 0.447693586, 0.000414195936, 0.894187808)
Part4141.Orientation = Vector3.new(0.03999999910593033, -26.600000381469727, 0.029999999329447746)
Part4141.Position = Vector3.new(990.8486938476562, 355.4883117675781, 3158.392822265625)
Part4141.Rotation = Vector3.new(0.05000000074505806, -26.600000381469727, 0.05000000074505806)
Part4141.Size = Vector3.new(8.611300468444824, 0.26094648241996765, 7.306557655334473)
Part4141.Anchored = true
Part4141.CanCollide = false
Part4141.Material = Enum.Material.Fabric
SpecialMesh4142.Name = "BarkMesh"
SpecialMesh4142.Parent = Part4141
SpecialMesh4142.MeshId = "rbxassetid://623621260"
SpecialMesh4142.Offset = Vector3.new(0, 3.5593373775482178, 0)
SpecialMesh4142.Scale = Vector3.new(1.0437939167022705, 1.0437939167022705, 1.0437939167022705)
SpecialMesh4142.TextureId = "rbxassetid://623618671"
SpecialMesh4142.MeshType = Enum.MeshType.FileMesh
Part4143.Name = "TreeMeshTop"
Part4143.Parent = Model4140
Part4143.CFrame = CFrame.new(990.822876, 386.948395, 3158.40552, 0.894187033, -0.000814631232, -0.447693229, 0.000543000177, 1.00000095, -0.000735073234, 0.447693586, 0.000414195936, 0.894187808)
Part4143.Orientation = Vector3.new(0.03999999910593033, -26.600000381469727, 0.029999999329447746)
Part4143.Position = Vector3.new(990.8228759765625, 386.9483947753906, 3158.405517578125)
Part4143.Rotation = Vector3.new(0.05000000074505806, -26.600000381469727, 0.05000000074505806)
Part4143.Transparency = 0.05000000074505806
Part4143.Size = Vector3.new(8.611300468444824, 0.26094648241996765, 7.306557655334473)
Part4143.Anchored = true
Part4143.CanCollide = false
Part4143.Material = Enum.Material.Fabric
SpecialMesh4144.Name = "TopTreeMesh"
SpecialMesh4144.Parent = Part4143
SpecialMesh4144.MeshId = "rbxassetid://623621456"
SpecialMesh4144.Offset = Vector3.new(0, 3.5593373775482178, 0)
SpecialMesh4144.Scale = Vector3.new(1.6700702905654907, 1.6700702905654907, 1.6700702905654907)
SpecialMesh4144.TextureId = "rbxassetid://745556120"
SpecialMesh4144.MeshType = Enum.MeshType.FileMesh
Part4145.Name = "Tree_Collision"
Part4145.Parent = Model4140
Part4145.CFrame = CFrame.new(987.193604, 369.189423, 3162.32178, 0.887734413, -0.132077247, -0.441002995, 0.0972157121, 0.990142345, -0.100846387, 0.449974537, 0.0466524065, 0.891822875)
Part4145.Orientation = Vector3.new(5.789999961853027, -26.309999465942383, 5.610000133514404)
Part4145.Position = Vector3.new(987.193603515625, 369.1894226074219, 3162.32177734375)
Part4145.Rotation = Vector3.new(6.449999809265137, -26.170000076293945, 8.460000038146973)
Part4145.Transparency = 1
Part4145.Size = Vector3.new(1.4091228246688843, 27.921485900878906, 1.5656908750534058)
Part4145.Anchored = true
Part4145.Material = Enum.Material.Fabric
Part4146.Name = "Tree_Collision"
Part4146.Parent = Model4140
Part4146.CFrame = CFrame.new(988.09668, 368.137146, 3173.20117, 0.830253839, 0.226874322, -0.509123862, -0.301379472, 0.951103091, -0.0676468089, 0.468881279, 0.20960325, 0.85803175)
Part4146.Orientation = Vector3.new(3.880000114440918, -30.68000030517578, -17.579999923706055)
Part4146.Position = Vector3.new(988.0966796875, 368.13714599609375, 3173.201171875)
Part4146.Rotation = Vector3.new(4.510000228881836, -30.610000610351562, -15.279999732971191)
Part4146.Transparency = 1
Part4146.Size = Vector3.new(1.4091228246688843, 24.790103912353516, 1.5656908750534058)
Part4146.Anchored = true
Part4146.Material = Enum.Material.Fabric
Part4147.Name = "Tree_Collision"
Part4147.Parent = Model4140
Part4147.CFrame = CFrame.new(973.012695, 369.670197, 3151.6167, 0.885294795, -0.177955672, -0.429634184, 0.11448168, 0.978852034, -0.169544801, 0.450719059, 0.100911871, 0.886944592)
Part4147.Orientation = Vector3.new(9.760000228881836, -25.850000381469727, 6.670000076293945)
Part4147.Position = Vector3.new(973.0126953125, 369.6701965332031, 3151.61669921875)
Part4147.Rotation = Vector3.new(10.819999694824219, -25.440000534057617, 11.369999885559082)
Part4147.Transparency = 1
Part4147.Size = Vector3.new(1.4091228246688843, 27.921485900878906, 1.5656908750534058)
Part4147.Anchored = true
Part4147.Material = Enum.Material.Fabric
Part4148.Name = "Tree_Collision"
Part4148.Parent = Model4140
Part4148.CFrame = CFrame.new(1029.02148, 367.862946, 3165.35132, 0.893222153, 0.125584364, -0.431721091, -0.0106289014, 0.965830505, 0.258961707, 0.449490339, -0.226721525, 0.864035428)
Part4148.Orientation = Vector3.new(-15.010000228881836, -26.549999237060547, -0.6299999952316284)
Part4148.Position = Vector3.new(1029.021484375, 367.8629455566406, 3165.351318359375)
Part4148.Rotation = Vector3.new(-16.68000030517578, -25.579999923706055, -8)
Part4148.Transparency = 1
Part4148.Size = Vector3.new(1.4091228246688843, 24.790103912353516, 1.5656908750534058)
Part4148.Anchored = true
Part4148.Material = Enum.Material.Fabric
Part4149.Name = "Tree_Collision"
Part4149.Parent = Model4140
Part4149.CFrame = CFrame.new(989.511597, 369.056488, 3143.04297, 0.884374857, -0.0976474434, -0.456449896, 0.214085042, 0.953812003, 0.210744128, 0.414788127, -0.284095615, 0.86443162)
Part4149.Orientation = Vector3.new(-12.170000076293945, -27.84000015258789, 12.649999618530273)
Part4149.Position = Vector3.new(989.5115966796875, 369.0564880371094, 3143.04296875)
Part4149.Rotation = Vector3.new(-13.699999809265137, -27.15999984741211, 6.300000190734863)
Part4149.Transparency = 1
Part4149.Size = Vector3.new(1.4091228246688843, 27.921485900878906, 1.5656908750534058)
Part4149.Anchored = true
Part4149.Material = Enum.Material.Fabric
Part4150.Name = "Tree_Collision"
Part4150.Parent = Model4140
Part4150.CFrame = CFrame.new(973.530762, 367.742859, 3173.48804, 0.836910963, -0.238282204, -0.492749453, 0.088791877, 0.947445214, -0.307353795, 0.540089309, 0.21347551, 0.814084232)
Part4150.Orientation = Vector3.new(17.899999618530273, -31.190000534057617, 5.349999904632568)
Part4150.Position = Vector3.new(973.53076171875, 367.74285888671875, 3173.488037109375)
Part4150.Rotation = Vector3.new(20.68000030517578, -29.520000457763672, 15.890000343322754)
Part4150.Transparency = 1
Part4150.Size = Vector3.new(1.4091228246688843, 23.746309280395508, 1.5656908750534058)
Part4150.Anchored = true
Part4150.Material = Enum.Material.Fabric
Part4151.Name = "Tree_Collision"
Part4151.Parent = Model4140
Part4151.CFrame = CFrame.new(1010.93396, 368.683319, 3176.36621, 0.862578213, 0.159884274, -0.479996204, -0.161586776, 0.986124396, 0.038093131, 0.479425788, 0.0447026379, 0.876444042)
Part4151.Orientation = Vector3.new(-2.180000066757202, -28.709999084472656, -9.3100004196167)
Part4151.Position = Vector3.new(1010.9339599609375, 368.6833190917969, 3176.3662109375)
Part4151.Rotation = Vector3.new(-2.490000009536743, -28.690000534057617, -10.5)
Part4151.Transparency = 1
Part4151.Size = Vector3.new(1.4091228246688843, 24.790103912353516, 1.5656908750534058)
Part4151.Anchored = true
Part4151.Material = Enum.Material.Fabric
Part4152.Name = "Tree_Collision"
Part4152.Parent = Model4140
Part4152.CFrame = CFrame.new(1020.49115, 366.576874, 3188.68164, 0.890530348, 0.0794809237, -0.447927207, -0.165405497, 0.973802567, -0.156051934, 0.423788965, 0.213058442, 0.880346775)
Part4152.Orientation = Vector3.new(8.979999542236328, -26.969999313354492, -9.640000343322754)
Part4152.Position = Vector3.new(1020.4911499023438, 366.5768737792969, 3188.681640625)
Part4152.Rotation = Vector3.new(10.050000190734863, -26.610000610351562, -5.099999904632568)
Part4152.Transparency = 1
Part4152.Size = Vector3.new(1.4091228246688843, 21.658721923828125, 1.5656908750534058)
Part4152.Anchored = true
Part4152.Material = Enum.Material.Fabric
Part4153.Name = "Tree_Collision"
Part4153.Parent = Model4140
Part4153.CFrame = CFrame.new(968.01239, 367.52475, 3131.29028, 0.858651102, -0.276560128, -0.431547582, 0.268478483, 0.959879518, -0.080953069, 0.436621457, -0.0463506654, 0.898451269)
Part4153.Orientation = Vector3.new(4.639999866485596, -25.65999984741211, 15.630000114440918)
Part4153.Position = Vector3.new(968.0123901367188, 367.5247497558594, 3131.290283203125)
Part4153.Rotation = Vector3.new(5.150000095367432, -25.56999969482422, 17.850000381469727)
Part4153.Transparency = 1
Part4153.Size = Vector3.new(1.4091228246688843, 23.746309280395508, 1.5656908750534058)
Part4153.Anchored = true
Part4153.Material = Enum.Material.Fabric
Part4154.Name = "Tree_Collision"
Part4154.Parent = Model4140
Part4154.CFrame = CFrame.new(1003.31732, 368.437042, 3140.94751, 0.867632508, 0.25697276, -0.42565167, -0.127074644, 0.942261875, 0.30983451, 0.480693668, -0.214732796, 0.850191057)
Part4154.Orientation = Vector3.new(-18.049999237060547, -26.600000381469727, -7.679999828338623)
Part4154.Position = Vector3.new(1003.3173217773438, 368.4370422363281, 3140.947509765625)
Part4154.Rotation = Vector3.new(-20.020000457763672, -25.190000534057617, -16.5)
Part4154.Transparency = 1
Part4154.Size = Vector3.new(1.4091228246688843, 24.790103912353516, 1.5656908750534058)
Part4154.Anchored = true
Part4154.Material = Enum.Material.Fabric
Part4155.Name = "Tree_Collision"
Part4155.Parent = Model4140
Part4155.CFrame = CFrame.new(1004.94714, 367.961029, 3155.2522, 0.869763017, 0.114523225, -0.479997009, -0.109757438, 0.993229568, 0.0380937606, 0.481109172, 0.0195506476, 0.876443386)
Part4155.Orientation = Vector3.new(-2.180000066757202, -28.709999084472656, -6.309999942779541)
Part4155.Position = Vector3.new(1004.9471435546875, 367.9610290527344, 3155.252197265625)
Part4155.Rotation = Vector3.new(-2.490000009536743, -28.690000534057617, -7.5)
Part4155.Transparency = 1
Part4155.Size = Vector3.new(1.4091228246688843, 24.790103912353516, 1.5656908750534058)
Part4155.Anchored = true
Part4155.Material = Enum.Material.Fabric
Part4156.Name = "Tree_Collision"
Part4156.Parent = Model4140
