SpecialMesh149.Name = "BarkMesh"
SpecialMesh149.Parent = Part148
SpecialMesh149.MeshId = "rbxassetid://623621260"
SpecialMesh149.Offset = Vector3.new(0, 3.4100000858306885, 0)
SpecialMesh149.TextureId = "rbxassetid://623618671"
SpecialMesh149.MeshType = Enum.MeshType.FileMesh
Part150.Name = "TreeMeshTop"
Part150.Parent = Model147
Part150.CFrame = CFrame.new(2524.23413, 237.414749, 2707.44336, -0.671342373, -0.00841493905, -0.741099596, 0.0103399893, 0.999731898, -0.0207183436, 0.741075277, -0.0215720646, -0.671075344)
Part150.Orientation = Vector3.new(1.190000057220459, -132.16000366210938, 0.5899999737739563)
Part150.Position = Vector3.new(2524.234130859375, 237.4147491455078, 2707.443359375)
Part150.Rotation = Vector3.new(178.22999572753906, -47.83000183105469, 179.27999877929688)
Part150.Transparency = 0.05000000074505806
Part150.Size = Vector3.new(8.250000953674316, 0.2499980926513672, 7)
Part150.Anchored = true
Part150.CanCollide = false
Part150.Material = Enum.Material.Fabric
SpecialMesh151.Name = "TopTreeMesh"
SpecialMesh151.Parent = Part150
SpecialMesh151.MeshId = "rbxassetid://623621456"
SpecialMesh151.Offset = Vector3.new(0, 3.4100000858306885, 0)
SpecialMesh151.Scale = Vector3.new(1.600000023841858, 1.600000023841858, 1.600000023841858)
SpecialMesh151.TextureId = "rbxassetid://745556120"
SpecialMesh151.MeshType = Enum.MeshType.FileMesh
Model152.Name = "茂み"
Model152.Parent = Folder0
Part153.Name = "TreeMesh Bottom"
Part153.Parent = Model152
Part153.CFrame = CFrame.new(2040.87793, 155.822876, 2529.98145, 0.874465764, 0.080008328, -0.478443593, 0.0715985, 0.954213202, 0.290432245, 0.479774147, -0.288228899, 0.828698337)
Part153.Orientation = Vector3.new(-16.8799991607666, -30, 4.289999961853027)
Part153.Position = Vector3.new(2040.8779296875, 155.8228759765625, 2529.9814453125)
Part153.Rotation = Vector3.new(-19.309999465942383, -28.579999923706055, -5.230000019073486)
Part153.Size = Vector3.new(8.250000953674316, 0.2499980926513672, 7)
Part153.Anchored = true
Part153.CanCollide = false
Part153.Material = Enum.Material.Fabric
SpecialMesh154.Name = "BarkMesh"
SpecialMesh154.Parent = Part153
SpecialMesh154.MeshId = "rbxassetid://623621260"
SpecialMesh154.Offset = Vector3.new(0, 3.4100000858306885, 0)
SpecialMesh154.TextureId = "rbxassetid://623618671"
SpecialMesh154.MeshType = Enum.MeshType.FileMesh
Part155.Name = "TreeMeshTop"
Part155.Parent = Model152
Part155.CFrame = CFrame.new(2043.28931, 184.582367, 2521.29321, 0.874465764, 0.080008328, -0.478443593, 0.0715985, 0.954213202, 0.290432245, 0.479774147, -0.288228899, 0.828698337)
Part155.Orientation = Vector3.new(-16.8799991607666, -30, 4.289999961853027)
Part155.Position = Vector3.new(2043.289306640625, 184.58236694335938, 2521.293212890625)
Part155.Rotation = Vector3.new(-19.309999465942383, -28.579999923706055, -5.230000019073486)
Part155.Transparency = 0.05000000074505806
Part155.Size = Vector3.new(8.250000953674316, 0.2499980926513672, 7)
Part155.Anchored = true
Part155.CanCollide = false
Part155.Material = Enum.Material.Fabric
SpecialMesh156.Name = "TopTreeMesh"
SpecialMesh156.Parent = Part155
SpecialMesh156.MeshId = "rbxassetid://623621456"
SpecialMesh156.Offset = Vector3.new(0, 3.4100000858306885, 0)
SpecialMesh156.Scale = Vector3.new(1.600000023841858, 1.600000023841858, 1.600000023841858)
SpecialMesh156.TextureId = "rbxassetid://745556120"
SpecialMesh156.MeshType = Enum.MeshType.FileMesh
Model157.Name = "茂み"
Model157.Parent = Folder0
Part158.Name = "TreeMesh Bottom"
Part158.Parent = Model157
Part158.CFrame = CFrame.new(2072.35107, 207.14537, 2660.96558, -0.288685322, 0.159566998, -0.944035053, 0.47777757, 0.878478885, 0.0023829639, 0.829694569, -0.450349867, -0.329840213)
Part158.Orientation = Vector3.new(-0.14000000059604645, -109.26000213623047, 28.540000915527344)
Part158.Position = Vector3.new(2072.35107421875, 207.14537048339844, 2660.965576171875)
Part158.Rotation = Vector3.new(-179.58999633789062, -70.73999786376953, -151.07000732421875)
Part158.Size = Vector3.new(8.250000953674316, 0.2499980926513672, 7)
Part158.Anchored = true
Part158.CanCollide = false
Part158.Material = Enum.Material.Fabric
SpecialMesh159.Name = "BarkMesh"
SpecialMesh159.Parent = Part158
SpecialMesh159.MeshId = "rbxassetid://623621260"
SpecialMesh159.Offset = Vector3.new(0, 3.4100000858306885, 0)
SpecialMesh159.TextureId = "rbxassetid://623618671"
SpecialMesh159.MeshType = Enum.MeshType.FileMesh
Part160.Name = "TreeMeshTop"
Part160.Parent = Model157
Part160.CFrame = CFrame.new(2077.16138, 233.62236, 2647.39185, -0.288685322, 0.159566998, -0.944035053, 0.47777757, 0.878478885, 0.0023829639, 0.829694569, -0.450349867, -0.329840213)
Part160.Orientation = Vector3.new(-0.14000000059604645, -109.26000213623047, 28.540000915527344)
Part160.Position = Vector3.new(2077.161376953125, 233.6223602294922, 2647.391845703125)
Part160.Rotation = Vector3.new(-179.58999633789062, -70.73999786376953, -151.07000732421875)
Part160.Transparency = 0.05000000074505806
Part160.Size = Vector3.new(8.250000953674316, 0.2499980926513672, 7)
Part160.Anchored = true
Part160.CanCollide = false
Part160.Material = Enum.Material.Fabric
SpecialMesh161.Name = "TopTreeMesh"
SpecialMesh161.Parent = Part160
SpecialMesh161.MeshId = "rbxassetid://623621456"
SpecialMesh161.Offset = Vector3.new(0, 3.4100000858306885, 0)
SpecialMesh161.Scale = Vector3.new(1.600000023841858, 1.600000023841858, 1.600000023841858)
SpecialMesh161.TextureId = "rbxassetid://745556120"
SpecialMesh161.MeshType = Enum.MeshType.FileMesh
Model162.Name = "茂み"
Model162.Parent = Folder0
Part163.Name = "TreeMesh Bottom"
Part163.Parent = Model162
Part163.CFrame = CFrame.new(2046.73511, 208.390503, 2691.00781, -0.671054661, 0.0222271513, -0.741075873, 0.0216942318, 0.999711633, 0.0103400433, 0.74109149, -0.00913831592, -0.671342671)
Part163.Orientation = Vector3.new(-0.5899999737739563, -132.1699981689453, 1.2400000095367432)
Part163.Position = Vector3.new(2046.735107421875, 208.3905029296875, 2691.0078125)
Part163.Rotation = Vector3.new(-179.1199951171875, -47.81999969482422, -178.10000610351562)
Part163.Size = Vector3.new(8.250000953674316, 0.2499980926513672, 7)
Part163.Anchored = true
Part163.CanCollide = false
Part163.Material = Enum.Material.Fabric
SpecialMesh164.Name = "BarkMesh"
SpecialMesh164.Parent = Part163
SpecialMesh164.MeshId = "rbxassetid://623621260"
SpecialMesh164.Offset = Vector3.new(0, 3.4100000858306885, 0)
SpecialMesh164.TextureId = "rbxassetid://623618671"
SpecialMesh164.MeshType = Enum.MeshType.FileMesh
Part165.Name = "TreeMeshTop"
Part165.Parent = Model162
Part165.CFrame = CFrame.new(2047.40601, 238.521637, 2690.73242, -0.671054661, 0.0222271513, -0.741075873, 0.0216942318, 0.999711633, 0.0103400433, 0.74109149, -0.00913831592, -0.671342671)
Part165.Orientation = Vector3.new(-0.5899999737739563, -132.1699981689453, 1.2400000095367432)
Part165.Position = Vector3.new(2047.406005859375, 238.52163696289062, 2690.732421875)
Part165.Rotation = Vector3.new(-179.1199951171875, -47.81999969482422, -178.10000610351562)
Part165.Transparency = 0.05000000074505806
Part165.Size = Vector3.new(8.250000953674316, 0.2499980926513672, 7)
Part165.Anchored = true
Part165.CanCollide = false
Part165.Material = Enum.Material.Fabric
SpecialMesh166.Name = "TopTreeMesh"
SpecialMesh166.Parent = Part165
SpecialMesh166.MeshId = "rbxassetid://623621456"
SpecialMesh166.Offset = Vector3.new(0, 3.4100000858306885, 0)
SpecialMesh166.Scale = Vector3.new(1.600000023841858, 1.600000023841858, 1.600000023841858)
SpecialMesh166.TextureId = "rbxassetid://745556120"
SpecialMesh166.MeshType = Enum.MeshType.FileMesh
Model167.Name = "茂み"
Model167.Parent = Folder0
Part168.Name = "TreeMesh Bottom"
Part168.Parent = Model167
Part168.CFrame = CFrame.new(2252.04395, 112.84845, 2440.38599, 1.00000286, 2.23517418e-08, 4.64253844e-07, 2.23517418e-08, 1.00000286, 9.24311916e-09, 4.64253844e-07, 9.24311916e-09, 1.00000107)
Part168.Position = Vector3.new(2252.0439453125, 112.84844970703125, 2440.385986328125)
Part168.Size = Vector3.new(8.250000953674316, 0.2499980926513672, 7)
Part168.Anchored = true
Part168.CanCollide = false
Part168.Material = Enum.Material.Fabric
SpecialMesh169.Name = "BarkMesh"
SpecialMesh169.Parent = Part168
SpecialMesh169.MeshId = "rbxassetid://623621260"
SpecialMesh169.Offset = Vector3.new(0, 3.4100000858306885, 0)
SpecialMesh169.TextureId = "rbxassetid://623618671"
SpecialMesh169.MeshType = Enum.MeshType.FileMesh
Part170.Name = "TreeMeshTop"
Part170.Parent = Model167
Part170.CFrame = CFrame.new(2252.04321, 142.98848, 2440.38501, 1.00000286, 2.23517418e-08, 4.64253844e-07, 2.23517418e-08, 1.00000286, 9.24311916e-09, 4.64253844e-07, 9.24311916e-09, 1.00000107)
Part170.Position = Vector3.new(2252.043212890625, 142.9884796142578, 2440.385009765625)
Part170.Transparency = 0.05000000074505806
Part170.Size = Vector3.new(8.250000953674316, 0.2499980926513672, 7)
Part170.Anchored = true
Part170.CanCollide = false
Part170.Material = Enum.Material.Fabric
SpecialMesh171.Name = "TopTreeMesh"
SpecialMesh171.Parent = Part170
SpecialMesh171.MeshId = "rbxassetid://623621456"
SpecialMesh171.Offset = Vector3.new(0, 3.4100000858306885, 0)
SpecialMesh171.Scale = Vector3.new(1.600000023841858, 1.600000023841858, 1.600000023841858)
SpecialMesh171.TextureId = "rbxassetid://745556120"
SpecialMesh171.MeshType = Enum.MeshType.FileMesh
Model172.Name = "茂み"
Model172.Parent = Folder0
Part173.Name = "TreeMesh Bottom"
Part173.Parent = Model172
Part173.CFrame = CFrame.new(2179.04272, 205.654724, 2769.84595, -0.741076052, 0.0215715095, 0.671075583, 0.0103396159, 0.999732316, -0.0207179319, -0.671343207, -0.00841489621, -0.741099894)
Part173.Orientation = Vector3.new(1.190000057220459, 137.83999633789062, 0.5899999737739563)
Part173.Position = Vector3.new(2179.042724609375, 205.65472412109375, 2769.845947265625)
Part173.Rotation = Vector3.new(178.39999389648438, 42.150001525878906, -178.3300018310547)
Part173.Size = Vector3.new(8.250000953674316, 0.2499980926513672, 7)
Part173.Anchored = true
Part173.CanCollide = false
Part173.Material = Enum.Material.Fabric
SpecialMesh174.Name = "BarkMesh"
SpecialMesh174.Parent = Part173
SpecialMesh174.MeshId = "rbxassetid://623621260"
SpecialMesh174.Offset = Vector3.new(0, 3.4100000858306885, 0)
SpecialMesh174.TextureId = "rbxassetid://623618671"
SpecialMesh174.MeshType = Enum.MeshType.FileMesh
Part175.Name = "TreeMeshTop"
Part175.Parent = Model172
Part175.CFrame = CFrame.new(2179.69336, 235.78653, 2769.59302, -0.741076052, 0.0215715095, 0.671075583, 0.0103396159, 0.999732316, -0.0207179319, -0.671343207, -0.00841489621, -0.741099894)
Part175.Orientation = Vector3.new(1.190000057220459, 137.83999633789062, 0.5899999737739563)
Part175.Position = Vector3.new(2179.693359375, 235.78652954101562, 2769.593017578125)
Part175.Rotation = Vector3.new(178.39999389648438, 42.150001525878906, -178.3300018310547)
Part175.Transparency = 0.05000000074505806
Part175.Size = Vector3.new(8.250000953674316, 0.2499980926513672, 7)
Part175.Anchored = true
Part175.CanCollide = false
Part175.Material = Enum.Material.Fabric
SpecialMesh176.Name = "TopTreeMesh"
SpecialMesh176.Parent = Part175
SpecialMesh176.MeshId = "rbxassetid://623621456"
SpecialMesh176.Offset = Vector3.new(0, 3.4100000858306885, 0)
SpecialMesh176.Scale = Vector3.new(1.600000023841858, 1.600000023841858, 1.600000023841858)
SpecialMesh176.TextureId = "rbxassetid://745556120"
SpecialMesh176.MeshType = Enum.MeshType.FileMesh
Model177.Name = "茂み"
Model177.Parent = Folder0
Part178.Name = "TreeMesh Bottom"
Part178.Parent = Model177
Part178.CFrame = CFrame.new(2171.91675, 145.374115, 2580.33691, 0.874465764, 0.080008328, -0.478443593, 0.0715985, 0.954213202, 0.290432245, 0.479774147, -0.288228899, 0.828698337)
Part178.Orientation = Vector3.new(-16.8799991607666, -30, 4.289999961853027)
Part178.Position = Vector3.new(2171.916748046875, 145.37411499023438, 2580.3369140625)
Part178.Rotation = Vector3.new(-19.309999465942383, -28.579999923706055, -5.230000019073486)
Part178.Size = Vector3.new(8.250000953674316, 0.2499980926513672, 7)
Part178.Anchored = true
Part178.CanCollide = false
Part178.Material = Enum.Material.Fabric
SpecialMesh179.Name = "BarkMesh"
SpecialMesh179.Parent = Part178
SpecialMesh179.MeshId = "rbxassetid://623621260"
SpecialMesh179.Offset = Vector3.new(0, 3.4100000858306885, 0)
SpecialMesh179.TextureId = "rbxassetid://623618671"
SpecialMesh179.MeshType = Enum.MeshType.FileMesh
Part180.Name = "TreeMeshTop"
Part180.Parent = Model177
Part180.CFrame = CFrame.new(2174.32812, 174.133606, 2571.64868, 0.874465764, 0.080008328, -0.478443593, 0.0715985, 0.954213202, 0.290432245, 0.479774147, -0.288228899, 0.828698337)
Part180.Orientation = Vector3.new(-16.8799991607666, -30, 4.289999961853027)
Part180.Position = Vector3.new(2174.328125, 174.13360595703125, 2571.648681640625)
Part180.Rotation = Vector3.new(-19.309999465942383, -28.579999923706055, -5.230000019073486)
Part180.Transparency = 0.05000000074505806
Part180.Size = Vector3.new(8.250000953674316, 0.2499980926513672, 7)
Part180.Anchored = true
Part180.CanCollide = false
Part180.Material = Enum.Material.Fabric
SpecialMesh181.Name = "TopTreeMesh"
SpecialMesh181.Parent = Part180
SpecialMesh181.MeshId = "rbxassetid://623621456"
SpecialMesh181.Offset = Vector3.new(0, 3.4100000858306885, 0)
SpecialMesh181.Scale = Vector3.new(1.600000023841858, 1.600000023841858, 1.600000023841858)
SpecialMesh181.TextureId = "rbxassetid://745556120"
SpecialMesh181.MeshType = Enum.MeshType.FileMesh
Model182.Name = "茂み"
Model182.Parent = Folder0
Part183.Name = "TreeMesh Bottom"
Part183.Parent = Model182
Part183.CFrame = CFrame.new(2521.802, 147.784622, 2576.68066, -0.598671317, -0.00913919229, -0.800942957, 0.0123333726, 0.999711096, -0.020625934, 0.800900042, -0.022226477, -0.598385692)
Part183.Orientation = Vector3.new(1.1799999475479126, -126.76000213623047, 0.7099999785423279)
Part183.Position = Vector3.new(2521.802001953125, 147.7846221923828, 2576.6806640625)
Part183.Rotation = Vector3.new(178.02999877929688, -53.220001220703125, 179.1300048828125)
Part183.Size = Vector3.new(8.250000953674316, 0.2499980926513672, 7)
Part183.Anchored = true
Part183.CanCollide = false
Part183.Material = Enum.Material.Fabric
SpecialMesh184.Name = "BarkMesh"
SpecialMesh184.Parent = Part183
SpecialMesh184.MeshId = "rbxassetid://623621260"
SpecialMesh184.Offset = Vector3.new(0, 3.4100000858306885, 0)
SpecialMesh184.TextureId = "rbxassetid://623618671"
SpecialMesh184.MeshType = Enum.MeshType.FileMesh
Part185.Name = "TreeMeshTop"
Part185.Parent = Model182
Part185.CFrame = CFrame.new(2521.52856, 177.916031, 2576.01099, -0.598671317, -0.00913919229, -0.800942957, 0.0123333726, 0.999711096, -0.020625934, 0.800900042, -0.022226477, -0.598385692)
Part185.Orientation = Vector3.new(1.1799999475479126, -126.76000213623047, 0.7099999785423279)
Part185.Position = Vector3.new(2521.528564453125, 177.91603088378906, 2576.010986328125)
Part185.Rotation = Vector3.new(178.02999877929688, -53.220001220703125, 179.1300048828125)
Part185.Transparency = 0.05000000074505806
Part185.Size = Vector3.new(8.250000953674316, 0.2499980926513672, 7)
Part185.Anchored = true
Part185.CanCollide = false
Part185.Material = Enum.Material.Fabric
SpecialMesh186.Name = "TopTreeMesh"
SpecialMesh186.Parent = Part185
SpecialMesh186.MeshId = "rbxassetid://623621456"
SpecialMesh186.Offset = Vector3.new(0, 3.4100000858306885, 0)
SpecialMesh186.Scale = Vector3.new(1.600000023841858, 1.600000023841858, 1.600000023841858)
SpecialMesh186.TextureId = "rbxassetid://745556120"
SpecialMesh186.MeshType = Enum.MeshType.FileMesh
Model187.Name = "茂み"
Model187.Parent = Folder0
Part188.Name = "TreeMesh Bottom"
Part188.Parent = Model187
Part188.CFrame = CFrame.new(2011.66235, 209.008911, 2673.35693, 0.741077423, 0.0222268905, -0.671054482, -0.0103395954, 0.999713778, 0.0216942374, 0.671344876, -0.00913861115, 0.741092205)
Part188.Orientation = Vector3.new(-1.2400000095367432, -42.15999984741211, -0.5899999737739563)
Part188.Position = Vector3.new(2011.662353515625, 209.0089111328125, 2673.35693359375)
Part188.Rotation = Vector3.new(-1.6799999475479126, -42.150001525878906, -1.7200000286102295)
Part188.Size = Vector3.new(8.250000953674316, 0.2499980926513672, 7)
Part188.Anchored = true
Part188.CanCollide = false
Part188.Material = Enum.Material.Fabric
SpecialMesh189.Name = "BarkMesh"
SpecialMesh189.Parent = Part188
SpecialMesh189.MeshId = "rbxassetid://623621260"
SpecialMesh189.Offset = Vector3.new(0, 3.4100000858306885, 0)
SpecialMesh189.TextureId = "rbxassetid://623618671"
SpecialMesh189.MeshType = Enum.MeshType.FileMesh
Part190.Name = "TreeMeshTop"
Part190.Parent = Model187
Part190.CFrame = CFrame.new(2012.33228, 239.140228, 2673.08008, 0.741077423, 0.0222268905, -0.671054482, -0.0103395954, 0.999713778, 0.0216942374, 0.671344876, -0.00913861115, 0.741092205)
Part190.Orientation = Vector3.new(-1.2400000095367432, -42.15999984741211, -0.5899999737739563)
Part190.Position = Vector3.new(2012.332275390625, 239.14022827148438, 2673.080078125)
Part190.Rotation = Vector3.new(-1.6799999475479126, -42.150001525878906, -1.7200000286102295)
Part190.Transparency = 0.05000000074505806
Part190.Size = Vector3.new(8.250000953674316, 0.2499980926513672, 7)
Part190.Anchored = true
Part190.CanCollide = false
Part190.Material = Enum.Material.Fabric
SpecialMesh191.Name = "TopTreeMesh"
SpecialMesh191.Parent = Part190
SpecialMesh191.MeshId = "rbxassetid://623621456"
SpecialMesh191.Offset = Vector3.new(0, 3.4100000858306885, 0)
SpecialMesh191.Scale = Vector3.new(1.600000023841858, 1.600000023841858, 1.600000023841858)
SpecialMesh191.TextureId = "rbxassetid://745556120"
SpecialMesh191.MeshType = Enum.MeshType.FileMesh
Model192.Name = "茂み"
Model192.Parent = Folder0
Part193.Name = "TreeMesh Bottom"
Part193.Parent = Model192
Part193.CFrame = CFrame.new(2108.88428, 207.394379, 2796.67383, -0.741076052, 0.0215715095, 0.671075583, 0.0103396159, 0.999732316, -0.0207179319, -0.671343207, -0.00841489621, -0.741099894)
Part193.Orientation = Vector3.new(1.190000057220459, 137.83999633789062, 0.5899999737739563)
Part193.Position = Vector3.new(2108.88427734375, 207.39437866210938, 2796.673828125)
Part193.Rotation = Vector3.new(178.39999389648438, 42.150001525878906, -178.3300018310547)
Part193.Size = Vector3.new(8.250000953674316, 0.2499980926513672, 7)
Part193.Anchored = true
Part193.CanCollide = false
Part193.Material = Enum.Material.Fabric
SpecialMesh194.Name = "BarkMesh"
SpecialMesh194.Parent = Part193
SpecialMesh194.MeshId = "rbxassetid://623621260"
SpecialMesh194.Offset = Vector3.new(0, 3.4100000858306885, 0)
SpecialMesh194.TextureId = "rbxassetid://623618671"
SpecialMesh194.MeshType = Enum.MeshType.FileMesh
Part195.Name = "TreeMeshTop"
Part195.Parent = Model192
Part195.CFrame = CFrame.new(2109.53491, 237.526184, 2796.4209, -0.741076052, 0.0215715095, 0.671075583, 0.0103396159, 0.999732316, -0.0207179319, -0.671343207, -0.00841489621, -0.741099894)
Part195.Orientation = Vector3.new(1.190000057220459, 137.83999633789062, 0.5899999737739563)
Part195.Position = Vector3.new(2109.534912109375, 237.52618408203125, 2796.4208984375)
Part195.Rotation = Vector3.new(178.39999389648438, 42.150001525878906, -178.3300018310547)
Part195.Transparency = 0.05000000074505806
Part195.Size = Vector3.new(8.250000953674316, 0.2499980926513672, 7)
Part195.Anchored = true
Part195.CanCollide = false
Part195.Material = Enum.Material.Fabric
SpecialMesh196.Name = "TopTreeMesh"
SpecialMesh196.Parent = Part195
SpecialMesh196.MeshId = "rbxassetid://623621456"
SpecialMesh196.Offset = Vector3.new(0, 3.4100000858306885, 0)
SpecialMesh196.Scale = Vector3.new(1.600000023841858, 1.600000023841858, 1.600000023841858)
SpecialMesh196.TextureId = "rbxassetid://745556120"
SpecialMesh196.MeshType = Enum.MeshType.FileMesh
Model197.Name = "茂み"
Model197.Parent = Folder0
Part198.Name = "TreeMesh Bottom"
Part198.Parent = Model197
Part198.CFrame = CFrame.new(2050.16138, 112.25444, 2297.0874, -0.587980628, -4.95667507e-07, -0.808875024, -3.09127813e-07, 1, -3.88077694e-07, 0.808874965, 2.18636274e-08, -0.587980628)
Part198.Orientation = Vector3.new(0, -126.01000213623047, 0)
Part198.Position = Vector3.new(2050.161376953125, 112.25444030761719, 2297.08740234375)
Part198.Rotation = Vector3.new(180, -53.9900016784668, 180)
Part198.Size = Vector3.new(8.250000953674316, 0.2499980926513672, 7)
Part198.Anchored = true
Part198.CanCollide = false
Part198.Material = Enum.Material.Fabric
SpecialMesh199.Name = "BarkMesh"
SpecialMesh199.Parent = Part198
SpecialMesh199.MeshId = "rbxassetid://623621260"
SpecialMesh199.Offset = Vector3.new(0, 3.4100000858306885, 0)
SpecialMesh199.TextureId = "rbxassetid://623618671"
SpecialMesh199.MeshType = Enum.MeshType.FileMesh
Part200.Name = "TreeMeshTop"
Part200.Parent = Model197
Part200.CFrame = CFrame.new(2050.16284, 142.394562, 2297.0874, -0.587980628, -4.95667507e-07, -0.808875024, -3.09127813e-07, 1, -3.88077694e-07, 0.808874965, 2.18636274e-08, -0.587980628)
Part200.Orientation = Vector3.new(0, -126.01000213623047, 0)
Part200.Position = Vector3.new(2050.162841796875, 142.39456176757812, 2297.08740234375)
Part200.Rotation = Vector3.new(180, -53.9900016784668, 180)
Part200.Transparency = 0.05000000074505806
Part200.Size = Vector3.new(8.250000953674316, 0.2499980926513672, 7)
Part200.Anchored = true
Part200.CanCollide = false
Part200.Material = Enum.Material.Fabric
SpecialMesh201.Name = "TopTreeMesh"
SpecialMesh201.Parent = Part200
SpecialMesh201.MeshId = "rbxassetid://623621456"
SpecialMesh201.Offset = Vector3.new(0, 3.4100000858306885, 0)
SpecialMesh201.Scale = Vector3.new(1.600000023841858, 1.600000023841858, 1.600000023841858)
SpecialMesh201.TextureId = "rbxassetid://745556120"
SpecialMesh201.MeshType = Enum.MeshType.FileMesh
Model202.Name = "茂み"
Model202.Parent = Folder0
Part203.Name = "TreeMesh Bottom"
Part203.Parent = Model202
Part203.CFrame = CFrame.new(2032.70068, 112.84845, 2381.50366, 0.956288815, 1.86716758e-08, -0.292432219, 2.23517418e-08, 1.00000286, 9.24311916e-09, 0.292433619, 1.53754396e-08, 0.956287324)
Part203.Orientation = Vector3.new(0, -17, 0)
Part203.Position = Vector3.new(2032.70068359375, 112.84844970703125, 2381.503662109375)
Part203.Rotation = Vector3.new(0, -17, 0)
Part203.Size = Vector3.new(8.250000953674316, 0.2499980926513672, 7)
Part203.Anchored = true
Part203.CanCollide = false
Part203.Material = Enum.Material.Fabric
SpecialMesh204.Name = "BarkMesh"
SpecialMesh204.Parent = Part203
SpecialMesh204.MeshId = "rbxassetid://623621260"
SpecialMesh204.Offset = Vector3.new(0, 3.4100000858306885, 0)
SpecialMesh204.TextureId = "rbxassetid://623618671"
SpecialMesh204.MeshType = Enum.MeshType.FileMesh
Part205.Name = "TreeMeshTop"
Part205.Parent = Model202
Part205.CFrame = CFrame.new(2032.70044, 142.98848, 2381.50244, 0.956288815, 1.86716758e-08, -0.292432219, 2.23517418e-08, 1.00000286, 9.24311916e-09, 0.292433619, 1.53754396e-08, 0.956287324)
Part205.Orientation = Vector3.new(0, -17, 0)
Part205.Position = Vector3.new(2032.700439453125, 142.9884796142578, 2381.50244140625)
Part205.Rotation = Vector3.new(0, -17, 0)
Part205.Transparency = 0.05000000074505806
Part205.Size = Vector3.new(8.250000953674316, 0.2499980926513672, 7)
Part205.Anchored = true
Part205.CanCollide = false
Part205.Material = Enum.Material.Fabric
SpecialMesh206.Name = "TopTreeMesh"
SpecialMesh206.Parent = Part205
SpecialMesh206.MeshId = "rbxassetid://623621456"
SpecialMesh206.Offset = Vector3.new(0, 3.4100000858306885, 0)
SpecialMesh206.Scale = Vector3.new(1.600000023841858, 1.600000023841858, 1.600000023841858)
SpecialMesh206.TextureId = "rbxassetid://745556120"
SpecialMesh206.MeshType = Enum.MeshType.FileMesh
Model207.Name = "茂み"
Model207.Parent = Folder0
Part208.Name = "TreeMesh Bottom"
Part208.Parent = Model207
Part208.CFrame = CFrame.new(2094.47266, 112.84845, 2308.92676, -0.292432666, 4.14384488e-07, -0.95628649, 6.46105436e-09, 1.00000072, 4.39700671e-07, 0.956286788, 1.33387047e-07, -0.292432278)
Part208.Orientation = Vector3.new(0, -107, 0)
Part208.Position = Vector3.new(2094.47265625, 112.84844970703125, 2308.9267578125)
Part208.Rotation = Vector3.new(-180, -73, -180)
Part208.Size = Vector3.new(8.250000953674316, 0.2499980926513672, 7)
Part208.Anchored = true
Part208.CanCollide = false
Part208.Material = Enum.Material.Fabric
SpecialMesh209.Name = "BarkMesh"
SpecialMesh209.Parent = Part208
SpecialMesh209.MeshId = "rbxassetid://623621260"
SpecialMesh209.Offset = Vector3.new(0, 3.4100000858306885, 0)
SpecialMesh209.TextureId = "rbxassetid://623618671"
SpecialMesh209.MeshType = Enum.MeshType.FileMesh
Part210.Name = "TreeMeshTop"
Part210.Parent = Model207
Part210.CFrame = CFrame.new(2094.47339, 142.988342, 2308.92627, -0.292432666, 4.14384488e-07, -0.95628649, 6.46105436e-09, 1.00000072, 4.39700671e-07, 0.956286788, 1.33387047e-07, -0.292432278)
Part210.Orientation = Vector3.new(0, -107, 0)
Part210.Position = Vector3.new(2094.473388671875, 142.98834228515625, 2308.92626953125)
Part210.Rotation = Vector3.new(-180, -73, -180)
Part210.Transparency = 0.05000000074505806
Part210.Size = Vector3.new(8.250000953674316, 0.2499980926513672, 7)
Part210.Anchored = true
Part210.CanCollide = false
Part210.Material = Enum.Material.Fabric
SpecialMesh211.Name = "TopTreeMesh"
SpecialMesh211.Parent = Part210
SpecialMesh211.MeshId = "rbxassetid://623621456"
SpecialMesh211.Offset = Vector3.new(0, 3.4100000858306885, 0)
SpecialMesh211.Scale = Vector3.new(1.600000023841858, 1.600000023841858, 1.600000023841858)
SpecialMesh211.TextureId = "rbxassetid://745556120"
SpecialMesh211.MeshType = Enum.MeshType.FileMesh
Part212.Name = "waterfallsound"
Part212.Parent = Folder0
Part212.CFrame = CFrame.new(2982.70996, 466.347839, 3620.86914, 0.735781252, 0.182766035, 0.652090847, 0, 0.962894797, -0.269877166, -0.677219272, 0.198570594, 0.708479881)
Part212.Orientation = Vector3.new(15.65999984741211, 42.630001068115234, 0)
Part212.Position = Vector3.new(2982.7099609375, 466.34783935546875, 3620.869140625)
Part212.Rotation = Vector3.new(20.850000381469727, 40.70000076293945, -13.949999809265137)
Part212.Transparency = 1
Part212.Size = Vector3.new(29, 32, 19)
Part212.Anchored = true
Part212.BottomSurface = Enum.SurfaceType.Smooth
Part212.CanCollide = false
Part212.TopSurface = Enum.SurfaceType.Smooth
Sound213.Name = "waterfall perfect loop"
Sound213.Parent = Part212
Sound213.Looped = true
Sound213.PlayOnRemove = true
Sound213.Playing = true
Sound213.SoundId = "rbxassetid://1989859039"
Model214.Name = "茂み"
Model214.Parent = Folder0
Part215.Name = "TreeMesh Bottom"
Part215.Parent = Model214
Part215.CFrame = CFrame.new(2312.40918, 112.84845, 2356.28369, -1.16067838e-07, 4.35276888e-07, -1.00000024, 6.46105436e-09, 1.00000072, 4.39700671e-07, 1.00000072, 6.37676223e-09, 1.16068705e-07)
Part215.Orientation = Vector3.new(0, -90, 0)
Part215.Position = Vector3.new(2312.4091796875, 112.84844970703125, 2356.28369140625)
Part215.Rotation = Vector3.new(0, -90, 0)
Part215.Size = Vector3.new(8.250000953674316, 0.2499980926513672, 7)
Part215.Anchored = true
Part215.CanCollide = false
Part215.Material = Enum.Material.Fabric
SpecialMesh216.Name = "BarkMesh"
SpecialMesh216.Parent = Part215
SpecialMesh216.MeshId = "rbxassetid://623621260"
SpecialMesh216.Offset = Vector3.new(0, 3.4100000858306885, 0)
SpecialMesh216.TextureId = "rbxassetid://623618671"
SpecialMesh216.MeshType = Enum.MeshType.FileMesh
Part217.Name = "TreeMeshTop"
Part217.Parent = Model214
Part217.CFrame = CFrame.new(2312.40967, 142.988342, 2356.28296, -1.16067838e-07, 4.35276888e-07, -1.00000024, 6.46105436e-09, 1.00000072, 4.39700671e-07, 1.00000072, 6.37676223e-09, 1.16068705e-07)
Part217.Orientation = Vector3.new(0, -90, 0)
Part217.Position = Vector3.new(2312.40966796875, 142.98834228515625, 2356.282958984375)
Part217.Rotation = Vector3.new(0, -90, 0)
Part217.Transparency = 0.05000000074505806
Part217.Size = Vector3.new(8.250000953674316, 0.2499980926513672, 7)
Part217.Anchored = true
Part217.CanCollide = false
Part217.Material = Enum.Material.Fabric
SpecialMesh218.Name = "TopTreeMesh"
SpecialMesh218.Parent = Part217
SpecialMesh218.MeshId = "rbxassetid://623621456"
SpecialMesh218.Offset = Vector3.new(0, 3.4100000858306885, 0)
SpecialMesh218.Scale = Vector3.new(1.600000023841858, 1.600000023841858, 1.600000023841858)
SpecialMesh218.TextureId = "rbxassetid://745556120"
SpecialMesh218.MeshType = Enum.MeshType.FileMesh
Model219.Name = "茂み"
Model219.Parent = Folder0
Part220.Name = "TreeMesh Bottom"
Part220.Parent = Model219
Part220.CFrame = CFrame.new(2245.04639, 158.407288, 2626.43701, 0.874465764, 0.080008328, -0.478443593, 0.0715985, 0.954213202, 0.290432245, 0.479774147, -0.288228899, 0.828698337)
Part220.Orientation = Vector3.new(-16.8799991607666, -30, 4.289999961853027)
Part220.Position = Vector3.new(2245.04638671875, 158.40728759765625, 2626.43701171875)
Part220.Rotation = Vector3.new(-19.309999465942383, -28.579999923706055, -5.230000019073486)
Part220.Size = Vector3.new(8.250000953674316, 0.2499980926513672, 7)
Part220.Anchored = true
Part220.CanCollide = false
Part220.Material = Enum.Material.Fabric
SpecialMesh221.Name = "BarkMesh"
SpecialMesh221.Parent = Part220
SpecialMesh221.MeshId = "rbxassetid://623621260"
SpecialMesh221.Offset = Vector3.new(0, 3.4100000858306885, 0)
SpecialMesh221.TextureId = "rbxassetid://623618671"
SpecialMesh221.MeshType = Enum.MeshType.FileMesh
Part222.Name = "TreeMeshTop"
Part222.Parent = Model219
Part222.CFrame = CFrame.new(2247.45776, 187.166779, 2617.74878, 0.874465764, 0.080008328, -0.478443593, 0.0715985, 0.954213202, 0.290432245, 0.479774147, -0.288228899, 0.828698337)
Part222.Orientation = Vector3.new(-16.8799991607666, -30, 4.289999961853027)
Part222.Position = Vector3.new(2247.457763671875, 187.16677856445312, 2617.748779296875)
Part222.Rotation = Vector3.new(-19.309999465942383, -28.579999923706055, -5.230000019073486)
Part222.Transparency = 0.05000000074505806
Part222.Size = Vector3.new(8.250000953674316, 0.2499980926513672, 7)
Part222.Anchored = true
Part222.CanCollide = false
Part222.Material = Enum.Material.Fabric
SpecialMesh223.Name = "TopTreeMesh"
SpecialMesh223.Parent = Part222
SpecialMesh223.MeshId = "rbxassetid://623621456"
SpecialMesh223.Offset = Vector3.new(0, 3.4100000858306885, 0)
SpecialMesh223.Scale = Vector3.new(1.600000023841858, 1.600000023841858, 1.600000023841858)
SpecialMesh223.TextureId = "rbxassetid://745556120"
SpecialMesh223.MeshType = Enum.MeshType.FileMesh
Model224.Name = "茂み"
Model224.Parent = Folder0
Part225.Name = "TreeMesh Bottom"
Part225.Parent = Model224
Part225.CFrame = CFrame.new(2071.95532, 112.84845, 2382.56079, -0.292432666, 4.14384488e-07, -0.95628649, 6.46105436e-09, 1.00000072, 4.39700671e-07, 0.956286788, 1.33387047e-07, -0.292432278)
Part225.Orientation = Vector3.new(0, -107, 0)
Part225.Position = Vector3.new(2071.955322265625, 112.84844970703125, 2382.560791015625)
Part225.Rotation = Vector3.new(-180, -73, -180)
Part225.Size = Vector3.new(8.250000953674316, 0.2499980926513672, 7)
Part225.Anchored = true
Part225.CanCollide = false
Part225.Material = Enum.Material.Fabric
SpecialMesh226.Name = "BarkMesh"
SpecialMesh226.Parent = Part225
SpecialMesh226.MeshId = "rbxassetid://623621260"
SpecialMesh226.Offset = Vector3.new(0, 3.4100000858306885, 0)
SpecialMesh226.TextureId = "rbxassetid://623618671"
SpecialMesh226.MeshType = Enum.MeshType.FileMesh
Part227.Name = "TreeMeshTop"
Part227.Parent = Model224
Part227.CFrame = CFrame.new(2071.95605, 142.988342, 2382.5603, -0.292432666, 4.14384488e-07, -0.95628649, 6.46105436e-09, 1.00000072, 4.39700671e-07, 0.956286788, 1.33387047e-07, -0.292432278)
Part227.Orientation = Vector3.new(0, -107, 0)
Part227.Position = Vector3.new(2071.9560546875, 142.98834228515625, 2382.560302734375)
Part227.Rotation = Vector3.new(-180, -73, -180)
Part227.Transparency = 0.05000000074505806
Part227.Size = Vector3.new(8.250000953674316, 0.2499980926513672, 7)
Part227.Anchored = true
Part227.CanCollide = false
Part227.Material = Enum.Material.Fabric
SpecialMesh228.Name = "TopTreeMesh"
SpecialMesh228.Parent = Part227
SpecialMesh228.MeshId = "rbxassetid://623621456"
SpecialMesh228.Offset = Vector3.new(0, 3.4100000858306885, 0)
SpecialMesh228.Scale = Vector3.new(1.600000023841858, 1.600000023841858, 1.600000023841858)
SpecialMesh228.TextureId = "rbxassetid://745556120"
SpecialMesh228.MeshType = Enum.MeshType.FileMesh
Model229.Name = "茂み"
Model229.Parent = Folder0
Part230.Name = "TreeMesh Bottom"
Part230.Parent = Model229
Part230.CFrame = CFrame.new(2011.64551, 112.84845, 2450.35645, 0.956288815, 1.86716758e-08, -0.292432219, 2.23517418e-08, 1.00000286, 9.24311916e-09, 0.292433619, 1.53754396e-08, 0.956287324)
Part230.Orientation = Vector3.new(0, -17, 0)
Part230.Position = Vector3.new(2011.6455078125, 112.84844970703125, 2450.3564453125)
Part230.Rotation = Vector3.new(0, -17, 0)
Part230.Size = Vector3.new(8.250000953674316, 0.2499980926513672, 7)
Part230.Anchored = true
Part230.CanCollide = false
Part230.Material = Enum.Material.Fabric
SpecialMesh231.Name = "BarkMesh"
SpecialMesh231.Parent = Part230
SpecialMesh231.MeshId = "rbxassetid://623621260"
SpecialMesh231.Offset = Vector3.new(0, 3.4100000858306885, 0)
SpecialMesh231.TextureId = "rbxassetid://623618671"
SpecialMesh231.MeshType = Enum.MeshType.FileMesh
Part232.Name = "TreeMeshTop"
Part232.Parent = Model229
Part232.CFrame = CFrame.new(2011.64526, 142.98848, 2450.35522, 0.956288815, 1.86716758e-08, -0.292432219, 2.23517418e-08, 1.00000286, 9.24311916e-09, 0.292433619, 1.53754396e-08, 0.956287324)
Part232.Orientation = Vector3.new(0, -17, 0)
Part232.Position = Vector3.new(2011.645263671875, 142.9884796142578, 2450.355224609375)
Part232.Rotation = Vector3.new(0, -17, 0)
Part232.Transparency = 0.05000000074505806
Part232.Size = Vector3.new(8.250000953674316, 0.2499980926513672, 7)
Part232.Anchored = true
Part232.CanCollide = false
Part232.Material = Enum.Material.Fabric
SpecialMesh233.Name = "TopTreeMesh"
SpecialMesh233.Parent = Part232
SpecialMesh233.MeshId = "rbxassetid://623621456"
SpecialMesh233.Offset = Vector3.new(0, 3.4100000858306885, 0)
SpecialMesh233.Scale = Vector3.new(1.600000023841858, 1.600000023841858, 1.600000023841858)
SpecialMesh233.TextureId = "rbxassetid://745556120"
SpecialMesh233.MeshType = Enum.MeshType.FileMesh
Model234.Name = "茂み"
Model234.Parent = Folder0
Part235.Name = "TreeMesh Bottom"
Part235.Parent = Model234
Part235.CFrame = CFrame.new(1917.00696, 209.616486, 2509.60205, -0.858434975, 0.0222270489, -0.512442589, 0.0237695277, 0.999711633, 0.0035439718, 0.512373149, -0.00913823675, -0.858714819)
Part235.Orientation = Vector3.new(-0.20000000298023224, -149.1699981689453, 1.3600000143051147)
Part235.Position = Vector3.new(1917.0069580078125, 209.61648559570312, 2509.60205078125)
Part235.Rotation = Vector3.new(-179.75999450683594, -30.829999923706055, -178.52000427246094)
Part235.Size = Vector3.new(8.250000953674316, 0.2499980926513672, 7)
Part235.Anchored = true
Part235.CanCollide = false
Part235.Material = Enum.Material.Fabric
SpecialMesh236.Name = "BarkMesh"
SpecialMesh236.Parent = Part235
SpecialMesh236.MeshId = "rbxassetid://623621260"
SpecialMesh236.Offset = Vector3.new(0, 3.4100000858306885, 0)
SpecialMesh236.TextureId = "rbxassetid://623618671"
SpecialMesh236.MeshType = Enum.MeshType.FileMesh
Part237.Name = "TreeMeshTop"
Part237.Parent = Model234
Part237.CFrame = CFrame.new(1917.67761, 239.74765, 2509.3269, -0.858434975, 0.0222270489, -0.512442589, 0.0237695277, 0.999711633, 0.0035439718, 0.512373149, -0.00913823675, -0.858714819)
Part237.Orientation = Vector3.new(-0.20000000298023224, -149.1699981689453, 1.3600000143051147)
Part237.Position = Vector3.new(1917.6776123046875, 239.74765014648438, 2509.326904296875)
Part237.Rotation = Vector3.new(-179.75999450683594, -30.829999923706055, -178.52000427246094)
Part237.Transparency = 0.05000000074505806
Part237.Size = Vector3.new(8.250000953674316, 0.2499980926513672, 7)
Part237.Anchored = true
Part237.CanCollide = false
Part237.Material = Enum.Material.Fabric
SpecialMesh238.Name = "TopTreeMesh"
SpecialMesh238.Parent = Part237
SpecialMesh238.MeshId = "rbxassetid://623621456"
SpecialMesh238.Offset = Vector3.new(0, 3.4100000858306885, 0)
SpecialMesh238.Scale = Vector3.new(1.600000023841858, 1.600000023841858, 1.600000023841858)
SpecialMesh238.TextureId = "rbxassetid://745556120"
SpecialMesh238.MeshType = Enum.MeshType.FileMesh
Model239.Name = "茂み"
Model239.Parent = Folder0
Part240.Name = "TreeMesh Bottom"
Part240.Parent = Model239
Part240.CFrame = CFrame.new(1982.58423, 112.848274, 2239.52539, 0.808874965, -3.17097708e-08, -0.587980747, -3.91935151e-09, 1, -5.93217457e-08, 0.587980688, 5.02883744e-08, 0.808875024)
Part240.Orientation = Vector3.new(0, -36.0099983215332, 0)
Part240.Position = Vector3.new(1982.584228515625, 112.84827423095703, 2239.525390625)
Part240.Rotation = Vector3.new(0, -36.0099983215332, 0)
Part240.Size = Vector3.new(8.250000953674316, 0.2499980926513672, 7)
Part240.Anchored = true
Part240.CanCollide = false
Part240.Material = Enum.Material.Fabric
SpecialMesh241.Name = "BarkMesh"
SpecialMesh241.Parent = Part240
SpecialMesh241.MeshId = "rbxassetid://623621260"
SpecialMesh241.Offset = Vector3.new(0, 3.4100000858306885, 0)
SpecialMesh241.TextureId = "rbxassetid://623618671"
SpecialMesh241.MeshType = Enum.MeshType.FileMesh
Part242.Name = "TreeMeshTop"
Part242.Parent = Model239
Part242.CFrame = CFrame.new(1982.58447, 142.98848, 2239.52417, 0.808874965, -3.17097708e-08, -0.587980747, -3.91935151e-09, 1, -5.93217457e-08, 0.587980688, 5.02883744e-08, 0.808875024)
Part242.Orientation = Vector3.new(0, -36.0099983215332, 0)
Part242.Position = Vector3.new(1982.58447265625, 142.9884796142578, 2239.524169921875)
Part242.Rotation = Vector3.new(0, -36.0099983215332, 0)
Part242.Transparency = 0.05000000074505806
Part242.Size = Vector3.new(8.250000953674316, 0.2499980926513672, 7)
Part242.Anchored = true
Part242.CanCollide = false
Part242.Material = Enum.Material.Fabric
SpecialMesh243.Name = "TopTreeMesh"
SpecialMesh243.Parent = Part242
SpecialMesh243.MeshId = "rbxassetid://623621456"
SpecialMesh243.Offset = Vector3.new(0, 3.4100000858306885, 0)
SpecialMesh243.Scale = Vector3.new(1.600000023841858, 1.600000023841858, 1.600000023841858)
SpecialMesh243.TextureId = "rbxassetid://745556120"
SpecialMesh243.MeshType = Enum.MeshType.FileMesh
Model244.Name = "茂み"
Model244.Parent = Folder0
Part245.Name = "TreeMesh Bottom"
Part245.Parent = Model244
Part245.CFrame = CFrame.new(2195.66577, 112.268372, 2378.12451, -0.956286788, -0.000285571878, 0.292432159, 1.39407392e-08, 1.00000024, 0.000976553303, -0.292432666, 0.000933861476, -0.956286013)
Part245.Orientation = Vector3.new(-0.05999999865889549, 163, 0)
Part245.Position = Vector3.new(2195.665771484375, 112.26837158203125, 2378.12451171875)
Part245.Rotation = Vector3.new(-179.94000244140625, 17, 179.97999572753906)
Part245.Size = Vector3.new(8.250000953674316, 0.2499980926513672, 7)
Part245.Anchored = true
Part245.CanCollide = false
Part245.Material = Enum.Material.Fabric
SpecialMesh246.Name = "BarkMesh"
SpecialMesh246.Parent = Part245
SpecialMesh246.MeshId = "rbxassetid://623621260"
SpecialMesh246.Offset = Vector3.new(0, 3.4100000858306885, 0)
SpecialMesh246.TextureId = "rbxassetid://623618671"
SpecialMesh246.MeshType = Enum.MeshType.FileMesh
Part247.Name = "TreeMeshTop"
Part247.Parent = Model244
Part247.CFrame = CFrame.new(2195.65771, 142.408234, 2378.15356, -0.956286788, -0.000285571878, 0.292432159, 1.39407392e-08, 1.00000024, 0.000976553303, -0.292432666, 0.000933861476, -0.956286013)
Part247.Orientation = Vector3.new(-0.05999999865889549, 163, 0)
Part247.Position = Vector3.new(2195.65771484375, 142.40823364257812, 2378.153564453125)
Part247.Rotation = Vector3.new(-179.94000244140625, 17, 179.97999572753906)
Part247.Transparency = 0.05000000074505806
Part247.Size = Vector3.new(8.250000953674316, 0.2499980926513672, 7)
Part247.Anchored = true
Part247.CanCollide = false
Part247.Material = Enum.Material.Fabric
SpecialMesh248.Name = "TopTreeMesh"
