Part3543.Name = "Tree_Collision"
Part3543.Parent = Model3528
Part3543.CFrame = CFrame.new(1392.88403, 369.054047, 3503.0332, -0.773925662, -0.0616903044, -0.630267739, -0.110079035, 0.993202388, 0.0379553325, 0.623640776, 0.0987535492, -0.775452912)
Part3543.Orientation = Vector3.new(-2.180000066757202, -140.89999389648438, -6.320000171661377)
Part3543.Position = Vector3.new(1392.884033203125, 369.0540466308594, 3503.033203125)
Part3543.Rotation = Vector3.new(-177.1999969482422, -39.06999969482422, 175.44000244140625)
Part3543.Transparency = 1
Part3543.Size = Vector3.new(1.3500009775161743, 23.749998092651367, 1.5)
Part3543.Anchored = true
Part3543.Material = Enum.Material.Fabric
Part3544.Name = "Tree_Collision"
Part3544.Parent = Model3528
Part3544.CFrame = CFrame.new(1423.85864, 368.690186, 3463.3208, -0.744882703, 0.127568841, -0.654889345, 0.166012645, 0.986122727, 0.00326552894, 0.646216393, -0.106287301, -0.755721271)
Part3544.Orientation = Vector3.new(-0.1899999976158142, -139.08999633789062, 9.5600004196167)
Part3544.Position = Vector3.new(1423.858642578125, 368.690185546875, 3463.32080078125)
Part3544.Rotation = Vector3.new(-179.75, -40.90999984741211, -170.27999877929688)
Part3544.Transparency = 1
Part3544.Size = Vector3.new(1.3500009775161743, 22.749998092651367, 1.5)
Part3544.Anchored = true
Part3544.Material = Enum.Material.Fabric
Model3545.Name = "??"
Model3545.Parent = Folder0
Part3546.Name = "TreeMesh Bottom"
Part3546.Parent = Model3545
Part3546.CFrame = CFrame.new(1569.2157, 357.325073, 3628.15332, -0.85385704, -0.000921886472, 0.52051121, -0.000777175534, 1.00000453, 0.000496220076, -0.520512521, 1.90995488e-05, -0.853858471)
Part3546.Orientation = Vector3.new(-0.029999999329447746, 148.6300048828125, -0.03999999910593033)
Part3546.Position = Vector3.new(1569.2156982421875, 357.3250732421875, 3628.1533203125)
Part3546.Rotation = Vector3.new(-179.97000122070312, 31.3700008392334, 179.94000244140625)
Part3546.Size = Vector3.new(8.250000953674316, 0.2499980926513672, 7)
Part3546.Anchored = true
Part3546.CanCollide = false
Part3546.Material = Enum.Material.Fabric
SpecialMesh3547.Name = "BarkMesh"
SpecialMesh3547.Parent = Part3546
SpecialMesh3547.MeshId = "rbxassetid://623621260"
SpecialMesh3547.Offset = Vector3.new(0, 3.4100000858306885, 0)
SpecialMesh3547.TextureId = "rbxassetid://623618671"
SpecialMesh3547.MeshType = Enum.MeshType.FileMesh
Part3548.Name = "TreeMeshTop"
Part3548.Parent = Model3545
Part3548.CFrame = CFrame.new(1569.18762, 387.465179, 3628.1543, -0.85385704, -0.000921886472, 0.52051121, -0.000777175534, 1.00000453, 0.000496220076, -0.520512521, 1.90995488e-05, -0.853858471)
Part3548.Orientation = Vector3.new(-0.029999999329447746, 148.6300048828125, -0.03999999910593033)
Part3548.Position = Vector3.new(1569.1876220703125, 387.4651794433594, 3628.154296875)
Part3548.Rotation = Vector3.new(-179.97000122070312, 31.3700008392334, 179.94000244140625)
Part3548.Transparency = 0.05000000074505806
Part3548.Size = Vector3.new(8.250000953674316, 0.2499980926513672, 7)
Part3548.Anchored = true
Part3548.CanCollide = false
Part3548.Material = Enum.Material.Fabric
SpecialMesh3549.Name = "TopTreeMesh"
SpecialMesh3549.Parent = Part3548
SpecialMesh3549.MeshId = "rbxassetid://623621456"
SpecialMesh3549.Offset = Vector3.new(0, 3.4100000858306885, 0)
SpecialMesh3549.Scale = Vector3.new(1.600000023841858, 1.600000023841858, 1.600000023841858)
SpecialMesh3549.TextureId = "rbxassetid://745556120"
SpecialMesh3549.MeshType = Enum.MeshType.FileMesh
Part3550.Name = "Tree_Collision"
Part3550.Parent = Model3545
Part3550.CFrame = CFrame.new(1572.995, 370.459167, 3624.69727, -0.847408295, 0.133749306, 0.513823569, 0.0959073752, 0.990396738, -0.0996298715, -0.522213221, -0.035147626, -0.85209471)
Part3550.Orientation = Vector3.new(5.71999979019165, 148.91000366210938, 5.53000020980835)
Part3550.Position = Vector3.new(1572.9949951171875, 370.45916748046875, 3624.697265625)
Part3550.Rotation = Vector3.new(173.3300018310547, 30.920000076293945, -171.02999877929688)
Part3550.Transparency = 1
Part3550.Size = Vector3.new(1.3500009775161743, 26.749998092651367, 1.5)
Part3550.Anchored = true
Part3550.Material = Enum.Material.Fabric
Part3551.Name = "Tree_Collision"
Part3551.Parent = Model3545
Part3551.CFrame = CFrame.new(1573.00134, 369.454926, 3614.23828, -0.787848949, -0.210337728, 0.578840554, -0.302578121, 0.950819314, -0.0663270354, -0.536419988, -0.227399543, -0.812742651)
Part3551.Orientation = Vector3.new(3.799999952316284, 144.5399932861328, -17.649999618530273)
Part3551.Position = Vector3.new(1573.0013427734375, 369.4549255371094, 3614.23828125)
Part3551.Rotation = Vector3.new(175.3300018310547, 35.369998931884766, 165.0500030517578)
Part3551.Transparency = 1
Part3551.Size = Vector3.new(1.3500009775161743, 23.749998092651367, 1.5)
Part3551.Anchored = true
Part3551.Material = Enum.Material.Fabric
Part3552.Name = "Tree_Collision"
Part3552.Parent = Model3545
Part3552.CFrame = CFrame.new(1585.68005, 370.93808, 3636.04834, -0.844942629, 0.183999419, 0.502211273, 0.113176592, 0.979209006, -0.168347746, -0.52274555, -0.0854056403, -0.848199844)
Part3552.Orientation = Vector3.new(9.6899995803833, 149.3699951171875, 6.590000152587891)
Part3552.Position = Vector3.new(1585.6800537109375, 370.9380798339844, 3636.04833984375)
Part3552.Rotation = Vector3.new(168.77000427246094, 30.149999618530273, -167.7100067138672)
Part3552.Transparency = 1
Part3552.Size = Vector3.new(1.3500009775161743, 26.749998092651367, 1.5)
Part3552.Anchored = true
Part3552.Material = Enum.Material.Fabric
Part3553.Name = "Tree_Collision"
Part3553.Parent = Model3545
Part3553.CFrame = CFrame.new(1533.30505, 369.120544, 3618.47217, -0.852725983, -0.145713151, 0.501627862, -0.0119471094, 0.96549958, 0.260149837, -0.522227168, 0.215842634, -0.825044453)
Part3553.Orientation = Vector3.new(-15.079999923706055, 148.6999969482422, -0.7099999785423279)
Part3553.Position = Vector3.new(1533.3050537109375, 369.12054443359375, 3618.47216796875)
Part3553.Rotation = Vector3.new(-162.5, 30.110000610351562, 170.3000030517578)
Part3553.Transparency = 1
Part3553.Size = Vector3.new(1.3500009775161743, 23.749998092651367, 1.5)
Part3553.Anchored = true
Part3553.Material = Enum.Material.Fabric
Part3554.Name = "Tree_Collision"
Part3554.Parent = Model3545
Part3554.CFrame = CFrame.new(1569.245, 370.318634, 3642.91895, -0.84719342, 0.0719946325, 0.526388168, 0.212764069, 0.953838646, 0.211974904, -0.486826837, 0.291579217, -0.823400617)
Part3554.Orientation = Vector3.new(-12.239999771118164, 147.41000366210938, 12.569999694824219)
Part3554.Position = Vector3.new(1569.2449951171875, 370.3186340332031, 3642.9189453125)
Part3554.Rotation = Vector3.new(-165.55999755859375, 31.760000228881836, -175.13999938964844)
Part3554.Transparency = 1
Part3554.Size = Vector3.new(1.3500009775161743, 26.749998092651367, 1.5)
Part3554.Anchored = true
Part3554.Material = Enum.Material.Fabric
Part3555.Name = "Tree_Collision"
Part3555.Parent = Model3545
Part3555.CFrame = CFrame.new(1586.93176, 369.10144, 3615.125, -0.789251566, 0.25353545, 0.559290767, 0.0876176059, 0.947968483, -0.306086451, -0.607791901, -0.192574859, -0.770397067)
Part3555.Orientation = Vector3.new(17.81999969482422, 144.02000427246094, 5.28000020980835)
Part3555.Position = Vector3.new(1586.9317626953125, 369.1014404296875, 3615.125)
Part3555.Rotation = Vector3.new(158.3300018310547, 34.0099983215332, -162.19000244140625)
Part3555.Transparency = 1
Part3555.Size = Vector3.new(1.3500009775161743, 22.749998092651367, 1.5)
Part3555.Anchored = true
Part3555.Material = Enum.Material.Fabric
Part3556.Name = "Tree_Collision"
Part3556.Parent = Model3545
Part3556.CFrame = CFrame.new(1551.44861, 369.941833, 3609.39648, -0.819431841, -0.157356888, 0.551157832, -0.162837416, 0.98587203, 0.0393709764, -0.549564779, -0.0574872084, -0.833475351)
Part3556.Orientation = Vector3.new(-2.259999990463257, 146.52000427246094, -9.380000114440918)
Part3556.Position = Vector3.new(1551.4486083984375, 369.94183349609375, 3609.396484375)
Part3556.Rotation = Vector3.new(-177.3000030517578, 33.45000076293945, 169.1300048828125)
Part3556.Transparency = 1
Part3556.Size = Vector3.new(1.3500009775161743, 23.749998092651367, 1.5)
Part3556.Anchored = true
Part3556.Material = Enum.Material.Fabric
Part3557.Name = "Tree_Collision"
Part3557.Parent = Model3545
Part3557.CFrame = CFrame.new(1543.30896, 367.91394, 3596.87695, -0.851905763, -0.0632071942, 0.519866645, -0.166731164, 0.973770499, -0.154828101, -0.496444523, -0.218576938, -0.840099394)
Part3557.Orientation = Vector3.new(8.90999984741211, 148.25, -9.720000267028809)
Part3557.Position = Vector3.new(1543.3089599609375, 367.9139404296875, 3596.876953125)
Part3557.Rotation = Vector3.new(169.55999755859375, 31.31999969482422, 175.75999450683594)
Part3557.Transparency = 1
Part3557.Size = Vector3.new(1.3500009775161743, 20.749998092651367, 1.5)
Part3557.Anchored = true
Part3557.Material = Enum.Material.Fabric
Part3558.Name = "Tree_Collision"
Part3558.Parent = Model3545
Part3558.CFrame = CFrame.new(1588.83704, 368.881042, 3655.85205, -0.819839239, 0.270048887, 0.504917383, 0.267213494, 0.960337162, -0.0797473863, -0.506425142, 0.0695404932, -0.859479547)
Part3558.Orientation = Vector3.new(4.570000171661377, 149.57000732421875, 15.550000190734863)
Part3558.Position = Vector3.new(1588.8370361328125, 368.88104248046875, 3655.85205078125)
Part3558.Rotation = Vector3.new(174.6999969482422, 30.329999923706055, -161.77000427246094)
Part3558.Transparency = 1
Part3558.Size = Vector3.new(1.3500009775161743, 22.749998092651367, 1.5)
Part3558.Anchored = true
Part3558.Material = Enum.Material.Fabric
Part3559.Name = "Tree_Collision"
Part3559.Parent = Model3545
Part3559.CFrame = CFrame.new(1555.8988, 369.701233, 3643.81934, -0.824424326, -0.275608033, 0.494337261, -0.128332138, 0.941708744, 0.311007112, -0.551236153, 0.192961663, -0.811734021)
Part3559.Orientation = Vector3.new(-18.1200008392334, 148.66000366210938, -7.760000228881836)
Part3559.Position = Vector3.new(1555.8988037109375, 369.70123291015625, 3643.8193359375)
Part3559.Rotation = Vector3.new(-159.0399932861328, 29.6299991607666, 161.52000427246094)
Part3559.Transparency = 1
Part3559.Size = Vector3.new(1.3500009775161743, 23.749998092651367, 1.5)
Part3559.Anchored = true
Part3559.Material = Enum.Material.Fabric
Part3560.Name = "Tree_Collision"
Part3560.Parent = Model3545
Part3560.CFrame = CFrame.new(1555.48376, 369.249512, 3630.03076, -0.826541007, -0.114256047, 0.551158428, -0.111017913, 0.993038356, 0.0393711925, -0.551819801, -0.0286465548, -0.833471298)
Part3560.Orientation = Vector3.new(-2.259999990463257, 146.52000427246094, -6.380000114440918)
Part3560.Position = Vector3.new(1555.4837646484375, 369.24951171875, 3630.03076171875)
Part3560.Rotation = Vector3.new(-177.3000030517578, 33.45000076293945, 172.1300048828125)
Part3560.Transparency = 1
Part3560.Size = Vector3.new(1.3500009775161743, 23.749998092651367, 1.5)
Part3560.Anchored = true
Part3560.Material = Enum.Material.Fabric
Part3561.Name = "Tree_Collision"
Part3561.Parent = Model3545
Part3561.CFrame = CFrame.new(1602.64685, 368.948303, 3647.69775, -0.839824975, 0.138046235, 0.525016129, 0.165029109, 0.986282825, 0.00465301285, -0.517170489, 0.0905503184, -0.851083279)
Part3561.Orientation = Vector3.new(-0.27000001072883606, 148.3300018310547, 9.5)
Part3561.Position = Vector3.new(1602.6468505859375, 368.94830322265625, 3647.69775390625)
Part3561.Rotation = Vector3.new(-179.69000244140625, 31.670000076293945, -170.6699981689453)
Part3561.Transparency = 1
Part3561.Size = Vector3.new(1.3500009775161743, 22.749998092651367, 1.5)
Part3561.Anchored = true
Part3561.Material = Enum.Material.Fabric
Model3562.Name = "??"
Model3562.Parent = Folder0
Part3563.Name = "TreeMesh Bottom"
Part3563.Parent = Model3562
Part3563.CFrame = CFrame.new(1516.3573, 357.236694, 3587.39795, -0.520511031, -0.000414787879, -0.853857517, 0.000479994778, 1.00000441, -0.000778380665, 0.85385859, -0.000815072621, -0.520511568)
Part3563.Orientation = Vector3.new(0.03999999910593033, -121.37000274658203, 0.029999999329447746)
Part3563.Position = Vector3.new(1516.3572998046875, 357.2366943359375, 3587.39794921875)
Part3563.Rotation = Vector3.new(179.91000366210938, -58.630001068115234, 179.9499969482422)
Part3563.Size = Vector3.new(8.250000953674316, 0.2499980926513672, 7)
Part3563.Anchored = true
Part3563.CanCollide = false
Part3563.Material = Enum.Material.Fabric
SpecialMesh3564.Name = "BarkMesh"
SpecialMesh3564.Parent = Part3563
SpecialMesh3564.MeshId = "rbxassetid://623621260"
SpecialMesh3564.Offset = Vector3.new(0, 3.4100000858306885, 0)
SpecialMesh3564.TextureId = "rbxassetid://623618671"
SpecialMesh3564.MeshType = Enum.MeshType.FileMesh
Part3565.Name = "TreeMeshTop"
Part3565.Parent = Model3562
Part3565.CFrame = CFrame.new(1516.34558, 387.376801, 3587.37305, -0.520511031, -0.000414787879, -0.853857517, 0.000479994778, 1.00000441, -0.000778380665, 0.85385859, -0.000815072621, -0.520511568)
Part3565.Orientation = Vector3.new(0.03999999910593033, -121.37000274658203, 0.029999999329447746)
Part3565.Position = Vector3.new(1516.3455810546875, 387.3768005371094, 3587.373046875)
Part3565.Rotation = Vector3.new(179.91000366210938, -58.630001068115234, 179.9499969482422)
Part3565.Transparency = 0.05000000074505806
Part3565.Size = Vector3.new(8.250000953674316, 0.2499980926513672, 7)
Part3565.Anchored = true
Part3565.CanCollide = false
Part3565.Material = Enum.Material.Fabric
SpecialMesh3566.Name = "TopTreeMesh"
SpecialMesh3566.Parent = Part3565
SpecialMesh3566.MeshId = "rbxassetid://623621456"
SpecialMesh3566.Offset = Vector3.new(0, 3.4100000858306885, 0)
SpecialMesh3566.Scale = Vector3.new(1.600000023841858, 1.600000023841858, 1.600000023841858)
SpecialMesh3566.TextureId = "rbxassetid://745556120"
SpecialMesh3566.MeshType = Enum.MeshType.FileMesh
Part3567.Name = "Tree_Collision"
Part3567.Parent = Model3562
Part3567.CFrame = CFrame.new(1512.89636, 370.362732, 3583.59619, -0.522254348, -0.035576269, -0.852049828, 0.097153008, 0.990147531, -0.100891195, 0.847241342, -0.135469735, -0.513651133)
Part3567.Orientation = Vector3.new(5.789999961853027, -121.08000183105469, 5.599999904632568)
Part3567.Position = Vector3.new(1512.8963623046875, 370.36273193359375, 3583.59619140625)
Part3567.Rotation = Vector3.new(168.88999938964844, -58.439998626708984, 176.10000610351562)
Part3567.Transparency = 1
Part3567.Size = Vector3.new(1.3500009775161743, 26.749998092651367, 1.5)
Part3567.Anchored = true
Part3567.Material = Enum.Material.Fabric
Part3568.Name = "Tree_Collision"
Part3568.Parent = Model3562
Part3568.CFrame = CFrame.new(1502.43835, 369.354004, 3583.5918, -0.536287665, -0.227810144, -0.812713146, -0.301441491, 0.951084495, -0.0676836893, 0.788375139, 0.20868662, -0.578724623)
Part3568.Orientation = Vector3.new(3.880000114440918, -125.44999694824219, -17.59000015258789)
Part3568.Position = Vector3.new(1502.4383544921875, 369.35400390625, 3583.591796875)
Part3568.Rotation = Vector3.new(173.3300018310547, -54.36000061035156, 156.97999572753906)
Part3568.Transparency = 1
Part3568.Size = Vector3.new(1.3500009775161743, 23.749998092651367, 1.5)
Part3568.Anchored = true
Part3568.Material = Enum.Material.Fabric
Part3569.Name = "Tree_Collision"
Part3569.Parent = Model3562
Part3569.CFrame = CFrame.new(1524.24792, 370.824585, 3570.90918, -0.522794843, -0.0858286172, -0.848129272, 0.114419095, 0.978855729, -0.169586822, 0.844748616, -0.185700774, -0.501918912)
Part3569.Orientation = Vector3.new(9.760000228881836, -120.62000274658203, 6.670000076293945)
Part3569.Position = Vector3.new(1524.2479248046875, 370.8245849609375, 3570.9091796875)
Part3569.Rotation = Vector3.new(161.3300018310547, -58.0099983215332, 170.67999267578125)
Part3569.Transparency = 1
Part3569.Size = Vector3.new(1.3500009775161743, 26.749998092651367, 1.5)
Part3569.Anchored = true
Part3569.Material = Enum.Material.Fabric
Part3570.Name = "Tree_Collision"
Part3570.Parent = Model3562
Part3570.CFrame = CFrame.new(1506.672, 369.090302, 3623.28809, -0.522220492, 0.215424687, -0.825155914, -0.0106914835, 0.965844631, 0.258920819, 0.852747202, 0.144035429, -0.502079308)
Part3570.Orientation = Vector3.new(-15.010000228881836, -121.31999969482422, -0.6299999952316284)
Part3570.Position = Vector3.new(1506.6719970703125, 369.0903015136719, 3623.2880859375)
Part3570.Rotation = Vector3.new(-152.72000122070312, -55.599998474121094, -157.5800018310547)
Part3570.Transparency = 1
Part3570.Size = Vector3.new(1.3500009775161743, 23.749998092651367, 1.5)
Part3570.Anchored = true
Part3570.Material = Enum.Material.Fabric
Part3571.Name = "Tree_Collision"
Part3571.Parent = Model3562
Part3571.CFrame = CFrame.new(1531.11755, 370.236542, 3587.34619, -0.486917913, 0.291166335, -0.823491096, 0.214025691, 0.95383805, 0.210703641, 0.846823692, -0.0736525953, -0.526756406)
Part3571.Orientation = Vector3.new(-12.15999984741211, -122.61000061035156, 12.649999618530273)
Part3571.Position = Vector3.new(1531.1175537109375, 370.2365417480469, 3587.34619140625)
Part3571.Rotation = Vector3.new(-158.1999969482422, -55.439998626708984, -149.1199951171875)
Part3571.Transparency = 1
Part3571.Size = Vector3.new(1.3500009775161743, 26.749998092651367, 1.5)
Part3571.Anchored = true
Part3571.Material = Enum.Material.Fabric
Part3572.Name = "Tree_Collision"
Part3572.Parent = Model3562
Part3572.CFrame = CFrame.new(1503.32507, 368.976715, 3569.66162, -0.607829094, -0.192984819, -0.770262837, 0.0887258574, 0.947443008, -0.307391405, 0.789099097, -0.255182981, -0.558758974)
Part3572.Orientation = Vector3.new(17.899999618530273, -125.95999908447266, 5.349999904632568)
Part3572.Position = Vector3.new(1503.3250732421875, 368.9767150878906, 3569.66162109375)
Part3572.Rotation = Vector3.new(151.17999267578125, -50.380001068115234, 162.38999938964844)
Part3572.Transparency = 1
Part3572.Size = Vector3.new(1.3500009775161743, 22.749998092651367, 1.5)
Part3572.Anchored = true
Part3572.Material = Enum.Material.Fabric
Part3573.Name = "Tree_Collision"
Part3573.Parent = Model3562
Part3573.CFrame = CFrame.new(1497.59656, 369.876221, 3605.14258, -0.549492955, -0.0579139218, -0.833491385, -0.161652237, 0.986118913, 0.0380529128, 0.819714785, 0.155644923, -0.551225781)
Part3573.Orientation = Vector3.new(-2.180000066757202, -123.4800033569336, -9.3100004196167)
Part3573.Position = Vector3.new(1497.5965576171875, 369.876220703125, 3605.142578125)
Part3573.Rotation = Vector3.new(-176.0500030517578, -56.459999084472656, 173.97999572753906)
Part3573.Transparency = 1
Part3573.Size = Vector3.new(1.3500009775161743, 23.749998092651367, 1.5)
Part3573.Anchored = true
Part3573.Material = Enum.Material.Fabric
Part3574.Name = "Tree_Collision"
Part3574.Parent = Model3562
Part3574.CFrame = CFrame.new(1485.078, 367.857056, 3613.28662, -0.496373475, -0.218998298, -0.840034246, -0.165466592, 0.973789036, -0.156094715, 0.852197409, 0.061515931, -0.519598603)
Part3574.Orientation = Vector3.new(8.979999542236328, -121.73999786376953, -9.640000343322754)
Part3574.Position = Vector3.new(1485.0780029296875, 367.8570556640625, 3613.28662109375)
Part3574.Rotation = Vector3.new(163.27999877929688, -57.13999938964844, 156.19000244140625)
Part3574.Transparency = 1
Part3574.Size = Vector3.new(1.3500009775161743, 20.749998092651367, 1.5)
Part3574.Anchored = true
Part3574.Material = Enum.Material.Fabric
Part3575.Name = "Tree_Collision"
Part3575.Parent = Model3562
Part3575.CFrame = CFrame.new(1544.05212, 368.770599, 3567.75586, -0.506540179, 0.069123745, -0.859443665, 0.268416911, 0.959896743, -0.0809969157, 0.819375396, -0.271716535, -0.504778862)
Part3575.Orientation = Vector3.new(4.650000095367432, -120.43000030517578, 15.619999885559082)
Part3575.Position = Vector3.new(1544.0521240234375, 368.7705993652344, 3567.755859375)
Part3575.Rotation = Vector3.new(170.8800048828125, -59.25, -172.22999572753906)
Part3575.Transparency = 1
Part3575.Size = Vector3.new(1.3500009775161743, 22.749998092651367, 1.5)
Part3575.Anchored = true
Part3575.Material = Enum.Material.Fabric
Part3576.Name = "Tree_Collision"
Part3576.Parent = Model3562
Part3576.CFrame = CFrame.new(1532.01843, 369.642822, 3600.69238, -0.55117929, 0.192552701, -0.811867833, -0.127139091, 0.942269683, 0.309795558, 0.824647486, 0.273972094, -0.494877219)
Part3576.Orientation = Vector3.new(-18.049999237060547, -121.36000061035156, -7.679999828338623)
Part3576.Position = Vector3.new(1532.0184326171875, 369.642822265625, 3600.6923828125)
Part3576.Rotation = Vector3.new(-147.9499969482422, -54.279998779296875, -160.74000549316406)
Part3576.Transparency = 1
Part3576.Size = Vector3.new(1.3500009775161743, 23.749998092651367, 1.5)
Part3576.Anchored = true
Part3576.Material = Enum.Material.Fabric
Part3577.Name = "Tree_Collision"
Part3577.Parent = Model3562
Part3577.CFrame = CFrame.new(1518.23083, 369.18576, 3601.10889, -0.551772058, -0.0290752389, -0.833490729, -0.109820656, 0.993227661, 0.0380539894, 0.826736569, 0.11253114, -0.551226735)
Part3577.Orientation = Vector3.new(-2.180000066757202, -123.4800033569336, -6.309999942779541)
Part3577.Position = Vector3.new(1518.2308349609375, 369.1857604980469, 3601.10888671875)
Part3577.Rotation = Vector3.new(-176.0500030517578, -56.459999084472656, 176.97999572753906)
Part3577.Transparency = 1
Part3577.Size = Vector3.new(1.3500009775161743, 23.749998092651367, 1.5)
Part3577.Anchored = true
Part3577.Material = Enum.Material.Fabric
Part3578.Name = "Tree_Collision"
Part3578.Parent = Model3562
Part3578.CFrame = CFrame.new(1535.89783, 368.810333, 3553.9458, -0.517240644, 0.0901241973, -0.851084113, 0.166264474, 0.986080468, 0.00337330834, 0.839538276, -0.139759794, -0.525023878)
Part3578.Orientation = Vector3.new(-0.1899999976158142, -121.66999816894531, 9.569999694824219)
Part3578.Position = Vector3.new(1535.8978271484375, 368.8103332519531, 3553.94580078125)
Part3578.Rotation = Vector3.new(-179.6300048828125, -58.33000183105469, -170.1199951171875)
Part3578.Transparency = 1
Part3578.Size = Vector3.new(1.3500009775161743, 22.749998092651367, 1.5)
Part3578.Anchored = true
Part3578.Material = Enum.Material.Fabric
Model3579.Name = "??"
Model3579.Parent = Folder0
Part3580.Name = "TreeMesh Bottom"
Part3580.Parent = Model3579
Part3580.CFrame = CFrame.new(1440.17371, 357.762299, 3542.33057, 0.85385704, -0.000413541391, -0.520511806, 0.000777175534, 1.00000441, 0.000480410818, 0.520512521, -0.000814801024, 0.853858232)
Part3580.Orientation = Vector3.new(-0.029999999329447746, -31.3700008392334, 0.03999999910593033)
Part3580.Position = Vector3.new(1440.1737060546875, 357.7622985839844, 3542.33056640625)
Part3580.Rotation = Vector3.new(-0.029999999329447746, -31.3700008392334, 0.029999999329447746)
Part3580.Size = Vector3.new(8.250000953674316, 0.2499980926513672, 7)
Part3580.Anchored = true
Part3580.CanCollide = false
Part3580.Material = Enum.Material.Fabric
SpecialMesh3581.Name = "BarkMesh"
SpecialMesh3581.Parent = Part3580
SpecialMesh3581.MeshId = "rbxassetid://623621260"
SpecialMesh3581.Offset = Vector3.new(0, 3.4100000858306885, 0)
SpecialMesh3581.TextureId = "rbxassetid://623618671"
SpecialMesh3581.MeshType = Enum.MeshType.FileMesh
Part3582.Name = "TreeMeshTop"
Part3582.Parent = Model3579
Part3582.CFrame = CFrame.new(1440.16199, 387.902557, 3542.30469, 0.85385704, -0.000413541391, -0.520511806, 0.000777175534, 1.00000441, 0.000480410818, 0.520512521, -0.000814801024, 0.853858232)
Part3582.Orientation = Vector3.new(-0.029999999329447746, -31.3700008392334, 0.03999999910593033)
Part3582.Position = Vector3.new(1440.1619873046875, 387.9025573730469, 3542.3046875)
Part3582.Rotation = Vector3.new(-0.029999999329447746, -31.3700008392334, 0.029999999329447746)
Part3582.Transparency = 0.05000000074505806
Part3582.Size = Vector3.new(8.250000953674316, 0.2499980926513672, 7)
Part3582.Anchored = true
Part3582.CanCollide = false
Part3582.Material = Enum.Material.Fabric
SpecialMesh3583.Name = "TopTreeMesh"
SpecialMesh3583.Parent = Part3582
SpecialMesh3583.MeshId = "rbxassetid://623621456"
SpecialMesh3583.Offset = Vector3.new(0, 3.4100000858306885, 0)
SpecialMesh3583.Scale = Vector3.new(1.600000023841858, 1.600000023841858, 1.600000023841858)
SpecialMesh3583.TextureId = "rbxassetid://745556120"
SpecialMesh3583.MeshType = Enum.MeshType.FileMesh
Part3584.Name = "Tree_Collision"
Part3584.Parent = Model3579
Part3584.CFrame = CFrame.new(1436.37781, 370.894104, 3545.77441, 0.847278774, -0.135072201, -0.513691008, 0.0974546, 0.990244687, -0.0996383131, 0.522136807, 0.0343596488, 0.852173805)
Part3584.Orientation = Vector3.new(5.71999979019165, -31.079999923706055, 5.619999885559082)
Part3584.Position = Vector3.new(1436.3778076171875, 370.89410400390625, 3545.7744140625)
Part3584.Rotation = Vector3.new(6.670000076293945, -30.90999984741211, 9.0600004196167)
Part3584.Transparency = 1
Part3584.Size = Vector3.new(1.3500009775161743, 26.749998092651367, 1.5)
Part3584.Anchored = true
Part3584.Material = Enum.Material.Fabric
Part3585.Name = "Tree_Collision"
Part3585.Parent = Model3579
Part3585.CFrame = CFrame.new(1436.37146, 369.898224, 3556.23389, 0.788252354, 0.209067181, -0.578751743, -0.301098734, 0.951279879, -0.0664539188, 0.536660016, 0.226643041, 0.81279552)
Part3585.Orientation = Vector3.new(3.809999942779541, -35.45000076293945, -17.559999465942383)
Part3585.Position = Vector3.new(1436.3714599609375, 369.8982238769531, 3556.23388671875)
Part3585.Rotation = Vector3.new(4.670000076293945, -35.36000061035156, -14.850000381469727)
Part3585.Transparency = 1
Part3585.Size = Vector3.new(1.3500009775161743, 23.749998092651367, 1.5)
Part3585.Anchored = true
Part3585.Material = Enum.Material.Fabric
Part3586.Name = "Tree_Collision"
Part3586.Parent = Model3579
Part3586.CFrame = CFrame.new(1423.69128, 371.347168, 3534.42334, 0.844792306, -0.185307592, -0.501987338, 0.114722192, 0.97903496, -0.168343186, 0.522656858, 0.0846255273, 0.848337173)
Part3586.Orientation = Vector3.new(9.6899995803833, -30.610000610351562, 6.679999828338623)
Part3586.Position = Vector3.new(1423.6912841796875, 371.34716796875, 3534.42333984375)
Part3586.Rotation = Vector3.new(11.220000267028809, -30.1299991607666, 12.369999885559082)
Part3586.Transparency = 1
Part3586.Size = Vector3.new(1.3500009775161743, 26.749998092651367, 1.5)
Part3586.Anchored = true
Part3586.Material = Enum.Material.Fabric
Part3587.Name = "Tree_Collision"
Part3587.Parent = Model3579
Part3587.CFrame = CFrame.new(1476.06873, 369.613495, 3552.00244, 0.852740765, 0.144423798, -0.501975596, -0.0103930011, 0.965521336, 0.260135621, 0.522236466, -0.216610461, 0.824837208)
Part3587.Orientation = Vector3.new(-15.079999923706055, -31.31999969482422, -0.6200000047683716)
Part3587.Position = Vector3.new(1476.0687255859375, 369.6134948730469, 3552.00244140625)
Part3587.Rotation = Vector3.new(-17.5, -30.1299991607666, -9.609999656677246)
Part3587.Transparency = 1
Part3587.Size = Vector3.new(1.3500009775161743, 23.749998092651367, 1.5)
Part3587.Anchored = true
Part3587.Material = Enum.Material.Fabric
Part3588.Name = "Tree_Collision"
Part3588.Parent = Model3579
Part3588.CFrame = CFrame.new(1440.12708, 370.74408, 3527.55469, 0.846907377, -0.0732683092, -0.526672602, 0.214282885, 0.953509271, 0.211926237, 0.486658365, -0.292337894, 0.823231161)
Part3588.Orientation = Vector3.new(-12.239999771118164, -32.61000061035156, 12.670000076293945)
Part3588.Position = Vector3.new(1440.1270751953125, 370.74407958984375, 3527.5546875)
Part3588.Rotation = Vector3.new(-14.4399995803833, -31.780000686645508, 4.940000057220459)
Part3588.Transparency = 1
Part3588.Size = Vector3.new(1.3500009775161743, 26.749998092651367, 1.5)
Part3588.Anchored = true
Part3588.Material = Enum.Material.Fabric
Part3589.Name = "Tree_Collision"
Part3589.Parent = Model3579
Part3589.CFrame = CFrame.new(1422.44128, 369.525482, 3555.34814, 0.789132774, -0.254801482, -0.558882892, 0.0891551822, 0.947782099, -0.306219667, 0.6077227, 0.191819876, 0.770639896)
Part3589.Orientation = Vector3.new(17.829999923706055, -35.95000076293945, 5.369999885559082)
Part3589.Position = Vector3.new(1422.4412841796875, 369.5254821777344, 3555.34814453125)
Part3589.Rotation = Vector3.new(21.670000076293945, -33.97999954223633, 17.889999389648438)
Part3589.Transparency = 1
Part3589.Size = Vector3.new(1.3500009775161743, 22.749998092651367, 1.5)
Part3589.Anchored = true
Part3589.Material = Enum.Material.Fabric
Part3590.Name = "Tree_Collision"
Part3590.Parent = Model3579
Part3590.CFrame = CFrame.new(1457.92346, 370.417786, 3561.07617, 0.819648564, 0.156038716, -0.551210105, -0.161304131, 0.986127019, 0.039297726, 0.549693704, 0.0567019247, 0.833444238)
Part3590.Orientation = Vector3.new(-2.25, -33.47999954223633, -9.289999961853027)
Part3590.Position = Vector3.new(1457.9234619140625, 370.41778564453125, 3561.076171875)
Part3590.Rotation = Vector3.new(-2.700000047683716, -33.45000076293945, -10.779999732971191)
Part3590.Transparency = 1
Part3590.Size = Vector3.new(1.3500009775161743, 23.749998092651367, 1.5)
Part3590.Anchored = true
Part3590.Material = Enum.Material.Fabric
Part3591.Name = "Tree_Collision"
Part3591.Parent = Model3579
Part3591.CFrame = CFrame.new(1466.06628, 368.410706, 3573.59717, 0.852128804, 0.0619064048, -0.519661903, -0.165197983, 0.974032938, -0.154852733, 0.496580124, 0.217800811, 0.84022522)
Part3591.Orientation = Vector3.new(8.90999984741211, -31.739999771118164, -9.630000114440918)
Part3591.Position = Vector3.new(1466.0662841796875, 368.41070556640625, 3573.59716796875)
Part3591.Rotation = Vector3.new(10.4399995803833, -31.309999465942383, -4.159999847412109)
Part3591.Transparency = 1
Part3591.Size = Vector3.new(1.3500009775161743, 20.749998092651367, 1.5)
Part3591.Anchored = true
Part3591.Material = Enum.Material.Fabric
Part3592.Name = "Tree_Collision"
Part3592.Parent = Model3579
Part3592.CFrame = CFrame.new(1420.5365, 369.270111, 3514.62158, 0.819481194, -0.271331251, -0.504811287, 0.268710911, 0.95991993, -0.0797380805, 0.506212354, -0.0703043863, 0.859542966)
Part3592.Orientation = Vector3.new(4.570000171661377, -30.43000030517578, 15.640000343322754)
Part3592.Position = Vector3.new(1420.5364990234375, 369.2701110839844, 3514.62158203125)
Part3592.Rotation = Vector3.new(5.300000190734863, -30.31999969482422, 18.31999969482422)
Part3592.Transparency = 1
Part3592.Size = Vector3.new(1.3500009775161743, 22.749998092651367, 1.5)
Part3592.Anchored = true
Part3592.Material = Enum.Material.Fabric
Part3593.Name = "Tree_Collision"
Part3593.Parent = Model3579
Part3593.CFrame = CFrame.new(1453.47351, 370.143921, 3526.65381, 0.82459408, 0.274350405, -0.494753331, -0.126793101, 0.941922486, 0.310991257, 0.551338196, -0.193709552, 0.811486483)
Part3593.Orientation = Vector3.new(-18.1200008392334, -31.3700008392334, -7.670000076293945)
Part3593.Position = Vector3.new(1453.4735107421875, 370.1439208984375, 3526.65380859375)
Part3593.Rotation = Vector3.new(-20.969999313354492, -29.649999618530273, -18.399999618530273)
Part3593.Transparency = 1
Part3593.Size = Vector3.new(1.3500009775161743, 23.749998092651367, 1.5)
Part3593.Anchored = true
Part3593.Material = Enum.Material.Fabric
Part3594.Name = "Tree_Collision"
Part3594.Parent = Model3579
Part3594.CFrame = CFrame.new(1453.88977, 369.703644, 3540.44189, 0.826687932, 0.112929419, -0.551211417, -0.109473504, 0.993212521, 0.0392997898, 0.551908195, 0.0278543793, 0.833439589)
Part3594.Orientation = Vector3.new(-2.25, -33.47999954223633, -6.289999961853027)
Part3594.Position = Vector3.new(1453.8897705078125, 369.7036437988281, 3540.44189453125)
Part3594.Rotation = Vector3.new(-2.700000047683716, -33.45000076293945, -7.78000020980835)
Part3594.Transparency = 1
Part3594.Size = Vector3.new(1.3500009775161743, 23.749998092651367, 1.5)
Part3594.Anchored = true
Part3594.Material = Enum.Material.Fabric
Part3595.Name = "Tree_Collision"
Part3595.Parent = Model3579
Part3595.CFrame = CFrame.new(1406.72668, 369.325378, 3522.77539, 0.839603484, -0.13936314, -0.525022268, 0.166562393, 0.986025095, 0.00462990953, 0.517038405, -0.0913360566, 0.851079583)
Part3595.Orientation = Vector3.new(-0.27000001072883606, -31.670000076293945, 9.59000015258789)
Part3595.Position = Vector3.new(1406.7266845703125, 369.32537841796875, 3522.775390625)
Part3595.Rotation = Vector3.new(-0.3100000023841858, -31.670000076293945, 9.420000076293945)
Part3595.Transparency = 1
Part3595.Size = Vector3.new(1.3500009775161743, 22.749998092651367, 1.5)
Part3595.Anchored = true
Part3595.Material = Enum.Material.Fabric
Model3596.Name = "??"
Model3596.Parent = Folder0
Part3597.Name = "TreeMesh Bottom"
Part3597.Parent = Model3596
Part3597.CFrame = CFrame.new(1477.93933, 357.786682, 3553.09229, -0.520511031, -0.000413852627, -0.853857517, 0.000479994778, 1.00000441, -0.000777285313, 0.85385859, -0.000814502477, -0.520511568)
Part3597.Orientation = Vector3.new(0.03999999910593033, -121.37000274658203, 0.029999999329447746)
Part3597.Position = Vector3.new(1477.9393310546875, 357.78668212890625, 3553.09228515625)
Part3597.Rotation = Vector3.new(179.91000366210938, -58.630001068115234, 179.9499969482422)
Part3597.Size = Vector3.new(8.250000953674316, 0.2499980926513672, 7)
Part3597.Anchored = true
Part3597.CanCollide = false
Part3597.Material = Enum.Material.Fabric
SpecialMesh3598.Name = "BarkMesh"
SpecialMesh3598.Parent = Part3597
SpecialMesh3598.MeshId = "rbxassetid://623621260"
SpecialMesh3598.Offset = Vector3.new(0, 3.4100000858306885, 0)
SpecialMesh3598.TextureId = "rbxassetid://623618671"
SpecialMesh3598.MeshType = Enum.MeshType.FileMesh
Part3599.Name = "TreeMeshTop"
Part3599.Parent = Model3596
Part3599.CFrame = CFrame.new(1477.92712, 387.926788, 3553.06738, -0.520511031, -0.000413852627, -0.853857517, 0.000479994778, 1.00000441, -0.000777285313, 0.85385859, -0.000814502477, -0.520511568)
Part3599.Orientation = Vector3.new(0.03999999910593033, -121.37000274658203, 0.029999999329447746)
Part3599.Position = Vector3.new(1477.9271240234375, 387.9267883300781, 3553.0673828125)
Part3599.Rotation = Vector3.new(179.91000366210938, -58.630001068115234, 179.9499969482422)
Part3599.Transparency = 0.05000000074505806
Part3599.Size = Vector3.new(8.250000953674316, 0.2499980926513672, 7)
Part3599.Anchored = true
Part3599.CanCollide = false
Part3599.Material = Enum.Material.Fabric
SpecialMesh3600.Name = "TopTreeMesh"
SpecialMesh3600.Parent = Part3599
SpecialMesh3600.MeshId = "rbxassetid://623621456"
SpecialMesh3600.Offset = Vector3.new(0, 3.4100000858306885, 0)
SpecialMesh3600.Scale = Vector3.new(1.600000023841858, 1.600000023841858, 1.600000023841858)
SpecialMesh3600.TextureId = "rbxassetid://745556120"
SpecialMesh3600.MeshType = Enum.MeshType.FileMesh
Part3601.Name = "Tree_Collision"
Part3601.Parent = Model3596
Part3601.CFrame = CFrame.new(1474.47839, 370.91275, 3549.29004, -0.522253692, -0.0355760828, -0.852050304, 0.0971520171, 0.990147769, -0.100890234, 0.847241998, -0.135468334, -0.513650417)
Part3601.Orientation = Vector3.new(5.789999961853027, -121.08000183105469, 5.599999904632568)
Part3601.Position = Vector3.new(1474.4783935546875, 370.9127502441406, 3549.2900390625)
Part3601.Rotation = Vector3.new(168.88999938964844, -58.439998626708984, 176.10000610351562)
Part3601.Transparency = 1
Part3601.Size = Vector3.new(1.3500009775161743, 26.749998092651367, 1.5)
Part3601.Anchored = true
Part3601.Material = Enum.Material.Fabric
Part3602.Name = "Tree_Collision"
Part3602.Parent = Model3596
Part3602.CFrame = CFrame.new(1464.0199, 369.903931, 3549.28516, -0.536287367, -0.22781153, -0.812712789, -0.301442355, 0.951084197, -0.06768471, 0.788374841, 0.208686709, -0.578724861)
Part3602.Orientation = Vector3.new(3.880000114440918, -125.44999694824219, -17.59000015258789)
Part3602.Position = Vector3.new(1464.0198974609375, 369.9039306640625, 3549.28515625)
Part3602.Rotation = Vector3.new(173.3300018310547, -54.36000061035156, 156.97999572753906)
Part3602.Transparency = 1
Part3602.Size = Vector3.new(1.3500009775161743, 23.749998092651367, 1.5)
Part3602.Anchored = true
Part3602.Material = Enum.Material.Fabric
Part3603.Name = "Tree_Collision"
Part3603.Parent = Model3596
Part3603.CFrame = CFrame.new(1485.82947, 371.374573, 3536.604, -0.522794843, -0.0858308896, -0.848129094, 0.114418112, 0.978855491, -0.169588834, 0.844748735, -0.185701013, -0.501918674)
Part3603.Orientation = Vector3.new(9.760000228881836, -120.62000274658203, 6.670000076293945)
Part3603.Position = Vector3.new(1485.8294677734375, 371.37457275390625, 3536.60400390625)
Part3603.Rotation = Vector3.new(161.3300018310547, -58.0099983215332, 170.67999267578125)
Part3603.Transparency = 1
Part3603.Size = Vector3.new(1.3500009775161743, 26.749998092651367, 1.5)
Part3603.Anchored = true
Part3603.Material = Enum.Material.Fabric
Part3604.Name = "Tree_Collision"
Part3604.Parent = Model3596
Part3604.CFrame = CFrame.new(1468.25305, 369.640289, 3588.98242, -0.522220492, 0.21542412, -0.825156093, -0.0106924828, 0.965844631, 0.258920729, 0.852747202, 0.144036204, -0.50207907)
Part3604.Orientation = Vector3.new(-15.010000228881836, -121.31999969482422, -0.6299999952316284)
Part3604.Position = Vector3.new(1468.2530517578125, 369.6402893066406, 3588.982421875)
Part3604.Rotation = Vector3.new(-152.72000122070312, -55.599998474121094, -157.5800018310547)
Part3604.Transparency = 1
Part3604.Size = Vector3.new(1.3500009775161743, 23.749998092651367, 1.5)
Part3604.Anchored = true
Part3604.Material = Enum.Material.Fabric
Part3605.Name = "Tree_Collision"
Part3605.Parent = Model3596
Part3605.CFrame = CFrame.new(1492.69958, 370.78653, 3553.04053, -0.486918002, 0.291165799, -0.823491156, 0.214024737, 0.953838289, 0.210703611, 0.84682399, -0.0736518353, -0.526756167)
Part3605.Orientation = Vector3.new(-12.15999984741211, -122.61000061035156, 12.649999618530273)
Part3605.Position = Vector3.new(1492.6995849609375, 370.7865295410156, 3553.04052734375)
Part3605.Rotation = Vector3.new(-158.1999969482422, -55.439998626708984, -149.1199951171875)
Part3605.Transparency = 1
Part3605.Size = Vector3.new(1.3500009775161743, 26.749998092651367, 1.5)
Part3605.Anchored = true
Part3605.Material = Enum.Material.Fabric
Part3606.Name = "Tree_Collision"
Part3606.Parent = Model3596
Part3606.CFrame = CFrame.new(1464.90686, 369.526703, 3535.35547, -0.607829094, -0.192984819, -0.770262837, 0.0887258574, 0.947443008, -0.307391405, 0.789099097, -0.255182981, -0.558758974)
Part3606.Orientation = Vector3.new(17.899999618530273, -125.95999908447266, 5.349999904632568)
Part3606.Position = Vector3.new(1464.9068603515625, 369.5267028808594, 3535.35546875)
Part3606.Rotation = Vector3.new(151.17999267578125, -50.380001068115234, 162.38999938964844)
Part3606.Transparency = 1
Part3606.Size = Vector3.new(1.3500009775161743, 22.749998092651367, 1.5)
Part3606.Anchored = true
Part3606.Material = Enum.Material.Fabric
Part3607.Name = "Tree_Collision"
Part3607.Parent = Model3596
Part3607.CFrame = CFrame.new(1459.17761, 370.426117, 3570.83691, -0.549492955, -0.0579139218, -0.833491385, -0.161652237, 0.986118913, 0.0380529128, 0.819714785, 0.155644923, -0.551225781)
Part3607.Orientation = Vector3.new(-2.180000066757202, -123.4800033569336, -9.3100004196167)
Part3607.Position = Vector3.new(1459.1776123046875, 370.4261169433594, 3570.8369140625)
Part3607.Rotation = Vector3.new(-176.0500030517578, -56.459999084472656, 173.97999572753906)
Part3607.Transparency = 1
Part3607.Size = Vector3.new(1.3500009775161743, 23.749998092651367, 1.5)
Part3607.Anchored = true
Part3607.Material = Enum.Material.Fabric
Part3608.Name = "Tree_Collision"
Part3608.Parent = Model3596
Part3608.CFrame = CFrame.new(1446.65906, 368.407013, 3578.97998, -0.496373475, -0.218998298, -0.840034246, -0.165466592, 0.973789036, -0.156094715, 0.852197409, 0.061515931, -0.519598603)
Part3608.Orientation = Vector3.new(8.979999542236328, -121.73999786376953, -9.640000343322754)
Part3608.Position = Vector3.new(1446.6590576171875, 368.4070129394531, 3578.97998046875)
Part3608.Rotation = Vector3.new(163.27999877929688, -57.13999938964844, 156.19000244140625)
Part3608.Transparency = 1
