Part3741.Name = "Tree_Collision"
Part3741.Parent = Model3732
Part3741.CFrame = CFrame.new(1329.14636, 370.087799, 3223.40967, 0.838303387, -0.0686165094, -0.540870845, 0.214013353, 0.9538427, 0.210695013, 0.501446903, -0.292378932, 0.814291596)
Part3741.Orientation = Vector3.new(-12.15999984741211, -33.59000015258789, 12.649999618530273)
Part3741.Position = Vector3.new(1329.1463623046875, 370.0877990722656, 3223.40966796875)
Part3741.Rotation = Vector3.new(-14.510000228881836, -32.7400016784668, 4.679999828338623)
Part3741.Transparency = 1
Part3741.Size = Vector3.new(1.3500009775161743, 26.749998092651367, 1.5)
Part3741.Anchored = true
Part3741.Material = Enum.Material.Fabric
Part3742.Name = "Tree_Collision"
Part3742.Parent = Model3732
Part3742.CFrame = CFrame.new(1310.98547, 368.827698, 3250.89307, 0.778502464, -0.258464396, -0.571954668, 0.0887119621, 0.947442293, -0.307397753, 0.621343434, 0.188569993, 0.760512292)
Part3742.Orientation = Vector3.new(17.899999618530273, -36.95000076293945, 5.349999904632568)
Part3742.Position = Vector3.new(1310.9854736328125, 368.82769775390625, 3250.89306640625)
Part3742.Rotation = Vector3.new(22.010000228881836, -34.88999938964844, 18.3700008392334)
Part3742.Transparency = 1
Part3742.Size = Vector3.new(1.3500009775161743, 22.749998092651367, 1.5)
Part3742.Anchored = true
Part3742.Material = Enum.Material.Fabric
Part3743.Name = "Tree_Collision"
Part3743.Parent = Model3732
Part3743.CFrame = CFrame.new(1346.36218, 369.726837, 3257.23242, 0.810117424, 0.154629961, -0.565509975, -0.161665902, 0.986116946, 0.0380450785, 0.563540101, 0.0606025159, 0.82386601)
Part3743.Orientation = Vector3.new(-2.180000066757202, -34.470001220703125, -9.3100004196167)
Part3743.Position = Vector3.new(1346.3621826171875, 369.7268371582031, 3257.232421875)
Part3743.Rotation = Vector3.new(-2.640000104904175, -34.439998626708984, -10.8100004196167)
Part3743.Transparency = 1
Part3743.Size = Vector3.new(1.3500009775161743, 23.749998092651367, 1.5)
Part3743.Anchored = true
Part3743.Material = Enum.Material.Fabric
Part3744.Name = "Tree_Collision"
Part3744.Parent = Model3732
Part3744.CFrame = CFrame.new(1354.28931, 367.707458, 3269.8894, 0.843510747, 0.0577393919, -0.534001589, -0.165480509, 0.97378546, -0.15610218, 0.510988235, 0.220040023, 0.83095032)
Part3744.Orientation = Vector3.new(8.979999542236328, -32.72999954223633, -9.640000343322754)
Part3744.Position = Vector3.new(1354.289306640625, 367.70745849609375, 3269.889404296875)
Part3744.Rotation = Vector3.new(10.640000343322754, -32.279998779296875, -3.9200000762939453)
Part3744.Transparency = 1
Part3744.Size = Vector3.new(1.3500009775161743, 20.749998092651367, 1.5)
Part3744.Anchored = true
Part3744.Material = Enum.Material.Fabric
Part3745.Name = "Tree_Collision"
Part3745.Parent = Model3732
Part3745.CFrame = CFrame.new(1309.78174, 368.622162, 3210.13867, 0.810521305, -0.270477504, -0.519518435, 0.268404514, 0.959899604, -0.0810051709, 0.520593941, -0.0737844855, 0.850613236)
Part3745.Orientation = Vector3.new(4.650000095367432, -31.40999984741211, 15.619999885559082)
Part3745.Position = Vector3.new(1309.78173828125, 368.6221618652344, 3210.138671875)
Part3745.Rotation = Vector3.new(5.440000057220459, -31.299999237060547, 18.450000762939453)
Part3745.Transparency = 1
Part3745.Size = Vector3.new(1.3500009775161743, 22.749998092651367, 1.5)
Part3745.Anchored = true
Part3745.Material = Enum.Material.Fabric
Part3746.Name = "Tree_Collision"
Part3746.Parent = Model3732
Part3746.CFrame = CFrame.new(1342.5061, 369.493988, 3222.73877, 0.815020442, 0.277256489, -0.50879544, -0.127152994, 0.942270696, 0.309787303, 0.56531173, -0.187787354, 0.803220749)
Part3746.Orientation = Vector3.new(-18.049999237060547, -32.349998474121094, -7.690000057220459)
Part3746.Position = Vector3.new(1342.506103515625, 369.4939880371094, 3222.73876953125)
Part3746.Rotation = Vector3.new(-21.09000015258789, -30.579999923706055, -18.790000915527344)
Part3746.Transparency = 1
Part3746.Size = Vector3.new(1.3500009775161743, 23.749998092651367, 1.5)
Part3746.Anchored = true
Part3746.Material = Enum.Material.Fabric
Part3747.Name = "Tree_Collision"
Part3747.Parent = Model3732
Part3747.CFrame = CFrame.new(1342.68494, 369.036713, 3236.53149, 0.817097843, 0.112020433, -0.565510869, -0.109834701, 0.993221462, 0.0380459651, 0.565939426, 0.0310254414, 0.82386291)
Part3747.Orientation = Vector3.new(-2.180000066757202, -34.470001220703125, -6.309999942779541)
Part3747.Position = Vector3.new(1342.6849365234375, 369.0367126464844, 3236.531494140625)
Part3747.Rotation = Vector3.new(-2.640000104904175, -34.439998626708984, -7.809999942779541)
Part3747.Transparency = 1
Part3747.Size = Vector3.new(1.3500009775161743, 23.749998092651367, 1.5)
Part3747.Anchored = true
Part3747.Material = Enum.Material.Fabric
Part3748.Name = "Tree_Collision"
Part3748.Parent = Model3732
Part3748.CFrame = CFrame.new(1295.83325, 368.661865, 3218.0542, 0.830494583, -0.138178363, -0.539616108, 0.166250721, 0.986077726, 0.00336478604, 0.531638563, -0.0925059989, 0.841904461)
Part3748.Orientation = Vector3.new(-0.1899999976158142, -32.65999984741211, 9.569999694824219)
Part3748.Position = Vector3.new(1295.833251953125, 368.661865234375, 3218.05419921875)
Part3748.Rotation = Vector3.new(-0.23000000417232513, -32.65999984741211, 9.449999809265137)
Part3748.Transparency = 1
Part3748.Size = Vector3.new(1.3500009775161743, 22.749998092651367, 1.5)
Part3748.Anchored = true
Part3748.Material = Enum.Material.Fabric
Model3749.Name = "??"
Model3749.Parent = Folder0
Part3750.Name = "TreeMesh Bottom"
Part3750.Parent = Model3749
Part3750.CFrame = CFrame.new(1282.56934, 357.612579, 3313.56396, 0.535154402, -0.000814620173, 0.844755054, 0.000785164884, 1.00000453, 0.000466923462, -0.844756365, 0.000413396978, 0.535155952)
Part3750.Orientation = Vector3.new(-0.029999999329447746, 57.650001525878906, 0.03999999910593033)
Part3750.Position = Vector3.new(1282.5693359375, 357.6125793457031, 3313.56396484375)
Part3750.Rotation = Vector3.new(-0.05000000074505806, 57.650001525878906, 0.09000000357627869)
Part3750.Size = Vector3.new(8.250000953674316, 0.2499980926513672, 7)
Part3750.Anchored = true
Part3750.CanCollide = false
Part3750.Material = Enum.Material.Fabric
SpecialMesh3751.Name = "BarkMesh"
SpecialMesh3751.Parent = Part3750
SpecialMesh3751.MeshId = "rbxassetid://623621260"
SpecialMesh3751.Offset = Vector3.new(0, 3.4100000858306885, 0)
SpecialMesh3751.TextureId = "rbxassetid://623618671"
SpecialMesh3751.MeshType = Enum.MeshType.FileMesh
Part3752.Name = "TreeMeshTop"
Part3752.Parent = Model3749
Part3752.CFrame = CFrame.new(1282.5437, 387.75296, 3313.57568, 0.535154402, -0.000814620173, 0.844755054, 0.000785164884, 1.00000453, 0.000466923462, -0.844756365, 0.000413396978, 0.535155952)
Part3752.Orientation = Vector3.new(-0.029999999329447746, 57.650001525878906, 0.03999999910593033)
Part3752.Position = Vector3.new(1282.543701171875, 387.7529602050781, 3313.57568359375)
Part3752.Rotation = Vector3.new(-0.05000000074505806, 57.650001525878906, 0.09000000357627869)
Part3752.Transparency = 0.05000000074505806
Part3752.Size = Vector3.new(8.250000953674316, 0.2499980926513672, 7)
Part3752.Anchored = true
Part3752.CanCollide = false
Part3752.Material = Enum.Material.Fabric
SpecialMesh3753.Name = "TopTreeMesh"
SpecialMesh3753.Parent = Part3752
SpecialMesh3753.MeshId = "rbxassetid://623621456"
SpecialMesh3753.Offset = Vector3.new(0, 3.4100000858306885, 0)
SpecialMesh3753.Scale = Vector3.new(1.600000023841858, 1.600000023841858, 1.600000023841858)
SpecialMesh3753.TextureId = "rbxassetid://745556120"
SpecialMesh3753.MeshType = Enum.MeshType.FileMesh
Part3754.Name = "Tree_Collision"
Part3754.Parent = Model3749
Part3754.CFrame = CFrame.new(1285.94739, 370.744324, 3317.41846, 0.53666538, 0.0320324749, 0.843188167, 0.0974632427, 0.9902426, -0.0996516347, -0.838149905, 0.135658979, 0.528305352)
Part3754.Orientation = Vector3.new(5.71999979019165, 57.93000030517578, 5.619999885559082)
Part3754.Position = Vector3.new(1285.9473876953125, 370.74432373046875, 3317.41845703125)
Part3754.Rotation = Vector3.new(10.680000305175781, 57.47999954223633, -3.4200000762939453)
Part3754.Transparency = 1
Part3754.Size = Vector3.new(1.3500009775161743, 26.749998092651367, 1.5)
Part3754.Anchored = true
Part3754.Material = Enum.Material.Fabric
Part3755.Name = "Tree_Collision"
Part3755.Parent = Model3749
Part3755.CFrame = CFrame.new(1296.40515, 369.748352, 3317.60547, 0.550166011, 0.230220228, 0.80269438, -0.301092505, 0.951280892, -0.0664677098, -0.778887093, -0.205116183, 0.59267807)
Part3755.Orientation = Vector3.new(3.809999942779541, 53.560001373291016, -17.559999465942383)
Part3755.Position = Vector3.new(1296.4051513671875, 369.74835205078125, 3317.60546875)
Part3755.Rotation = Vector3.new(6.400000095367432, 53.38999938964844, -22.709999084472656)
Part3755.Transparency = 1
Part3755.Size = Vector3.new(1.3500009775161743, 23.749998092651367, 1.5)
Part3755.Anchored = true
Part3755.Material = Enum.Material.Fabric
Part3756.Name = "Tree_Collision"
Part3756.Parent = Model3749
Part3756.CFrame = CFrame.new(1274.37927, 371.197327, 3329.90771, 0.5371418, 0.0814244971, 0.839552701, 0.114730068, 0.979026854, -0.168355197, -0.835652947, 0.186752543, 0.516534388)
Part3756.Orientation = Vector3.new(9.6899995803833, 58.400001525878906, 6.679999828338623)
Part3756.Position = Vector3.new(1274.3792724609375, 371.19732666015625, 3329.90771484375)
Part3756.Rotation = Vector3.new(18.049999237060547, 57.09000015258789, -8.619999885559082)
Part3756.Transparency = 1
Part3756.Size = Vector3.new(1.3500009775161743, 26.749998092651367, 1.5)
Part3756.Anchored = true
Part3756.Material = Enum.Material.Fabric
Part3757.Name = "Tree_Collision"
Part3757.Parent = Model3749
Part3757.CFrame = CFrame.new(1292.85876, 369.464203, 3277.84082, 0.536858022, -0.214080617, 0.816060722, -0.0103848865, 0.96552515, 0.260122031, -0.843611181, -0.148122832, 0.516125023)
Part3757.Orientation = Vector3.new(-15.079999923706055, 57.689998626708984, -0.6200000047683716)
Part3757.Position = Vector3.new(1292.8587646484375, 369.4642028808594, 3277.8408203125)
Part3757.Rotation = Vector3.new(-26.75, 54.689998626708984, 21.739999771118164)
Part3757.Transparency = 1
Part3757.Size = Vector3.new(1.3500009775161743, 23.749998092651367, 1.5)
Part3757.Anchored = true
Part3757.Material = Enum.Material.Fabric
Part3758.Name = "Tree_Collision"
Part3758.Parent = Model3749
Part3758.CFrame = CFrame.new(1267.79504, 370.594452, 3313.35596, 0.50118649, -0.293550432, 0.814028442, 0.214291871, 0.953510284, 0.2119129, -0.838388562, 0.068231456, 0.540790319)
Part3758.Orientation = Vector3.new(-12.229999542236328, 56.400001525878906, 12.670000076293945)
Part3758.Position = Vector3.new(1267.7950439453125, 370.5944519042969, 3313.35595703125)
Part3758.Rotation = Vector3.new(-21.399999618530273, 54.4900016784668, 30.360000610351562)
Part3758.Transparency = 1
Part3758.Size = Vector3.new(1.3500009775161743, 26.749998092651367, 1.5)
Part3758.Anchored = true
Part3758.Material = Enum.Material.Fabric
Part3759.Name = "Tree_Collision"
Part3759.Parent = Model3749
Part3759.CFrame = CFrame.new(1295.27942, 369.375427, 3331.51807, 0.621235967, 0.187404275, 0.760886073, 0.089161776, 0.94777739, -0.306232393, -0.778537035, 0.258083701, 0.572082222)
Part3759.Orientation = Vector3.new(17.829999923706055, 53.060001373291016, 5.369999885559082)
Part3759.Position = Vector3.new(1295.2794189453125, 369.37542724609375, 3331.51806640625)
Part3759.Rotation = Vector3.new(28.15999984741211, 49.540000915527344, -16.790000915527344)
Part3759.Transparency = 1
Part3759.Size = Vector3.new(1.3500009775161743, 22.749998092651367, 1.5)
Part3759.Anchored = true
Part3759.Material = Enum.Material.Fabric
Part3760.Name = "Tree_Collision"
Part3760.Parent = Model3749
Part3760.CFrame = CFrame.new(1301.61853, 370.268158, 3296.13989, 0.563739955, 0.0593904071, 0.823815584, -0.16129677, 0.986128807, 0.0392840803, -0.810052276, -0.155024245, 0.565497994)
Part3760.Orientation = Vector3.new(-2.25, 55.529998779296875, -9.289999961853027)
Part3760.Position = Vector3.new(1301.6185302734375, 370.2681579589844, 3296.139892578125)
Part3760.Rotation = Vector3.new(-3.9700000286102295, 55.470001220703125, -6.010000228881836)
Part3760.Transparency = 1
Part3760.Size = Vector3.new(1.3500009775161743, 23.749998092651367, 1.5)
Part3760.Anchored = true
Part3760.Material = Enum.Material.Fabric
Part3761.Name = "Tree_Collision"
Part3761.Parent = Model3749
Part3761.CFrame = CFrame.new(1314.27783, 368.261078, 3288.21411, 0.51119411, 0.218842238, 0.831138194, -0.165190011, 0.974032164, -0.154866174, -0.843443513, -0.058128804, 0.534068465)
Part3761.Orientation = Vector3.new(8.90999984741211, 57.279998779296875, -9.630000114440918)
Part3761.Position = Vector3.new(1314.27783203125, 368.2610778808594, 3288.214111328125)
Part3761.Rotation = Vector3.new(16.170000076293945, 56.220001220703125, -23.18000030517578)
Part3761.Transparency = 1
Part3761.Size = Vector3.new(1.3500009775161743, 20.749998092651367, 1.5)
Part3761.Anchored = true
Part3761.Material = Enum.Material.Fabric
Part3762.Name = "Tree_Collision"
Part3762.Parent = Model3749
Part3762.CFrame = CFrame.new(1254.526, 369.120331, 3332.72046, 0.520265043, -0.0749649554, 0.850709498, 0.268719405, 0.959916413, -0.0797513574, -0.810628593, 0.270093024, 0.519553959)
Part3762.Orientation = Vector3.new(4.570000171661377, 58.59000015258789, 15.640000343322754)
Part3762.Position = Vector3.new(1254.5260009765625, 369.1203308105469, 3332.720458984375)
Part3762.Rotation = Vector3.new(8.729999542236328, 58.290000915527344, 8.199999809265137)
Part3762.Transparency = 1
Part3762.Size = Vector3.new(1.3500009775161743, 22.749998092651367, 1.5)
Part3762.Anchored = true
Part3762.Material = Enum.Material.Fabric
Part3763.Name = "Tree_Collision"
Part3763.Parent = Model3749
Part3763.CFrame = CFrame.new(1267.12427, 369.994507, 3299.99561, 0.565469682, -0.188943595, 0.802836537, -0.12678577, 0.941927731, 0.310978234, -0.814968407, -0.277636051, 0.508674622)
Part3763.Orientation = Vector3.new(-18.1200008392334, 57.63999938964844, -7.670000076293945)
Part3763.Position = Vector3.new(1267.124267578125, 369.9945068359375, 3299.99560546875)
Part3763.Rotation = Vector3.new(-31.440000534057617, 53.400001525878906, 18.479999542236328)
Part3763.Transparency = 1
Part3763.Size = Vector3.new(1.3500009775161743, 23.749998092651367, 1.5)
Part3763.Anchored = true
Part3763.Material = Enum.Material.Fabric
Part3764.Name = "Tree_Collision"
Part3764.Parent = Model3749
Part3764.CFrame = CFrame.new(1280.91748, 369.554138, 3299.81738, 0.566077292, 0.0298042446, 0.823814511, -0.109467, 0.99321878, 0.0392863154, -0.817054152, -0.112419188, 0.565499485)
Part3764.Orientation = Vector3.new(-2.25, 55.529998779296875, -6.289999961853027)
Part3764.Position = Vector3.new(1280.91748046875, 369.55413818359375, 3299.8173828125)
Part3764.Rotation = Vector3.new(-3.9700000286102295, 55.470001220703125, -3.009999990463257)
Part3764.Transparency = 1
Part3764.Size = Vector3.new(1.3500009775161743, 23.749998092651367, 1.5)
Part3764.Anchored = true
Part3764.Material = Enum.Material.Fabric
Part3765.Name = "Tree_Collision"
Part3765.Parent = Model3749
Part3765.CFrame = CFrame.new(1262.4408, 369.175323, 3346.6687, 0.531435788, -0.0937179476, 0.841899633, 0.16657047, 0.986023784, 0.00461648684, -0.83056277, 0.137781754, 0.5396173)
Part3765.Orientation = Vector3.new(-0.25999999046325684, 57.34000015258789, 9.59000015258789)
Part3765.Position = Vector3.new(1262.4407958984375, 369.1753234863281, 3346.668701171875)
Part3765.Rotation = Vector3.new(-0.49000000953674316, 57.34000015258789, 10)
Part3765.Transparency = 1
Part3765.Size = Vector3.new(1.3500009775161743, 22.749998092651367, 1.5)
Part3765.Anchored = true
Part3765.Material = Enum.Material.Fabric
Model3766.Name = "??"
Model3766.Parent = Folder0
Part3767.Name = "TreeMesh Bottom"
Part3767.Parent = Model3766
Part3767.CFrame = CFrame.new(1293.98047, 357.637421, 3275.98901, 0.844756842, -0.000814661791, -0.53515172, 0.000466524332, 1.00000453, -0.000785875192, 0.535153151, 0.000414213224, 0.844757974)
Part3767.Orientation = Vector3.new(0.05000000074505806, -32.349998474121094, 0.029999999329447746)
Part3767.Position = Vector3.new(1293.98046875, 357.6374206542969, 3275.989013671875)
Part3767.Rotation = Vector3.new(0.05000000074505806, -32.349998474121094, 0.05999999865889549)
Part3767.Size = Vector3.new(8.250000953674316, 0.2499980926513672, 7)
Part3767.Anchored = true
Part3767.CanCollide = false
Part3767.Material = Enum.Material.Fabric
SpecialMesh3768.Name = "BarkMesh"
SpecialMesh3768.Parent = Part3767
SpecialMesh3768.MeshId = "rbxassetid://623621260"
SpecialMesh3768.Offset = Vector3.new(0, 3.4100000858306885, 0)
SpecialMesh3768.TextureId = "rbxassetid://623618671"
SpecialMesh3768.MeshType = Enum.MeshType.FileMesh
Part3769.Name = "TreeMeshTop"
Part3769.Parent = Model3766
Part3769.CFrame = CFrame.new(1293.95557, 387.777618, 3276.00146, 0.844756842, -0.000814661791, -0.53515172, 0.000466524332, 1.00000453, -0.000785875192, 0.535153151, 0.000414213224, 0.844757974)
Part3769.Orientation = Vector3.new(0.05000000074505806, -32.349998474121094, 0.029999999329447746)
Part3769.Position = Vector3.new(1293.95556640625, 387.7776184082031, 3276.00146484375)
Part3769.Rotation = Vector3.new(0.05000000074505806, -32.349998474121094, 0.05999999865889549)
Part3769.Transparency = 0.05000000074505806
Part3769.Size = Vector3.new(8.250000953674316, 0.2499980926513672, 7)
Part3769.Anchored = true
Part3769.CanCollide = false
Part3769.Material = Enum.Material.Fabric
SpecialMesh3770.Name = "TopTreeMesh"
SpecialMesh3770.Parent = Part3769
SpecialMesh3770.MeshId = "rbxassetid://623621456"
SpecialMesh3770.Offset = Vector3.new(0, 3.4100000858306885, 0)
SpecialMesh3770.Scale = Vector3.new(1.600000023841858, 1.600000023841858, 1.600000023841858)
SpecialMesh3770.TextureId = "rbxassetid://745556120"
SpecialMesh3770.MeshType = Enum.MeshType.FileMesh
Part3771.Name = "Tree_Collision"
Part3771.Parent = Model3766
Part3771.CFrame = CFrame.new(1290.11926, 370.763489, 3279.38428, 0.838111639, -0.136054009, -0.528261662, 0.0971387103, 0.990148246, -0.100898013, 0.536783338, 0.0332489908, 0.843067765)
Part3771.Orientation = Vector3.new(5.789999961853027, -32.06999969482422, 5.599999904632568)
Part3771.Position = Vector3.new(1290.1192626953125, 370.76348876953125, 3279.38427734375)
Part3771.Rotation = Vector3.new(6.820000171661377, -31.889999389648438, 9.220000267028809)
Part3771.Transparency = 1
Part3771.Size = Vector3.new(1.3500009775161743, 26.749998092651367, 1.5)
Part3771.Anchored = true
Part3771.Material = Enum.Material.Fabric
Part3772.Name = "Tree_Collision"
Part3772.Parent = Model3766
Part3772.CFrame = CFrame.new(1289.9342, 369.754486, 3289.84106, 0.779009044, 0.204734981, -0.592647254, -0.301455766, 0.951079428, -0.0676921606, 0.549793959, 0.231388986, 0.802615106)
Part3772.Orientation = Vector3.new(3.880000114440918, -36.439998626708984, -17.59000015258789)
Part3772.Position = Vector3.new(1289.9342041015625, 369.7544860839844, 3289.841064453125)
Part3772.Rotation = Vector3.new(4.820000171661377, -36.349998474121094, -14.729999542236328)
Part3772.Transparency = 1
Part3772.Size = Vector3.new(1.3500009775161743, 23.749998092651367, 1.5)
Part3772.Anchored = true
Part3772.Material = Enum.Material.Fabric
Part3773.Name = "Tree_Collision"
Part3773.Parent = Model3766
Part3773.CFrame = CFrame.new(1277.63086, 371.225555, 3267.81616, 0.835609674, -0.187145501, -0.516464174, 0.11440473, 0.978855789, -0.169596925, 0.537281513, 0.0826305449, 0.839348495)
Part3773.Orientation = Vector3.new(9.760000228881836, -31.600000381469727, 6.670000076293945)
Part3773.Position = Vector3.new(1277.630859375, 371.2255554199219, 3267.816162109375)
Part3773.Rotation = Vector3.new(11.420000076293945, -31.100000381469727, 12.619999885559082)
Part3773.Transparency = 1
Part3773.Size = Vector3.new(1.3500009775161743, 26.749998092651367, 1.5)
Part3773.Anchored = true
Part3773.Material = Enum.Material.Fabric
Part3774.Name = "Tree_Collision"
Part3774.Parent = Model3766
Part3774.CFrame = CFrame.new(1329.69849, 369.490631, 3286.29272, 0.843616128, 0.147733897, -0.516225457, -0.0107055176, 0.965846777, 0.258911967, 0.536843061, -0.212895095, 0.816382468)
Part3774.Orientation = Vector3.new(-15.010000228881836, -32.310001373291016, -0.6399999856948853)
Part3774.Position = Vector3.new(1329.698486328125, 369.4906311035156, 3286.292724609375)
Part3774.Rotation = Vector3.new(-17.600000381469727, -31.079999923706055, -9.930000305175781)
Part3774.Transparency = 1
Part3774.Size = Vector3.new(1.3500009775161743, 23.749998092651367, 1.5)
Part3774.Anchored = true
Part3774.Material = Enum.Material.Fabric
Part3775.Name = "Tree_Collision"
Part3775.Parent = Model3766
Part3775.CFrame = CFrame.new(1294.18347, 370.637482, 3261.23022, 0.838303626, -0.0686154366, -0.540870607, 0.214012399, 0.953842878, 0.21069555, 0.501447022, -0.292378902, 0.814291418)
Part3775.Orientation = Vector3.new(-12.15999984741211, -33.59000015258789, 12.649999618530273)
Part3775.Position = Vector3.new(1294.1834716796875, 370.6374816894531, 3261.230224609375)
Part3775.Rotation = Vector3.new(-14.510000228881836, -32.7400016784668, 4.679999828338623)
Part3775.Transparency = 1
Part3775.Size = Vector3.new(1.3500009775161743, 26.749998092651367, 1.5)
Part3775.Anchored = true
Part3775.Material = Enum.Material.Fabric
Part3776.Name = "Tree_Collision"
Part3776.Parent = Model3766
Part3776.CFrame = CFrame.new(1276.02173, 369.37738, 3288.71387, 0.778502464, -0.258464396, -0.571954668, 0.0887119621, 0.947442293, -0.307397753, 0.621343434, 0.188569993, 0.760512292)
Part3776.Orientation = Vector3.new(17.899999618530273, -36.95000076293945, 5.349999904632568)
Part3776.Position = Vector3.new(1276.021728515625, 369.37738037109375, 3288.7138671875)
Part3776.Rotation = Vector3.new(22.010000228881836, -34.88999938964844, 18.3700008392334)
Part3776.Transparency = 1
Part3776.Size = Vector3.new(1.3500009775161743, 22.749998092651367, 1.5)
Part3776.Anchored = true
Part3776.Material = Enum.Material.Fabric
Part3777.Name = "Tree_Collision"
Part3777.Parent = Model3766
Part3777.CFrame = CFrame.new(1311.39929, 370.276428, 3295.05444, 0.810117424, 0.154629961, -0.565509975, -0.161665902, 0.986116946, 0.0380450785, 0.563540101, 0.0606025159, 0.82386601)
Part3777.Orientation = Vector3.new(-2.180000066757202, -34.470001220703125, -9.3100004196167)
Part3777.Position = Vector3.new(1311.3992919921875, 370.27642822265625, 3295.054443359375)
Part3777.Rotation = Vector3.new(-2.640000104904175, -34.439998626708984, -10.8100004196167)
Part3777.Transparency = 1
Part3777.Size = Vector3.new(1.3500009775161743, 23.749998092651367, 1.5)
Part3777.Anchored = true
Part3777.Material = Enum.Material.Fabric
Part3778.Name = "Tree_Collision"
Part3778.Parent = Model3766
Part3778.CFrame = CFrame.new(1319.3252, 368.257111, 3307.71118, 0.843510747, 0.0577393919, -0.534001589, -0.165480509, 0.97378546, -0.15610218, 0.510988235, 0.220040023, 0.83095032)
Part3778.Orientation = Vector3.new(8.979999542236328, -32.72999954223633, -9.640000343322754)
Part3778.Position = Vector3.new(1319.3251953125, 368.2571105957031, 3307.711181640625)
Part3778.Rotation = Vector3.new(10.640000343322754, -32.279998779296875, -3.9200000762939453)
Part3778.Transparency = 1
Part3778.Size = Vector3.new(1.3500009775161743, 20.749998092651367, 1.5)
Part3778.Anchored = true
Part3778.Material = Enum.Material.Fabric
Part3779.Name = "Tree_Collision"
Part3779.Parent = Model3766
Part3779.CFrame = CFrame.new(1274.81897, 369.171844, 3247.96069, 0.810521305, -0.270477504, -0.519518435, 0.268404514, 0.959899604, -0.0810051709, 0.520593941, -0.0737844855, 0.850613236)
Part3779.Orientation = Vector3.new(4.650000095367432, -31.40999984741211, 15.619999885559082)
Part3779.Position = Vector3.new(1274.8189697265625, 369.1718444824219, 3247.960693359375)
Part3779.Rotation = Vector3.new(5.440000057220459, -31.299999237060547, 18.450000762939453)
Part3779.Transparency = 1
Part3779.Size = Vector3.new(1.3500009775161743, 22.749998092651367, 1.5)
Part3779.Anchored = true
Part3779.Material = Enum.Material.Fabric
Part3780.Name = "Tree_Collision"
Part3780.Parent = Model3766
Part3780.CFrame = CFrame.new(1307.54395, 370.04364, 3260.56006, 0.815020859, 0.277255237, -0.508795381, -0.127151906, 0.942271113, 0.309786767, 0.565311313, -0.187787667, 0.803221107)
Part3780.Orientation = Vector3.new(-18.049999237060547, -32.349998474121094, -7.690000057220459)
Part3780.Position = Vector3.new(1307.5439453125, 370.04364013671875, 3260.56005859375)
Part3780.Rotation = Vector3.new(-21.09000015258789, -30.579999923706055, -18.790000915527344)
Part3780.Transparency = 1
Part3780.Size = Vector3.new(1.3500009775161743, 23.749998092651367, 1.5)
Part3780.Anchored = true
Part3780.Material = Enum.Material.Fabric
Part3781.Name = "Tree_Collision"
Part3781.Parent = Model3766
Part3781.CFrame = CFrame.new(1307.7218, 369.586426, 3274.35303, 0.817097008, 0.112021148, -0.565512002, -0.109835714, 0.993221402, 0.038045831, 0.565940559, 0.0310262796, 0.823862076)
Part3781.Orientation = Vector3.new(-2.180000066757202, -34.470001220703125, -6.309999942779541)
Part3781.Position = Vector3.new(1307.7218017578125, 369.58642578125, 3274.35302734375)
Part3781.Rotation = Vector3.new(-2.640000104904175, -34.439998626708984, -7.809999942779541)
Part3781.Transparency = 1
Part3781.Size = Vector3.new(1.3500009775161743, 23.749998092651367, 1.5)
Part3781.Anchored = true
Part3781.Material = Enum.Material.Fabric
Part3782.Name = "Tree_Collision"
Part3782.Parent = Model3766
Part3782.CFrame = CFrame.new(1260.86975, 369.211487, 3255.87524, 0.830496073, -0.138177797, -0.53961587, 0.16625002, 0.986082971, 0.0033639723, 0.531639516, -0.0925046355, 0.841907024)
Part3782.Orientation = Vector3.new(-0.1899999976158142, -32.65999984741211, 9.569999694824219)
Part3782.Position = Vector3.new(1260.8697509765625, 369.21148681640625, 3255.875244140625)
Part3782.Rotation = Vector3.new(-0.23000000417232513, -32.65999984741211, 9.449999809265137)
Part3782.Transparency = 1
Part3782.Size = Vector3.new(1.3500009775161743, 22.749998092651367, 1.5)
Part3782.Anchored = true
Part3782.Material = Enum.Material.Fabric
Model3783.Name = "??"
Model3783.Parent = Folder0
Part3784.Name = "TreeMesh Bottom"
Part3784.Parent = Model3783
Part3784.CFrame = CFrame.new(1347.79602, 357.131134, 3170.35742, 0.844756842, -0.000814661791, -0.53515172, 0.000466524332, 1.00000453, -0.000785875192, 0.535153151, 0.000414213224, 0.844757974)
Part3784.Orientation = Vector3.new(0.05000000074505806, -32.349998474121094, 0.029999999329447746)
Part3784.Position = Vector3.new(1347.7960205078125, 357.1311340332031, 3170.357421875)
Part3784.Rotation = Vector3.new(0.05000000074505806, -32.349998474121094, 0.05999999865889549)
Part3784.Size = Vector3.new(8.250000953674316, 0.2499980926513672, 7)
Part3784.Anchored = true
Part3784.CanCollide = false
Part3784.Material = Enum.Material.Fabric
SpecialMesh3785.Name = "BarkMesh"
SpecialMesh3785.Parent = Part3784
SpecialMesh3785.MeshId = "rbxassetid://623621260"
SpecialMesh3785.Offset = Vector3.new(0, 3.4100000858306885, 0)
SpecialMesh3785.TextureId = "rbxassetid://623618671"
SpecialMesh3785.MeshType = Enum.MeshType.FileMesh
Part3786.Name = "TreeMeshTop"
Part3786.Parent = Model3783
Part3786.CFrame = CFrame.new(1347.77112, 387.271362, 3170.36914, 0.844756842, -0.000814661791, -0.53515172, 0.000466524332, 1.00000453, -0.000785875192, 0.535153151, 0.000414213224, 0.844757974)
Part3786.Orientation = Vector3.new(0.05000000074505806, -32.349998474121094, 0.029999999329447746)
Part3786.Position = Vector3.new(1347.7711181640625, 387.2713623046875, 3170.369140625)
Part3786.Rotation = Vector3.new(0.05000000074505806, -32.349998474121094, 0.05999999865889549)
Part3786.Transparency = 0.05000000074505806
Part3786.Size = Vector3.new(8.250000953674316, 0.2499980926513672, 7)
Part3786.Anchored = true
Part3786.CanCollide = false
Part3786.Material = Enum.Material.Fabric
SpecialMesh3787.Name = "TopTreeMesh"
SpecialMesh3787.Parent = Part3786
SpecialMesh3787.MeshId = "rbxassetid://623621456"
SpecialMesh3787.Offset = Vector3.new(0, 3.4100000858306885, 0)
SpecialMesh3787.Scale = Vector3.new(1.600000023841858, 1.600000023841858, 1.600000023841858)
SpecialMesh3787.TextureId = "rbxassetid://745556120"
SpecialMesh3787.MeshType = Enum.MeshType.FileMesh
Part3788.Name = "Tree_Collision"
Part3788.Parent = Model3783
Part3788.CFrame = CFrame.new(1343.93469, 370.257233, 3173.7522, 0.83811146, -0.136054635, -0.528261721, 0.0971397012, 0.990148187, -0.100897662, 0.536783278, 0.0332481787, 0.843067884)
Part3788.Orientation = Vector3.new(5.789999961853027, -32.06999969482422, 5.599999904632568)
Part3788.Position = Vector3.new(1343.9346923828125, 370.2572326660156, 3173.752197265625)
Part3788.Rotation = Vector3.new(6.820000171661377, -31.889999389648438, 9.220000267028809)
Part3788.Transparency = 1
Part3788.Size = Vector3.new(1.3500009775161743, 26.749998092651367, 1.5)
Part3788.Anchored = true
Part3788.Material = Enum.Material.Fabric
Part3789.Name = "Tree_Collision"
Part3789.Parent = Model3783
Part3789.CFrame = CFrame.new(1343.74963, 369.248322, 3184.20923, 0.779009044, 0.204734981, -0.592647254, -0.301455766, 0.951079428, -0.0676921606, 0.549793959, 0.231388986, 0.802615106)
Part3789.Orientation = Vector3.new(3.880000114440918, -36.439998626708984, -17.59000015258789)
Part3789.Position = Vector3.new(1343.7496337890625, 369.2483215332031, 3184.209228515625)
Part3789.Rotation = Vector3.new(4.820000171661377, -36.349998474121094, -14.729999542236328)
Part3789.Transparency = 1
Part3789.Size = Vector3.new(1.3500009775161743, 23.749998092651367, 1.5)
Part3789.Anchored = true
Part3789.Material = Enum.Material.Fabric
Part3790.Name = "Tree_Collision"
Part3790.Parent = Model3783
Part3790.CFrame = CFrame.new(1331.44629, 370.719299, 3162.18481, 0.835610092, -0.187146068, -0.516463399, 0.114405781, 0.978855729, -0.169596478, 0.537280738, 0.0826297924, 0.839349151)
Part3790.Orientation = Vector3.new(9.760000228881836, -31.600000381469727, 6.670000076293945)
Part3790.Position = Vector3.new(1331.4462890625, 370.71929931640625, 3162.184814453125)
Part3790.Rotation = Vector3.new(11.420000076293945, -31.100000381469727, 12.619999885559082)
Part3790.Transparency = 1
Part3790.Size = Vector3.new(1.3500009775161743, 26.749998092651367, 1.5)
Part3790.Anchored = true
Part3790.Material = Enum.Material.Fabric
Part3791.Name = "Tree_Collision"
Part3791.Parent = Model3783
Part3791.CFrame = CFrame.new(1383.51392, 368.984375, 3180.66064, 0.843616128, 0.147734717, -0.516225159, -0.0107055176, 0.96584636, 0.258913517, 0.536843061, -0.212896422, 0.816382051)
Part3791.Orientation = Vector3.new(-15.010000228881836, -32.310001373291016, -0.6399999856948853)
Part3791.Position = Vector3.new(1383.513916015625, 368.984375, 3180.66064453125)
Part3791.Rotation = Vector3.new(-17.600000381469727, -31.079999923706055, -9.930000305175781)
Part3791.Transparency = 1
Part3791.Size = Vector3.new(1.3500009775161743, 23.749998092651367, 1.5)
Part3791.Anchored = true
Part3791.Material = Enum.Material.Fabric
Part3792.Name = "Tree_Collision"
Part3792.Parent = Model3783
Part3792.CFrame = CFrame.new(1347.99731, 370.131287, 3155.59814, 0.838303626, -0.0686146989, -0.540870726, 0.214012399, 0.953842521, 0.210696846, 0.501447022, -0.292379946, 0.81429112)
Part3792.Orientation = Vector3.new(-12.15999984741211, -33.59000015258789, 12.649999618530273)
Part3792.Position = Vector3.new(1347.997314453125, 370.13128662109375, 3155.59814453125)
Part3792.Rotation = Vector3.new(-14.510000228881836, -32.7400016784668, 4.679999828338623)
Part3792.Transparency = 1
Part3792.Size = Vector3.new(1.3500009775161743, 26.749998092651367, 1.5)
Part3792.Anchored = true
Part3792.Material = Enum.Material.Fabric
Part3793.Name = "Tree_Collision"
Part3793.Parent = Model3783
Part3793.CFrame = CFrame.new(1329.83777, 368.871155, 3183.08276, 0.778502524, -0.258463323, -0.571955025, 0.0887109786, 0.947442532, -0.307397246, 0.621343434, 0.188570172, 0.760512114)
Part3793.Orientation = Vector3.new(17.899999618530273, -36.95000076293945, 5.349999904632568)
Part3793.Position = Vector3.new(1329.8377685546875, 368.87115478515625, 3183.082763671875)
Part3793.Rotation = Vector3.new(22.010000228881836, -34.88999938964844, 18.3700008392334)
Part3793.Transparency = 1
Part3793.Size = Vector3.new(1.3500009775161743, 22.749998092651367, 1.5)
Part3793.Anchored = true
Part3793.Material = Enum.Material.Fabric
Part3794.Name = "Tree_Collision"
Part3794.Parent = Model3783
Part3794.CFrame = CFrame.new(1365.21399, 369.770264, 3189.42139, 0.810117543, 0.15462932, -0.565509915, -0.161664933, 0.986117125, 0.0380453579, 0.56354022, 0.0606017336, 0.823865891)
Part3794.Orientation = Vector3.new(-2.180000066757202, -34.470001220703125, -9.3100004196167)
Part3794.Position = Vector3.new(1365.2139892578125, 369.770263671875, 3189.42138671875)
Part3794.Rotation = Vector3.new(-2.640000104904175, -34.439998626708984, -10.8100004196167)
Part3794.Transparency = 1
Part3794.Size = Vector3.new(1.3500009775161743, 23.749998092651367, 1.5)
Part3794.Anchored = true
Part3794.Material = Enum.Material.Fabric
Part3795.Name = "Tree_Collision"
Part3795.Parent = Model3783
Part3795.CFrame = CFrame.new(1373.14038, 367.750885, 3202.0791, 0.843510747, 0.0577393919, -0.534001589, -0.165480509, 0.97378546, -0.15610218, 0.510988235, 0.220040023, 0.83095032)
Part3795.Orientation = Vector3.new(8.979999542236328, -32.72999954223633, -9.640000343322754)
Part3795.Position = Vector3.new(1373.140380859375, 367.7508850097656, 3202.0791015625)
Part3795.Rotation = Vector3.new(10.640000343322754, -32.279998779296875, -3.9200000762939453)
Part3795.Transparency = 1
Part3795.Size = Vector3.new(1.3500009775161743, 20.749998092651367, 1.5)
Part3795.Anchored = true
Part3795.Material = Enum.Material.Fabric
Part3796.Name = "Tree_Collision"
Part3796.Parent = Model3783
Part3796.CFrame = CFrame.new(1328.63367, 368.66568, 3142.32886, 0.810521126, -0.270478368, -0.519518316, 0.268405467, 0.959899366, -0.081005238, 0.520593822, -0.0737849101, 0.850613296)
Part3796.Orientation = Vector3.new(4.650000095367432, -31.40999984741211, 15.619999885559082)
Part3796.Position = Vector3.new(1328.6336669921875, 368.6656799316406, 3142.328857421875)
Part3796.Rotation = Vector3.new(5.440000057220459, -31.299999237060547, 18.450000762939453)
Part3796.Transparency = 1
Part3796.Size = Vector3.new(1.3500009775161743, 22.749998092651367, 1.5)
Part3796.Anchored = true
Part3796.Material = Enum.Material.Fabric
Part3797.Name = "Tree_Collision"
Part3797.Parent = Model3783
Part3797.CFrame = CFrame.new(1361.35852, 369.537415, 3154.92773, 0.815020442, 0.277256489, -0.50879544, -0.127152994, 0.942270696, 0.309787303, 0.56531173, -0.187787354, 0.803220749)
Part3797.Orientation = Vector3.new(-18.049999237060547, -32.349998474121094, -7.690000057220459)
Part3797.Position = Vector3.new(1361.3585205078125, 369.53741455078125, 3154.927734375)
Part3797.Rotation = Vector3.new(-21.09000015258789, -30.579999923706055, -18.790000915527344)
Part3797.Transparency = 1
Part3797.Size = Vector3.new(1.3500009775161743, 23.749998092651367, 1.5)
Part3797.Anchored = true
Part3797.Material = Enum.Material.Fabric
Part3798.Name = "Tree_Collision"
Part3798.Parent = Model3783
Part3798.CFrame = CFrame.new(1361.53711, 369.0802, 3168.71973, 0.817097783, 0.112021081, -0.565510869, -0.109835684, 0.993221402, 0.0380456783, 0.565939426, 0.0310262349, 0.823862851)
Part3798.Orientation = Vector3.new(-2.180000066757202, -34.470001220703125, -6.309999942779541)
Part3798.Position = Vector3.new(1361.537109375, 369.0802001953125, 3168.7197265625)
Part3798.Rotation = Vector3.new(-2.640000104904175, -34.439998626708984, -7.809999942779541)
Part3798.Transparency = 1
Part3798.Size = Vector3.new(1.3500009775161743, 23.749998092651367, 1.5)
Part3798.Anchored = true
Part3798.Material = Enum.Material.Fabric
Part3799.Name = "Tree_Collision"
Part3799.Parent = Model3783
Part3799.CFrame = CFrame.new(1314.6853, 368.705353, 3150.24316, 0.830495954, -0.138178587, -0.53961587, 0.166251004, 0.986082792, 0.00336397951, 0.531639457, -0.0925051644, 0.841907024)
Part3799.Orientation = Vector3.new(-0.1899999976158142, -32.65999984741211, 9.569999694824219)
Part3799.Position = Vector3.new(1314.685302734375, 368.7053527832031, 3150.2431640625)
Part3799.Rotation = Vector3.new(-0.23000000417232513, -32.65999984741211, 9.449999809265137)
Part3799.Transparency = 1
Part3799.Size = Vector3.new(1.3500009775161743, 22.749998092651367, 1.5)
Part3799.Anchored = true
Part3799.Material = Enum.Material.Fabric
Model3800.Name = "??"
Model3800.Parent = Folder0
Part3801.Name = "TreeMesh Bottom"
Part3801.Parent = Model3800
Part3801.CFrame = CFrame.new(1072.95923, 338.825745, 3367.03418, 0.998305619, -0.000814572209, -0.0581867993, 0.000789049722, 1.00000095, -0.000461602758, 0.0581874847, 0.000414908427, 0.998306215)
Part3801.Orientation = Vector3.new(0.029999999329447746, -3.3399999141693115, 0.05000000074505806)
Part3801.Position = Vector3.new(1072.959228515625, 338.82574462890625, 3367.0341796875)
Part3801.Rotation = Vector3.new(0.029999999329447746, -3.3399999141693115, 0.05000000074505806)
Part3801.Size = Vector3.new(8.250000953674316, 0.2499980926513672, 7)
Part3801.Anchored = true
Part3801.CanCollide = false
Part3801.Material = Enum.Material.Fabric
SpecialMesh3802.Name = "BarkMesh"
SpecialMesh3802.Parent = Part3801
SpecialMesh3802.MeshId = "rbxassetid://623621260"
SpecialMesh3802.Offset = Vector3.new(0, 3.4100000858306885, 0)
SpecialMesh3802.TextureId = "rbxassetid://623618671"
SpecialMesh3802.MeshType = Enum.MeshType.FileMesh
Part3803.Name = "TreeMeshTop"
Part3803.Parent = Model3800
Part3803.CFrame = CFrame.new(1072.93384, 368.965912, 3367.0459, 0.998305619, -0.000814572209, -0.0581867993, 0.000789049722, 1.00000095, -0.000461602758, 0.0581874847, 0.000414908427, 0.998306215)
Part3803.Orientation = Vector3.new(0.029999999329447746, -3.3399999141693115, 0.05000000074505806)
Part3803.Position = Vector3.new(1072.933837890625, 368.9659118652344, 3367.0458984375)
Part3803.Rotation = Vector3.new(0.029999999329447746, -3.3399999141693115, 0.05000000074505806)
Part3803.Transparency = 0.05000000074505806
Part3803.Size = Vector3.new(8.250000953674316, 0.2499980926513672, 7)
Part3803.Anchored = true
Part3803.CanCollide = false
Part3803.Material = Enum.Material.Fabric
SpecialMesh3804.Name = "TopTreeMesh"
SpecialMesh3804.Parent = Part3803
SpecialMesh3804.MeshId = "rbxassetid://623621456"
SpecialMesh3804.Offset = Vector3.new(0, 3.4100000858306885, 0)
SpecialMesh3804.Scale = Vector3.new(1.600000023841858, 1.600000023841858, 1.600000023841858)
SpecialMesh3804.TextureId = "rbxassetid://745556120"
SpecialMesh3804.MeshType = Enum.MeshType.FileMesh
Part3805.Name = "Tree_Collision"
Part3805.Parent = Model3800
Part3805.CFrame = CFrame.new(1071.22583, 351.952881, 3371.87134, 0.993255973, -0.103146687, -0.0529516041, 0.0974620134, 0.990145802, -0.100573756, 0.0628038645, 0.0947345942, 0.993520141)
Part3805.Orientation = Vector3.new(5.769999980926514, -3.049999952316284, 5.619999885559082)
Part3805.Position = Vector3.new(1071.225830078125, 351.952880859375, 3371.871337890625)
Part3805.Rotation = Vector3.new(5.78000020980835, -3.0399999618530273, 5.929999828338623)
Part3805.Transparency = 1
Part3805.Size = Vector3.new(1.3500009775161743, 26.749998092651367, 1.5)
Part3805.Anchored = true
Part3805.Material = Enum.Material.Fabric
Part3806.Name = "Tree_Collision"
Part3806.Parent = Model3800
Part3806.CFrame = CFrame.new(1076.13696, 350.948669, 3381.10498, 0.948005438, 0.290988386, -0.128887564, -0.30113098, 0.951199949, -0.0673894733, 0.102988452, 0.102697626, 0.989367366)
Part3806.Orientation = Vector3.new(3.859999895095825, -7.420000076293945, -17.56999969482422)
Part3806.Position = Vector3.new(1076.136962890625, 350.94866943359375, 3381.10498046875)
Part3806.Rotation = Vector3.new(3.9000000953674316, -7.409999847412109, -17.059999465942383)
Part3806.Transparency = 1
