SpecialMesh3938.Name = "BarkMesh"
SpecialMesh3938.Parent = Part3937
SpecialMesh3938.MeshId = "rbxassetid://623621260"
SpecialMesh3938.Offset = Vector3.new(0, 3.4100000858306885, 0)
SpecialMesh3938.TextureId = "rbxassetid://623618671"
SpecialMesh3938.MeshType = Enum.MeshType.FileMesh
Part3939.Name = "TreeMeshTop"
Part3939.Parent = Model3936
Part3939.CFrame = CFrame.new(1268.87842, 369.863678, 3659.57251, 0.837375879, -0.000413544127, -0.546630979, 0.000791638682, 1.00000381, 0.000456170616, 0.546631694, -0.000814790546, 0.83737725)
Part3939.Orientation = Vector3.new(-0.029999999329447746, -33.13999938964844, 0.05000000074505806)
Part3939.Position = Vector3.new(1268.87841796875, 369.8636779785156, 3659.572509765625)
Part3939.Rotation = Vector3.new(-0.029999999329447746, -33.13999938964844, 0.029999999329447746)
Part3939.Transparency = 0.05000000074505806
Part3939.Size = Vector3.new(8.250000953674316, 0.2499980926513672, 7)
Part3939.Anchored = true
Part3939.CanCollide = false
Part3939.Material = Enum.Material.Fabric
SpecialMesh3940.Name = "TopTreeMesh"
SpecialMesh3940.Parent = Part3939
SpecialMesh3940.MeshId = "rbxassetid://623621456"
SpecialMesh3940.Offset = Vector3.new(0, 3.4100000858306885, 0)
SpecialMesh3940.Scale = Vector3.new(1.600000023841858, 1.600000023841858, 1.600000023841858)
SpecialMesh3940.TextureId = "rbxassetid://745556120"
SpecialMesh3940.MeshType = Enum.MeshType.FileMesh
Part3941.Name = "Tree_Collision"
Part3941.Parent = Model3936
Part3941.CFrame = CFrame.new(1264.9895, 352.855164, 3662.92358, 0.830748141, -0.136093885, -0.539758921, 0.0974688083, 0.990240216, -0.0996622965, 0.548053205, 0.0301844329, 0.835903049)
Part3941.Orientation = Vector3.new(5.71999979019165, -32.849998474121094, 5.619999885559082)
Part3941.Position = Vector3.new(1264.989501953125, 352.85516357421875, 3662.923583984375)
Part3941.Rotation = Vector3.new(6.800000190734863, -32.66999816894531, 9.300000190734863)
Part3941.Transparency = 1
Part3941.Size = Vector3.new(1.3500009775161743, 26.749998092651367, 1.5)
Part3941.Anchored = true
Part3941.Material = Enum.Material.Fabric
Part3942.Name = "Tree_Collision"
Part3942.Parent = Model3936
Part3942.CFrame = CFrame.new(1264.6604, 351.859131, 3673.37817, 0.771311462, 0.201944441, -0.603573442, -0.301085919, 0.951281428, -0.0664790273, 0.560741842, 0.233002827, 0.794534862)
Part3942.Orientation = Vector3.new(3.809999942779541, -37.220001220703125, -17.559999465942383)
Part3942.Position = Vector3.new(1264.660400390625, 351.859130859375, 3673.378173828125)
Part3942.Rotation = Vector3.new(4.78000020980835, -37.130001068115234, -14.670000076293945)
Part3942.Transparency = 1
Part3942.Size = Vector3.new(1.3500009775161743, 23.749998092651367, 1.5)
Part3942.Anchored = true
Part3942.Material = Enum.Material.Fabric
Part3943.Name = "Tree_Collision"
Part3943.Parent = Model3936
Part3943.CFrame = CFrame.new(1252.65991, 353.308014, 3651.18579, 0.828246415, -0.18785727, -0.527940571, 0.114736326, 0.979028523, -0.16836679, 0.548496544, 0.0788749158, 0.832428753)
Part3943.Orientation = Vector3.new(9.6899995803833, -32.380001068115234, 6.679999828338623)
Part3943.Position = Vector3.new(1252.659912109375, 353.3080139160156, 3651.185791015625)
Part3943.Rotation = Vector3.new(11.430000305175781, -31.8700008392334, 12.779999732971191)
Part3943.Transparency = 1
Part3943.Size = Vector3.new(1.3500009775161743, 26.749998092651367, 1.5)
Part3943.Anchored = true
Part3943.Material = Enum.Material.Fabric
Part3944.Name = "Tree_Collision"
Part3944.Parent = Model3936
Part3944.CFrame = CFrame.new(1304.46948, 351.575439, 3670.37378, 0.836207092, 0.151019424, -0.52721405, -0.0103785815, 0.965527117, 0.260112047, 0.548320174, -0.212035313, 0.808945775)
Part3944.Orientation = Vector3.new(-15.079999923706055, -33.09000015258789, -0.6200000047683716)
Part3944.Position = Vector3.new(1304.469482421875, 351.575439453125, 3670.373779296875)
Part3944.Rotation = Vector3.new(-17.81999969482422, -31.81999969482422, -10.239999771118164)
Part3944.Transparency = 1
Part3944.Size = Vector3.new(1.3500009775161743, 23.749998092651367, 1.5)
Part3944.Anchored = true
Part3944.Material = Enum.Material.Fabric
Part3945.Name = "Tree_Collision"
Part3945.Parent = Model3936
Part3945.CFrame = CFrame.new(1269.2998, 352.705475, 3644.82788, 0.831469536, -0.0642299801, -0.551848471, 0.214297473, 0.953510642, 0.211902082, 0.512581766, -0.29444918, 0.806577265)
Part3945.Orientation = Vector3.new(-12.229999542236328, -34.380001068115234, 12.670000076293945)
Part3945.Position = Vector3.new(1269.2998046875, 352.7054748535156, 3644.827880859375)
Part3945.Rotation = Vector3.new(-14.720000267028809, -33.4900016784668, 4.420000076293945)
Part3945.Transparency = 1
Part3945.Size = Vector3.new(1.3500009775161743, 26.749998092651367, 1.5)
Part3945.Anchored = true
Part3945.Material = Enum.Material.Fabric
Part3946.Name = "Tree_Collision"
Part3946.Parent = Model3936
Part3946.CFrame = CFrame.new(1250.7644, 351.486053, 3672.06226, 0.769987166, -0.260627449, -0.582406163, 0.0891668275, 0.947772563, -0.306243569, 0.631802619, 0.183871746, 0.753009856)
Part3946.Orientation = Vector3.new(17.829999923706055, -37.720001220703125, 5.369999885559082)
Part3946.Position = Vector3.new(1250.764404296875, 351.4860534667969, 3672.062255859375)
Part3946.Rotation = Vector3.new(22.1299991607666, -35.619998931884766, 18.700000762939453)
Part3946.Transparency = 1
Part3946.Size = Vector3.new(1.3500009775161743, 22.749998092651367, 1.5)
Part3946.Anchored = true
Part3946.Material = Enum.Material.Fabric
Part3947.Name = "Tree_Collision"
Part3947.Parent = Model3936
Part3947.CFrame = CFrame.new(1286.05249, 352.37915, 3678.88306, 0.802286685, 0.154188246, -0.57668525, -0.16129081, 0.986129522, 0.039272964, 0.574740529, 0.0615056455, 0.816025555)
Part3947.Orientation = Vector3.new(-2.25, -35.25, -9.289999961853027)
Part3947.Position = Vector3.new(1286.052490234375, 352.379150390625, 3678.883056640625)
Part3947.Rotation = Vector3.new(-2.759999990463257, -35.220001220703125, -10.880000114440918)
Part3947.Transparency = 1
Part3947.Size = Vector3.new(1.3500009775161743, 23.749998092651367, 1.5)
Part3947.Anchored = true
Part3947.Material = Enum.Material.Fabric
Part3948.Name = "Tree_Collision"
Part3948.Parent = Model3936
Part3948.CFrame = CFrame.new(1293.80493, 350.372101, 3691.64966, 0.836391687, 0.0551263615, -0.545356572, -0.165183142, 0.974030972, -0.154876679, 0.522655249, 0.219620675, 0.823775053)
Part3948.Orientation = Vector3.new(8.90999984741211, -33.5099983215332, -9.630000114440918)
Part3948.Position = Vector3.new(1293.804931640625, 350.3721008300781, 3691.649658203125)
Part3948.Rotation = Vector3.new(10.649999618530273, -33.04999923706055, -3.7699999809265137)
Part3948.Transparency = 1
Part3948.Size = Vector3.new(1.3500009775161743, 20.749998092651367, 1.5)
Part3948.Anchored = true
Part3948.Material = Enum.Material.Fabric
Part3949.Name = "Tree_Collision"
Part3949.Parent = Model3936
Part3949.CFrame = CFrame.new(1250.11792, 351.231171, 3631.29614, 0.80345118, -0.269055068, -0.531111479, 0.268724561, 0.959913433, -0.0797619447, 0.5312801, -0.0786377713, 0.843543112)
Part3949.Orientation = Vector3.new(4.570000171661377, -32.20000076293945, 15.640000343322754)
Part3949.Position = Vector3.new(1250.117919921875, 351.2311706542969, 3631.296142578125)
Part3949.Rotation = Vector3.new(5.400000095367432, -32.08000183105469, 18.510000228881836)
Part3949.Transparency = 1
Part3949.Size = Vector3.new(1.3500009775161743, 22.749998092651367, 1.5)
Part3949.Anchored = true
Part3949.Material = Enum.Material.Fabric
Part3950.Name = "Tree_Collision"
Part3950.Parent = Model3936
Part3950.CFrame = CFrame.new(1282.66772, 352.105621, 3644.34009, 0.807178199, 0.280177414, -0.519584179, -0.12677969, 0.941931188, 0.310968041, 0.57653743, -0.185133412, 0.795825005)
Part3950.Orientation = Vector3.new(-18.1200008392334, -33.13999938964844, -7.670000076293945)
Part3950.Position = Vector3.new(1282.667724609375, 352.1056213378906, 3644.340087890625)
Part3950.Rotation = Vector3.new(-21.34000015258789, -31.299999237060547, -19.139999389648438)
Part3950.Transparency = 1
Part3950.Size = Vector3.new(1.3500009775161743, 23.749998092651367, 1.5)
Part3950.Anchored = true
Part3950.Material = Enum.Material.Fabric
Part3951.Name = "Tree_Collision"
Part3951.Parent = Model3936
Part3951.CFrame = CFrame.new(1282.65796, 351.665222, 3658.13452, 0.809255302, 0.111990288, -0.576686978, -0.109460384, 0.993219316, 0.0392752551, 0.577173769, 0.0313405395, 0.816024244)
Part3951.Orientation = Vector3.new(-2.25, -35.25, -6.289999961853027)
Part3951.Position = Vector3.new(1282.657958984375, 351.66522216796875, 3658.134521484375)
Part3951.Rotation = Vector3.new(-2.759999990463257, -35.220001220703125, -7.880000114440918)
Part3951.Transparency = 1
Part3951.Size = Vector3.new(1.3500009775161743, 23.749998092651367, 1.5)
Part3951.Anchored = true
Part3951.Material = Enum.Material.Fabric
Part3952.Name = "Tree_Collision"
Part3952.Parent = Model3936
Part3952.CFrame = CFrame.new(1236.06299, 351.28598, 3639.01978, 0.823232174, -0.136501133, -0.551053643, 0.166576445, 0.986022174, 0.00460559083, 0.542721152, -0.0955838561, 0.834460735)
Part3952.Orientation = Vector3.new(-0.25999999046325684, -33.439998626708984, 9.59000015258789)
Part3952.Position = Vector3.new(1236.06298828125, 351.2859802246094, 3639.019775390625)
Part3952.Rotation = Vector3.new(-0.3199999928474426, -33.439998626708984, 9.40999984741211)
Part3952.Transparency = 1
Part3952.Size = Vector3.new(1.3500009775161743, 22.749998092651367, 1.5)
Part3952.Anchored = true
Part3952.Material = Enum.Material.Fabric
Model3953.Name = "??"
Model3953.Parent = Folder0
Part3954.Name = "TreeMesh Bottom"
Part3954.Parent = Model3953
Part3954.CFrame = CFrame.new(1306.30591, 339.748688, 3671.52124, -0.546630144, -0.000413864385, -0.837376356, 0.000455754576, 1.00000381, -0.00079174852, 0.837377727, -0.000814501778, -0.5466308)
Part3954.Orientation = Vector3.new(0.05000000074505806, -123.13999938964844, 0.029999999329447746)
Part3954.Position = Vector3.new(1306.305908203125, 339.7486877441406, 3671.521240234375)
Part3954.Rotation = Vector3.new(179.9199981689453, -56.86000061035156, 179.9600067138672)
Part3954.Size = Vector3.new(8.250000953674316, 0.2499980926513672, 7)
Part3954.Anchored = true
Part3954.CanCollide = false
Part3954.Material = Enum.Material.Fabric
SpecialMesh3955.Name = "BarkMesh"
SpecialMesh3955.Parent = Part3954
SpecialMesh3955.MeshId = "rbxassetid://623621260"
SpecialMesh3955.Offset = Vector3.new(0, 3.4100000858306885, 0)
SpecialMesh3955.TextureId = "rbxassetid://623618671"
SpecialMesh3955.MeshType = Enum.MeshType.FileMesh
Part3956.Name = "TreeMeshTop"
Part3956.Parent = Model3953
Part3956.CFrame = CFrame.new(1306.2937, 369.888763, 3671.49634, -0.546630144, -0.000413864385, -0.837376356, 0.000455754576, 1.00000381, -0.00079174852, 0.837377727, -0.000814501778, -0.5466308)
Part3956.Orientation = Vector3.new(0.05000000074505806, -123.13999938964844, 0.029999999329447746)
Part3956.Position = Vector3.new(1306.293701171875, 369.8887634277344, 3671.496337890625)
Part3956.Rotation = Vector3.new(179.9199981689453, -56.86000061035156, 179.9600067138672)
Part3956.Transparency = 0.05000000074505806
Part3956.Size = Vector3.new(8.250000953674316, 0.2499980926513672, 7)
Part3956.Anchored = true
Part3956.CanCollide = false
Part3956.Material = Enum.Material.Fabric
SpecialMesh3957.Name = "TopTreeMesh"
SpecialMesh3957.Parent = Part3956
SpecialMesh3957.MeshId = "rbxassetid://623621456"
SpecialMesh3957.Offset = Vector3.new(0, 3.4100000858306885, 0)
SpecialMesh3957.Scale = Vector3.new(1.600000023841858, 1.600000023841858, 1.600000023841858)
SpecialMesh3957.TextureId = "rbxassetid://745556120"
SpecialMesh3957.MeshType = Enum.MeshType.FileMesh
Part3958.Name = "Tree_Collision"
Part3958.Parent = Model3953
Part3958.CFrame = CFrame.new(1302.96362, 352.874695, 3667.61401, -0.548170209, -0.0314008929, -0.835779369, 0.097127758, 0.990148008, -0.100904673, 0.830711663, -0.136490047, -0.53971839)
Part3958.Orientation = Vector3.new(5.789999961853027, -122.8499984741211, 5.599999904632568)
Part3958.Position = Vector3.new(1302.963623046875, 352.87469482421875, 3667.614013671875)
Part3958.Rotation = Vector3.new(169.41000366210938, -56.70000076293945, 176.72000122070312)
Part3958.Transparency = 1
Part3958.Size = Vector3.new(1.3500009775161743, 26.749998092651367, 1.5)
Part3958.Anchored = true
Part3958.Material = Enum.Material.Fabric
Part3959.Name = "Tree_Collision"
Part3959.Parent = Model3953
Part3959.CFrame = CFrame.new(1292.51025, 351.865601, 3667.28638, -0.560369253, -0.234171301, -0.794451892, -0.301465929, 0.951075137, -0.0676973313, 0.771434188, 0.201564014, -0.60354656)
Part3959.Orientation = Vector3.new(3.880000114440918, -127.22000122070312, -17.59000015258789)
Part3959.Position = Vector3.new(1292.51025390625, 351.8656005859375, 3667.286376953125)
Part3959.Rotation = Vector3.new(173.60000610351562, -52.599998474121094, 157.32000732421875)
Part3959.Transparency = 1
Part3959.Size = Vector3.new(1.3500009775161743, 23.749998092651367, 1.5)
Part3959.Anchored = true
Part3959.Material = Enum.Material.Fabric
Part3960.Name = "Tree_Collision"
Part3960.Parent = Model3953
Part3960.CFrame = CFrame.new(1314.70093, 353.336945, 3655.28442, -0.548634589, -0.0800802037, -0.832220554, 0.11439386, 0.978855133, -0.169603288, 0.828203082, -0.18825078, -0.527871907)
Part3960.Orientation = Vector3.new(9.760000228881836, -122.38999938964844, 6.670000076293945)
Part3960.Position = Vector3.new(1314.700927734375, 353.3369445800781, 3655.284423828125)
Part3960.Rotation = Vector3.new(162.19000244140625, -56.33000183105469, 171.6999969482422)
Part3960.Transparency = 1
Part3960.Size = Vector3.new(1.3500009775161743, 26.749998092651367, 1.5)
Part3960.Anchored = true
Part3960.Material = Enum.Material.Fabric
Part3961.Name = "Tree_Collision"
Part3961.Parent = Model3953
Part3961.CFrame = CFrame.new(1295.51562, 351.601562, 3707.09497, -0.548304319, 0.210848883, -0.809264421, -0.0107167438, 0.965847433, 0.258906573, 0.836213827, 0.15063186, -0.527317524)
Part3961.Orientation = Vector3.new(-15.010000228881836, -123.08999633789062, -0.6399999856948853)
Part3961.Position = Vector3.new(1295.515625, 351.6015625, 3707.094970703125)
Part3961.Rotation = Vector3.new(-153.85000610351562, -54.02000045776367, -158.97000122070312)
Part3961.Transparency = 1
Part3961.Size = Vector3.new(1.3500009775161743, 23.749998092651367, 1.5)
Part3961.Anchored = true
Part3961.Material = Enum.Material.Fabric
Part3962.Name = "Tree_Collision"
Part3962.Parent = Model3953
Part3962.CFrame = CFrame.new(1321.0603, 352.748901, 3671.92505, -0.512841403, 0.293277055, -0.806837082, 0.214001283, 0.953845859, 0.210689843, 0.831386447, -0.0646135509, -0.551932096)
Part3962.Orientation = Vector3.new(-12.15999984741211, -124.37000274658203, 12.649999618530273)
Part3962.Position = Vector3.new(1321.060302734375, 352.7489013671875, 3671.925048828125)
Part3962.Rotation = Vector3.new(-159.11000061035156, -53.790000915527344, -150.24000549316406)
Part3962.Transparency = 1
Part3962.Size = Vector3.new(1.3500009775161743, 26.749998092651367, 1.5)
Part3962.Anchored = true
Part3962.Material = Enum.Material.Fabric
Part3963.Name = "Tree_Collision"
Part3963.Parent = Model3953
Part3963.CFrame = CFrame.new(1293.8269, 351.488617, 3653.39038, -0.631909072, -0.18503657, -0.752632797, 0.0887002349, 0.947440922, -0.307403058, 0.769953787, -0.261008978, -0.582282305)
Part3963.Orientation = Vector3.new(17.899999618530273, -127.7300033569336, 5.349999904632568)
Part3963.Position = Vector3.new(1293.826904296875, 351.4886169433594, 3653.390380859375)
Part3963.Rotation = Vector3.new(152.1699981689453, -48.81999969482422, 163.67999267578125)
Part3963.Transparency = 1
Part3963.Size = Vector3.new(1.3500009775161743, 22.749998092651367, 1.5)
Part3963.Anchored = true
Part3963.Material = Enum.Material.Fabric
Part3964.Name = "Tree_Collision"
Part3964.Parent = Model3953
Part3964.CFrame = CFrame.new(1287.00488, 352.387421, 3688.67798, -0.5745399, -0.0627176911, -0.816072464, -0.161676645, 0.98611474, 0.0380393378, 0.802353203, 0.153794497, -0.576700866)
Part3964.Orientation = Vector3.new(-2.180000066757202, -125.25, -9.3100004196167)
Part3964.Position = Vector3.new(1287.0048828125, 352.3874206542969, 3688.677978515625)
Part3964.Rotation = Vector3.new(-176.22999572753906, -54.689998626708984, 173.77000427246094)
Part3964.Transparency = 1
Part3964.Size = Vector3.new(1.3500009775161743, 23.749998092651367, 1.5)
Part3964.Anchored = true
Part3964.Material = Enum.Material.Fabric
Part3965.Name = "Tree_Collision"
Part3965.Parent = Model3953
Part3965.CFrame = CFrame.new(1274.24072, 350.367889, 3696.43091, -0.522448719, -0.220818132, -0.823583901, -0.165490106, 0.973782122, -0.156108752, 0.83646065, 0.054735899, -0.545293272)
Part3965.Orientation = Vector3.new(8.979999542236328, -123.51000213623047, -9.649999618530273)
Part3965.Position = Vector3.new(1274.24072265625, 350.3678894042969, 3696.430908203125)
Part3965.Rotation = Vector3.new(164.02000427246094, -55.45000076293945, 157.08999633789062)
Part3965.Transparency = 1
Part3965.Size = Vector3.new(1.3500009775161743, 20.749998092651367, 1.5)
Part3965.Anchored = true
Part3965.Material = Enum.Material.Fabric
Part3966.Name = "Tree_Collision"
Part3966.Parent = Model3953
Part3966.CFrame = CFrame.new(1334.59277, 351.283539, 3652.7439, -0.531607985, 0.0774571598, -0.843443692, 0.268393308, 0.959901392, -0.0810116827, 0.80334568, -0.269440472, -0.531079054)
Part3966.Orientation = Vector3.new(4.650000095367432, -122.19999694824219, 15.619999885559082)
Part3966.Position = Vector3.new(1334.5927734375, 351.2835388183594, 3652.743896484375)
Part3966.Rotation = Vector3.new(171.3300018310547, -57.5099983215332, -171.7100067138672)
Part3966.Transparency = 1
Part3966.Size = Vector3.new(1.3500009775161743, 22.749998092651367, 1.5)
Part3966.Anchored = true
Part3966.Material = Enum.Material.Fabric
Part3967.Name = "Tree_Collision"
Part3967.Parent = Model3953
Part3967.CFrame = CFrame.new(1321.54834, 352.154999, 3685.2937, -0.576378703, 0.183977097, -0.796205878, -0.12716265, 0.942270398, 0.3097817, 0.807231963, 0.279798448, -0.519708335)
Part3967.Orientation = Vector3.new(-18.049999237060547, -123.12999725341797, -7.690000057220459)
Part3967.Position = Vector3.new(1321.54833984375, 352.1549987792969, 3685.293701171875)
Part3967.Rotation = Vector3.new(-149.1999969482422, -52.77000045776367, -162.3000030517578)
Part3967.Transparency = 1
Part3967.Size = Vector3.new(1.3500009775161743, 23.749998092651367, 1.5)
Part3967.Anchored = true
Part3967.Material = Enum.Material.Fabric
Part3968.Name = "Tree_Collision"
Part3968.Parent = Model3953
Part3968.CFrame = CFrame.new(1307.75415, 351.697632, 3685.28345, -0.577036679, -0.0325622186, -0.816071153, -0.109846234, 0.99322474, 0.0380404554, 0.809301198, 0.11159271, -0.576702654)
Part3968.Orientation = Vector3.new(-2.180000066757202, -125.25, -6.309999942779541)
Part3968.Position = Vector3.new(1307.754150390625, 351.6976318359375, 3685.283447265625)
Part3968.Rotation = Vector3.new(-176.22999572753906, -54.689998626708984, 176.77000427246094)
Part3968.Transparency = 1
Part3968.Size = Vector3.new(1.3500009775161743, 23.749998092651367, 1.5)
Part3968.Anchored = true
Part3968.Material = Enum.Material.Fabric
Part3969.Name = "Tree_Collision"
Part3969.Parent = Model3953
Part3969.CFrame = CFrame.new(1326.86938, 351.323181, 3638.68823, -0.54292357, 0.0943705887, -0.834465206, 0.16623944, 0.986083984, 0.00335789798, 0.823167503, -0.136897624, -0.551055074)
Part3969.Orientation = Vector3.new(-0.1899999976158142, -123.44000244140625, 9.569999694824219)
Part3969.Position = Vector3.new(1326.869384765625, 351.32318115234375, 3638.688232421875)
Part3969.Rotation = Vector3.new(-179.64999389648438, -56.560001373291016, -170.13999938964844)
Part3969.Transparency = 1
Part3969.Size = Vector3.new(1.3500009775161743, 22.749998092651367, 1.5)
Part3969.Anchored = true
Part3969.Material = Enum.Material.Fabric
Model3970.Name = "??"
Model3970.Parent = Folder0
Part3971.Name = "TreeMesh Bottom"
Part3971.Parent = Model3970
Part3971.CFrame = CFrame.new(1143.56543, 339.00882, 3574.98511, -0.75224632, -0.000414692506, -0.658885062, 0.000225205789, 1.00000393, -0.000886526715, 0.658886671, -0.000815339095, -0.752246559)
Part3971.Orientation = Vector3.new(0.05000000074505806, -138.7899932861328, 0.009999999776482582)
Part3971.Position = Vector3.new(1143.5654296875, 339.0088195800781, 3574.985107421875)
Part3971.Rotation = Vector3.new(179.92999267578125, -41.209999084472656, 179.97000122070312)
Part3971.Size = Vector3.new(8.250000953674316, 0.2499980926513672, 7)
Part3971.Anchored = true
Part3971.CanCollide = false
Part3971.Material = Enum.Material.Fabric
SpecialMesh3972.Name = "BarkMesh"
SpecialMesh3972.Parent = Part3971
SpecialMesh3972.MeshId = "rbxassetid://623621260"
SpecialMesh3972.Offset = Vector3.new(0, 3.4100000858306885, 0)
SpecialMesh3972.TextureId = "rbxassetid://623618671"
SpecialMesh3972.MeshType = Enum.MeshType.FileMesh
Part3973.Name = "TreeMeshTop"
Part3973.Parent = Model3970
Part3973.CFrame = CFrame.new(1143.55347, 369.148926, 3574.96045, -0.75224632, -0.000414692506, -0.658885062, 0.000225205789, 1.00000393, -0.000886526715, 0.658886671, -0.000815339095, -0.752246559)
Part3973.Orientation = Vector3.new(0.05000000074505806, -138.7899932861328, 0.009999999776482582)
Part3973.Position = Vector3.new(1143.553466796875, 369.14892578125, 3574.96044921875)
Part3973.Rotation = Vector3.new(179.92999267578125, -41.209999084472656, 179.97000122070312)
Part3973.Transparency = 0.05000000074505806
Part3973.Size = Vector3.new(8.250000953674316, 0.2499980926513672, 7)
Part3973.Anchored = true
Part3973.CanCollide = false
Part3973.Material = Enum.Material.Fabric
SpecialMesh3974.Name = "TopTreeMesh"
SpecialMesh3974.Parent = Part3973
SpecialMesh3974.MeshId = "rbxassetid://623621456"
SpecialMesh3974.Offset = Vector3.new(0, 3.4100000858306885, 0)
SpecialMesh3974.Scale = Vector3.new(1.600000023841858, 1.600000023841858, 1.600000023841858)
SpecialMesh3974.TextureId = "rbxassetid://745556120"
SpecialMesh3974.MeshType = Enum.MeshType.FileMesh
Part3975.Name = "Tree_Collision"
Part3975.Parent = Model3970
Part3975.CFrame = CFrame.new(1141.39771, 352.134705, 3570.32251, -0.751954317, 0.0063480325, -0.659187675, 0.0968988463, 0.990160823, -0.100999989, 0.652059317, -0.139821604, -0.745168209)
Part3975.Orientation = Vector3.new(5.800000190734863, -138.5, 5.590000152587891)
Part3975.Position = Vector3.new(1141.397705078125, 352.13470458984375, 3570.322509765625)
Part3975.Rotation = Vector3.new(172.27999877929688, -41.2400016784668, -179.52000427246094)
Part3975.Transparency = 1
Part3975.Size = Vector3.new(1.3500009775161743, 26.749998092651367, 1.5)
Part3975.Anchored = true
Part3975.Material = Enum.Material.Fabric
Part3976.Name = "Tree_Collision"
Part3976.Parent = Model3970
Part3976.CFrame = CFrame.new(1131.42065, 351.123627, 3567.1875, -0.747617483, -0.280084223, -0.6021837, -0.301689118, 0.950999081, -0.0677731559, 0.591657162, 0.131003574, -0.795479178)
Part3976.Orientation = Vector3.new(3.890000104904175, -142.8699951171875, -17.600000381469727)
Part3976.Position = Vector3.new(1131.420654296875, 351.1236267089844, 3567.1875)
Part3976.Rotation = Vector3.new(175.1300048828125, -37.029998779296875, 159.4600067138672)
Part3976.Transparency = 1
Part3976.Size = Vector3.new(1.3500009775161743, 23.749998092651367, 1.5)
Part3976.Anchored = true
Part3976.Material = Enum.Material.Fabric
Part3977.Name = "Tree_Collision"
Part3977.Parent = Model3970
Part3977.CFrame = CFrame.new(1156.02637, 352.601135, 3561.61572, -0.751728296, -0.0265601128, -0.658940911, 0.114165202, 0.978865802, -0.169696584, 0.649520636, -0.202793315, -0.732806325)
Part3977.Orientation = Vector3.new(9.770000457763672, -138.0399932861328, 6.650000095367432)
Part3977.Position = Vector3.new(1156.0263671875, 352.60113525390625, 3561.61572265625)
Part3977.Rotation = Vector3.new(166.9600067138672, -41.220001220703125, 177.97999572753906)
Part3977.Transparency = 1
Part3977.Size = Vector3.new(1.3500009775161743, 26.749998092651367, 1.5)
Part3977.Anchored = true
Part3977.Material = Enum.Material.Fabric
Part3978.Name = "Tree_Collision"
Part3978.Parent = Model3970
Part3978.CFrame = CFrame.new(1123.57703, 350.854462, 3606.33105, -0.753541827, 0.162174523, -0.637085676, -0.0109464712, 0.965869308, 0.258816034, 0.657313466, 0.20200178, -0.726045191)
Part3978.Orientation = Vector3.new(-15, -138.72999572753906, -0.6499999761581421)
Part3978.Position = Vector3.new(1123.5770263671875, 350.8544616699219, 3606.3310546875)
Part3978.Rotation = Vector3.new(-160.3800048828125, -39.56999969482422, -167.85000610351562)
Part3978.Transparency = 1
Part3978.Size = Vector3.new(1.3500009775161743, 23.749998092651367, 1.5)
Part3978.Anchored = true
Part3978.Material = Enum.Material.Fabric
Part3979.Name = "Tree_Collision"
Part3979.Parent = Model3970
Part3979.CFrame = CFrame.new(1157.66089, 352.011993, 3579.35498, -0.71814394, 0.299611419, -0.628097355, 0.213779479, 0.953914881, 0.210603222, 0.662249029, 0.0169687718, -0.749096394)
Part3979.Orientation = Vector3.new(-12.15999984741211, -140.02000427246094, 12.630000114440918)
Part3979.Position = Vector3.new(1157.660888671875, 352.0119934082031, 3579.35498046875)
Part3979.Rotation = Vector3.new(-164.3000030517578, -38.90999984741211, -157.35000610351562)
Part3979.Transparency = 1
Part3979.Size = Vector3.new(1.3500009775161743, 26.749998092651367, 1.5)
Part3979.Anchored = true
Part3979.Material = Enum.Material.Fabric
Part3980.Name = "Tree_Collision"
Part3980.Parent = Model3970
Part3980.CFrame = CFrame.new(1136.43701, 350.748779, 3554.16162, -0.816197515, -0.107994467, -0.567593813, 0.0884618163, 0.947440207, -0.307474405, 0.570965648, -0.301169425, -0.763742328)
Part3980.Orientation = Vector3.new(17.90999984741211, -143.3800048828125, 5.329999923706055)
Part3980.Position = Vector3.new(1136.43701171875, 350.748779296875, 3554.16162109375)
Part3980.Rotation = Vector3.new(158.07000732421875, -34.58000183105469, 172.4600067138672)
Part3980.Transparency = 1
Part3980.Size = Vector3.new(1.3500009775161743, 22.749998092651367, 1.5)
Part3980.Anchored = true
Part3980.Material = Enum.Material.Fabric
Part3981.Name = "Tree_Collision"
Part3981.Parent = Model3970
Part3981.CFrame = CFrame.new(1120.34924, 351.641235, 3586.30103, -0.769635618, -0.102110073, -0.630268693, -0.161907956, 0.986080229, 0.037954282, 0.61761874, 0.131256104, -0.775452256)
Part3981.Orientation = Vector3.new(-2.180000066757202, -140.89999389648438, -9.319999694824219)
Part3981.Position = Vector3.new(1120.3492431640625, 351.6412353515625, 3586.301025390625)
Part3981.Rotation = Vector3.new(-177.1999969482422, -39.06999969482422, 172.44000244140625)
Part3981.Transparency = 1
Part3981.Size = Vector3.new(1.3500009775161743, 23.749998092651367, 1.5)
Part3981.Anchored = true
Part3981.Material = Enum.Material.Fabric
Part3982.Name = "Tree_Collision"
Part3982.Parent = Model3970
Part3982.CFrame = CFrame.new(1105.96765, 349.61795, 3590.32349, -0.728674769, -0.227626517, -0.645928144, -0.16571559, 0.973729312, -0.156199813, 0.664512932, -0.00677842647, -0.747250795)
Part3982.Orientation = Vector3.new(8.989999771118164, -139.16000366210938, -9.65999984741211)
Part3982.Position = Vector3.new(1105.9676513671875, 349.6179504394531, 3590.323486328125)
Part3982.Rotation = Vector3.new(168.19000244140625, -40.2400016784668, 162.64999389648438)
Part3982.Transparency = 1
Part3982.Size = Vector3.new(1.3500009775161743, 20.749998092651367, 1.5)
Part3982.Anchored = true
Part3982.Material = Enum.Material.Fabric
Part3983.Name = "Tree_Collision"
Part3983.Parent = Model3970
Part3983.CFrame = CFrame.new(1175.8667, 350.552124, 3564.53516, -0.728663981, 0.147040516, -0.668903589, 0.268170685, 0.959955573, -0.081108816, 0.630190194, -0.238480911, -0.73891449)
Part3983.Orientation = Vector3.new(4.650000095367432, -137.85000610351562, 15.609999656677246)
Part3983.Position = Vector3.new(1175.86669921875, 350.5521240234375, 3564.53515625)
Part3983.Rotation = Vector3.new(173.74000549316406, -41.97999954223633, -168.58999633789062)
Part3983.Transparency = 1
Part3983.Size = Vector3.new(1.3500009775161743, 22.749998092651367, 1.5)
Part3983.Anchored = true
Part3983.Material = Enum.Material.Fabric
Part3984.Name = "Tree_Collision"
Part3984.Parent = Model3970
Part3984.CFrame = CFrame.new(1154.52515, 351.416321, 3592.35913, -0.772730291, 0.101460747, -0.626576304, -0.127396002, 0.942268312, 0.309692532, 0.62182343, 0.319131047, -0.715191126)
Part3984.Orientation = Vector3.new(-18.040000915527344, -138.77999877929688, -7.699999809265137)
Part3984.Position = Vector3.new(1154.525146484375, 351.41632080078125, 3592.359130859375)
Part3984.Rotation = Vector3.new(-156.58999633789062, -38.79999923706055, -172.52000427246094)
Part3984.Transparency = 1
Part3984.Size = Vector3.new(1.3500009775161743, 23.749998092651367, 1.5)
Part3984.Anchored = true
Part3984.Material = Enum.Material.Fabric
Part3985.Name = "Tree_Collision"
Part3985.Parent = Model3970
Part3985.CFrame = CFrame.new(1141.24524, 350.956085, 3588.62891, -0.773925781, -0.0616895184, -0.630267739, -0.110078044, 0.993202448, 0.0379553586, 0.623640776, 0.0987529457, -0.775452971)
Part3985.Orientation = Vector3.new(-2.180000066757202, -140.89999389648438, -6.320000171661377)
Part3985.Position = Vector3.new(1141.2452392578125, 350.9560852050781, 3588.62890625)
Part3985.Rotation = Vector3.new(-177.1999969482422, -39.06999969482422, 175.44000244140625)
Part3985.Transparency = 1
Part3985.Size = Vector3.new(1.3500009775161743, 23.749998092651367, 1.5)
Part3985.Anchored = true
Part3985.Material = Enum.Material.Fabric
Part3986.Name = "Tree_Collision"
Part3986.Parent = Model3970
Part3986.CFrame = CFrame.new(1172.22034, 350.592224, 3548.91748, -0.744882703, 0.127569482, -0.654889166, 0.166012645, 0.986122727, 0.00326651148, 0.646216393, -0.106286556, -0.755721331)
Part3986.Orientation = Vector3.new(-0.1899999976158142, -139.08999633789062, 9.5600004196167)
Part3986.Position = Vector3.new(1172.2203369140625, 350.59222412109375, 3548.91748046875)
Part3986.Rotation = Vector3.new(-179.75, -40.90999984741211, -170.27999877929688)
Part3986.Transparency = 1
Part3986.Size = Vector3.new(1.3500009775161743, 22.749998092651367, 1.5)
Part3986.Anchored = true
Part3986.Material = Enum.Material.Fabric
Model3987.Name = "??"
Model3987.Parent = Folder0
Part3988.Name = "TreeMesh Bottom"
Part3988.Parent = Model3987
Part3988.CFrame = CFrame.new(1203.27441, 339.063934, 3612.24829, -0.75224632, -0.000413970789, -0.658885062, 0.000225205789, 1.00000393, -0.000885431364, 0.658886671, -0.000814515108, -0.752246559)
Part3988.Orientation = Vector3.new(0.05000000074505806, -138.7899932861328, 0.009999999776482582)
Part3988.Position = Vector3.new(1203.2744140625, 339.0639343261719, 3612.248291015625)
Part3988.Rotation = Vector3.new(179.92999267578125, -41.209999084472656, 179.97000122070312)
Part3988.Size = Vector3.new(8.250000953674316, 0.2499980926513672, 7)
Part3988.Anchored = true
Part3988.CanCollide = false
Part3988.Material = Enum.Material.Fabric
SpecialMesh3989.Name = "BarkMesh"
SpecialMesh3989.Parent = Part3988
SpecialMesh3989.MeshId = "rbxassetid://623621260"
SpecialMesh3989.Offset = Vector3.new(0, 3.4100000858306885, 0)
SpecialMesh3989.TextureId = "rbxassetid://623618671"
SpecialMesh3989.MeshType = Enum.MeshType.FileMesh
Part3990.Name = "TreeMeshTop"
Part3990.Parent = Model3987
Part3990.CFrame = CFrame.new(1203.26221, 369.204041, 3612.22363, -0.75224632, -0.000413970789, -0.658885062, 0.000225205789, 1.00000393, -0.000885431364, 0.658886671, -0.000814515108, -0.752246559)
Part3990.Orientation = Vector3.new(0.05000000074505806, -138.7899932861328, 0.009999999776482582)
Part3990.Position = Vector3.new(1203.26220703125, 369.20404052734375, 3612.2236328125)
Part3990.Rotation = Vector3.new(179.92999267578125, -41.209999084472656, 179.97000122070312)
Part3990.Transparency = 0.05000000074505806
Part3990.Size = Vector3.new(8.250000953674316, 0.2499980926513672, 7)
Part3990.Anchored = true
Part3990.CanCollide = false
Part3990.Material = Enum.Material.Fabric
SpecialMesh3991.Name = "TopTreeMesh"
SpecialMesh3991.Parent = Part3990
SpecialMesh3991.MeshId = "rbxassetid://623621456"
SpecialMesh3991.Offset = Vector3.new(0, 3.4100000858306885, 0)
SpecialMesh3991.Scale = Vector3.new(1.600000023841858, 1.600000023841858, 1.600000023841858)
SpecialMesh3991.TextureId = "rbxassetid://745556120"
SpecialMesh3991.MeshType = Enum.MeshType.FileMesh
Part3992.Name = "Tree_Collision"
Part3992.Parent = Model3987
Part3992.CFrame = CFrame.new(1201.10693, 352.18985, 3607.58569, -0.751953661, 0.0063485913, -0.65918839, 0.0968988314, 0.990160942, -0.100998916, 0.652060032, -0.139820755, -0.745167732)
Part3992.Orientation = Vector3.new(5.800000190734863, -138.5, 5.590000152587891)
Part3992.Position = Vector3.new(1201.10693359375, 352.1898498535156, 3607.585693359375)
Part3992.Rotation = Vector3.new(172.27999877929688, -41.2400016784668, -179.52000427246094)
Part3992.Transparency = 1
Part3992.Size = Vector3.new(1.3500009775161743, 26.749998092651367, 1.5)
Part3992.Anchored = true
Part3992.Material = Enum.Material.Fabric
Part3993.Name = "Tree_Collision"
Part3993.Parent = Model3987
Part3993.CFrame = CFrame.new(1191.12939, 351.17868, 3604.4502, -0.747617126, -0.280085564, -0.602183223, -0.301689982, 0.950998783, -0.0677741766, 0.591656983, 0.131003231, -0.795479298)
Part3993.Orientation = Vector3.new(3.890000104904175, -142.8699951171875, -17.600000381469727)
Part3993.Position = Vector3.new(1191.12939453125, 351.1786804199219, 3604.4501953125)
Part3993.Rotation = Vector3.new(175.1300048828125, -37.029998779296875, 159.4600067138672)
Part3993.Transparency = 1
Part3993.Size = Vector3.new(1.3500009775161743, 23.749998092651367, 1.5)
Part3993.Anchored = true
Part3993.Material = Enum.Material.Fabric
Part3994.Name = "Tree_Collision"
Part3994.Parent = Model3987
Part3994.CFrame = CFrame.new(1215.73401, 352.65625, 3598.87891, -0.751727581, -0.0265615471, -0.658941627, 0.114165187, 0.978865504, -0.169698358, 0.64952141, -0.202794641, -0.732805252)
Part3994.Orientation = Vector3.new(9.770000457763672, -138.0399932861328, 6.650000095367432)
Part3994.Position = Vector3.new(1215.7340087890625, 352.65625, 3598.87890625)
Part3994.Rotation = Vector3.new(166.9600067138672, -41.220001220703125, 177.97999572753906)
Part3994.Transparency = 1
Part3994.Size = Vector3.new(1.3500009775161743, 26.749998092651367, 1.5)
Part3994.Anchored = true
Part3994.Material = Enum.Material.Fabric
Part3995.Name = "Tree_Collision"
Part3995.Parent = Model3987
Part3995.CFrame = CFrame.new(1183.28564, 350.909576, 3643.59399, -0.753541827, 0.162174359, -0.637085676, -0.0109474706, 0.96586895, 0.258816898, 0.657313466, 0.202003062, -0.726044655)
Part3995.Orientation = Vector3.new(-15, -138.72999572753906, -0.6499999761581421)
Part3995.Position = Vector3.new(1183.28564453125, 350.9095764160156, 3643.593994140625)
Part3995.Rotation = Vector3.new(-160.3800048828125, -39.56999969482422, -167.85000610351562)
Part3995.Transparency = 1
Part3995.Size = Vector3.new(1.3500009775161743, 23.749998092651367, 1.5)
Part3995.Anchored = true
Part3995.Material = Enum.Material.Fabric
Part3996.Name = "Tree_Collision"
Part3996.Parent = Model3987
Part3996.CFrame = CFrame.new(1217.37012, 352.067169, 3616.61719, -0.718144178, 0.2996113, -0.628097296, 0.213778526, 0.953914881, 0.210604131, 0.662249267, 0.0169700868, -0.749096215)
Part3996.Orientation = Vector3.new(-12.15999984741211, -140.02000427246094, 12.630000114440918)
Part3996.Position = Vector3.new(1217.3701171875, 352.0671691894531, 3616.6171875)
Part3996.Rotation = Vector3.new(-164.3000030517578, -38.90999984741211, -157.35000610351562)
Part3996.Transparency = 1
Part3996.Size = Vector3.new(1.3500009775161743, 26.749998092651367, 1.5)
Part3996.Anchored = true
Part3996.Material = Enum.Material.Fabric
Part3997.Name = "Tree_Collision"
Part3997.Parent = Model3987
Part3997.CFrame = CFrame.new(1196.14526, 350.803864, 3591.4248, -0.816197574, -0.107995227, -0.567593634, 0.0884608328, 0.947440326, -0.307474494, 0.570965707, -0.301168919, -0.763742507)
Part3997.Orientation = Vector3.new(17.90999984741211, -143.3800048828125, 5.329999923706055)
Part3997.Position = Vector3.new(1196.145263671875, 350.8038635253906, 3591.4248046875)
Part3997.Rotation = Vector3.new(158.07000732421875, -34.58000183105469, 172.4600067138672)
Part3997.Transparency = 1
Part3997.Size = Vector3.new(1.3500009775161743, 22.749998092651367, 1.5)
Part3997.Anchored = true
Part3997.Material = Enum.Material.Fabric
Part3998.Name = "Tree_Collision"
Part3998.Parent = Model3987
Part3998.CFrame = CFrame.new(1180.05835, 351.69635, 3623.56396, -0.769635677, -0.102109283, -0.630268633, -0.161906987, 0.986080348, 0.0379543565, 0.617618799, 0.131255552, -0.775452256)
Part3998.Orientation = Vector3.new(-2.180000066757202, -140.89999389648438, -9.319999694824219)
Part3998.Position = Vector3.new(1180.058349609375, 351.69635009765625, 3623.56396484375)
Part3998.Rotation = Vector3.new(-177.1999969482422, -39.06999969482422, 172.44000244140625)
Part3998.Transparency = 1
Part3998.Size = Vector3.new(1.3500009775161743, 23.749998092651367, 1.5)
Part3998.Anchored = true
Part3998.Material = Enum.Material.Fabric
Part3999.Name = "Tree_Collision"
Part3999.Parent = Model3987
Part3999.CFrame = CFrame.new(1165.67651, 349.673065, 3627.58569, -0.728674769, -0.227626517, -0.645928144, -0.16571559, 0.973729312, -0.156199813, 0.664512932, -0.00677842647, -0.747250795)
Part3999.Orientation = Vector3.new(8.989999771118164, -139.16000366210938, -9.65999984741211)
Part3999.Position = Vector3.new(1165.676513671875, 349.6730651855469, 3627.585693359375)
Part3999.Rotation = Vector3.new(168.19000244140625, -40.2400016784668, 162.64999389648438)
Part3999.Transparency = 1
Part3999.Size = Vector3.new(1.3500009775161743, 20.749998092651367, 1.5)
Part3999.Anchored = true
Part3999.Material = Enum.Material.Fabric
Part4000.Name = "Tree_Collision"
Part4000.Parent = Model3987
Part4000.CFrame = CFrame.new(1235.57507, 350.607269, 3601.79761, -0.728663802, 0.147041276, -0.668903649, 0.268171608, 0.959955215, -0.0811086819, 0.630189955, -0.238481402, -0.73891443)
Part4000.Orientation = Vector3.new(4.650000095367432, -137.85000610351562, 15.609999656677246)
Part4000.Position = Vector3.new(1235.5750732421875, 350.6072692871094, 3601.797607421875)
Part4000.Rotation = Vector3.new(173.74000549316406, -41.97999954223633, -168.58999633789062)
Part4000.Transparency = 1
Part4000.Size = Vector3.new(1.3500009775161743, 22.749998092651367, 1.5)
Part4000.Anchored = true
Part4000.Material = Enum.Material.Fabric
Part4001.Name = "Tree_Collision"
Part4001.Parent = Model3987
Part4001.CFrame = CFrame.new(1214.23376, 351.471405, 3629.62231, -0.772730291, 0.101460747, -0.626576304, -0.127396002, 0.942268312, 0.309692532, 0.62182343, 0.319131047, -0.715191126)
Part4001.Orientation = Vector3.new(-18.040000915527344, -138.77999877929688, -7.699999809265137)
Part4001.Position = Vector3.new(1214.2337646484375, 351.4714050292969, 3629.622314453125)
Part4001.Rotation = Vector3.new(-156.58999633789062, -38.79999923706055, -172.52000427246094)
Part4001.Transparency = 1
Part4001.Size = Vector3.new(1.3500009775161743, 23.749998092651367, 1.5)
Part4001.Anchored = true
Part4001.Material = Enum.Material.Fabric
Part4002.Name = "Tree_Collision"
Part4002.Parent = Model3987
Part4002.CFrame = CFrame.new(1200.95483, 351.01123, 3625.89258, -0.773925662, -0.0616903044, -0.630267739, -0.110079035, 0.993202388, 0.0379553325, 0.623640776, 0.0987535492, -0.775452912)
Part4002.Orientation = Vector3.new(-2.180000066757202, -140.89999389648438, -6.320000171661377)
Part4002.Position = Vector3.new(1200.954833984375, 351.01123046875, 3625.892578125)
Part4002.Rotation = Vector3.new(-177.1999969482422, -39.06999969482422, 175.44000244140625)
Part4002.Transparency = 1
Part4002.Size = Vector3.new(1.3500009775161743, 23.749998092651367, 1.5)
Part4002.Anchored = true
