Part4286.Name = "Tree_Collision"
Part4286.Parent = Model4276
Part4286.CFrame = CFrame.new(1267.65857, 361.9646, 2962.94653, -0.621305704, -0.188167393, -0.760640681, 0.0876115263, 0.947973549, -0.306072563, 0.778657317, -0.256804585, -0.572493911)
Part4286.Orientation = Vector3.new(17.81999969482422, -126.97000122070312, 5.28000020980835)
Part4286.Position = Vector3.new(1267.6585693359375, 361.964599609375, 2962.946533203125)
Part4286.Rotation = Vector3.new(151.8699951171875, -49.52000045776367, 163.14999389648438)
Part4286.Transparency = 1
Part4286.Size = Vector3.new(1.3500009775161743, 22.749998092651367, 1.5)
Part4286.Anchored = true
Part4286.Material = Enum.Material.Fabric
Part4287.Name = "Tree_Collision"
Part4287.Parent = Model4276
Part4287.CFrame = CFrame.new(1261.31897, 362.804535, 2998.32593, -0.5636096, -0.0601841547, -0.823847175, -0.162844762, 0.985870302, 0.0393848568, 0.809833288, 0.15635632, -0.565445065)
Part4287.Orientation = Vector3.new(-2.259999990463257, -124.45999908447266, -9.380000114440918)
Part4287.Position = Vector3.new(1261.3189697265625, 362.8045349121094, 2998.325927734375)
Part4287.Rotation = Vector3.new(-176.02000427246094, -55.470001220703125, 173.89999389648438)
Part4287.Transparency = 1
Part4287.Size = Vector3.new(1.3500009775161743, 23.749998092651367, 1.5)
Part4287.Anchored = true
Part4287.Material = Enum.Material.Fabric
Part4288.Name = "Tree_Collision"
Part4288.Parent = Model4276
Part4288.CFrame = CFrame.new(1248.66125, 360.776611, 3006.24829, -0.511058927, -0.219627544, -0.831014156, -0.166740075, 0.973776042, -0.154815674, 0.843220532, 0.0594431683, -0.534276068)
Part4288.Orientation = Vector3.new(8.90999984741211, -122.73999786376953, -9.720000267028809)
Part4288.Position = Vector3.new(1248.6612548828125, 360.776611328125, 3006.248291015625)
Part4288.Rotation = Vector3.new(163.83999633789062, -56.20000076293945, 156.74000549316406)
Part4288.Transparency = 1
Part4288.Size = Vector3.new(1.3500009775161743, 20.749998092651367, 1.5)
Part4288.Anchored = true
Part4288.Material = Enum.Material.Fabric
Part4289.Name = "Tree_Collision"
Part4289.Parent = Model4276
Part4289.CFrame = CFrame.new(1308.41248, 361.743958, 2961.74341, -0.520480514, 0.0741920769, -0.850645423, 0.267205864, 0.960340321, -0.0797344819, 0.810990512, -0.268796712, -0.519661307)
Part4289.Orientation = Vector3.new(4.570000171661377, -121.41999816894531, 15.550000190734863)
Part4289.Position = Vector3.new(1308.4124755859375, 361.74395751953125, 2961.743408203125)
Part4289.Rotation = Vector3.new(171.27999877929688, -58.279998779296875, -171.88999938964844)
Part4289.Transparency = 1
Part4289.Size = Vector3.new(1.3500009775161743, 22.749998092651367, 1.5)
Part4289.Anchored = true
Part4289.Material = Enum.Material.Fabric
Part4290.Name = "Tree_Collision"
Part4290.Parent = Model4276
Part4290.CFrame = CFrame.new(1295.81335, 362.563751, 2994.46948, -0.565366507, 0.188187301, -0.803086817, -0.128339827, 0.941703618, 0.31101957, 0.814796627, 0.27890712, -0.50825423)
Part4290.Orientation = Vector3.new(-18.1200008392334, -122.33000183105469, -7.760000228881836)
Part4290.Position = Vector3.new(1295.8133544921875, 362.5637512207031, 2994.469482421875)
Part4290.Rotation = Vector3.new(-148.5399932861328, -53.43000030517578, -161.58999633789062)
Part4290.Transparency = 1
Part4290.Size = Vector3.new(1.3500009775161743, 23.749998092651367, 1.5)
Part4290.Anchored = true
Part4290.Material = Enum.Material.Fabric
Part4291.Name = "Tree_Collision"
Part4291.Parent = Model4276
Part4291.CFrame = CFrame.new(1282.01965, 362.112122, 2994.64673, -0.565988183, -0.0306054112, -0.8238464, -0.111026093, 0.993041754, 0.0393847786, 0.816905499, 0.113759361, -0.565446138)
Part4291.Orientation = Vector3.new(-2.259999990463257, -124.45999908447266, -6.380000114440918)
Part4291.Position = Vector3.new(1282.0196533203125, 362.11212158203125, 2994.646728515625)
Part4291.Rotation = Vector3.new(-176.02000427246094, -55.470001220703125, 176.89999389648438)
Part4291.Transparency = 1
Part4291.Size = Vector3.new(1.3500009775161743, 23.749998092651367, 1.5)
Part4291.Anchored = true
Part4291.Material = Enum.Material.Fabric
Part4292.Name = "Tree_Collision"
Part4292.Parent = Model4276
Part4292.CFrame = CFrame.new(1300.49719, 361.811432, 2947.79565, -0.531569064, 0.0929234773, -0.841903627, 0.165021405, 0.986284077, 0.00466641039, 0.830786765, -0.136451095, -0.539610803)
Part4292.Orientation = Vector3.new(-0.27000001072883606, -122.66000366210938, 9.5)
Part4292.Position = Vector3.new(1300.4971923828125, 361.8114318847656, 2947.795654296875)
Part4292.Rotation = Vector3.new(-179.5, -57.34000015258789, -170.0800018310547)
Part4292.Transparency = 1
Part4292.Size = Vector3.new(1.3500009775161743, 22.749998092651367, 1.5)
Part4292.Anchored = true
Part4292.Material = Enum.Material.Fabric
Model4293.Name = "茂み"
Model4293.Parent = Folder0
Part4294.Name = "TreeMesh Bottom"
Part4294.Parent = Model4293
Part4294.CFrame = CFrame.new(1257.57117, 350.142487, 2965.22192, 0.844756842, -0.000814661791, -0.53515172, 0.000466524332, 1.00000453, -0.000785875192, 0.535153151, 0.000414213224, 0.844757974)
Part4294.Orientation = Vector3.new(0.05000000074505806, -32.349998474121094, 0.029999999329447746)
Part4294.Position = Vector3.new(1257.5711669921875, 350.1424865722656, 2965.221923828125)
Part4294.Rotation = Vector3.new(0.05000000074505806, -32.349998474121094, 0.05999999865889549)
Part4294.Size = Vector3.new(8.250000953674316, 0.2499980926513672, 7)
Part4294.Anchored = true
Part4294.CanCollide = false
Part4294.Material = Enum.Material.Fabric
SpecialMesh4295.Name = "BarkMesh"
SpecialMesh4295.Parent = Part4294
SpecialMesh4295.MeshId = "rbxassetid://623621260"
SpecialMesh4295.Offset = Vector3.new(0, 3.4100000858306885, 0)
SpecialMesh4295.TextureId = "rbxassetid://623618671"
SpecialMesh4295.MeshType = Enum.MeshType.FileMesh
Part4296.Name = "TreeMeshTop"
Part4296.Parent = Model4293
Part4296.CFrame = CFrame.new(1257.54626, 380.282715, 2965.23364, 0.844756842, -0.000814661791, -0.53515172, 0.000466524332, 1.00000453, -0.000785875192, 0.535153151, 0.000414213224, 0.844757974)
Part4296.Orientation = Vector3.new(0.05000000074505806, -32.349998474121094, 0.029999999329447746)
Part4296.Position = Vector3.new(1257.5462646484375, 380.28271484375, 2965.233642578125)
Part4296.Rotation = Vector3.new(0.05000000074505806, -32.349998474121094, 0.05999999865889549)
Part4296.Transparency = 0.05000000074505806
Part4296.Size = Vector3.new(8.250000953674316, 0.2499980926513672, 7)
Part4296.Anchored = true
Part4296.CanCollide = false
Part4296.Material = Enum.Material.Fabric
SpecialMesh4297.Name = "TopTreeMesh"
SpecialMesh4297.Parent = Part4296
SpecialMesh4297.MeshId = "rbxassetid://623621456"
SpecialMesh4297.Offset = Vector3.new(0, 3.4100000858306885, 0)
SpecialMesh4297.Scale = Vector3.new(1.600000023841858, 1.600000023841858, 1.600000023841858)
SpecialMesh4297.TextureId = "rbxassetid://745556120"
SpecialMesh4297.MeshType = Enum.MeshType.FileMesh
Part4298.Name = "Tree_Collision"
Part4298.Parent = Model4293
Part4298.CFrame = CFrame.new(1253.70984, 363.268585, 2968.61646, 0.83811146, -0.136054635, -0.528261721, 0.0971397012, 0.990148187, -0.100897662, 0.536783278, 0.0332481787, 0.843067884)
Part4298.Orientation = Vector3.new(5.789999961853027, -32.06999969482422, 5.599999904632568)
Part4298.Position = Vector3.new(1253.7098388671875, 363.2685852050781, 2968.616455078125)
Part4298.Rotation = Vector3.new(6.820000171661377, -31.889999389648438, 9.220000267028809)
Part4298.Transparency = 1
Part4298.Size = Vector3.new(1.3500009775161743, 26.749998092651367, 1.5)
Part4298.Anchored = true
Part4298.Material = Enum.Material.Fabric
Part4299.Name = "Tree_Collision"
Part4299.Parent = Model4293
Part4299.CFrame = CFrame.new(1253.52478, 362.259674, 2979.07349, 0.779009044, 0.204734981, -0.592647254, -0.301455766, 0.951079428, -0.0676921606, 0.549793959, 0.231388986, 0.802615106)
Part4299.Orientation = Vector3.new(3.880000114440918, -36.439998626708984, -17.59000015258789)
Part4299.Position = Vector3.new(1253.5247802734375, 362.2596740722656, 2979.073486328125)
Part4299.Rotation = Vector3.new(4.820000171661377, -36.349998474121094, -14.729999542236328)
Part4299.Transparency = 1
Part4299.Size = Vector3.new(1.3500009775161743, 23.749998092651367, 1.5)
Part4299.Anchored = true
Part4299.Material = Enum.Material.Fabric
Part4300.Name = "Tree_Collision"
Part4300.Parent = Model4293
Part4300.CFrame = CFrame.new(1241.22156, 363.730652, 2957.04907, 0.835610092, -0.187146068, -0.516463399, 0.114405781, 0.978855729, -0.169596478, 0.537280738, 0.0826297924, 0.839349151)
Part4300.Orientation = Vector3.new(9.760000228881836, -31.600000381469727, 6.670000076293945)
Part4300.Position = Vector3.new(1241.2215576171875, 363.73065185546875, 2957.049072265625)
Part4300.Rotation = Vector3.new(11.420000076293945, -31.100000381469727, 12.619999885559082)
Part4300.Transparency = 1
Part4300.Size = Vector3.new(1.3500009775161743, 26.749998092651367, 1.5)
Part4300.Anchored = true
Part4300.Material = Enum.Material.Fabric
Part4301.Name = "Tree_Collision"
Part4301.Parent = Model4293
Part4301.CFrame = CFrame.new(1293.28918, 361.995728, 2975.52515, 0.843616128, 0.147734717, -0.516225159, -0.0107055176, 0.96584636, 0.258913517, 0.536843061, -0.212896422, 0.816382051)
Part4301.Orientation = Vector3.new(-15.010000228881836, -32.310001373291016, -0.6399999856948853)
Part4301.Position = Vector3.new(1293.2891845703125, 361.9957275390625, 2975.525146484375)
Part4301.Rotation = Vector3.new(-17.600000381469727, -31.079999923706055, -9.930000305175781)
Part4301.Transparency = 1
Part4301.Size = Vector3.new(1.3500009775161743, 23.749998092651367, 1.5)
Part4301.Anchored = true
Part4301.Material = Enum.Material.Fabric
Part4302.Name = "Tree_Collision"
Part4302.Parent = Model4293
Part4302.CFrame = CFrame.new(1257.77258, 363.142639, 2950.46265, 0.838303626, -0.0686146989, -0.540870726, 0.214012399, 0.953842521, 0.210696846, 0.501447022, -0.292379946, 0.81429112)
Part4302.Orientation = Vector3.new(-12.15999984741211, -33.59000015258789, 12.649999618530273)
Part4302.Position = Vector3.new(1257.7725830078125, 363.14263916015625, 2950.462646484375)
Part4302.Rotation = Vector3.new(-14.510000228881836, -32.7400016784668, 4.679999828338623)
Part4302.Transparency = 1
Part4302.Size = Vector3.new(1.3500009775161743, 26.749998092651367, 1.5)
Part4302.Anchored = true
Part4302.Material = Enum.Material.Fabric
Part4303.Name = "Tree_Collision"
Part4303.Parent = Model4293
Part4303.CFrame = CFrame.new(1239.61292, 361.882507, 2977.94702, 0.778502524, -0.258463323, -0.571955025, 0.0887109786, 0.947442532, -0.307397246, 0.621343434, 0.188570172, 0.760512114)
Part4303.Orientation = Vector3.new(17.899999618530273, -36.95000076293945, 5.349999904632568)
Part4303.Position = Vector3.new(1239.6129150390625, 361.88250732421875, 2977.947021484375)
Part4303.Rotation = Vector3.new(22.010000228881836, -34.88999938964844, 18.3700008392334)
Part4303.Transparency = 1
Part4303.Size = Vector3.new(1.3500009775161743, 22.749998092651367, 1.5)
Part4303.Anchored = true
Part4303.Material = Enum.Material.Fabric
Part4304.Name = "Tree_Collision"
Part4304.Parent = Model4293
Part4304.CFrame = CFrame.new(1274.98914, 362.781616, 2984.28589, 0.810117543, 0.15462932, -0.565509915, -0.161664933, 0.986117125, 0.0380453579, 0.56354022, 0.0606017336, 0.823865891)
Part4304.Orientation = Vector3.new(-2.180000066757202, -34.470001220703125, -9.3100004196167)
Part4304.Position = Vector3.new(1274.9891357421875, 362.7816162109375, 2984.285888671875)
Part4304.Rotation = Vector3.new(-2.640000104904175, -34.439998626708984, -10.8100004196167)
Part4304.Transparency = 1
Part4304.Size = Vector3.new(1.3500009775161743, 23.749998092651367, 1.5)
Part4304.Anchored = true
Part4304.Material = Enum.Material.Fabric
Part4305.Name = "Tree_Collision"
Part4305.Parent = Model4293
Part4305.CFrame = CFrame.new(1282.91565, 360.762238, 2996.9436, 0.843510747, 0.0577393919, -0.534001589, -0.165480509, 0.97378546, -0.15610218, 0.510988235, 0.220040023, 0.83095032)
Part4305.Orientation = Vector3.new(8.979999542236328, -32.72999954223633, -9.640000343322754)
Part4305.Position = Vector3.new(1282.9156494140625, 360.7622375488281, 2996.943603515625)
Part4305.Rotation = Vector3.new(10.640000343322754, -32.279998779296875, -3.9200000762939453)
Part4305.Transparency = 1
Part4305.Size = Vector3.new(1.3500009775161743, 20.749998092651367, 1.5)
Part4305.Anchored = true
Part4305.Material = Enum.Material.Fabric
Part4306.Name = "Tree_Collision"
Part4306.Parent = Model4293
Part4306.CFrame = CFrame.new(1238.40881, 361.677032, 2937.19312, 0.810521126, -0.270478368, -0.519518316, 0.268405467, 0.959899366, -0.081005238, 0.520593822, -0.0737849101, 0.850613296)
Part4306.Orientation = Vector3.new(4.650000095367432, -31.40999984741211, 15.619999885559082)
Part4306.Position = Vector3.new(1238.4088134765625, 361.6770324707031, 2937.193115234375)
Part4306.Rotation = Vector3.new(5.440000057220459, -31.299999237060547, 18.450000762939453)
Part4306.Transparency = 1
Part4306.Size = Vector3.new(1.3500009775161743, 22.749998092651367, 1.5)
Part4306.Anchored = true
Part4306.Material = Enum.Material.Fabric
Part4307.Name = "Tree_Collision"
Part4307.Parent = Model4293
Part4307.CFrame = CFrame.new(1271.13367, 362.548767, 2949.79224, 0.815020442, 0.277256489, -0.50879544, -0.127152994, 0.942270696, 0.309787303, 0.56531173, -0.187787354, 0.803220749)
Part4307.Orientation = Vector3.new(-18.049999237060547, -32.349998474121094, -7.690000057220459)
Part4307.Position = Vector3.new(1271.1336669921875, 362.54876708984375, 2949.792236328125)
Part4307.Rotation = Vector3.new(-21.09000015258789, -30.579999923706055, -18.790000915527344)
Part4307.Transparency = 1
Part4307.Size = Vector3.new(1.3500009775161743, 23.749998092651367, 1.5)
Part4307.Anchored = true
Part4307.Material = Enum.Material.Fabric
Part4308.Name = "Tree_Collision"
Part4308.Parent = Model4293
Part4308.CFrame = CFrame.new(1271.31238, 362.091553, 2963.58423, 0.817097783, 0.112021081, -0.565510869, -0.109835684, 0.993221402, 0.0380456783, 0.565939426, 0.0310262349, 0.823862851)
Part4308.Orientation = Vector3.new(-2.180000066757202, -34.470001220703125, -6.309999942779541)
Part4308.Position = Vector3.new(1271.3123779296875, 362.091552734375, 2963.584228515625)
Part4308.Rotation = Vector3.new(-2.640000104904175, -34.439998626708984, -7.809999942779541)
Part4308.Transparency = 1
Part4308.Size = Vector3.new(1.3500009775161743, 23.749998092651367, 1.5)
Part4308.Anchored = true
Part4308.Material = Enum.Material.Fabric
Part4309.Name = "Tree_Collision"
Part4309.Parent = Model4293
Part4309.CFrame = CFrame.new(1224.46057, 361.716705, 2945.10767, 0.830495954, -0.138178587, -0.53961587, 0.166251004, 0.986082792, 0.00336397951, 0.531639457, -0.0925051644, 0.841907024)
Part4309.Orientation = Vector3.new(-0.1899999976158142, -32.65999984741211, 9.569999694824219)
Part4309.Position = Vector3.new(1224.4605712890625, 361.7167053222656, 2945.107666015625)
Part4309.Rotation = Vector3.new(-0.23000000417232513, -32.65999984741211, 9.449999809265137)
Part4309.Transparency = 1
Part4309.Size = Vector3.new(1.3500009775161743, 22.749998092651367, 1.5)
Part4309.Anchored = true
Part4309.Material = Enum.Material.Fabric
Model4310.Name = "茂み"
Model4310.Parent = Folder0
Part4311.Name = "TreeMesh Bottom"
Part4311.Parent = Model4310
Part4311.CFrame = CFrame.new(1631.26001, 339.547974, 3948.01733, -0.274926484, -0.00135268702, 0.961467206, -0.000896905549, 1.0000037, 0.00115048257, -0.961467803, -0.000546100782, -0.274928957)
Part4311.Orientation = Vector3.new(-0.07000000029802322, 105.95999908447266, -0.05000000074505806)
Part4311.Position = Vector3.new(1631.260009765625, 339.5479736328125, 3948.017333984375)
Part4311.Rotation = Vector3.new(-179.75999450683594, 74.04000091552734, 179.72000122070312)
Part4311.Size = Vector3.new(8.250000953674316, 0.2499980926513672, 7)
Part4311.Anchored = true
Part4311.CanCollide = false
Part4311.Material = Enum.Material.Fabric
SpecialMesh4312.Name = "BarkMesh"
SpecialMesh4312.Parent = Part4311
SpecialMesh4312.MeshId = "rbxassetid://623621260"
SpecialMesh4312.Offset = Vector3.new(0, 3.4100000858306885, 0)
SpecialMesh4312.TextureId = "rbxassetid://623618671"
SpecialMesh4312.MeshType = Enum.MeshType.FileMesh
Part4313.Name = "TreeMeshTop"
Part4313.Parent = Model4310
Part4313.CFrame = CFrame.new(1631.21863, 369.688019, 3948.00122, -0.274926484, -0.00135268702, 0.961467206, -0.000896905549, 1.0000037, 0.00115048257, -0.961467803, -0.000546100782, -0.274928957)
Part4313.Orientation = Vector3.new(-0.07000000029802322, 105.95999908447266, -0.05000000074505806)
Part4313.Position = Vector3.new(1631.2186279296875, 369.6880187988281, 3948.001220703125)
Part4313.Rotation = Vector3.new(-179.75999450683594, 74.04000091552734, 179.72000122070312)
Part4313.Transparency = 0.05000000074505806
Part4313.Size = Vector3.new(8.250000953674316, 0.2499980926513672, 7)
Part4313.Anchored = true
Part4313.CanCollide = false
Part4313.Material = Enum.Material.Fabric
SpecialMesh4314.Name = "TopTreeMesh"
SpecialMesh4314.Parent = Part4313
SpecialMesh4314.MeshId = "rbxassetid://623621456"
SpecialMesh4314.Offset = Vector3.new(0, 3.4100000858306885, 0)
SpecialMesh4314.Scale = Vector3.new(1.600000023841858, 1.600000023841858, 1.600000023841858)
SpecialMesh4314.TextureId = "rbxassetid://745556120"
SpecialMesh4314.MeshType = Enum.MeshType.FileMesh
Part4315.Name = "Tree_Collision"
Part4315.Parent = Model4310
Part4315.CFrame = CFrame.new(1636.37231, 352.685455, 3948.03931, -0.269096553, 0.121501744, 0.955421209, 0.0957912952, 0.990472913, -0.0989794061, -0.958340585, 0.0648855045, -0.278171897)
Part4315.Orientation = Vector3.new(5.679999828338623, 106.2300033569336, 5.519999980926514)
Part4315.Position = Vector3.new(1636.372314453125, 352.6854553222656, 3948.039306640625)
Part4315.Rotation = Vector3.new(160.41000366210938, 72.83000183105469, -155.6999969482422)
Part4315.Transparency = 1
Part4315.Size = Vector3.new(1.3500009775161743, 26.749998092651367, 1.5)
Part4315.Anchored = true
Part4315.Material = Enum.Material.Fabric
Part4316.Name = "Tree_Collision"
Part4316.Parent = Model4310
Part4316.CFrame = CFrame.new(1643.46729, 351.686432, 3940.35449, -0.215414643, -0.00112713873, 0.97652483, -0.302660555, 0.950838566, -0.0656673238, -0.928438962, -0.309700012, -0.20516631)
Part4316.Orientation = Vector3.new(3.7699999809265137, 101.87000274658203, -17.65999984741211)
Part4316.Position = Vector3.new(1643.46728515625, 351.6864318847656, 3940.3544921875)
Part4316.Rotation = Vector3.new(162.25, 77.55999755859375, 179.6999969482422)
Part4316.Transparency = 1
Part4316.Size = Vector3.new(1.3500009775161743, 23.749998092651367, 1.5)
Part4316.Anchored = true
Part4316.Material = Enum.Material.Fabric
Part4317.Name = "Tree_Collision"
Part4317.Parent = Model4310
Part4317.CFrame = CFrame.new(1638.00391, 353.164337, 3964.9834, -0.26693511, 0.19252114, 0.944291592, 0.113062188, 0.979337275, -0.167705402, -0.957062185, 0.0619966015, -0.283186525)
Part4317.Orientation = Vector3.new(9.649999618530273, 106.69000244140625, 6.590000152587891)
Part4317.Position = Vector3.new(1638.00390625, 353.1643371582031, 3964.9833984375)
Part4317.Rotation = Vector3.new(149.3699951171875, 70.79000091552734, -144.1999969482422)
Part4317.Transparency = 1
Part4317.Size = Vector3.new(1.3500009775161743, 26.749998092651367, 1.5)
Part4317.Anchored = true
Part4317.Material = Enum.Material.Fabric
Part4318.Name = "Tree_Collision"
Part4318.Parent = Model4310
Part4318.CFrame = CFrame.new(1611.41321, 351.332306, 3916.55835, -0.272925228, -0.254076302, 0.927880645, -0.0120654833, 0.965327561, 0.260781318, -0.961962402, 0.0599785373, -0.266527981)
Part4318.Orientation = Vector3.new(-15.119999885559082, 106.02999877929688, -0.7200000286102295)
Part4318.Position = Vector3.new(1611.4132080078125, 351.3323059082031, 3916.558349609375)
Part4318.Rotation = Vector3.new(-135.6199951171875, 68.11000061035156, 137.0500030517578)
Part4318.Transparency = 1
Part4318.Size = Vector3.new(1.3500009775161743, 23.749998092651367, 1.5)
Part4318.Anchored = true
Part4318.Material = Enum.Material.Fabric
Part4319.Name = "Tree_Collision"
Part4319.Parent = Model4310
Part4319.CFrame = CFrame.new(1621.26416, 352.53418, 3958.89429, -0.293002456, -0.145347729, 0.945002079, 0.212630466, 0.953725398, 0.212616548, -0.932171345, 0.26323247, -0.248538911)
Part4319.Orientation = Vector3.new(-12.279999732971191, 104.73999786376953, 12.569999694824219)
Part4319.Position = Vector3.new(1621.26416015625, 352.5341796875, 3958.894287109375)
Part4319.Rotation = Vector3.new(-139.4499969482422, 70.91000366210938, 153.6199951171875)
Part4319.Transparency = 1
Part4319.Size = Vector3.new(1.3500009775161743, 26.749998092651367, 1.5)
Part4319.Anchored = true
Part4319.Material = Enum.Material.Fabric
Part4320.Name = "Tree_Collision"
Part4320.Parent = Model4310
Part4320.CFrame = CFrame.new(1653.10815, 351.338684, 3950.44897, -0.168324679, 0.316308618, 0.933606565, 0.0875697583, 0.948175848, -0.305456311, -0.981837094, 0.0303391665, -0.187301069)
Part4320.Orientation = Vector3.new(17.790000915527344, 101.33999633789062, 5.28000020980835)
Part4320.Position = Vector3.new(1653.108154296875, 351.33868408203125, 3950.448974609375)
Part4320.Rotation = Vector3.new(121.5199966430664, 69, -118.0199966430664)
Part4320.Transparency = 1
Part4320.Size = Vector3.new(1.3500009775161743, 22.749998092651367, 1.5)
Part4320.Anchored = true
Part4320.Material = Enum.Material.Fabric
Part4321.Name = "Tree_Collision"
Part4321.Parent = Model4310
Part4321.CFrame = CFrame.new(1630.90356, 352.166138, 3922.18506, -0.229816586, -0.0773738027, 0.970156133, -0.162927434, 0.985830426, 0.0400286727, -0.959502339, -0.148865089, -0.239166945)
Part4321.Orientation = Vector3.new(-2.2899999618530273, 103.8499984741211, -9.380000114440918)
Part4321.Position = Vector3.new(1630.903564453125, 352.1661376953125, 3922.18505859375)
Part4321.Rotation = Vector3.new(-170.5, 75.97000122070312, 161.38999938964844)
Part4321.Transparency = 1
Part4321.Size = Vector3.new(1.3500009775161743, 23.749998092651367, 1.5)
Part4321.Anchored = true
Part4321.Material = Enum.Material.Fabric
Part4322.Name = "Tree_Collision"
Part4322.Parent = Model4310
Part4322.CFrame = CFrame.new(1633.40674, 350.140869, 3907.46338, -0.28969726, 0.101048328, 0.951772094, -0.166862398, 0.973855436, -0.154181853, -0.942463756, -0.203480378, -0.265262365)
Part4322.Orientation = Vector3.new(8.869999885559082, 105.56999969482422, -9.720000267028809)
Part4322.Position = Vector3.new(1633.40673828125, 350.140869140625, 3907.46337890625)
Part4322.Rotation = Vector3.new(149.8300018310547, 72.12999725341797, -160.77000427246094)
Part4322.Transparency = 1
Part4322.Size = Vector3.new(1.3500009775161743, 20.749998092651367, 1.5)
Part4322.Anchored = true
Part4322.Material = Enum.Material.Fabric
Part4323.Name = "Tree_Collision"
Part4323.Parent = Model4310
Part4323.CFrame = CFrame.new(1626.90234, 351.098877, 3981.68286, -0.259643048, 0.150766358, 0.953866005, 0.267101705, 0.960421741, -0.0790972114, -0.928034425, 0.234240934, -0.28963691)
Part4323.Orientation = Vector3.new(4.539999961853027, 106.88999938964844, 15.539999961853027)
Part4323.Position = Vector3.new(1626.90234375, 351.098876953125, 3981.682861328125)
Part4323.Rotation = Vector3.new(164.72999572753906, 72.52999877929688, -149.86000061035156)
Part4323.Transparency = 1
Part4323.Size = Vector3.new(1.3500009775161743, 22.749998092651367, 1.5)
Part4323.Anchored = true
Part4323.Material = Enum.Material.Fabric
Part4324.Name = "Tree_Collision"
Part4324.Parent = Model4310
Part4324.CFrame = CFrame.new(1610.84204, 351.910431, 3950.50952, -0.232376963, -0.334049493, 0.913464427, -0.128423527, 0.941490531, 0.311628729, -0.964113116, -0.0448943079, -0.261680901)
Part4324.Orientation = Vector3.new(-18.15999984741211, 105.98999786376953, -7.769999980926514)
Part4324.Position = Vector3.new(1610.842041015625, 351.9104309082031, 3950.509521484375)
Part4324.Rotation = Vector3.new(-130.02000427246094, 65.98999786376953, 124.81999969482422)
Part4324.Transparency = 1
Part4324.Size = Vector3.new(1.3500009775161743, 23.749998092651367, 1.5)
Part4324.Anchored = true
Part4324.Material = Enum.Material.Fabric
Part4325.Name = "Tree_Collision"
Part4325.Parent = Model4310
Part4325.CFrame = CFrame.new(1619.88354, 351.465363, 3940.09033, -0.233549744, -0.0652406067, 0.970156431, -0.111110292, 0.993006468, 0.0400292091, -0.965978563, -0.0984450728, -0.239165753)
Part4325.Orientation = Vector3.new(-2.2899999618530273, 103.8499984741211, -6.380000114440918)
Part4325.Position = Vector3.new(1619.883544921875, 351.4653625488281, 3940.09033203125)
Part4325.Rotation = Vector3.new(-170.5, 75.97000122070312, 164.38999938964844)
Part4325.Transparency = 1
Part4325.Size = Vector3.new(1.3500009775161743, 23.749998092651367, 1.5)
Part4325.Anchored = true
Part4325.Material = Enum.Material.Fabric
Part4326.Name = "Tree_Collision"
Part4326.Parent = Model4310
Part4326.CFrame = CFrame.new(1642.5824, 351.17627, 3985.04907, -0.266985148, 0.0394592881, 0.962895274, 0.164913863, 0.986298561, 0.00530789047, -0.949488282, 0.160211086, -0.269834667)
Part4326.Orientation = Vector3.new(-0.30000001192092896, 105.6500015258789, 9.489999771118164)
Part4326.Position = Vector3.new(1642.5823974609375, 351.17626953125, 3985.049072265625)
Part4326.Rotation = Vector3.new(-178.8699951171875, 74.33999633789062, -171.58999633789062)
Part4326.Transparency = 1
Part4326.Size = Vector3.new(1.3500009775161743, 22.749998092651367, 1.5)
Part4326.Anchored = true
Part4326.Material = Enum.Material.Fabric
Model4327.Name = "茂み"
Model4327.Parent = Folder0
Part4328.Name = "TreeMesh Bottom"
Part4328.Parent = Model4327
Part4328.CFrame = CFrame.new(1738.56836, 346.676331, 3973.1272, -0.274926484, -0.00135268702, 0.961467206, -0.000896905549, 1.0000037, 0.00115048257, -0.961467803, -0.000546100782, -0.274928957)
Part4328.Orientation = Vector3.new(-0.07000000029802322, 105.95999908447266, -0.05000000074505806)
Part4328.Position = Vector3.new(1738.568359375, 346.67633056640625, 3973.127197265625)
Part4328.Rotation = Vector3.new(-179.75999450683594, 74.04000091552734, 179.72000122070312)
Part4328.Size = Vector3.new(8.250000953674316, 0.2499980926513672, 7)
Part4328.Anchored = true
Part4328.CanCollide = false
Part4328.Material = Enum.Material.Fabric
SpecialMesh4329.Name = "BarkMesh"
SpecialMesh4329.Parent = Part4328
SpecialMesh4329.MeshId = "rbxassetid://623621260"
SpecialMesh4329.Offset = Vector3.new(0, 3.4100000858306885, 0)
SpecialMesh4329.TextureId = "rbxassetid://623618671"
SpecialMesh4329.MeshType = Enum.MeshType.FileMesh
Part4330.Name = "TreeMeshTop"
Part4330.Parent = Model4327
Part4330.CFrame = CFrame.new(1738.52722, 376.816376, 3973.11084, -0.274926484, -0.00135268702, 0.961467206, -0.000896905549, 1.0000037, 0.00115048257, -0.961467803, -0.000546100782, -0.274928957)
Part4330.Orientation = Vector3.new(-0.07000000029802322, 105.95999908447266, -0.05000000074505806)
Part4330.Position = Vector3.new(1738.5272216796875, 376.8163757324219, 3973.11083984375)
Part4330.Rotation = Vector3.new(-179.75999450683594, 74.04000091552734, 179.72000122070312)
Part4330.Transparency = 0.05000000074505806
Part4330.Size = Vector3.new(8.250000953674316, 0.2499980926513672, 7)
Part4330.Anchored = true
Part4330.CanCollide = false
Part4330.Material = Enum.Material.Fabric
SpecialMesh4331.Name = "TopTreeMesh"
SpecialMesh4331.Parent = Part4330
SpecialMesh4331.MeshId = "rbxassetid://623621456"
SpecialMesh4331.Offset = Vector3.new(0, 3.4100000858306885, 0)
SpecialMesh4331.Scale = Vector3.new(1.600000023841858, 1.600000023841858, 1.600000023841858)
SpecialMesh4331.TextureId = "rbxassetid://745556120"
SpecialMesh4331.MeshType = Enum.MeshType.FileMesh
Part4332.Name = "Tree_Collision"
Part4332.Parent = Model4327
Part4332.CFrame = CFrame.new(1743.68091, 359.813812, 3973.14893, -0.269096553, 0.121501744, 0.955421209, 0.0957912952, 0.990472913, -0.0989794061, -0.958340585, 0.0648855045, -0.278171897)
Part4332.Orientation = Vector3.new(5.679999828338623, 106.2300033569336, 5.519999980926514)
Part4332.Position = Vector3.new(1743.680908203125, 359.8138122558594, 3973.14892578125)
Part4332.Rotation = Vector3.new(160.41000366210938, 72.83000183105469, -155.6999969482422)
Part4332.Transparency = 1
Part4332.Size = Vector3.new(1.3500009775161743, 26.749998092651367, 1.5)
Part4332.Anchored = true
Part4332.Material = Enum.Material.Fabric
Part4333.Name = "Tree_Collision"
Part4333.Parent = Model4327
Part4333.CFrame = CFrame.new(1750.77588, 358.814789, 3965.46411, -0.215414643, -0.00112713873, 0.97652483, -0.302660555, 0.950838566, -0.0656673238, -0.928438962, -0.309700012, -0.20516631)
Part4333.Orientation = Vector3.new(3.7699999809265137, 101.87000274658203, -17.65999984741211)
Part4333.Position = Vector3.new(1750.77587890625, 358.8147888183594, 3965.464111328125)
Part4333.Rotation = Vector3.new(162.25, 77.55999755859375, 179.6999969482422)
Part4333.Transparency = 1
Part4333.Size = Vector3.new(1.3500009775161743, 23.749998092651367, 1.5)
Part4333.Anchored = true
Part4333.Material = Enum.Material.Fabric
Part4334.Name = "Tree_Collision"
Part4334.Parent = Model4327
Part4334.CFrame = CFrame.new(1745.3125, 360.292725, 3990.09302, -0.26693511, 0.19252114, 0.944291592, 0.113062188, 0.979337275, -0.167705402, -0.957062185, 0.0619966015, -0.283186525)
Part4334.Orientation = Vector3.new(9.649999618530273, 106.69000244140625, 6.590000152587891)
Part4334.Position = Vector3.new(1745.3125, 360.292724609375, 3990.093017578125)
Part4334.Rotation = Vector3.new(149.3699951171875, 70.79000091552734, -144.1999969482422)
Part4334.Transparency = 1
Part4334.Size = Vector3.new(1.3500009775161743, 26.749998092651367, 1.5)
Part4334.Anchored = true
Part4334.Material = Enum.Material.Fabric
Part4335.Name = "Tree_Collision"
Part4335.Parent = Model4327
Part4335.CFrame = CFrame.new(1718.7218, 358.460693, 3941.66821, -0.272925228, -0.254076302, 0.927880645, -0.0120654833, 0.965327561, 0.260781318, -0.961962402, 0.0599785373, -0.266527981)
Part4335.Orientation = Vector3.new(-15.119999885559082, 106.02999877929688, -0.7200000286102295)
Part4335.Position = Vector3.new(1718.7218017578125, 358.460693359375, 3941.668212890625)
Part4335.Rotation = Vector3.new(-135.6199951171875, 68.11000061035156, 137.0500030517578)
Part4335.Transparency = 1
Part4335.Size = Vector3.new(1.3500009775161743, 23.749998092651367, 1.5)
Part4335.Anchored = true
Part4335.Material = Enum.Material.Fabric
Part4336.Name = "Tree_Collision"
Part4336.Parent = Model4327
Part4336.CFrame = CFrame.new(1728.57275, 359.662567, 3984.00366, -0.293002456, -0.145347729, 0.945002079, 0.212630466, 0.953725398, 0.212616548, -0.932171345, 0.26323247, -0.248538911)
Part4336.Orientation = Vector3.new(-12.279999732971191, 104.73999786376953, 12.569999694824219)
Part4336.Position = Vector3.new(1728.57275390625, 359.6625671386719, 3984.003662109375)
Part4336.Rotation = Vector3.new(-139.4499969482422, 70.91000366210938, 153.6199951171875)
Part4336.Transparency = 1
Part4336.Size = Vector3.new(1.3500009775161743, 26.749998092651367, 1.5)
Part4336.Anchored = true
Part4336.Material = Enum.Material.Fabric
Part4337.Name = "Tree_Collision"
Part4337.Parent = Model4327
Part4337.CFrame = CFrame.new(1760.41675, 358.467041, 3975.55859, -0.168324679, 0.316308618, 0.933606565, 0.0875697583, 0.948175848, -0.305456311, -0.981837094, 0.0303391665, -0.187301069)
Part4337.Orientation = Vector3.new(17.790000915527344, 101.33999633789062, 5.28000020980835)
Part4337.Position = Vector3.new(1760.416748046875, 358.467041015625, 3975.55859375)
Part4337.Rotation = Vector3.new(121.5199966430664, 69, -118.0199966430664)
Part4337.Transparency = 1
Part4337.Size = Vector3.new(1.3500009775161743, 22.749998092651367, 1.5)
Part4337.Anchored = true
Part4337.Material = Enum.Material.Fabric
Part4338.Name = "Tree_Collision"
Part4338.Parent = Model4327
Part4338.CFrame = CFrame.new(1738.21191, 359.294525, 3947.29443, -0.229816586, -0.0773738027, 0.970156133, -0.162927434, 0.985830426, 0.0400286727, -0.959502339, -0.148865089, -0.239166945)
Part4338.Orientation = Vector3.new(-2.2899999618530273, 103.8499984741211, -9.380000114440918)
Part4338.Position = Vector3.new(1738.2119140625, 359.2945251464844, 3947.29443359375)
Part4338.Rotation = Vector3.new(-170.5, 75.97000122070312, 161.38999938964844)
Part4338.Transparency = 1
Part4338.Size = Vector3.new(1.3500009775161743, 23.749998092651367, 1.5)
Part4338.Anchored = true
Part4338.Material = Enum.Material.Fabric
Part4339.Name = "Tree_Collision"
Part4339.Parent = Model4327
Part4339.CFrame = CFrame.new(1740.71533, 357.269257, 3932.573, -0.28969726, 0.101048328, 0.951772094, -0.166862398, 0.973855436, -0.154181853, -0.942463756, -0.203480378, -0.265262365)
Part4339.Orientation = Vector3.new(8.869999885559082, 105.56999969482422, -9.720000267028809)
Part4339.Position = Vector3.new(1740.71533203125, 357.2692565917969, 3932.572998046875)
Part4339.Rotation = Vector3.new(149.8300018310547, 72.12999725341797, -160.77000427246094)
Part4339.Transparency = 1
Part4339.Size = Vector3.new(1.3500009775161743, 20.749998092651367, 1.5)
Part4339.Anchored = true
Part4339.Material = Enum.Material.Fabric
Part4340.Name = "Tree_Collision"
Part4340.Parent = Model4327
Part4340.CFrame = CFrame.new(1734.21082, 358.227234, 4006.79224, -0.259643048, 0.150766358, 0.953866005, 0.267101705, 0.960421741, -0.0790972114, -0.928034425, 0.234240934, -0.28963691)
Part4340.Orientation = Vector3.new(4.539999961853027, 106.88999938964844, 15.539999961853027)
Part4340.Position = Vector3.new(1734.2108154296875, 358.22723388671875, 4006.792236328125)
Part4340.Rotation = Vector3.new(164.72999572753906, 72.52999877929688, -149.86000061035156)
Part4340.Transparency = 1
Part4340.Size = Vector3.new(1.3500009775161743, 22.749998092651367, 1.5)
Part4340.Anchored = true
Part4340.Material = Enum.Material.Fabric
Part4341.Name = "Tree_Collision"
Part4341.Parent = Model4327
Part4341.CFrame = CFrame.new(1718.15063, 359.038818, 3975.61914, -0.232376963, -0.334049493, 0.913464427, -0.128423527, 0.941490531, 0.311628729, -0.964113116, -0.0448943079, -0.261680901)
Part4341.Orientation = Vector3.new(-18.15999984741211, 105.98999786376953, -7.769999980926514)
Part4341.Position = Vector3.new(1718.150634765625, 359.038818359375, 3975.619140625)
Part4341.Rotation = Vector3.new(-130.02000427246094, 65.98999786376953, 124.81999969482422)
Part4341.Transparency = 1
Part4341.Size = Vector3.new(1.3500009775161743, 23.749998092651367, 1.5)
Part4341.Anchored = true
Part4341.Material = Enum.Material.Fabric
Part4342.Name = "Tree_Collision"
Part4342.Parent = Model4327
Part4342.CFrame = CFrame.new(1727.19214, 358.59375, 3965.2002, -0.233549744, -0.0652406067, 0.970156431, -0.111110292, 0.993006468, 0.0400292091, -0.965978563, -0.0984450728, -0.239165753)
Part4342.Orientation = Vector3.new(-2.2899999618530273, 103.8499984741211, -6.380000114440918)
Part4342.Position = Vector3.new(1727.192138671875, 358.59375, 3965.2001953125)
Part4342.Rotation = Vector3.new(-170.5, 75.97000122070312, 164.38999938964844)
Part4342.Transparency = 1
Part4342.Size = Vector3.new(1.3500009775161743, 23.749998092651367, 1.5)
Part4342.Anchored = true
Part4342.Material = Enum.Material.Fabric
Part4343.Name = "Tree_Collision"
Part4343.Parent = Model4327
Part4343.CFrame = CFrame.new(1749.89111, 358.304626, 4010.15869, -0.266985148, 0.0394592881, 0.962895274, 0.164913863, 0.986298561, 0.00530789047, -0.949488282, 0.160211086, -0.269834667)
Part4343.Orientation = Vector3.new(-0.30000001192092896, 105.6500015258789, 9.489999771118164)
Part4343.Position = Vector3.new(1749.89111328125, 358.30462646484375, 4010.15869140625)
Part4343.Rotation = Vector3.new(-178.8699951171875, 74.33999633789062, -171.58999633789062)
Part4343.Transparency = 1
Part4343.Size = Vector3.new(1.3500009775161743, 22.749998092651367, 1.5)
Part4343.Anchored = true
Part4343.Material = Enum.Material.Fabric
Model4344.Name = "茂み"
Model4344.Parent = Folder0
Part4345.Name = "TreeMesh Bottom"
Part4345.Parent = Model4344
Part4345.CFrame = CFrame.new(1687.93616, 328.525818, 3932.88867, -0.961467803, -0.000414123526, -0.274927408, -0.000174268105, 1.00000417, -0.000897016085, 0.274929196, -0.000814594794, -0.961467385)
Part4345.Orientation = Vector3.new(0.05000000074505806, -164.0399932861328, -0.009999999776482582)
Part4345.Position = Vector3.new(1687.9361572265625, 328.52581787109375, 3932.888671875)
Part4345.Rotation = Vector3.new(179.9499969482422, -15.960000038146973, 179.97999572753906)
Part4345.Size = Vector3.new(8.250000953674316, 0.2499980926513672, 7)
Part4345.Anchored = true
Part4345.CanCollide = false
Part4345.Material = Enum.Material.Fabric
SpecialMesh4346.Name = "BarkMesh"
SpecialMesh4346.Parent = Part4345
SpecialMesh4346.MeshId = "rbxassetid://623621260"
SpecialMesh4346.Offset = Vector3.new(0, 3.4100000858306885, 0)
SpecialMesh4346.TextureId = "rbxassetid://623618671"
SpecialMesh4346.MeshType = Enum.MeshType.FileMesh
Part4347.Name = "TreeMeshTop"
Part4347.Parent = Model4344
Part4347.CFrame = CFrame.new(1687.92383, 358.665924, 3932.86401, -0.961467803, -0.000414123526, -0.274927408, -0.000174268105, 1.00000417, -0.000897016085, 0.274929196, -0.000814594794, -0.961467385)
Part4347.Orientation = Vector3.new(0.05000000074505806, -164.0399932861328, -0.009999999776482582)
Part4347.Position = Vector3.new(1687.923828125, 358.6659240722656, 3932.864013671875)
Part4347.Rotation = Vector3.new(179.9499969482422, -15.960000038146973, 179.97999572753906)
Part4347.Transparency = 0.05000000074505806
Part4347.Size = Vector3.new(8.250000953674316, 0.2499980926513672, 7)
Part4347.Anchored = true
Part4347.CanCollide = false
Part4347.Material = Enum.Material.Fabric
SpecialMesh4348.Name = "TopTreeMesh"
SpecialMesh4348.Parent = Part4347
SpecialMesh4348.MeshId = "rbxassetid://623621456"
SpecialMesh4348.Offset = Vector3.new(0, 3.4100000858306885, 0)
SpecialMesh4348.Scale = Vector3.new(1.600000023841858, 1.600000023841858, 1.600000023841858)
SpecialMesh4348.TextureId = "rbxassetid://745556120"
SpecialMesh4348.MeshType = Enum.MeshType.FileMesh
Part4349.Name = "Tree_Collision"
Part4349.Parent = Model4344
Part4349.CFrame = CFrame.new(1687.96021, 341.652252, 3927.7478, -0.95832777, 0.0650170967, -0.278183401, 0.0965012014, 0.990198672, -0.101012409, 0.268889576, -0.12364766, -0.955204606)
Part4349.Orientation = Vector3.new(5.800000190734863, -163.75999450683594, 5.570000171661377)
Part4349.Position = Vector3.new(1687.960205078125, 341.6522521972656, 3927.747802734375)
Part4349.Rotation = Vector3.new(173.9600067138672, -16.149999618530273, -176.1199951171875)
Part4349.Transparency = 1
Part4349.Size = Vector3.new(1.3500009775161743, 26.749998092651367, 1.5)
Part4349.Anchored = true
Part4349.Material = Enum.Material.Fabric
Part4350.Name = "Tree_Collision"
Part4350.Parent = Model4344
Part4350.CFrame = CFrame.new(1680.27466, 340.638824, 3920.65503, -0.928478599, -0.309574902, -0.205173612, -0.302070975, 0.950879395, -0.0677572936, 0.216071814, -0.000933811069, -0.976380229)
Part4350.Orientation = Vector3.new(3.890000104904175, -168.1300048828125, -17.6200008392334)
Part4350.Position = Vector3.new(1680.274658203125, 340.6388244628906, 3920.655029296875)
Part4350.Rotation = Vector3.new(176.02999877929688, -11.84000015258789, 161.55999755859375)
Part4350.Transparency = 1
Part4350.Size = Vector3.new(1.3500009775161743, 23.749998092651367, 1.5)
Part4350.Anchored = true
Part4350.Material = Enum.Material.Fabric
Part4351.Name = "Tree_Collision"
Part4351.Parent = Model4344
Part4351.CFrame = CFrame.new(1704.90369, 342.125397, 3926.11475, -0.957046807, 0.0621272326, -0.2832084, 0.113768294, 0.978909135, -0.169714957, 0.266691774, -0.19464463, -0.94392544)
Part4351.Orientation = Vector3.new(9.770000457763672, -163.3000030517578, 6.630000114440918)
Part4351.Position = Vector3.new(1704.9036865234375, 342.1253967285156, 3926.11474609375)
Part4351.Rotation = Vector3.new(169.80999755859375, -16.450000762939453, -176.2899932861328)
Part4351.Transparency = 1
