SpecialMesh4329.Name = "BarkMesh"
SpecialMesh4329.Parent = Part4328
SpecialMesh4329.MeshId = "rbxassetid://623621260"
SpecialMesh4329.Offset = Vector3.new(0, 3.4100000858306885, 0)
SpecialMesh4329.TextureId = "rbxassetid://623618671"
SpecialMesh4329.MeshType = Enum.MeshType.FileMesh
Part4330.Name = "TreeMeshTop"
Part4330.Parent = Model4327
Part4330.CFrame = CFrame.new(1738.52722, 376.816376, 3973.11084, -0.274926484, -0.00135268702, 0.961467206, -0.000896905549, 1.0000037, 0.00115048257, -0.961467803, -0.000546100782, -0.274928957)
Part4330.Orientation = Vector3.new(-0.07000000029802322, 105.95999908447266, -0.05000000074505806)
Part4330.Position = Vector3.new(1738.5272216796875, 376.8163757324219, 3973.11083984375)
Part4330.Rotation = Vector3.new(-179.75999450683594, 74.04000091552734, 179.72000122070312)
Part4330.Transparency = 0.05000000074505806
Part4330.Size = Vector3.new(8.250000953674316, 0.2499980926513672, 7)
Part4330.Anchored = true
Part4330.CanCollide = false
Part4330.Material = Enum.Material.Fabric
SpecialMesh4331.Name = "TopTreeMesh"
SpecialMesh4331.Parent = Part4330
SpecialMesh4331.MeshId = "rbxassetid://623621456"
SpecialMesh4331.Offset = Vector3.new(0, 3.4100000858306885, 0)
SpecialMesh4331.Scale = Vector3.new(1.600000023841858, 1.600000023841858, 1.600000023841858)
SpecialMesh4331.TextureId = "rbxassetid://745556120"
SpecialMesh4331.MeshType = Enum.MeshType.FileMesh
Part4332.Name = "Tree_Collision"
Part4332.Parent = Model4327
Part4332.CFrame = CFrame.new(1743.68091, 359.813812, 3973.14893, -0.269096553, 0.121501744, 0.955421209, 0.0957912952, 0.990472913, -0.0989794061, -0.958340585, 0.0648855045, -0.278171897)
Part4332.Orientation = Vector3.new(5.679999828338623, 106.2300033569336, 5.519999980926514)
Part4332.Position = Vector3.new(1743.680908203125, 359.8138122558594, 3973.14892578125)
Part4332.Rotation = Vector3.new(160.41000366210938, 72.83000183105469, -155.6999969482422)
Part4332.Transparency = 1
Part4332.Size = Vector3.new(1.3500009775161743, 26.749998092651367, 1.5)
Part4332.Anchored = true
Part4332.Material = Enum.Material.Fabric
Part4333.Name = "Tree_Collision"
Part4333.Parent = Model4327
Part4333.CFrame = CFrame.new(1750.77588, 358.814789, 3965.46411, -0.215414643, -0.00112713873, 0.97652483, -0.302660555, 0.950838566, -0.0656673238, -0.928438962, -0.309700012, -0.20516631)
Part4333.Orientation = Vector3.new(3.7699999809265137, 101.87000274658203, -17.65999984741211)
Part4333.Position = Vector3.new(1750.77587890625, 358.8147888183594, 3965.464111328125)
Part4333.Rotation = Vector3.new(162.25, 77.55999755859375, 179.6999969482422)
Part4333.Transparency = 1
Part4333.Size = Vector3.new(1.3500009775161743, 23.749998092651367, 1.5)
Part4333.Anchored = true
Part4333.Material = Enum.Material.Fabric
Part4334.Name = "Tree_Collision"
Part4334.Parent = Model4327
Part4334.CFrame = CFrame.new(1745.3125, 360.292725, 3990.09302, -0.26693511, 0.19252114, 0.944291592, 0.113062188, 0.979337275, -0.167705402, -0.957062185, 0.0619966015, -0.283186525)
Part4334.Orientation = Vector3.new(9.649999618530273, 106.69000244140625, 6.590000152587891)
Part4334.Position = Vector3.new(1745.3125, 360.292724609375, 3990.093017578125)
Part4334.Rotation = Vector3.new(149.3699951171875, 70.79000091552734, -144.1999969482422)
Part4334.Transparency = 1
Part4334.Size = Vector3.new(1.3500009775161743, 26.749998092651367, 1.5)
Part4334.Anchored = true
Part4334.Material = Enum.Material.Fabric
Part4335.Name = "Tree_Collision"
Part4335.Parent = Model4327
Part4335.CFrame = CFrame.new(1718.7218, 358.460693, 3941.66821, -0.272925228, -0.254076302, 0.927880645, -0.0120654833, 0.965327561, 0.260781318, -0.961962402, 0.0599785373, -0.266527981)
Part4335.Orientation = Vector3.new(-15.119999885559082, 106.02999877929688, -0.7200000286102295)
Part4335.Position = Vector3.new(1718.7218017578125, 358.460693359375, 3941.668212890625)
Part4335.Rotation = Vector3.new(-135.6199951171875, 68.11000061035156, 137.0500030517578)
Part4335.Transparency = 1
Part4335.Size = Vector3.new(1.3500009775161743, 23.749998092651367, 1.5)
Part4335.Anchored = true
Part4335.Material = Enum.Material.Fabric
Part4336.Name = "Tree_Collision"
Part4336.Parent = Model4327
Part4336.CFrame = CFrame.new(1728.57275, 359.662567, 3984.00366, -0.293002456, -0.145347729, 0.945002079, 0.212630466, 0.953725398, 0.212616548, -0.932171345, 0.26323247, -0.248538911)
Part4336.Orientation = Vector3.new(-12.279999732971191, 104.73999786376953, 12.569999694824219)
Part4336.Position = Vector3.new(1728.57275390625, 359.6625671386719, 3984.003662109375)
Part4336.Rotation = Vector3.new(-139.4499969482422, 70.91000366210938, 153.6199951171875)
Part4336.Transparency = 1
Part4336.Size = Vector3.new(1.3500009775161743, 26.749998092651367, 1.5)
Part4336.Anchored = true
Part4336.Material = Enum.Material.Fabric
Part4337.Name = "Tree_Collision"
Part4337.Parent = Model4327
Part4337.CFrame = CFrame.new(1760.41675, 358.467041, 3975.55859, -0.168324679, 0.316308618, 0.933606565, 0.0875697583, 0.948175848, -0.305456311, -0.981837094, 0.0303391665, -0.187301069)
Part4337.Orientation = Vector3.new(17.790000915527344, 101.33999633789062, 5.28000020980835)
Part4337.Position = Vector3.new(1760.416748046875, 358.467041015625, 3975.55859375)
Part4337.Rotation = Vector3.new(121.5199966430664, 69, -118.0199966430664)
Part4337.Transparency = 1
Part4337.Size = Vector3.new(1.3500009775161743, 22.749998092651367, 1.5)
Part4337.Anchored = true
Part4337.Material = Enum.Material.Fabric
Part4338.Name = "Tree_Collision"
Part4338.Parent = Model4327
Part4338.CFrame = CFrame.new(1738.21191, 359.294525, 3947.29443, -0.229816586, -0.0773738027, 0.970156133, -0.162927434, 0.985830426, 0.0400286727, -0.959502339, -0.148865089, -0.239166945)
Part4338.Orientation = Vector3.new(-2.2899999618530273, 103.8499984741211, -9.380000114440918)
Part4338.Position = Vector3.new(1738.2119140625, 359.2945251464844, 3947.29443359375)
Part4338.Rotation = Vector3.new(-170.5, 75.97000122070312, 161.38999938964844)
Part4338.Transparency = 1
Part4338.Size = Vector3.new(1.3500009775161743, 23.749998092651367, 1.5)
Part4338.Anchored = true
Part4338.Material = Enum.Material.Fabric
Part4339.Name = "Tree_Collision"
Part4339.Parent = Model4327
Part4339.CFrame = CFrame.new(1740.71533, 357.269257, 3932.573, -0.28969726, 0.101048328, 0.951772094, -0.166862398, 0.973855436, -0.154181853, -0.942463756, -0.203480378, -0.265262365)
Part4339.Orientation = Vector3.new(8.869999885559082, 105.56999969482422, -9.720000267028809)
Part4339.Position = Vector3.new(1740.71533203125, 357.2692565917969, 3932.572998046875)
Part4339.Rotation = Vector3.new(149.8300018310547, 72.12999725341797, -160.77000427246094)
Part4339.Transparency = 1
Part4339.Size = Vector3.new(1.3500009775161743, 20.749998092651367, 1.5)
Part4339.Anchored = true
Part4339.Material = Enum.Material.Fabric
Part4340.Name = "Tree_Collision"
Part4340.Parent = Model4327
Part4340.CFrame = CFrame.new(1734.21082, 358.227234, 4006.79224, -0.259643048, 0.150766358, 0.953866005, 0.267101705, 0.960421741, -0.0790972114, -0.928034425, 0.234240934, -0.28963691)
Part4340.Orientation = Vector3.new(4.539999961853027, 106.88999938964844, 15.539999961853027)
Part4340.Position = Vector3.new(1734.2108154296875, 358.22723388671875, 4006.792236328125)
Part4340.Rotation = Vector3.new(164.72999572753906, 72.52999877929688, -149.86000061035156)
Part4340.Transparency = 1
Part4340.Size = Vector3.new(1.3500009775161743, 22.749998092651367, 1.5)
Part4340.Anchored = true
Part4340.Material = Enum.Material.Fabric
Part4341.Name = "Tree_Collision"
Part4341.Parent = Model4327
Part4341.CFrame = CFrame.new(1718.15063, 359.038818, 3975.61914, -0.232376963, -0.334049493, 0.913464427, -0.128423527, 0.941490531, 0.311628729, -0.964113116, -0.0448943079, -0.261680901)
Part4341.Orientation = Vector3.new(-18.15999984741211, 105.98999786376953, -7.769999980926514)
Part4341.Position = Vector3.new(1718.150634765625, 359.038818359375, 3975.619140625)
Part4341.Rotation = Vector3.new(-130.02000427246094, 65.98999786376953, 124.81999969482422)
Part4341.Transparency = 1
Part4341.Size = Vector3.new(1.3500009775161743, 23.749998092651367, 1.5)
Part4341.Anchored = true
Part4341.Material = Enum.Material.Fabric
Part4342.Name = "Tree_Collision"
Part4342.Parent = Model4327
Part4342.CFrame = CFrame.new(1727.19214, 358.59375, 3965.2002, -0.233549744, -0.0652406067, 0.970156431, -0.111110292, 0.993006468, 0.0400292091, -0.965978563, -0.0984450728, -0.239165753)
Part4342.Orientation = Vector3.new(-2.2899999618530273, 103.8499984741211, -6.380000114440918)
Part4342.Position = Vector3.new(1727.192138671875, 358.59375, 3965.2001953125)
Part4342.Rotation = Vector3.new(-170.5, 75.97000122070312, 164.38999938964844)
Part4342.Transparency = 1
Part4342.Size = Vector3.new(1.3500009775161743, 23.749998092651367, 1.5)
Part4342.Anchored = true
Part4342.Material = Enum.Material.Fabric
Part4343.Name = "Tree_Collision"
Part4343.Parent = Model4327
Part4343.CFrame = CFrame.new(1749.89111, 358.304626, 4010.15869, -0.266985148, 0.0394592881, 0.962895274, 0.164913863, 0.986298561, 0.00530789047, -0.949488282, 0.160211086, -0.269834667)
Part4343.Orientation = Vector3.new(-0.30000001192092896, 105.6500015258789, 9.489999771118164)
Part4343.Position = Vector3.new(1749.89111328125, 358.30462646484375, 4010.15869140625)
Part4343.Rotation = Vector3.new(-178.8699951171875, 74.33999633789062, -171.58999633789062)
Part4343.Transparency = 1
Part4343.Size = Vector3.new(1.3500009775161743, 22.749998092651367, 1.5)
Part4343.Anchored = true
Part4343.Material = Enum.Material.Fabric
Model4344.Name = "??"
Model4344.Parent = Folder0
Part4345.Name = "TreeMesh Bottom"
Part4345.Parent = Model4344
Part4345.CFrame = CFrame.new(1687.93616, 328.525818, 3932.88867, -0.961467803, -0.000414123526, -0.274927408, -0.000174268105, 1.00000417, -0.000897016085, 0.274929196, -0.000814594794, -0.961467385)
Part4345.Orientation = Vector3.new(0.05000000074505806, -164.0399932861328, -0.009999999776482582)
Part4345.Position = Vector3.new(1687.9361572265625, 328.52581787109375, 3932.888671875)
Part4345.Rotation = Vector3.new(179.9499969482422, -15.960000038146973, 179.97999572753906)
Part4345.Size = Vector3.new(8.250000953674316, 0.2499980926513672, 7)
Part4345.Anchored = true
Part4345.CanCollide = false
Part4345.Material = Enum.Material.Fabric
SpecialMesh4346.Name = "BarkMesh"
SpecialMesh4346.Parent = Part4345
SpecialMesh4346.MeshId = "rbxassetid://623621260"
SpecialMesh4346.Offset = Vector3.new(0, 3.4100000858306885, 0)
SpecialMesh4346.TextureId = "rbxassetid://623618671"
SpecialMesh4346.MeshType = Enum.MeshType.FileMesh
Part4347.Name = "TreeMeshTop"
Part4347.Parent = Model4344
Part4347.CFrame = CFrame.new(1687.92383, 358.665924, 3932.86401, -0.961467803, -0.000414123526, -0.274927408, -0.000174268105, 1.00000417, -0.000897016085, 0.274929196, -0.000814594794, -0.961467385)
Part4347.Orientation = Vector3.new(0.05000000074505806, -164.0399932861328, -0.009999999776482582)
Part4347.Position = Vector3.new(1687.923828125, 358.6659240722656, 3932.864013671875)
Part4347.Rotation = Vector3.new(179.9499969482422, -15.960000038146973, 179.97999572753906)
Part4347.Transparency = 0.05000000074505806
Part4347.Size = Vector3.new(8.250000953674316, 0.2499980926513672, 7)
Part4347.Anchored = true
Part4347.CanCollide = false
Part4347.Material = Enum.Material.Fabric
SpecialMesh4348.Name = "TopTreeMesh"
SpecialMesh4348.Parent = Part4347
SpecialMesh4348.MeshId = "rbxassetid://623621456"
SpecialMesh4348.Offset = Vector3.new(0, 3.4100000858306885, 0)
SpecialMesh4348.Scale = Vector3.new(1.600000023841858, 1.600000023841858, 1.600000023841858)
SpecialMesh4348.TextureId = "rbxassetid://745556120"
SpecialMesh4348.MeshType = Enum.MeshType.FileMesh
Part4349.Name = "Tree_Collision"
Part4349.Parent = Model4344
Part4349.CFrame = CFrame.new(1687.96021, 341.652252, 3927.7478, -0.95832777, 0.0650170967, -0.278183401, 0.0965012014, 0.990198672, -0.101012409, 0.268889576, -0.12364766, -0.955204606)
Part4349.Orientation = Vector3.new(5.800000190734863, -163.75999450683594, 5.570000171661377)
Part4349.Position = Vector3.new(1687.960205078125, 341.6522521972656, 3927.747802734375)
Part4349.Rotation = Vector3.new(173.9600067138672, -16.149999618530273, -176.1199951171875)
Part4349.Transparency = 1
Part4349.Size = Vector3.new(1.3500009775161743, 26.749998092651367, 1.5)
Part4349.Anchored = true
Part4349.Material = Enum.Material.Fabric
Part4350.Name = "Tree_Collision"
Part4350.Parent = Model4344
Part4350.CFrame = CFrame.new(1680.27466, 340.638824, 3920.65503, -0.928478599, -0.309574902, -0.205173612, -0.302070975, 0.950879395, -0.0677572936, 0.216071814, -0.000933811069, -0.976380229)
Part4350.Orientation = Vector3.new(3.890000104904175, -168.1300048828125, -17.6200008392334)
Part4350.Position = Vector3.new(1680.274658203125, 340.6388244628906, 3920.655029296875)
Part4350.Rotation = Vector3.new(176.02999877929688, -11.84000015258789, 161.55999755859375)
Part4350.Transparency = 1
Part4350.Size = Vector3.new(1.3500009775161743, 23.749998092651367, 1.5)
Part4350.Anchored = true
Part4350.Material = Enum.Material.Fabric
Part4351.Name = "Tree_Collision"
Part4351.Parent = Model4344
Part4351.CFrame = CFrame.new(1704.90369, 342.125397, 3926.11475, -0.957046807, 0.0621272326, -0.2832084, 0.113768294, 0.978909135, -0.169714957, 0.266691774, -0.19464463, -0.94392544)
Part4351.Orientation = Vector3.new(9.770000457763672, -163.3000030517578, 6.630000114440918)
Part4351.Position = Vector3.new(1704.9036865234375, 342.1253967285156, 3926.11474609375)
Part4351.Rotation = Vector3.new(169.80999755859375, -16.450000762939453, -176.2899932861328)
Part4351.Transparency = 1
Part4351.Size = Vector3.new(1.3500009775161743, 26.749998092651367, 1.5)
Part4351.Anchored = true
Part4351.Material = Enum.Material.Fabric
Part4352.Name = "Tree_Collision"
Part4352.Parent = Model4344
Part4352.CFrame = CFrame.new(1656.47913, 340.35733, 3952.70996, -0.961963892, 0.0601059198, -0.266492486, -0.0113469465, 0.965867698, 0.258805394, 0.272952467, 0.25198406, -0.928443313)
Part4352.Orientation = Vector3.new(-15, -163.97999572753906, -0.6700000166893005)
Part4352.Position = Vector3.new(1656.4791259765625, 340.3573303222656, 3952.7099609375)
Part4352.Rotation = Vector3.new(-164.4199981689453, -15.460000038146973, -176.4199981689453)
Part4352.Transparency = 1
Part4352.Size = Vector3.new(1.3500009775161743, 23.749998092651367, 1.5)
Part4352.Anchored = true
Part4352.Material = Enum.Material.Fabric
Part4353.Name = "Tree_Collision"
Part4353.Parent = Model4344
Part4353.CFrame = CFrame.new(1698.81519, 341.532288, 3942.85571, -0.932143152, 0.263358861, -0.248508871, 0.213388741, 0.954003096, 0.210601255, 0.29254213, 0.143280447, -0.945460796)
Part4353.Orientation = Vector3.new(-12.15999984741211, -165.27000427246094, 12.609999656677246)
Part4353.Position = Vector3.new(1698.815185546875, 341.53228759765625, 3942.855712890625)
Part4353.Rotation = Vector3.new(-167.44000244140625, -14.390000343322754, -164.22000122070312)
Part4353.Transparency = 1
Part4353.Size = Vector3.new(1.3500009775161743, 26.749998092651367, 1.5)
Part4353.Anchored = true
Part4353.Material = Enum.Material.Fabric
Part4354.Name = "Tree_Collision"
Part4354.Parent = Model4344
Part4354.CFrame = CFrame.new(1690.36902, 340.26886, 3911.01489, -0.981825471, 0.0304650515, -0.187339425, 0.0880640522, 0.947483897, -0.307455063, 0.168135107, -0.318363845, -0.932942331)
Part4354.Orientation = Vector3.new(17.90999984741211, -168.64999389648438, 5.309999942779541)
Part4354.Position = Vector3.new(1690.3690185546875, 340.26885986328125, 3911.014892578125)
Part4354.Rotation = Vector3.new(161.75999450683594, -10.800000190734863, -178.22000122070312)
Part4354.Transparency = 1
Part4354.Size = Vector3.new(1.3500009775161743, 22.749998092651367, 1.5)
Part4354.Anchored = true
Part4354.Material = Enum.Material.Fabric
Part4355.Name = "Tree_Collision"
Part4355.Parent = Model4344
Part4355.CFrame = CFrame.new(1662.10632, 341.148193, 3933.21777, -0.959523797, -0.148733988, -0.23916024, -0.162301347, 0.986015677, 0.0379575007, 0.230170697, 0.0752369985, -0.970240712)
Part4355.Orientation = Vector3.new(-2.180000066757202, -166.14999389648438, -9.350000381469727)
Part4355.Position = Vector3.new(1662.1063232421875, 341.148193359375, 3933.2177734375)
Part4355.Rotation = Vector3.new(-177.75999450683594, -13.84000015258789, 171.19000244140625)
Part4355.Transparency = 1
Part4355.Size = Vector3.new(1.3500009775161743, 23.749998092651367, 1.5)
Part4355.Anchored = true
Part4355.Material = Enum.Material.Fabric
Part4356.Name = "Tree_Collision"
Part4356.Parent = Model4344
Part4356.CFrame = CFrame.new(1647.38403, 339.119476, 3930.71851, -0.942486048, -0.203350797, -0.265280545, -0.166109279, 0.973661125, -0.156208709, 0.290058732, -0.103158295, -0.951436043)
Part4356.Orientation = Vector3.new(8.989999771118164, -164.4199981689453, -9.680000305175781)
Part4356.Position = Vector3.new(1647.384033203125, 339.1194763183594, 3930.718505859375)
Part4356.Rotation = Vector3.new(170.67999267578125, -15.380000114440918, 167.82000732421875)
Part4356.Transparency = 1
Part4356.Size = Vector3.new(1.3500009775161743, 20.749998092651367, 1.5)
Part4356.Anchored = true
Part4356.Material = Enum.Material.Fabric
Part4357.Name = "Tree_Collision"
Part4357.Parent = Model4344
Part4357.CFrame = CFrame.new(1721.60352, 340.081757, 3937.22046, -0.927999139, 0.234368205, -0.289645702, 0.267786771, 0.960061431, -0.0811267719, 0.259064406, -0.152848616, -0.953692436)
Part4357.Orientation = Vector3.new(4.650000095367432, -163.11000061035156, 15.59000015258789)
Part4357.Position = Vector3.new(1721.603515625, 340.0817565917969, 3937.220458984375)
Part4357.Rotation = Vector3.new(175.13999938964844, -16.84000015258789, -165.8300018310547)
Part4357.Transparency = 1
Part4357.Size = Vector3.new(1.3500009775161743, 22.749998092651367, 1.5)
Part4357.Anchored = true
Part4357.Material = Enum.Material.Fabric
Part4358.Name = "Tree_Collision"
Part4358.Parent = Model4344
Part4358.CFrame = CFrame.new(1690.42981, 340.932251, 3953.2793, -0.964129925, -0.0447707623, -0.261638433, -0.127792388, 0.942218602, 0.309681505, 0.23265636, 0.33200717, -0.914138198)
Part4358.Orientation = Vector3.new(-18.040000915527344, -164.02999877929688, -7.71999979019165)
Part4358.Position = Vector3.new(1690.4298095703125, 340.9322509765625, 3953.279296875)
Part4358.Rotation = Vector3.new(-161.2899932861328, -15.170000076293945, 177.33999633789062)
Part4358.Transparency = 1
Part4358.Size = Vector3.new(1.3500009775161743, 23.749998092651367, 1.5)
Part4358.Anchored = true
Part4358.Material = Enum.Material.Fabric
Part4359.Name = "Tree_Collision"
Part4359.Parent = Model4344
Part4359.CFrame = CFrame.new(1680.01184, 340.468964, 3944.2395, -0.965993166, -0.0983137563, -0.239159197, -0.110476241, 0.993158519, 0.0379584804, 0.23379156, 0.0630888492, -0.970240951)
Part4359.Orientation = Vector3.new(-2.180000066757202, -166.14999389648438, -6.349999904632568)
Part4359.Position = Vector3.new(1680.0118408203125, 340.4689636230469, 3944.239501953125)
Part4359.Rotation = Vector3.new(-177.75999450683594, -13.84000015258789, 174.19000244140625)
Part4359.Transparency = 1
Part4359.Size = Vector3.new(1.3500009775161743, 23.749998092651367, 1.5)
Part4359.Anchored = true
Part4359.Material = Enum.Material.Fabric
Part4360.Name = "Tree_Collision"
Part4360.Parent = Model4344
Part4360.CFrame = CFrame.new(1724.97009, 340.124725, 3921.54028, -0.949466169, 0.160342425, -0.26983273, 0.165618718, 0.986189306, 0.00325606042, 0.266628444, -0.0415979289, -0.962904632)
Part4360.Orientation = Vector3.new(-0.1899999976158142, -164.35000610351562, 9.529999732971191)
Part4360.Position = Vector3.new(1724.9700927734375, 340.1247253417969, 3921.540283203125)
Part4360.Rotation = Vector3.new(-179.80999755859375, -15.649999618530273, -170.41000366210938)
Part4360.Transparency = 1
Part4360.Size = Vector3.new(1.3500009775161743, 22.749998092651367, 1.5)
Part4360.Anchored = true
Part4360.Material = Enum.Material.Fabric
Model4361.Name = "??"
Model4361.Parent = Folder0
Part4362.Name = "TreeMesh Bottom"
Part4362.Parent = Model4361
Part4362.CFrame = CFrame.new(1697.52319, 357.579376, 3915.84766, -0.961467803, -0.000414424634, -0.274927408, -0.000174268105, 1.00000417, -0.000898111321, 0.274929196, -0.000815647945, -0.961467385)
Part4362.Orientation = Vector3.new(0.05000000074505806, -164.0399932861328, -0.009999999776482582)
Part4362.Position = Vector3.new(1697.523193359375, 357.5793762207031, 3915.84765625)
Part4362.Rotation = Vector3.new(179.9499969482422, -15.960000038146973, 179.97999572753906)
Part4362.Size = Vector3.new(8.250000953674316, 0.2499980926513672, 7)
Part4362.Anchored = true
Part4362.CanCollide = false
Part4362.Material = Enum.Material.Fabric
SpecialMesh4363.Name = "BarkMesh"
SpecialMesh4363.Parent = Part4362
SpecialMesh4363.MeshId = "rbxassetid://623621260"
SpecialMesh4363.Offset = Vector3.new(0, 3.4100000858306885, 0)
SpecialMesh4363.TextureId = "rbxassetid://623618671"
SpecialMesh4363.MeshType = Enum.MeshType.FileMesh
Part4364.Name = "TreeMeshTop"
Part4364.Parent = Model4361
Part4364.CFrame = CFrame.new(1697.51147, 387.719482, 3915.82324, -0.961467803, -0.000414424634, -0.274927408, -0.000174268105, 1.00000417, -0.000898111321, 0.274929196, -0.000815647945, -0.961467385)
Part4364.Orientation = Vector3.new(0.05000000074505806, -164.0399932861328, -0.009999999776482582)
Part4364.Position = Vector3.new(1697.511474609375, 387.719482421875, 3915.8232421875)
Part4364.Rotation = Vector3.new(179.9499969482422, -15.960000038146973, 179.97999572753906)
Part4364.Transparency = 0.05000000074505806
Part4364.Size = Vector3.new(8.250000953674316, 0.2499980926513672, 7)
Part4364.Anchored = true
Part4364.CanCollide = false
Part4364.Material = Enum.Material.Fabric
SpecialMesh4365.Name = "TopTreeMesh"
SpecialMesh4365.Parent = Part4364
SpecialMesh4365.MeshId = "rbxassetid://623621456"
SpecialMesh4365.Offset = Vector3.new(0, 3.4100000858306885, 0)
SpecialMesh4365.Scale = Vector3.new(1.600000023841858, 1.600000023841858, 1.600000023841858)
SpecialMesh4365.TextureId = "rbxassetid://745556120"
SpecialMesh4365.MeshType = Enum.MeshType.FileMesh
Part4366.Name = "Tree_Collision"
Part4366.Parent = Model4361
Part4366.CFrame = CFrame.new(1697.54724, 370.705811, 3910.70728, -0.958328068, 0.0650169551, -0.278182536, 0.0965012088, 0.990198553, -0.101013482, 0.268888623, -0.123648651, -0.955204725)
Part4366.Orientation = Vector3.new(5.800000190734863, -163.75999450683594, 5.570000171661377)
Part4366.Position = Vector3.new(1697.5472412109375, 370.705810546875, 3910.707275390625)
Part4366.Rotation = Vector3.new(173.9600067138672, -16.149999618530273, -176.1199951171875)
Part4366.Transparency = 1
Part4366.Size = Vector3.new(1.3500009775161743, 26.749998092651367, 1.5)
Part4366.Anchored = true
Part4366.Material = Enum.Material.Fabric
Part4367.Name = "Tree_Collision"
Part4367.Parent = Model4361
Part4367.CFrame = CFrame.new(1689.86218, 369.692444, 3903.61475, -0.928478956, -0.309573829, -0.205173999, -0.302070111, 0.950879693, -0.0677562729, 0.216071904, -0.0009329319, -0.976380289)
Part4367.Orientation = Vector3.new(3.890000104904175, -168.1300048828125, -17.6200008392334)
Part4367.Position = Vector3.new(1689.8621826171875, 369.69244384765625, 3903.61474609375)
Part4367.Rotation = Vector3.new(176.02999877929688, -11.84000015258789, 161.55999755859375)
Part4367.Transparency = 1
Part4367.Size = Vector3.new(1.3500009775161743, 23.749998092651367, 1.5)
Part4367.Anchored = true
Part4367.Material = Enum.Material.Fabric
Part4368.Name = "Tree_Collision"
Part4368.Parent = Model4361
Part4368.CFrame = CFrame.new(1714.49219, 371.178925, 3909.07471, -0.957047105, 0.0621279627, -0.283207357, 0.113768302, 0.978909433, -0.169713184, 0.266690761, -0.194642797, -0.943926096)
Part4368.Orientation = Vector3.new(9.770000457763672, -163.3000030517578, 6.630000114440918)
Part4368.Position = Vector3.new(1714.4921875, 371.1789245605469, 3909.07470703125)
Part4368.Rotation = Vector3.new(169.80999755859375, -16.450000762939453, -176.2899932861328)
Part4368.Transparency = 1
Part4368.Size = Vector3.new(1.3500009775161743, 26.749998092651367, 1.5)
Part4368.Anchored = true
Part4368.Material = Enum.Material.Fabric
Part4369.Name = "Tree_Collision"
Part4369.Parent = Model4361
Part4369.CFrame = CFrame.new(1666.06653, 369.410889, 3935.66968, -0.961963892, 0.0601066127, -0.266492218, -0.0113459472, 0.965868056, 0.25880453, 0.272952467, 0.251982987, -0.928443789)
Part4369.Orientation = Vector3.new(-15, -163.97999572753906, -0.6700000166893005)
Part4369.Position = Vector3.new(1666.0665283203125, 369.410888671875, 3935.669677734375)
Part4369.Rotation = Vector3.new(-164.4199981689453, -15.460000038146973, -176.4199981689453)
Part4369.Transparency = 1
Part4369.Size = Vector3.new(1.3500009775161743, 23.749998092651367, 1.5)
Part4369.Anchored = true
Part4369.Material = Enum.Material.Fabric
Part4370.Name = "Tree_Collision"
Part4370.Parent = Model4361
Part4370.CFrame = CFrame.new(1708.40173, 370.585785, 3925.81567, -0.932142854, 0.263359547, -0.24850896, 0.213389695, 0.954003096, 0.210600346, 0.292542011, 0.143279314, -0.945460975)
Part4370.Orientation = Vector3.new(-12.15999984741211, -165.27000427246094, 12.609999656677246)
Part4370.Position = Vector3.new(1708.4017333984375, 370.5857849121094, 3925.815673828125)
Part4370.Rotation = Vector3.new(-167.44000244140625, -14.390000343322754, -164.22000122070312)
Part4370.Transparency = 1
Part4370.Size = Vector3.new(1.3500009775161743, 26.749998092651367, 1.5)
Part4370.Anchored = true
Part4370.Material = Enum.Material.Fabric
Part4371.Name = "Tree_Collision"
Part4371.Parent = Model4361
Part4371.CFrame = CFrame.new(1699.95679, 369.322418, 3893.97485, -0.981825352, 0.0304659605, -0.187339693, 0.0880650356, 0.947483778, -0.307454973, 0.168135136, -0.318363994, -0.932942212)
Part4371.Orientation = Vector3.new(17.90999984741211, -168.64999389648438, 5.309999942779541)
Part4371.Position = Vector3.new(1699.956787109375, 369.3224182128906, 3893.974853515625)
Part4371.Rotation = Vector3.new(161.75999450683594, -10.800000190734863, -178.22000122070312)
Part4371.Transparency = 1
Part4371.Size = Vector3.new(1.3500009775161743, 22.749998092651367, 1.5)
Part4371.Anchored = true
Part4371.Material = Enum.Material.Fabric
Part4372.Name = "Tree_Collision"
Part4372.Parent = Model4361
Part4372.CFrame = CFrame.new(1671.69336, 370.201752, 3916.17749, -0.959523737, -0.148734957, -0.239160329, -0.162302315, 0.986015558, 0.0379574262, 0.230170667, 0.0752371624, -0.970240712)
Part4372.Orientation = Vector3.new(-2.180000066757202, -166.14999389648438, -9.350000381469727)
Part4372.Position = Vector3.new(1671.693359375, 370.2017517089844, 3916.177490234375)
Part4372.Rotation = Vector3.new(-177.75999450683594, -13.84000015258789, 171.19000244140625)
Part4372.Transparency = 1
Part4372.Size = Vector3.new(1.3500009775161743, 23.749998092651367, 1.5)
Part4372.Anchored = true
Part4372.Material = Enum.Material.Fabric
Part4373.Name = "Tree_Collision"
Part4373.Parent = Model4361
Part4373.CFrame = CFrame.new(1656.97119, 368.173035, 3913.67847, -0.942486048, -0.203350797, -0.265280545, -0.166109279, 0.973661125, -0.156208709, 0.290058732, -0.103158295, -0.951436043)
Part4373.Orientation = Vector3.new(8.989999771118164, -164.4199981689453, -9.680000305175781)
Part4373.Position = Vector3.new(1656.97119140625, 368.17303466796875, 3913.678466796875)
Part4373.Rotation = Vector3.new(170.67999267578125, -15.380000114440918, 167.82000732421875)
Part4373.Transparency = 1
Part4373.Size = Vector3.new(1.3500009775161743, 20.749998092651367, 1.5)
Part4373.Anchored = true
Part4373.Material = Enum.Material.Fabric
Part4374.Name = "Tree_Collision"
Part4374.Parent = Model4361
Part4374.CFrame = CFrame.new(1731.19104, 369.135284, 3920.18042, -0.927999377, 0.234367296, -0.289645672, 0.267785847, 0.960061789, -0.081126906, 0.259064496, -0.152848482, -0.953692436)
Part4374.Orientation = Vector3.new(4.650000095367432, -163.11000061035156, 15.59000015258789)
Part4374.Position = Vector3.new(1731.1910400390625, 369.1352844238281, 3920.180419921875)
Part4374.Rotation = Vector3.new(175.13999938964844, -16.84000015258789, -165.8300018310547)
Part4374.Transparency = 1
Part4374.Size = Vector3.new(1.3500009775161743, 22.749998092651367, 1.5)
Part4374.Anchored = true
Part4374.Material = Enum.Material.Fabric
Part4375.Name = "Tree_Collision"
Part4375.Parent = Model4361
Part4375.CFrame = CFrame.new(1700.01746, 369.985809, 3936.23853, -0.964129925, -0.0447707623, -0.261638433, -0.127792388, 0.942218602, 0.309681505, 0.23265636, 0.33200717, -0.914138198)
Part4375.Orientation = Vector3.new(-18.040000915527344, -164.02999877929688, -7.71999979019165)
Part4375.Position = Vector3.new(1700.0174560546875, 369.9858093261719, 3936.238525390625)
Part4375.Rotation = Vector3.new(-161.2899932861328, -15.170000076293945, 177.33999633789062)
Part4375.Transparency = 1
Part4375.Size = Vector3.new(1.3500009775161743, 23.749998092651367, 1.5)
Part4375.Anchored = true
Part4375.Material = Enum.Material.Fabric
Part4376.Name = "Tree_Collision"
Part4376.Parent = Model4361
Part4376.CFrame = CFrame.new(1689.59888, 369.522461, 3927.19849, -0.965993285, -0.0983127803, -0.239159137, -0.11047525, 0.993158579, 0.0379585065, 0.23379156, 0.0630886331, -0.97024107)
Part4376.Orientation = Vector3.new(-2.180000066757202, -166.14999389648438, -6.349999904632568)
Part4376.Position = Vector3.new(1689.598876953125, 369.5224609375, 3927.198486328125)
Part4376.Rotation = Vector3.new(-177.75999450683594, -13.84000015258789, 174.19000244140625)
Part4376.Transparency = 1
Part4376.Size = Vector3.new(1.3500009775161743, 23.749998092651367, 1.5)
Part4376.Anchored = true
Part4376.Material = Enum.Material.Fabric
Part4377.Name = "Tree_Collision"
Part4377.Parent = Model4361
Part4377.CFrame = CFrame.new(1734.55688, 369.178253, 3904.49976, -0.949466169, 0.160342693, -0.269832551, 0.165618718, 0.986189306, 0.00325704296, 0.266628444, -0.0415969677, -0.962904572)
Part4377.Orientation = Vector3.new(-0.1899999976158142, -164.35000610351562, 9.529999732971191)
Part4377.Position = Vector3.new(1734.556884765625, 369.1782531738281, 3904.499755859375)
Part4377.Rotation = Vector3.new(-179.80999755859375, -15.649999618530273, -170.41000366210938)
Part4377.Transparency = 1
Part4377.Size = Vector3.new(1.3500009775161743, 22.749998092651367, 1.5)
Part4377.Anchored = true
Part4377.Material = Enum.Material.Fabric
Model4378.Name = "??"
Model4378.Parent = Folder0
Part4379.Name = "TreeMesh Bottom"
Part4379.Parent = Model4378
Part4379.CFrame = CFrame.new(1765.43457, 346.648834, 3966.51196, -0.961467803, -0.000414123526, -0.274927408, -0.000174268105, 1.00000417, -0.000897016085, 0.274929196, -0.000814594794, -0.961467385)
Part4379.Orientation = Vector3.new(0.05000000074505806, -164.0399932861328, -0.009999999776482582)
Part4379.Position = Vector3.new(1765.4345703125, 346.6488342285156, 3966.511962890625)
Part4379.Rotation = Vector3.new(179.9499969482422, -15.960000038146973, 179.97999572753906)
Part4379.Size = Vector3.new(8.250000953674316, 0.2499980926513672, 7)
Part4379.Anchored = true
Part4379.CanCollide = false
Part4379.Material = Enum.Material.Fabric
SpecialMesh4380.Name = "BarkMesh"
SpecialMesh4380.Parent = Part4379
SpecialMesh4380.MeshId = "rbxassetid://623621260"
SpecialMesh4380.Offset = Vector3.new(0, 3.4100000858306885, 0)
SpecialMesh4380.TextureId = "rbxassetid://623618671"
SpecialMesh4380.MeshType = Enum.MeshType.FileMesh
Part4381.Name = "TreeMeshTop"
Part4381.Parent = Model4378
Part4381.CFrame = CFrame.new(1765.42249, 376.788879, 3966.4873, -0.961467803, -0.000414123526, -0.274927408, -0.000174268105, 1.00000417, -0.000897016085, 0.274929196, -0.000814594794, -0.961467385)
Part4381.Orientation = Vector3.new(0.05000000074505806, -164.0399932861328, -0.009999999776482582)
Part4381.Position = Vector3.new(1765.4224853515625, 376.78887939453125, 3966.4873046875)
Part4381.Rotation = Vector3.new(179.9499969482422, -15.960000038146973, 179.97999572753906)
Part4381.Transparency = 0.05000000074505806
Part4381.Size = Vector3.new(8.250000953674316, 0.2499980926513672, 7)
Part4381.Anchored = true
Part4381.CanCollide = false
Part4381.Material = Enum.Material.Fabric
SpecialMesh4382.Name = "TopTreeMesh"
SpecialMesh4382.Parent = Part4381
SpecialMesh4382.MeshId = "rbxassetid://623621456"
SpecialMesh4382.Offset = Vector3.new(0, 3.4100000858306885, 0)
SpecialMesh4382.Scale = Vector3.new(1.600000023841858, 1.600000023841858, 1.600000023841858)
SpecialMesh4382.TextureId = "rbxassetid://745556120"
SpecialMesh4382.MeshType = Enum.MeshType.FileMesh
Part4383.Name = "Tree_Collision"
Part4383.Parent = Model4378
Part4383.CFrame = CFrame.new(1765.45874, 359.775208, 3961.37134, -0.95832777, 0.0650170967, -0.278183401, 0.0965012014, 0.990198672, -0.101012409, 0.268889576, -0.12364766, -0.955204606)
Part4383.Orientation = Vector3.new(5.800000190734863, -163.75999450683594, 5.570000171661377)
Part4383.Position = Vector3.new(1765.458740234375, 359.77520751953125, 3961.371337890625)
Part4383.Rotation = Vector3.new(173.9600067138672, -16.149999618530273, -176.1199951171875)
Part4383.Transparency = 1
Part4383.Size = Vector3.new(1.3500009775161743, 26.749998092651367, 1.5)
Part4383.Anchored = true
Part4383.Material = Enum.Material.Fabric
Part4384.Name = "Tree_Collision"
Part4384.Parent = Model4378
Part4384.CFrame = CFrame.new(1757.77332, 358.76178, 3954.27856, -0.928478599, -0.309574902, -0.205173612, -0.302070975, 0.950879395, -0.0677572936, 0.216071814, -0.000933811069, -0.976380229)
Part4384.Orientation = Vector3.new(3.890000104904175, -168.1300048828125, -17.6200008392334)
Part4384.Position = Vector3.new(1757.7733154296875, 358.76177978515625, 3954.278564453125)
Part4384.Rotation = Vector3.new(176.02999877929688, -11.84000015258789, 161.55999755859375)
Part4384.Transparency = 1
Part4384.Size = Vector3.new(1.3500009775161743, 23.749998092651367, 1.5)
Part4384.Anchored = true
Part4384.Material = Enum.Material.Fabric
Part4385.Name = "Tree_Collision"
Part4385.Parent = Model4378
Part4385.CFrame = CFrame.new(1782.40234, 360.248383, 3959.73804, -0.957046807, 0.0621272326, -0.2832084, 0.113768294, 0.978909135, -0.169714957, 0.266691774, -0.19464463, -0.94392544)
Part4385.Orientation = Vector3.new(9.770000457763672, -163.3000030517578, 6.630000114440918)
Part4385.Position = Vector3.new(1782.40234375, 360.2483825683594, 3959.738037109375)
Part4385.Rotation = Vector3.new(169.80999755859375, -16.450000762939453, -176.2899932861328)
Part4385.Transparency = 1
Part4385.Size = Vector3.new(1.3500009775161743, 26.749998092651367, 1.5)
Part4385.Anchored = true
Part4385.Material = Enum.Material.Fabric
Part4386.Name = "Tree_Collision"
Part4386.Parent = Model4378
Part4386.CFrame = CFrame.new(1733.97778, 358.480316, 3986.33325, -0.961963892, 0.0601059198, -0.266492486, -0.0113469465, 0.965867698, 0.258805394, 0.272952467, 0.25198406, -0.928443313)
Part4386.Orientation = Vector3.new(-15, -163.97999572753906, -0.6700000166893005)
Part4386.Position = Vector3.new(1733.977783203125, 358.4803161621094, 3986.333251953125)
Part4386.Rotation = Vector3.new(-164.4199981689453, -15.460000038146973, -176.4199981689453)
Part4386.Transparency = 1
Part4386.Size = Vector3.new(1.3500009775161743, 23.749998092651367, 1.5)
Part4386.Anchored = true
Part4386.Material = Enum.Material.Fabric
Part4387.Name = "Tree_Collision"
Part4387.Parent = Model4378
Part4387.CFrame = CFrame.new(1776.31384, 359.655304, 3976.47876, -0.932143152, 0.263358861, -0.248508871, 0.213388741, 0.954003096, 0.210601255, 0.29254213, 0.143280447, -0.945460796)
Part4387.Orientation = Vector3.new(-12.15999984741211, -165.27000427246094, 12.609999656677246)
Part4387.Position = Vector3.new(1776.3138427734375, 359.6553039550781, 3976.478759765625)
Part4387.Rotation = Vector3.new(-167.44000244140625, -14.390000343322754, -164.22000122070312)
Part4387.Transparency = 1
Part4387.Size = Vector3.new(1.3500009775161743, 26.749998092651367, 1.5)
Part4387.Anchored = true
Part4387.Material = Enum.Material.Fabric
Part4388.Name = "Tree_Collision"
Part4388.Parent = Model4378
Part4388.CFrame = CFrame.new(1767.86755, 358.391846, 3944.63818, -0.981825471, 0.0304650515, -0.187339425, 0.0880640522, 0.947483897, -0.307455063, 0.168135107, -0.318363845, -0.932942331)
Part4388.Orientation = Vector3.new(17.90999984741211, -168.64999389648438, 5.309999942779541)
Part4388.Position = Vector3.new(1767.8675537109375, 358.391845703125, 3944.63818359375)
Part4388.Rotation = Vector3.new(161.75999450683594, -10.800000190734863, -178.22000122070312)
Part4388.Transparency = 1
Part4388.Size = Vector3.new(1.3500009775161743, 22.749998092651367, 1.5)
Part4388.Anchored = true
Part4388.Material = Enum.Material.Fabric
Part4389.Name = "Tree_Collision"
Part4389.Parent = Model4378
Part4389.CFrame = CFrame.new(1739.60461, 359.271179, 3966.84106, -0.959523797, -0.148733988, -0.23916024, -0.162301347, 0.986015677, 0.0379575007, 0.230170697, 0.0752369985, -0.970240712)
Part4389.Orientation = Vector3.new(-2.180000066757202, -166.14999389648438, -9.350000381469727)
Part4389.Position = Vector3.new(1739.6046142578125, 359.27117919921875, 3966.841064453125)
Part4389.Rotation = Vector3.new(-177.75999450683594, -13.84000015258789, 171.19000244140625)
Part4389.Transparency = 1
Part4389.Size = Vector3.new(1.3500009775161743, 23.749998092651367, 1.5)
Part4389.Anchored = true
Part4389.Material = Enum.Material.Fabric
Part4390.Name = "Tree_Collision"
Part4390.Parent = Model4378
Part4390.CFrame = CFrame.new(1724.88269, 357.242432, 3964.34155, -0.942486048, -0.203350797, -0.265280545, -0.166109279, 0.973661125, -0.156208709, 0.290058732, -0.103158295, -0.951436043)
Part4390.Orientation = Vector3.new(8.989999771118164, -164.4199981689453, -9.680000305175781)
Part4390.Position = Vector3.new(1724.8826904296875, 357.242431640625, 3964.341552734375)
Part4390.Rotation = Vector3.new(170.67999267578125, -15.380000114440918, 167.82000732421875)
Part4390.Transparency = 1
Part4390.Size = Vector3.new(1.3500009775161743, 20.749998092651367, 1.5)
Part4390.Anchored = true
Part4390.Material = Enum.Material.Fabric
Part4391.Name = "Tree_Collision"
Part4391.Parent = Model4378
Part4391.CFrame = CFrame.new(1799.10217, 358.204742, 3970.84351, -0.927999139, 0.234368205, -0.289645702, 0.267786771, 0.960061431, -0.0811267719, 0.259064406, -0.152848616, -0.953692436)
Part4391.Orientation = Vector3.new(4.650000095367432, -163.11000061035156, 15.59000015258789)
Part4391.Position = Vector3.new(1799.1021728515625, 358.2047424316406, 3970.843505859375)
Part4391.Rotation = Vector3.new(175.13999938964844, -16.84000015258789, -165.8300018310547)
Part4391.Transparency = 1
Part4391.Size = Vector3.new(1.3500009775161743, 22.749998092651367, 1.5)
Part4391.Anchored = true
Part4391.Material = Enum.Material.Fabric
Part4392.Name = "Tree_Collision"
Part4392.Parent = Model4378
Part4392.CFrame = CFrame.new(1767.92847, 359.055267, 3986.90234, -0.964129925, -0.0447707623, -0.261638433, -0.127792388, 0.942218602, 0.309681505, 0.23265636, 0.33200717, -0.914138198)
Part4392.Orientation = Vector3.new(-18.040000915527344, -164.02999877929688, -7.71999979019165)
Part4392.Position = Vector3.new(1767.928466796875, 359.0552673339844, 3986.90234375)
Part4392.Rotation = Vector3.new(-161.2899932861328, -15.170000076293945, 177.33999633789062)
Part4392.Transparency = 1
Part4392.Size = Vector3.new(1.3500009775161743, 23.749998092651367, 1.5)
Part4392.Anchored = true
Part4392.Material = Enum.Material.Fabric
Part4393.Name = "Tree_Collision"
Part4393.Parent = Model4378
Part4393.CFrame = CFrame.new(1757.5105, 358.591919, 3977.86304, -0.965993166, -0.0983137563, -0.239159197, -0.110476241, 0.993158519, 0.0379584804, 0.23379156, 0.0630888492, -0.970240951)
Part4393.Orientation = Vector3.new(-2.180000066757202, -166.14999389648438, -6.349999904632568)
Part4393.Position = Vector3.new(1757.510498046875, 358.5919189453125, 3977.863037109375)
