MeshPart302.Parent = Model299
MeshPart302.CFrame = CFrame.new(1733.4209, 303.587982, 2787.68384, -0.483902901, 0.0303848106, 0.874594033, -0.0108253015, 0.999112725, -0.040700309, -0.875054717, -0.0291627422, -0.483144611)
MeshPart302.Orientation = Vector3.new(2.3299999237060547, 118.91999816894531, -0.6200000047683716)
MeshPart302.Position = Vector3.new(1733.4208984375, 303.5879821777344, 2787.683837890625)
MeshPart302.Rotation = Vector3.new(175.17999267578125, 61, -176.41000366210938)
MeshPart302.Size = Vector3.new(36.445125579833984, 87.25019836425781, 48.101768493652344)
MeshPart302.Anchored = true
MeshPart302.CanCollide = false
MeshPart302.Material = Enum.Material.Fabric
MeshPart302.TextureID = "rbxassetid://1668393064"
Model303.Name = "Mesh_AlpTrees4"
Model303.Parent = Folder0
Part304.Name = "Mesh"
Part304.Parent = Model303
Part304.CFrame = CFrame.new(1764.33936, 312.812622, 2821.34155, 0.874596834, 0.0304651856, 0.483892798, -0.0407172292, 0.9991135, 0.0106903473, -0.483138144, -0.0290525164, 0.875061989)
Part304.Orientation = Vector3.new(-0.6100000143051147, 28.940000534057617, -2.3299999237060547)
Part304.Position = Vector3.new(1764.33935546875, 312.8126220703125, 2821.341552734375)
Part304.Rotation = Vector3.new(-0.699999988079071, 28.940000534057617, -2)
Part304.Color = Color3.new(0.972549, 0.972549, 0.972549)
Part304.Transparency = 0.20000000298023224
Part304.Size = Vector3.new(0.3411868214607239, 0.3411868214607239, 0.3411868214607239)
Part304.Anchored = true
Part304.BottomSurface = Enum.SurfaceType.Smooth
Part304.BrickColor = BrickColor.new("Institutional white")
Part304.CanCollide = false
Part304.Material = Enum.Material.Fabric
Part304.TopSurface = Enum.SurfaceType.Smooth
Part304.brickColor = BrickColor.new("Institutional white")
SpecialMesh305.Parent = Part304
SpecialMesh305.MeshId = "rbxassetid://1668447688"
SpecialMesh305.Scale = Vector3.new(0.9595881104469299, 0.9595881700515747, 0.9595881700515747)
SpecialMesh305.TextureId = "rbxassetid://2686753922"
SpecialMesh305.MeshType = Enum.MeshType.FileMesh
MeshPart306.Parent = Model303
MeshPart306.CFrame = CFrame.new(1767.69714, 305.530731, 2820.4856, 0.874596834, 0.0304651856, 0.483892798, -0.0407172292, 0.9991135, 0.0106903473, -0.483138144, -0.0290525164, 0.875061989)
MeshPart306.Orientation = Vector3.new(-0.6100000143051147, 28.940000534057617, -2.3299999237060547)
MeshPart306.Position = Vector3.new(1767.6971435546875, 305.5307312011719, 2820.485595703125)
MeshPart306.Rotation = Vector3.new(-0.699999988079071, 28.940000534057617, -2)
MeshPart306.Size = Vector3.new(36.445125579833984, 87.25019836425781, 48.101768493652344)
MeshPart306.Anchored = true
MeshPart306.CanCollide = false
MeshPart306.Material = Enum.Material.Fabric
MeshPart306.TextureID = "rbxassetid://1668393064"
Model307.Name = "Mesh_AlpTrees4"
Model307.Parent = Folder0
Part308.Name = "Mesh"
Part308.Parent = Model307
Part308.CFrame = CFrame.new(1787.57129, 312.646942, 2842.08765, -0.788245082, 0.0302471798, 0.614617705, 0.00583580323, 0.999113739, -0.0416850038, -0.615333736, -0.0292712077, -0.787723064)
Part308.Orientation = Vector3.new(2.390000104904175, 142.0399932861328, 0.33000001311302185)
Part308.Position = Vector3.new(1787.5712890625, 312.6469421386719, 2842.087646484375)
Part308.Rotation = Vector3.new(176.97000122070312, 37.91999816894531, -177.8000030517578)
Part308.Color = Color3.new(0.972549, 0.972549, 0.972549)
Part308.Transparency = 0.20000000298023224
Part308.Size = Vector3.new(0.3411868214607239, 0.3411868214607239, 0.3411868214607239)
Part308.Anchored = true
Part308.BottomSurface = Enum.SurfaceType.Smooth
Part308.BrickColor = BrickColor.new("Institutional white")
Part308.CanCollide = false
Part308.Material = Enum.Material.Fabric
Part308.TopSurface = Enum.SurfaceType.Smooth
Part308.brickColor = BrickColor.new("Institutional white")
SpecialMesh309.Parent = Part308
SpecialMesh309.MeshId = "rbxassetid://1668447688"
SpecialMesh309.Scale = Vector3.new(0.9595881104469299, 0.9595881700515747, 0.9595881700515747)
SpecialMesh309.TextureId = "rbxassetid://2686753922"
SpecialMesh309.MeshType = Enum.MeshType.FileMesh
MeshPart310.Parent = Model307
MeshPart310.CFrame = CFrame.new(1784.97144, 305.49295, 2839.42285, -0.788245082, 0.0302471798, 0.614617705, 0.00583580323, 0.999113739, -0.0416850038, -0.615333736, -0.0292712077, -0.787723064)
MeshPart310.Orientation = Vector3.new(2.390000104904175, 142.0399932861328, 0.33000001311302185)
MeshPart310.Position = Vector3.new(1784.971435546875, 305.4929504394531, 2839.4228515625)
MeshPart310.Rotation = Vector3.new(176.97000122070312, 37.91999816894531, -177.8000030517578)
MeshPart310.Size = Vector3.new(36.445125579833984, 87.25019836425781, 48.101768493652344)
MeshPart310.Anchored = true
MeshPart310.CanCollide = false
MeshPart310.Material = Enum.Material.Fabric
MeshPart310.TextureID = "rbxassetid://1668393064"
Model311.Name = "Mesh_AlpTrees4"
Model311.Parent = Folder0
Part312.Name = "Mesh"
Part312.Parent = Model311
Part312.CFrame = CFrame.new(1706.81165, 312.123322, 2739.38354, -0.435149133, 0.0303664468, 0.899846196, -0.0132158929, 0.999107957, -0.0401071273, -0.900261462, -0.0293448493, -0.43435961)
Part312.Orientation = Vector3.new(2.299999952316284, 115.7699966430664, -0.7599999904632568)
Part312.Position = Vector3.new(1706.8116455078125, 312.1233215332031, 2739.383544921875)
Part312.Rotation = Vector3.new(174.72000122070312, 64.13999938964844, -176.00999450683594)
Part312.Color = Color3.new(0.972549, 0.972549, 0.972549)
Part312.Transparency = 0.20000000298023224
Part312.Size = Vector3.new(0.3411868214607239, 0.3411868214607239, 0.3411868214607239)
Part312.Anchored = true
Part312.BottomSurface = Enum.SurfaceType.Smooth
Part312.BrickColor = BrickColor.new("Institutional white")
Part312.CanCollide = false
Part312.Material = Enum.Material.Fabric
Part312.TopSurface = Enum.SurfaceType.Smooth
Part312.brickColor = BrickColor.new("Institutional white")
SpecialMesh313.Parent = Part312
SpecialMesh313.MeshId = "rbxassetid://1668447688"
SpecialMesh313.Scale = Vector3.new(0.9595881104469299, 0.9595881700515747, 0.9595881700515747)
SpecialMesh313.TextureId = "rbxassetid://2686753922"
SpecialMesh313.MeshType = Enum.MeshType.FileMesh
MeshPart314.Parent = Model311
MeshPart314.CFrame = CFrame.new(1705.72668, 304.901001, 2735.96265, -0.435149133, 0.0303664468, 0.899846196, -0.0132158929, 0.999107957, -0.0401071273, -0.900261462, -0.0293448493, -0.43435961)
MeshPart314.Orientation = Vector3.new(2.299999952316284, 115.7699966430664, -0.7599999904632568)
MeshPart314.Position = Vector3.new(1705.7266845703125, 304.9010009765625, 2735.962646484375)
MeshPart314.Rotation = Vector3.new(174.72000122070312, 64.13999938964844, -176.00999450683594)
MeshPart314.Size = Vector3.new(36.445125579833984, 87.25019836425781, 48.101768493652344)
MeshPart314.Anchored = true
MeshPart314.CanCollide = false
MeshPart314.Material = Enum.Material.Fabric
MeshPart314.TextureID = "rbxassetid://1668393064"
Model315.Name = "Mesh_AlpTrees4"
Model315.Parent = Folder0
Part316.Name = "Mesh"
Part316.Parent = Model315
Part316.CFrame = CFrame.new(1910.75293, 318.194397, 2898.04419, 0.694601834, 0.0472389869, 0.717841744, -0.0591490567, 0.998213291, -0.00845526904, -0.716958582, -0.0365866125, 0.696155012)
Part316.Orientation = Vector3.new(0.47999998927116394, 45.880001068115234, -3.390000104904175)
Part316.Position = Vector3.new(1910.7529296875, 318.19439697265625, 2898.044189453125)
Part316.Rotation = Vector3.new(0.699999988079071, 45.880001068115234, -3.890000104904175)
Part316.Color = Color3.new(0.972549, 0.972549, 0.972549)
Part316.Transparency = 0.20000000298023224
Part316.Size = Vector3.new(0.3411868214607239, 0.3411868214607239, 0.3411868214607239)
Part316.Anchored = true
Part316.BottomSurface = Enum.SurfaceType.Smooth
Part316.BrickColor = BrickColor.new("Institutional white")
Part316.CanCollide = false
Part316.Material = Enum.Material.Fabric
Part316.TopSurface = Enum.SurfaceType.Smooth
Part316.brickColor = BrickColor.new("Institutional white")
SpecialMesh317.Parent = Part316
SpecialMesh317.MeshId = "rbxassetid://1668447688"
SpecialMesh317.Scale = Vector3.new(0.9595881104469299, 0.9595881700515747, 0.9595881700515747)
SpecialMesh317.TextureId = "rbxassetid://2686753922"
SpecialMesh317.MeshType = Enum.MeshType.FileMesh
MeshPart318.Parent = Model315
MeshPart318.CFrame = CFrame.new(1913.52161, 310.836365, 2896.24634, 0.694601834, 0.0472389869, 0.717841744, -0.0591490567, 0.998213291, -0.00845526904, -0.716958582, -0.0365866125, 0.696155012)
MeshPart318.Orientation = Vector3.new(0.47999998927116394, 45.880001068115234, -3.390000104904175)
MeshPart318.Position = Vector3.new(1913.5216064453125, 310.83636474609375, 2896.246337890625)
MeshPart318.Rotation = Vector3.new(0.699999988079071, 45.880001068115234, -3.890000104904175)
MeshPart318.Size = Vector3.new(36.445125579833984, 87.25019836425781, 48.101768493652344)
MeshPart318.Anchored = true
MeshPart318.CanCollide = false
MeshPart318.Material = Enum.Material.Fabric
MeshPart318.TextureID = "rbxassetid://1668393064"
Model319.Name = "Mesh_AlpTrees4"
Model319.Parent = Folder0
Part320.Name = "Mesh"
Part320.Parent = Model319
Part320.CFrame = CFrame.new(1732.14197, 310.973755, 2790.01929, 0.874596834, 0.0304651856, 0.483892798, -0.0407172292, 0.9991135, 0.0106903473, -0.483138144, -0.0290525164, 0.875061989)
Part320.Orientation = Vector3.new(-0.6100000143051147, 28.940000534057617, -2.3299999237060547)
Part320.Position = Vector3.new(1732.1419677734375, 310.9737548828125, 2790.019287109375)
Part320.Rotation = Vector3.new(-0.699999988079071, 28.940000534057617, -2)
Part320.Color = Color3.new(0.972549, 0.972549, 0.972549)
Part320.Transparency = 0.20000000298023224
Part320.Size = Vector3.new(0.3411868214607239, 0.3411868214607239, 0.3411868214607239)
Part320.Anchored = true
Part320.BottomSurface = Enum.SurfaceType.Smooth
Part320.BrickColor = BrickColor.new("Institutional white")
Part320.CanCollide = false
Part320.Material = Enum.Material.Fabric
Part320.TopSurface = Enum.SurfaceType.Smooth
Part320.brickColor = BrickColor.new("Institutional white")
SpecialMesh321.Parent = Part320
SpecialMesh321.MeshId = "rbxassetid://1668447688"
SpecialMesh321.Scale = Vector3.new(0.9595881104469299, 0.9595881700515747, 0.9595881700515747)
SpecialMesh321.TextureId = "rbxassetid://2686753922"
SpecialMesh321.MeshType = Enum.MeshType.FileMesh
MeshPart322.Parent = Model319
MeshPart322.CFrame = CFrame.new(1735.49988, 303.691956, 2789.16333, 0.874596834, 0.0304651856, 0.483892798, -0.0407172292, 0.9991135, 0.0106903473, -0.483138144, -0.0290525164, 0.875061989)
MeshPart322.Orientation = Vector3.new(-0.6100000143051147, 28.940000534057617, -2.3299999237060547)
MeshPart322.Position = Vector3.new(1735.4998779296875, 303.69195556640625, 2789.163330078125)
MeshPart322.Rotation = Vector3.new(-0.699999988079071, 28.940000534057617, -2)
MeshPart322.Size = Vector3.new(36.445125579833984, 87.25019836425781, 48.101768493652344)
MeshPart322.Anchored = true
MeshPart322.CanCollide = false
MeshPart322.Material = Enum.Material.Fabric
MeshPart322.TextureID = "rbxassetid://1668393064"
Model323.Name = "Mesh_AlpTrees4"
Model323.Parent = Folder0
Part324.Name = "Mesh"
Part324.Parent = Model323
Part324.CFrame = CFrame.new(1700.45068, 312.320923, 2737.32495, 0.899854898, 0.030319171, 0.43513447, -0.0399248526, 0.999118805, 0.0129479934, -0.434358478, -0.0290239938, 0.900272369)
Part324.Orientation = Vector3.new(-0.7400000095367432, 25.799999237060547, -2.2899999618530273)
Part324.Position = Vector3.new(1700.45068359375, 312.3209228515625, 2737.324951171875)
Part324.Rotation = Vector3.new(-0.8199999928474426, 25.790000915527344, -1.9299999475479126)
Part324.Color = Color3.new(0.972549, 0.972549, 0.972549)
Part324.Transparency = 0.20000000298023224
Part324.Size = Vector3.new(0.3411868214607239, 0.3411868214607239, 0.3411868214607239)
Part324.Anchored = true
Part324.BottomSurface = Enum.SurfaceType.Smooth
Part324.BrickColor = BrickColor.new("Institutional white")
Part324.CanCollide = false
Part324.Material = Enum.Material.Fabric
Part324.TopSurface = Enum.SurfaceType.Smooth
Part324.brickColor = BrickColor.new("Institutional white")
SpecialMesh325.Parent = Part324
SpecialMesh325.MeshId = "rbxassetid://1668447688"
SpecialMesh325.Scale = Vector3.new(0.9595881104469299, 0.9595881700515747, 0.9595881700515747)
SpecialMesh325.TextureId = "rbxassetid://2686753922"
SpecialMesh325.MeshType = Enum.MeshType.FileMesh
MeshPart326.Parent = Model323
MeshPart326.CFrame = CFrame.new(1703.86084, 305.043335, 2736.66821, 0.899854898, 0.030319171, 0.43513447, -0.0399248526, 0.999118805, 0.0129479934, -0.434358478, -0.0290239938, 0.900272369)
MeshPart326.Orientation = Vector3.new(-0.7400000095367432, 25.799999237060547, -2.2899999618530273)
MeshPart326.Position = Vector3.new(1703.86083984375, 305.0433349609375, 2736.668212890625)
MeshPart326.Rotation = Vector3.new(-0.8199999928474426, 25.790000915527344, -1.9299999475479126)
MeshPart326.Size = Vector3.new(36.445125579833984, 87.25019836425781, 48.101768493652344)
MeshPart326.Anchored = true
MeshPart326.CanCollide = false
MeshPart326.Material = Enum.Material.Fabric
MeshPart326.TextureID = "rbxassetid://1668393064"
Model327.Name = "Mesh_AlpTrees4"
Model327.Parent = Folder0
Part328.Name = "Mesh"
Part328.Parent = Model327
Part328.CFrame = CFrame.new(1768.97852, 312.744904, 2823.85425, -0.483902901, 0.0303848106, 0.874594033, -0.0108253015, 0.999112725, -0.040700309, -0.875054717, -0.0291627422, -0.483144611)
Part328.Orientation = Vector3.new(2.3299999237060547, 118.91999816894531, -0.6200000047683716)
Part328.Position = Vector3.new(1768.978515625, 312.7449035644531, 2823.854248046875)
Part328.Rotation = Vector3.new(175.17999267578125, 61, -176.41000366210938)
Part328.Color = Color3.new(0.972549, 0.972549, 0.972549)
Part328.Transparency = 0.20000000298023224
Part328.Size = Vector3.new(0.3411868214607239, 0.3411868214607239, 0.3411868214607239)
Part328.Anchored = true
Part328.BottomSurface = Enum.SurfaceType.Smooth
Part328.BrickColor = BrickColor.new("Institutional white")
Part328.CanCollide = false
Part328.Material = Enum.Material.Fabric
Part328.TopSurface = Enum.SurfaceType.Smooth
Part328.brickColor = BrickColor.new("Institutional white")
SpecialMesh329.Parent = Part328
SpecialMesh329.MeshId = "rbxassetid://1668447688"
SpecialMesh329.Scale = Vector3.new(0.9595881104469299, 0.9595881700515747, 0.9595881700515747)
SpecialMesh329.TextureId = "rbxassetid://2686753922"
SpecialMesh329.MeshType = Enum.MeshType.FileMesh
MeshPart330.Parent = Model327
MeshPart330.CFrame = CFrame.new(1767.69714, 305.530731, 2820.4856, -0.483902901, 0.0303848106, 0.874594033, -0.0108253015, 0.999112725, -0.040700309, -0.875054717, -0.0291627422, -0.483144611)
MeshPart330.Orientation = Vector3.new(2.3299999237060547, 118.91999816894531, -0.6200000047683716)
MeshPart330.Position = Vector3.new(1767.6971435546875, 305.5307312011719, 2820.485595703125)
MeshPart330.Rotation = Vector3.new(175.17999267578125, 61, -176.41000366210938)
MeshPart330.Size = Vector3.new(36.445125579833984, 87.25019836425781, 48.101768493652344)
MeshPart330.Anchored = true
MeshPart330.CanCollide = false
MeshPart330.Material = Enum.Material.Fabric
MeshPart330.TextureID = "rbxassetid://1668393064"
Model331.Name = "Mesh_AlpTrees4"
Model331.Parent = Folder0
Part332.Name = "Mesh"
Part332.Parent = Model331
Part332.CFrame = CFrame.new(1964.75964, 158.719452, 2062.02661, -0.59474057, 0.134244934, 0.792629957, 0.0574801005, 0.990536451, -0.124634162, -0.801860213, -0.0285645463, -0.596828699)
Part332.Orientation = Vector3.new(7.159999847412109, 126.9800033569336, 3.319999933242798)
Part332.Position = Vector3.new(1964.7596435546875, 158.71945190429688, 2062.026611328125)
Part332.Rotation = Vector3.new(168.1999969482422, 52.43000030517578, -167.27999877929688)
Part332.Color = Color3.new(0.972549, 0.972549, 0.972549)
Part332.Transparency = 0.20000000298023224
Part332.Size = Vector3.new(0.3411868214607239, 0.3411868214607239, 0.3411868214607239)
Part332.Anchored = true
Part332.BottomSurface = Enum.SurfaceType.Smooth
Part332.BrickColor = BrickColor.new("Institutional white")
Part332.CanCollide = false
Part332.Material = Enum.Material.Fabric
Part332.TopSurface = Enum.SurfaceType.Smooth
Part332.brickColor = BrickColor.new("Institutional white")
SpecialMesh333.Parent = Part332
SpecialMesh333.MeshId = "rbxassetid://1668447688"
SpecialMesh333.Scale = Vector3.new(0.9595881104469299, 0.9595881700515747, 0.9595881700515747)
SpecialMesh333.TextureId = "rbxassetid://2686753922"
SpecialMesh333.MeshType = Enum.MeshType.FileMesh
MeshPart334.Parent = Model331
MeshPart334.CFrame = CFrame.new(1962.26404, 151.748901, 2058.82935, -0.59474057, 0.134244934, 0.792629957, 0.0574801005, 0.990536451, -0.124634162, -0.801860213, -0.0285645463, -0.596828699)
MeshPart334.Orientation = Vector3.new(7.159999847412109, 126.9800033569336, 3.319999933242798)
MeshPart334.Position = Vector3.new(1962.2640380859375, 151.7489013671875, 2058.829345703125)
MeshPart334.Rotation = Vector3.new(168.1999969482422, 52.43000030517578, -167.27999877929688)
MeshPart334.Size = Vector3.new(36.445125579833984, 87.25019836425781, 48.101768493652344)
MeshPart334.Anchored = true
MeshPart334.CanCollide = false
MeshPart334.Material = Enum.Material.Fabric
MeshPart334.TextureID = "rbxassetid://1668393064"
Model335.Name = "Mesh_AlpTrees4"
Model335.Parent = Folder0
Part336.Name = "Mesh"
Part336.Parent = Model335
Part336.CFrame = CFrame.new(1956.60144, 159.901306, 2062.40186, 0.792655945, 0.134262174, 0.594702125, -0.124454767, 0.990543485, -0.0577477627, -0.59683156, -0.0282394178, 0.801869571)
Part336.Orientation = Vector3.new(3.309999942779541, 36.560001373291016, -7.159999847412109)
Part336.Position = Vector3.new(1956.6014404296875, 159.90130615234375, 2062.40185546875)
Part336.Rotation = Vector3.new(4.119999885559082, 36.4900016784668, -9.609999656677246)
Part336.Color = Color3.new(0.972549, 0.972549, 0.972549)
Part336.Transparency = 0.20000000298023224
Part336.Size = Vector3.new(0.3411868214607239, 0.3411868214607239, 0.3411868214607239)
Part336.Anchored = true
Part336.BottomSurface = Enum.SurfaceType.Smooth
Part336.BrickColor = BrickColor.new("Institutional white")
Part336.CanCollide = false
Part336.Material = Enum.Material.Fabric
Part336.TopSurface = Enum.SurfaceType.Smooth
Part336.brickColor = BrickColor.new("Institutional white")
SpecialMesh337.Parent = Part336
SpecialMesh337.MeshId = "rbxassetid://1668447688"
SpecialMesh337.Scale = Vector3.new(0.9595881104469299, 0.9595881700515747, 0.9595881700515747)
SpecialMesh337.TextureId = "rbxassetid://2686753922"
SpecialMesh337.MeshType = Enum.MeshType.FileMesh
MeshPart338.Parent = Model335
MeshPart338.CFrame = CFrame.new(1959.00537, 152.320557, 2061.06934, 0.792655945, 0.134262174, 0.594702125, -0.124454767, 0.990543485, -0.0577477627, -0.59683156, -0.0282394178, 0.801869571)
MeshPart338.Orientation = Vector3.new(3.309999942779541, 36.560001373291016, -7.159999847412109)
MeshPart338.Position = Vector3.new(1959.00537109375, 152.320556640625, 2061.0693359375)
MeshPart338.Rotation = Vector3.new(4.119999885559082, 36.4900016784668, -9.609999656677246)
MeshPart338.Size = Vector3.new(36.445125579833984, 87.25019836425781, 48.101768493652344)
MeshPart338.Anchored = true
MeshPart338.CanCollide = false
MeshPart338.Material = Enum.Material.Fabric
MeshPart338.TextureID = "rbxassetid://1668393064"
Model339.Name = "Mesh_AlpTrees4"
Model339.Parent = Folder0
Part340.Name = "Mesh"
Part340.Parent = Model339
Part340.CFrame = CFrame.new(1923.45715, 160.63974, 1998.36682, 0.96240592, 0.134398803, 0.236033812, -0.137278691, 0.990523338, -0.00426770002, -0.234370649, -0.028295178, 0.971735537)
Part340.Orientation = Vector3.new(0.23999999463558197, 13.649999618530273, -7.889999866485596)
Part340.Position = Vector3.new(1923.4571533203125, 160.63973999023438, 1998.3668212890625)
Part340.Rotation = Vector3.new(0.25, 13.649999618530273, -7.949999809265137)
Part340.Color = Color3.new(0.972549, 0.972549, 0.972549)
Part340.Transparency = 0.20000000298023224
Part340.Size = Vector3.new(0.3411868214607239, 0.3411868214607239, 0.3411868214607239)
Part340.Anchored = true
Part340.BottomSurface = Enum.SurfaceType.Smooth
Part340.BrickColor = BrickColor.new("Institutional white")
Part340.CanCollide = false
Part340.Material = Enum.Material.Fabric
Part340.TopSurface = Enum.SurfaceType.Smooth
Part340.brickColor = BrickColor.new("Institutional white")
SpecialMesh341.Parent = Part340
SpecialMesh341.MeshId = "rbxassetid://1668447688"
SpecialMesh341.Scale = Vector3.new(0.9595881104469299, 0.9595881700515747, 0.9595881700515747)
SpecialMesh341.TextureId = "rbxassetid://2686753922"
SpecialMesh341.MeshType = Enum.MeshType.FileMesh
MeshPart342.Parent = Model339
MeshPart342.CFrame = CFrame.new(1926.19421, 153.055237, 1998.49011, 0.96240592, 0.134398803, 0.236033812, -0.137278691, 0.990523338, -0.00426770002, -0.234370649, -0.028295178, 0.971735537)
MeshPart342.Orientation = Vector3.new(0.23999999463558197, 13.649999618530273, -7.889999866485596)
MeshPart342.Position = Vector3.new(1926.1942138671875, 153.05523681640625, 1998.4901123046875)
MeshPart342.Rotation = Vector3.new(0.25, 13.649999618530273, -7.949999809265137)
MeshPart342.Size = Vector3.new(36.445125579833984, 87.25019836425781, 48.101768493652344)
MeshPart342.Anchored = true
MeshPart342.CanCollide = false
MeshPart342.Material = Enum.Material.Fabric
MeshPart342.TextureID = "rbxassetid://1668393064"
Model343.Name = "Mesh_AlpTrees4"
Model343.Parent = Folder0
Part344.Name = "Mesh"
Part344.Parent = Model343
Part344.CFrame = CFrame.new(1946.32971, 160.568405, 2037.07019, 0.96240592, 0.134398803, 0.236033812, -0.137278691, 0.990523338, -0.00426770002, -0.234370649, -0.028295178, 0.971735537)
Part344.Orientation = Vector3.new(0.23999999463558197, 13.649999618530273, -7.889999866485596)
Part344.Position = Vector3.new(1946.3297119140625, 160.5684051513672, 2037.0701904296875)
Part344.Rotation = Vector3.new(0.25, 13.649999618530273, -7.949999809265137)
Part344.Color = Color3.new(0.972549, 0.972549, 0.972549)
Part344.Transparency = 0.20000000298023224
Part344.Size = Vector3.new(0.3411868214607239, 0.3411868214607239, 0.3411868214607239)
Part344.Anchored = true
Part344.BottomSurface = Enum.SurfaceType.Smooth
Part344.BrickColor = BrickColor.new("Institutional white")
Part344.CanCollide = false
Part344.Material = Enum.Material.Fabric
Part344.TopSurface = Enum.SurfaceType.Smooth
Part344.brickColor = BrickColor.new("Institutional white")
SpecialMesh345.Parent = Part344
SpecialMesh345.MeshId = "rbxassetid://1668447688"
SpecialMesh345.Scale = Vector3.new(0.9595881104469299, 0.9595881700515747, 0.9595881700515747)
SpecialMesh345.TextureId = "rbxassetid://2686753922"
SpecialMesh345.MeshType = Enum.MeshType.FileMesh
MeshPart346.Parent = Model343
MeshPart346.CFrame = CFrame.new(1949.06653, 152.983887, 2037.19324, 0.96240592, 0.134398803, 0.236033812, -0.137278691, 0.990523338, -0.00426770002, -0.234370649, -0.028295178, 0.971735537)
MeshPart346.Orientation = Vector3.new(0.23999999463558197, 13.649999618530273, -7.889999866485596)
MeshPart346.Position = Vector3.new(1949.0665283203125, 152.98388671875, 2037.1932373046875)
MeshPart346.Rotation = Vector3.new(0.25, 13.649999618530273, -7.949999809265137)
MeshPart346.Size = Vector3.new(36.445125579833984, 87.25019836425781, 48.101768493652344)
MeshPart346.Anchored = true
MeshPart346.CanCollide = false
MeshPart346.Material = Enum.Material.Fabric
MeshPart346.TextureID = "rbxassetid://1668393064"
Model347.Name = "Mesh_AlpTrees4"
Model347.Parent = Folder0
Part348.Name = "Mesh"
Part348.Parent = Model347
Part348.CFrame = CFrame.new(1950.11768, 160.159363, 2040.72095, -0.236055925, 0.134348854, 0.962407529, 0.0041321218, 0.990526319, -0.137260675, -0.971730769, -0.0284244195, -0.234374881)
Part348.Orientation = Vector3.new(7.889999866485596, 103.69000244140625, 0.23999999463558197)
Part348.Position = Vector3.new(1950.11767578125, 160.15936279296875, 2040.720947265625)
Part348.Rotation = Vector3.new(149.63999938964844, 74.23999786376953, -150.35000610351562)
Part348.Color = Color3.new(0.972549, 0.972549, 0.972549)
Part348.Transparency = 0.20000000298023224
Part348.Size = Vector3.new(0.3411868214607239, 0.3411868214607239, 0.3411868214607239)
Part348.Anchored = true
Part348.BottomSurface = Enum.SurfaceType.Smooth
Part348.BrickColor = BrickColor.new("Institutional white")
Part348.CanCollide = false
Part348.Material = Enum.Material.Fabric
Part348.TopSurface = Enum.SurfaceType.Smooth
Part348.brickColor = BrickColor.new("Institutional white")
SpecialMesh349.Parent = Part348
SpecialMesh349.MeshId = "rbxassetid://1668447688"
SpecialMesh349.Scale = Vector3.new(0.9595881104469299, 0.9595881700515747, 0.9595881700515747)
SpecialMesh349.TextureId = "rbxassetid://2686753922"
SpecialMesh349.MeshType = Enum.MeshType.FileMesh
MeshPart350.Parent = Model347
MeshPart350.CFrame = CFrame.new(1949.06653, 152.983887, 2037.19324, -0.236055925, 0.134348854, 0.962407529, 0.0041321218, 0.990526319, -0.137260675, -0.971730769, -0.0284244195, -0.234374881)
MeshPart350.Orientation = Vector3.new(7.889999866485596, 103.69000244140625, 0.23999999463558197)
MeshPart350.Position = Vector3.new(1949.0665283203125, 152.98388671875, 2037.1932373046875)
MeshPart350.Rotation = Vector3.new(149.63999938964844, 74.23999786376953, -150.35000610351562)
MeshPart350.Size = Vector3.new(36.445125579833984, 87.25019836425781, 48.101768493652344)
MeshPart350.Anchored = true
MeshPart350.CanCollide = false
MeshPart350.Material = Enum.Material.Fabric
MeshPart350.TextureID = "rbxassetid://1668393064"
Model351.Name = "Mesh_AlpTrees4"
Model351.Parent = Folder0
Part352.Name = "Mesh"
Part352.Parent = Model351
Part352.CFrame = CFrame.new(2102.22974, 162.47641, 2174.9668, 0.698999763, 0.0531852432, 0.713143945, -0.0140550248, 0.998061001, -0.0606577247, -0.714985371, 0.0323764607, 0.698390424)
Part352.Orientation = Vector3.new(3.4800000190734863, 45.599998474121094, -0.8100000023841858)
Part352.Position = Vector3.new(2102.229736328125, 162.47640991210938, 2174.966796875)
Part352.Rotation = Vector3.new(4.960000038146973, 45.4900016784668, -4.349999904632568)
Part352.Color = Color3.new(0.972549, 0.972549, 0.972549)
Part352.Transparency = 0.20000000298023224
Part352.Size = Vector3.new(0.3411868214607239, 0.3411868214607239, 0.3411868214607239)
Part352.Anchored = true
Part352.BottomSurface = Enum.SurfaceType.Smooth
Part352.BrickColor = BrickColor.new("Institutional white")
Part352.CanCollide = false
Part352.Material = Enum.Material.Fabric
Part352.TopSurface = Enum.SurfaceType.Smooth
Part352.brickColor = BrickColor.new("Institutional white")
SpecialMesh353.Parent = Part352
SpecialMesh353.MeshId = "rbxassetid://1668447688"
SpecialMesh353.Scale = Vector3.new(0.9595881104469299, 0.9595881700515747, 0.9595881700515747)
SpecialMesh353.TextureId = "rbxassetid://2686753922"
SpecialMesh353.MeshType = Enum.MeshType.FileMesh
MeshPart354.Parent = Model351
MeshPart354.CFrame = CFrame.new(2104.96777, 155.242386, 2172.68555, 0.698999763, 0.0531852432, 0.713143945, -0.0140550248, 0.998061001, -0.0606577247, -0.714985371, 0.0323764607, 0.698390424)
MeshPart354.Orientation = Vector3.new(3.4800000190734863, 45.599998474121094, -0.8100000023841858)
MeshPart354.Position = Vector3.new(2104.9677734375, 155.2423858642578, 2172.685546875)
MeshPart354.Rotation = Vector3.new(4.960000038146973, 45.4900016784668, -4.349999904632568)
MeshPart354.Size = Vector3.new(36.445125579833984, 87.25019836425781, 48.101768493652344)
MeshPart354.Anchored = true
MeshPart354.CanCollide = false
MeshPart354.Material = Enum.Material.Fabric
MeshPart354.TextureID = "rbxassetid://1668393064"
Model355.Name = "Mesh_AlpTrees4"
Model355.Parent = Folder0
Part356.Name = "Mesh"
Part356.Parent = Model355
Part356.CFrame = CFrame.new(2104.97168, 162.1987, 2175.20898, -0.713151455, 0.0530745946, 0.699000716, 0.0605206862, 0.998069704, -0.0140368519, -0.698394835, 0.032293573, -0.714984894)
Part356.Orientation = Vector3.new(0.800000011920929, 135.64999389648438, 3.4700000286102295)
Part356.Position = Vector3.new(2104.9716796875, 162.19869995117188, 2175.208984375)
Part356.Rotation = Vector3.new(178.8800048828125, 44.349998474121094, -175.74000549316406)
Part356.Color = Color3.new(0.972549, 0.972549, 0.972549)
Part356.Transparency = 0.20000000298023224
Part356.Size = Vector3.new(0.3411868214607239, 0.3411868214607239, 0.3411868214607239)
Part356.Anchored = true
Part356.BottomSurface = Enum.SurfaceType.Smooth
Part356.BrickColor = BrickColor.new("Institutional white")
Part356.CanCollide = false
Part356.Material = Enum.Material.Fabric
Part356.TopSurface = Enum.SurfaceType.Smooth
Part356.brickColor = BrickColor.new("Institutional white")
SpecialMesh357.Parent = Part356
SpecialMesh357.MeshId = "rbxassetid://1668447688"
SpecialMesh357.Scale = Vector3.new(0.9595881104469299, 0.9595881700515747, 0.9595881700515747)
SpecialMesh357.TextureId = "rbxassetid://2686753922"
SpecialMesh357.MeshType = Enum.MeshType.FileMesh
MeshPart358.Parent = Model355
MeshPart358.CFrame = CFrame.new(2102.55103, 155.273544, 2171.85938, -0.713151455, 0.0530745946, 0.699000716, 0.0605206862, 0.998069704, -0.0140368519, -0.698394835, 0.032293573, -0.714984894)
MeshPart358.Orientation = Vector3.new(0.800000011920929, 135.64999389648438, 3.4700000286102295)
MeshPart358.Position = Vector3.new(2102.551025390625, 155.27354431152344, 2171.859375)
MeshPart358.Rotation = Vector3.new(178.8800048828125, 44.349998474121094, -175.74000549316406)
MeshPart358.Size = Vector3.new(36.445125579833984, 87.25019836425781, 48.101768493652344)
MeshPart358.Anchored = true
MeshPart358.CanCollide = false
MeshPart358.Material = Enum.Material.Fabric
MeshPart358.TextureID = "rbxassetid://1668393064"
Model359.Name = "Mesh_AlpTrees4"
Model359.Parent = Folder0
Part360.Name = "Mesh"
Part360.Parent = Model359
Part360.CFrame = CFrame.new(2180.0603, 153.940125, 2301.72363, -0.848720908, 0.0243590251, 0.528281689, -0.10825821, 0.969782293, -0.218640909, -0.517643452, -0.242755726, -0.820436358)
Part360.Orientation = Vector3.new(12.630000114440918, 147.22000122070312, -6.369999885559082)
Part360.Position = Vector3.new(2180.060302734375, 153.94012451171875, 2301.7236328125)
Part360.Rotation = Vector3.new(165.0800018310547, 31.889999389648438, -178.36000061035156)
Part360.Color = Color3.new(0.972549, 0.972549, 0.972549)
Part360.Transparency = 0.20000000298023224
Part360.Size = Vector3.new(0.3411868214607239, 0.3411868214607239, 0.3411868214607239)
Part360.Anchored = true
Part360.BottomSurface = Enum.SurfaceType.Smooth
Part360.BrickColor = BrickColor.new("Institutional white")
Part360.CanCollide = false
Part360.Material = Enum.Material.Fabric
Part360.TopSurface = Enum.SurfaceType.Smooth
Part360.brickColor = BrickColor.new("Institutional white")
SpecialMesh361.Parent = Part360
SpecialMesh361.MeshId = "rbxassetid://1668447688"
SpecialMesh361.Scale = Vector3.new(0.9595881104469299, 0.9595881700515747, 0.9595881700515747)
SpecialMesh361.TextureId = "rbxassetid://2686753922"
SpecialMesh361.MeshType = Enum.MeshType.FileMesh
MeshPart362.Parent = Model359
MeshPart362.CFrame = CFrame.new(2177.21436, 146.438049, 2300.91504, -0.848720908, 0.0243590251, 0.528281689, -0.10825821, 0.969782293, -0.218640909, -0.517643452, -0.242755726, -0.820436358)
MeshPart362.Orientation = Vector3.new(12.630000114440918, 147.22000122070312, -6.369999885559082)
MeshPart362.Position = Vector3.new(2177.21435546875, 146.43804931640625, 2300.9150390625)
MeshPart362.Rotation = Vector3.new(165.0800018310547, 31.889999389648438, -178.36000061035156)
MeshPart362.Size = Vector3.new(36.445125579833984, 87.25019836425781, 48.101768493652344)
MeshPart362.Anchored = true
MeshPart362.CanCollide = false
MeshPart362.Material = Enum.Material.Fabric
MeshPart362.TextureID = "rbxassetid://1668393064"
Model363.Name = "Mesh_AlpTrees4"
Model363.Parent = Folder0
Part364.Name = "Mesh"
Part364.Parent = Model363
Part364.CFrame = CFrame.new(2057.39478, 150.556, 2247.72632, 0.766712785, 0.10220594, 0.633802533, -0.218658492, 0.969792485, 0.108124681, -0.603605926, -0.221486837, 0.765900493)
Part364.Orientation = Vector3.new(-6.210000038146973, 39.61000061035156, -12.710000038146973)
Part364.Position = Vector3.new(2057.394775390625, 150.55599975585938, 2247.726318359375)
Part364.Rotation = Vector3.new(-8.039999961853027, 39.33000183105469, -7.590000152587891)
Part364.Color = Color3.new(0.972549, 0.972549, 0.972549)
Part364.Transparency = 0.20000000298023224
Part364.Size = Vector3.new(0.3411868214607239, 0.3411868214607239, 0.3411868214607239)
Part364.Anchored = true
Part364.BottomSurface = Enum.SurfaceType.Smooth
Part364.BrickColor = BrickColor.new("Institutional white")
Part364.CanCollide = false
Part364.Material = Enum.Material.Fabric
Part364.TopSurface = Enum.SurfaceType.Smooth
Part364.brickColor = BrickColor.new("Institutional white")
SpecialMesh365.Parent = Part364
SpecialMesh365.MeshId = "rbxassetid://1668447688"
SpecialMesh365.Scale = Vector3.new(0.9595881104469299, 0.9595881700515747, 0.9595881700515747)
SpecialMesh365.TextureId = "rbxassetid://2686753922"
SpecialMesh365.MeshType = Enum.MeshType.FileMesh
MeshPart366.Parent = Model363
MeshPart366.CFrame = CFrame.new(2059.96606, 142.912659, 2247.72021, 0.766712785, 0.10220594, 0.633802533, -0.218658492, 0.969792485, 0.108124681, -0.603605926, -0.221486837, 0.765900493)
MeshPart366.Orientation = Vector3.new(-6.210000038146973, 39.61000061035156, -12.710000038146973)
MeshPart366.Position = Vector3.new(2059.966064453125, 142.91265869140625, 2247.72021484375)
MeshPart366.Rotation = Vector3.new(-8.039999961853027, 39.33000183105469, -7.590000152587891)
MeshPart366.Size = Vector3.new(36.445125579833984, 87.25019836425781, 48.101768493652344)
MeshPart366.Anchored = true
MeshPart366.CanCollide = false
MeshPart366.Material = Enum.Material.Fabric
MeshPart366.TextureID = "rbxassetid://1668393064"
Model367.Name = "Mesh_AlpTrees4"
Model367.Parent = Folder0
Part368.Name = "Mesh"
Part368.Parent = Model367
Part368.CFrame = CFrame.new(2273.10938, 153.550781, 2228.36841, -0.948754132, 0.0530492067, 0.311531603, 0.0604819953, 0.998067856, 0.0142387562, -0.310174227, 0.0323511213, -0.950129271)
Part368.Orientation = Vector3.new(-0.8199999928474426, 161.85000610351562, 3.4700000286102295)
Part368.Position = Vector3.new(2273.109375, 153.55078125, 2228.368408203125)
Part368.Rotation = Vector3.new(-179.13999938964844, 18.149999618530273, -176.8000030517578)
Part368.Color = Color3.new(0.972549, 0.972549, 0.972549)
Part368.Transparency = 0.20000000298023224
Part368.Size = Vector3.new(0.3411868214607239, 0.3411868214607239, 0.3411868214607239)
Part368.Anchored = true
Part368.BottomSurface = Enum.SurfaceType.Smooth
Part368.BrickColor = BrickColor.new("Institutional white")
Part368.CanCollide = false
Part368.Material = Enum.Material.Fabric
Part368.TopSurface = Enum.SurfaceType.Smooth
Part368.brickColor = BrickColor.new("Institutional white")
SpecialMesh369.Parent = Part368
SpecialMesh369.MeshId = "rbxassetid://1668447688"
SpecialMesh369.Scale = Vector3.new(0.9595881104469299, 0.9595881700515747, 0.9595881700515747)
SpecialMesh369.TextureId = "rbxassetid://2686753922"
SpecialMesh369.MeshType = Enum.MeshType.FileMesh
MeshPart370.Parent = Model367
MeshPart370.CFrame = CFrame.new(2269.52002, 146.648132, 2226.24561, -0.948754132, 0.0530492067, 0.311531603, 0.0604819953, 0.998067856, 0.0142387562, -0.310174227, 0.0323511213, -0.950129271)
MeshPart370.Orientation = Vector3.new(-0.8199999928474426, 161.85000610351562, 3.4700000286102295)
MeshPart370.Position = Vector3.new(2269.52001953125, 146.64813232421875, 2226.24560546875)
MeshPart370.Rotation = Vector3.new(-179.13999938964844, 18.149999618530273, -176.8000030517578)
MeshPart370.Size = Vector3.new(36.445125579833984, 87.25019836425781, 48.101768493652344)
MeshPart370.Anchored = true
MeshPart370.CanCollide = false
MeshPart370.Material = Enum.Material.Fabric
MeshPart370.TextureID = "rbxassetid://1668393064"
Model371.Name = "Mesh_AlpTrees4"
Model371.Parent = Folder0
Part372.Name = "Mesh"
Part372.Parent = Model371
Part372.CFrame = CFrame.new(2225.63647, 154.069214, 2227.59814, -0.948754132, 0.0530492067, 0.311531603, 0.0604819953, 0.998067856, 0.0142387562, -0.310174227, 0.0323511213, -0.950129271)
Part372.Orientation = Vector3.new(-0.8199999928474426, 161.85000610351562, 3.4700000286102295)
Part372.Position = Vector3.new(2225.636474609375, 154.0692138671875, 2227.59814453125)
Part372.Rotation = Vector3.new(-179.13999938964844, 18.149999618530273, -176.8000030517578)
Part372.Color = Color3.new(0.972549, 0.972549, 0.972549)
Part372.Transparency = 0.20000000298023224
Part372.Size = Vector3.new(0.3411868214607239, 0.3411868214607239, 0.3411868214607239)
Part372.Anchored = true
Part372.BottomSurface = Enum.SurfaceType.Smooth
Part372.BrickColor = BrickColor.new("Institutional white")
Part372.CanCollide = false
Part372.Material = Enum.Material.Fabric
Part372.TopSurface = Enum.SurfaceType.Smooth
Part372.brickColor = BrickColor.new("Institutional white")
SpecialMesh373.Parent = Part372
SpecialMesh373.MeshId = "rbxassetid://1668447688"
SpecialMesh373.Scale = Vector3.new(0.9595881104469299, 0.9595881700515747, 0.9595881700515747)
SpecialMesh373.TextureId = "rbxassetid://2686753922"
SpecialMesh373.MeshType = Enum.MeshType.FileMesh
MeshPart374.Parent = Model371
MeshPart374.CFrame = CFrame.new(2222.04688, 147.166565, 2225.47559, -0.948754132, 0.0530492067, 0.311531603, 0.0604819953, 0.998067856, 0.0142387562, -0.310174227, 0.0323511213, -0.950129271)
MeshPart374.Orientation = Vector3.new(-0.8199999928474426, 161.85000610351562, 3.4700000286102295)
MeshPart374.Position = Vector3.new(2222.046875, 147.16656494140625, 2225.4755859375)
MeshPart374.Rotation = Vector3.new(-179.13999938964844, 18.149999618530273, -176.8000030517578)
MeshPart374.Size = Vector3.new(36.445125579833984, 87.25019836425781, 48.101768493652344)
MeshPart374.Anchored = true
MeshPart374.CanCollide = false
MeshPart374.Material = Enum.Material.Fabric
MeshPart374.TextureID = "rbxassetid://1668393064"
Model375.Name = "Mesh_AlpTrees4"
Model375.Parent = Folder0
Part376.Name = "Mesh"
Part376.Parent = Model375
Part376.CFrame = CFrame.new(2223.06689, 154.297424, 2228.59814, 0.31153065, 0.0531851612, 0.948746681, 0.0142205805, 0.99805969, -0.060619045, -0.950129807, 0.032376416, 0.310169905)
Part376.Orientation = Vector3.new(3.4800000190734863, 71.9000015258789, 0.8199999928474426)
Part376.Position = Vector3.new(2223.06689453125, 154.29742431640625, 2228.59814453125)
Part376.Rotation = Vector3.new(11.0600004196167, 71.58000183105469, -9.6899995803833)
Part376.Color = Color3.new(0.972549, 0.972549, 0.972549)
Part376.Transparency = 0.20000000298023224
Part376.Size = Vector3.new(0.3411868214607239, 0.3411868214607239, 0.3411868214607239)
Part376.Anchored = true
Part376.BottomSurface = Enum.SurfaceType.Smooth
Part376.BrickColor = BrickColor.new("Institutional white")
Part376.CanCollide = false
Part376.Material = Enum.Material.Fabric
Part376.TopSurface = Enum.SurfaceType.Smooth
Part376.brickColor = BrickColor.new("Institutional white")
SpecialMesh377.Parent = Part376
SpecialMesh377.MeshId = "rbxassetid://1668447688"
SpecialMesh377.Scale = Vector3.new(0.9595881104469299, 0.9595881700515747, 0.9595881700515747)
SpecialMesh377.TextureId = "rbxassetid://2686753922"
SpecialMesh377.MeshType = Enum.MeshType.FileMesh
MeshPart378.Parent = Model375
MeshPart378.CFrame = CFrame.new(2224.58008, 147.166565, 2225.14941, 0.31153065, 0.0531851612, 0.948746681, 0.0142205805, 0.99805969, -0.060619045, -0.950129807, 0.032376416, 0.310169905)
MeshPart378.Orientation = Vector3.new(3.4800000190734863, 71.9000015258789, 0.8199999928474426)
MeshPart378.Position = Vector3.new(2224.580078125, 147.16656494140625, 2225.1494140625)
MeshPart378.Rotation = Vector3.new(11.0600004196167, 71.58000183105469, -9.6899995803833)
MeshPart378.Size = Vector3.new(36.445125579833984, 87.25019836425781, 48.101768493652344)
