Part111.Name = "Tree_Collision"
Part111.Parent = Model104
Part111.CFrame = CFrame.new(2596.84473, 130.85257, 2278.36768, 0.933709264, -0.0474725589, 0.354884326, 0.113944493, 0.97903496, -0.168826237, -0.339429647, 0.198072061, 0.919545293)
Part111.Orientation = Vector3.new(9.720000267028809, 21.100000381469727, 6.639999866485596)
Part111.Position = Vector3.new(2596.8447265625, 130.85256958007812, 2278.36767578125)
Part111.Rotation = Vector3.new(10.399999618530273, 20.790000915527344, 2.9100000858306885)
Part111.Transparency = 1
Part111.Size = Vector3.new(1.3500009775161743, 26.749998092651367, 1.5)
Part111.Anchored = true
Part111.Material = Enum.Material.Fabric
Part112.Name = "Tree_Collision"
Part112.Parent = Model104
Part112.CFrame = CFrame.new(2643.08838, 129.082932, 2248.13745, 0.93819046, -0.0797234178, 0.336826831, -0.0111709656, 0.965630293, 0.25966996, -0.345952064, -0.247383103, 0.905056477)
Part112.Orientation = Vector3.new(-15.050000190734863, 20.40999984741211, -0.6600000262260437)
Part112.Position = Vector3.new(2643.08837890625, 129.0829315185547, 2248.137451171875)
Part112.Rotation = Vector3.new(-16.010000228881836, 19.68000030517578, 4.860000133514404)
Part112.Transparency = 1
Part112.Size = Vector3.new(1.3500009775161743, 23.749998092651367, 1.5)
Part112.Anchored = true
Part112.Material = Enum.Material.Fabric
Part113.Name = "Tree_Collision"
Part113.Parent = Model104
Part113.CFrame = CFrame.new(2601.6333, 130.248367, 2261.21021, 0.906847656, -0.274030596, 0.320224911, 0.213534191, 0.953769922, 0.211473674, -0.363371342, -0.123395883, 0.923440993)
Part113.Orientation = Vector3.new(-12.210000038146973, 19.1299991607666, 12.619999885559082)
Part113.Position = Vector3.new(2601.63330078125, 130.2483673095703, 2261.210205078125)
Part113.Rotation = Vector3.new(-12.899999618530273, 18.68000030517578, 16.809999465942383)
Part113.Transparency = 1
Part113.Size = Vector3.new(1.3500009775161743, 26.749998092651367, 1.5)
Part113.Anchored = true
Part113.Material = Enum.Material.Fabric
Part114.Name = "Tree_Collision"
Part114.Parent = Model104
Part114.CFrame = CFrame.new(2612.49731, 129.01442, 2292.31006, 0.965989172, -0.00639547408, 0.258521557, 0.0883326083, 0.947722554, -0.306617618, -0.243045658, 0.319025785, 0.916056752)
Part114.Orientation = Vector3.new(17.860000610351562, 15.760000228881836, 5.320000171661377)
Part114.Position = Vector3.new(2612.497314453125, 129.01441955566406, 2292.31005859375)
Part114.Rotation = Vector3.new(18.510000228881836, 14.979999542236328, 0.3799999952316284)
Part114.Transparency = 1
Part114.Size = Vector3.new(1.3500009775161743, 22.749998092651367, 1.5)
Part114.Anchored = true
Part114.Material = Enum.Material.Fabric
Part115.Name = "Tree_Collision"
Part115.Parent = Model104
Part115.CFrame = CFrame.new(2638.9729, 129.887375, 2268.00293, 0.939111531, 0.142053768, 0.31288898, -0.162090287, 0.986008525, 0.0388464965, -0.30299297, -0.0871975869, 0.948999643)
Part115.Orientation = Vector3.new(-2.2300000190734863, 18.25, -9.34000015258789)
Part115.Position = Vector3.new(2638.972900390625, 129.8873748779297, 2268.0029296875)
Part115.Rotation = Vector3.new(-2.3399999141693115, 18.229999542236328, -8.600000381469727)
Part115.Transparency = 1
Part115.Size = Vector3.new(1.3500009775161743, 23.749998092651367, 1.5)
Part115.Anchored = true
Part115.Material = Enum.Material.Fabric
Part116.Name = "Tree_Collision"
Part116.Parent = Model104
Part116.CFrame = CFrame.new(2653.84424, 127.866821, 2269.36719, 0.917530715, 0.210205227, 0.337580502, -0.165954322, 0.9738217, -0.155323774, -0.361393303, 0.0864916593, 0.928397834)
Part116.Orientation = Vector3.new(8.9399995803833, 19.979999542236328, -9.670000076293945)
Part116.Position = Vector3.new(2653.84423828125, 127.8668212890625, 2269.3671875)
Part116.Rotation = Vector3.new(9.5, 19.729999542236328, -12.899999618530273)
Part116.Transparency = 1
Part116.Size = Vector3.new(1.3500009775161743, 20.749998092651367, 1.5)
Part116.Anchored = true
Part116.Material = Enum.Material.Fabric
Part117.Name = "Tree_Collision"
Part117.Parent = Model104
Part117.CFrame = CFrame.new(2579.34448, 128.792999, 2268.57812, 0.905259192, -0.222404897, 0.362010062, 0.267956764, 0.960082054, -0.0802283138, -0.329716325, 0.169630647, 0.928720117)
Part117.Orientation = Vector3.new(4.599999904632568, 21.299999237060547, 15.59000015258789)
Part117.Position = Vector3.new(2579.344482421875, 128.79299926757812, 2268.578125)
Part117.Rotation = Vector3.new(4.940000057220459, 21.219999313354492, 13.800000190734863)
Part117.Transparency = 1
Part117.Size = Vector3.new(1.3500009775161743, 22.749998092651367, 1.5)
Part117.Anchored = true
Part117.Material = Enum.Material.Fabric
Part118.Name = "Tree_Collision"
Part118.Parent = Model104
Part118.CFrame = CFrame.new(2609.19336, 129.643311, 2250.17432, 0.943497062, 0.0187138095, 0.330866188, -0.127581432, 0.941959143, 0.310533494, -0.305851191, -0.335200518, 0.891125262)
Part118.Orientation = Vector3.new(-18.09000015258789, 20.3700008392334, -7.710000038146973)
Part118.Position = Vector3.new(2609.193359375, 129.643310546875, 2250.17431640625)
Part118.Rotation = Vector3.new(-19.209999084472656, 19.31999969482422, -1.1399999856948853)
Part118.Transparency = 1
Part118.Size = Vector3.new(1.3500009775161743, 23.749998092651367, 1.5)
Part118.Anchored = true
Part118.Material = Enum.Material.Fabric
Part119.Name = "Tree_Collision"
Part119.Parent = Model104
Part119.CFrame = CFrame.new(2620.27539, 129.191711, 2258.38818, 0.945259571, 0.0927097797, 0.312887579, -0.110264592, 0.99314028, 0.0388471782, -0.307139814, -0.0712212026, 0.94900012)
Part119.Orientation = Vector3.new(-2.2300000190734863, 18.25, -6.340000152587891)
Part119.Position = Vector3.new(2620.275390625, 129.19171142578125, 2258.38818359375)
Part119.Rotation = Vector3.new(-2.3399999141693115, 18.229999542236328, -5.599999904632568)
Part119.Transparency = 1
Part119.Size = Vector3.new(1.3500009775161743, 23.749998092651367, 1.5)
Part119.Anchored = true
Part119.Material = Enum.Material.Fabric
Part120.Name = "Tree_Collision"
Part120.Parent = Model104
Part120.CFrame = CFrame.new(2577.19116, 128.847336, 2284.4707, 0.92613107, -0.15714629, 0.34292236, 0.165792271, 0.98614943, 0.00415348774, -0.338825524, 0.0530071892, 0.939359307)
Part120.Orientation = Vector3.new(-0.23999999463558197, 20.059999465942383, 9.539999961853027)
Part120.Position = Vector3.new(2577.191162109375, 128.8473358154297, 2284.470703125)
Part120.Rotation = Vector3.new(-0.25, 20.059999465942383, 9.630000114440918)
Part120.Transparency = 1
Part120.Size = Vector3.new(1.3500009775161743, 22.749998092651367, 1.5)
Part120.Anchored = true
Part120.Material = Enum.Material.Fabric
Model121.Name = "茂み"
Model121.Parent = Folder0
Part122.Name = "TreeMesh Bottom"
Part122.Parent = Model121
Part122.CFrame = CFrame.new(2126.33862, 218.36438, 2924.77881, -0.113110855, 0.0355230421, 0.992947161, 0.0261165313, 0.999121726, -0.032768894, -0.993239045, 0.0222258195, -0.113939241)
Part122.Orientation = Vector3.new(1.8799999952316284, 96.55000305175781, 1.5)
Part122.Position = Vector3.new(2126.338623046875, 218.3643798828125, 2924.77880859375)
Part122.Rotation = Vector3.new(163.9499969482422, 83.19000244140625, -162.55999755859375)
Part122.Size = Vector3.new(8.250000953674316, 0.2499980926513672, 7)
Part122.Anchored = true
Part122.CanCollide = false
Part122.Material = Enum.Material.Fabric
SpecialMesh123.Name = "BarkMesh"
SpecialMesh123.Parent = Part122
SpecialMesh123.MeshId = "rbxassetid://623621260"
SpecialMesh123.Offset = Vector3.new(0, 3.4100000858306885, 0)
SpecialMesh123.TextureId = "rbxassetid://623618671"
SpecialMesh123.MeshType = Enum.MeshType.FileMesh
Part124.Name = "TreeMeshTop"
Part124.Parent = Model121
Part124.CFrame = CFrame.new(2127.40845, 248.477966, 2925.44946, -0.113110855, 0.0355230421, 0.992947161, 0.0261165313, 0.999121726, -0.032768894, -0.993239045, 0.0222258195, -0.113939241)
Part124.Orientation = Vector3.new(1.8799999952316284, 96.55000305175781, 1.5)
Part124.Position = Vector3.new(2127.408447265625, 248.47796630859375, 2925.449462890625)
Part124.Rotation = Vector3.new(163.9499969482422, 83.19000244140625, -162.55999755859375)
Part124.Transparency = 0.05000000074505806
Part124.Size = Vector3.new(8.250000953674316, 0.2499980926513672, 7)
Part124.Anchored = true
Part124.CanCollide = false
Part124.Material = Enum.Material.Fabric
SpecialMesh125.Name = "TopTreeMesh"
SpecialMesh125.Parent = Part124
SpecialMesh125.MeshId = "rbxassetid://623621456"
SpecialMesh125.Offset = Vector3.new(0, 3.4100000858306885, 0)
SpecialMesh125.Scale = Vector3.new(1.600000023841858, 1.600000023841858, 1.600000023841858)
SpecialMesh125.TextureId = "rbxassetid://745556120"
SpecialMesh125.MeshType = Enum.MeshType.FileMesh
Part126.Name = "Tree_Collision"
Part126.Parent = Model121
Part126.CFrame = CFrame.new(2131.85645, 231.284485, 2925.93848, -0.104321823, 0.145525232, 0.983839095, 0.122427709, 0.983592093, -0.132507011, -0.986979425, 0.10662581, -0.120426431)
Part126.Orientation = Vector3.new(7.610000133514404, 96.9800033569336, 7.099999904632568)
Part126.Position = Vector3.new(2131.8564453125, 231.28448486328125, 2925.9384765625)
Part126.Rotation = Vector3.new(132.27000427246094, 79.69000244140625, -125.63999938964844)
Part126.Transparency = 1
Part126.Size = Vector3.new(1.3500009775161743, 26.749998092651367, 1.5)
Part126.Anchored = true
Part126.Material = Enum.Material.Fabric
Part127.Name = "Tree_Collision"
Part127.Parent = Model121
Part127.CFrame = CFrame.new(2140.07666, 230.13028, 2919.49609, -0.0709677413, 0.0847170949, 0.99387449, -0.278293222, 0.95514071, -0.101287022, -0.957870781, -0.283776671, -0.0442079864)
Part127.Orientation = Vector3.new(5.809999942779541, 92.55000305175781, -16.239999771118164)
Part127.Position = Vector3.new(2140.07666015625, 230.13027954101562, 2919.49609375)
Part127.Rotation = Vector3.new(113.58000183105469, 83.66000366210938, -129.9499969482422)
Part127.Transparency = 1
Part127.Size = Vector3.new(1.3500009775161743, 23.749998092651367, 1.5)
Part127.Anchored = true
Part127.Material = Enum.Material.Fabric
Part128.Name = "Tree_Collision"
Part128.Parent = Model121
Part128.CFrame = CFrame.new(2130.69922, 231.415497, 2942.92847, -0.101766668, 0.215596125, 0.971165299, 0.139575064, 0.969671547, -0.200638711, -0.984968245, 0.115132108, -0.12877208)
Part128.Orientation = Vector3.new(11.569999694824219, 97.55000305175781, 8.1899995803833)
Part128.Position = Vector3.new(2130.69921875, 231.41549682617188, 2942.928466796875)
Part128.Rotation = Vector3.new(122.69000244140625, 76.20999908447266, -115.2699966430664)
Part128.Transparency = 1
Part128.Size = Vector3.new(1.3500009775161743, 26.749998092651367, 1.5)
Part128.Anchored = true
Part128.Material = Enum.Material.Fabric
Part129.Name = "Tree_Collision"
Part129.Parent = Model121
Part129.CFrame = CFrame.new(2112.375, 231.455963, 2890.77783, -0.111467019, -0.224811062, 0.968005776, 0.0148876244, 0.973589003, 0.22782205, -0.993656695, 0.039805945, -0.105176158)
Part129.Orientation = Vector3.new(-13.170000076293945, 96.19999694824219, 0.8799999952316284)
Part129.Position = Vector3.new(2112.375, 231.45596313476562, 2890.77783203125)
Part129.Rotation = Vector3.new(-114.77999877929688, 75.47000122070312, 116.37000274658203)
Part129.Transparency = 1
Part129.Size = Vector3.new(1.3500009775161743, 23.749998092651367, 1.5)
Part129.Anchored = true
Part129.Material = Enum.Material.Fabric
Part130.Name = "Tree_Collision"
Part130.Parent = Model121
Part130.CFrame = CFrame.new(2115.17627, 231.557465, 2934.17065, -0.127889112, -0.151446447, 0.980157375, 0.239677608, 0.954261243, 0.178717896, -0.96239239, 0.25777781, -0.0857413039)
Part130.Orientation = Vector3.new(-10.300000190734863, 95, 14.100000381469727)
Part130.Position = Vector3.new(2115.17626953125, 231.55746459960938, 2934.170654296875)
Part130.Rotation = Vector3.new(-115.62999725341797, 78.56999969482422, 130.17999267578125)
Part130.Transparency = 1
Part130.Size = Vector3.new(1.3500009775161743, 26.749998092651367, 1.5)
Part130.Anchored = true
Part130.Material = Enum.Material.Fabric
Part131.Name = "Tree_Collision"
Part131.Parent = Model121
Part131.CFrame = CFrame.new(2147.90918, 229.22879, 2931.02002, -0.00143085711, 0.341673136, 0.939817846, 0.110570431, 0.934110105, -0.339429766, -0.993867338, 0.103430383, -0.0391155221)
Part131.Orientation = Vector3.new(19.84000015258789, 92.37999725341797, 6.75)
Part131.Position = Vector3.new(2147.9091796875, 229.22879028320312, 2931.02001953125)
Part131.Rotation = Vector3.new(96.56999969482422, 70.0199966430664, -90.23999786376953)
Part131.Transparency = 1
Part131.Size = Vector3.new(1.3500009775161743, 22.749998092651367, 1.5)
Part131.Anchored = true
Part131.Material = Enum.Material.Fabric
Part132.Name = "Tree_Collision"
Part132.Parent = Model121
Part132.CFrame = CFrame.new(2130.69336, 231.415009, 2899.5332, -0.0749244839, -0.0155729046, 0.99706763, -0.137597814, 0.990474999, 0.00513016805, -0.987650335, -0.13680996, -0.076353617)
Part132.Orientation = Vector3.new(-0.28999999165534973, 94.37999725341797, -7.909999847412109)
Part132.Position = Vector3.new(2130.693359375, 231.41500854492188, 2899.533203125)
Part132.Rotation = Vector3.new(-176.16000366210938, 85.61000061035156, 168.25999450683594)
Part132.Transparency = 1
Part132.Size = Vector3.new(1.3500009775161743, 23.749998092651367, 1.5)
Part132.Anchored = true
Part132.Material = Enum.Material.Fabric
Part133.Name = "Tree_Collision"
Part133.Parent = Model121
Part133.CFrame = CFrame.new(2135.50488, 229.53653, 2885.37598, -0.13689214, 0.168833211, 0.97609216, -0.139416173, 0.972276866, -0.187725708, -0.980726123, -0.161781207, -0.109558977)
Part133.Orientation = Vector3.new(10.819999694824219, 96.4000015258789, -8.15999984741211)
Part133.Position = Vector3.new(2135.5048828125, 229.53652954101562, 2885.3759765625)
Part133.Rotation = Vector3.new(120.2699966430664, 77.44999694824219, -129.0399932861328)
Part133.Transparency = 1
Part133.Size = Vector3.new(1.3500009775161743, 20.749998092651367, 1.5)
Part133.Anchored = true
Part133.Material = Enum.Material.Fabric
Part134.Name = "Tree_Collision"
Part134.Parent = Model121
Part134.CFrame = CFrame.new(2116.93799, 229.518433, 2957.53613, -0.0936826989, 0.145449504, 0.984920323, 0.292691529, 0.949578881, -0.112390466, -0.951606631, 0.277748793, -0.131530955)
Part134.Orientation = Vector3.new(6.449999809265137, 97.61000061035156, 17.1299991607666)
Part134.Position = Vector3.new(2116.93798828125, 229.5184326171875, 2957.5361328125)
Part134.Rotation = Vector3.new(139.49000549316406, 80.04000091552734, -122.79000091552734)
Part134.Transparency = 1
Part134.Size = Vector3.new(1.3500009775161743, 22.749998092651367, 1.5)
Part134.Anchored = true
Part134.Material = Enum.Material.Fabric
Part135.Name = "Tree_Collision"
Part135.Parent = Model121
Part135.CFrame = CFrame.new(2106.25684, 231.491241, 2924.18286, -0.0754226148, -0.287293255, 0.954868615, -0.102947943, 0.954722524, 0.279117703, -0.991823137, -0.0772499666, -0.101583913)
Part135.Orientation = Vector3.new(-16.209999084472656, 96.06999969482422, -6.150000095367432)
Part135.Position = Vector3.new(2106.2568359375, 231.49124145507812, 2924.182861328125)
Part135.Rotation = Vector3.new(-110, 72.72000122070312, 104.70999908447266)
Part135.Transparency = 1
Part135.Size = Vector3.new(1.3500009775161743, 23.749998092651367, 1.5)
Part135.Anchored = true
Part135.Material = Enum.Material.Fabric
Part136.Name = "Tree_Collision"
Part136.Parent = Model121
Part136.CFrame = CFrame.new(2116.86401, 230.858032, 2915.375, -0.0756357461, -0.0116311926, 0.99706763, -0.0855723172, 0.996318698, 0.00513109565, -0.9934569, -0.0849332884, -0.0763526112)
Part136.Orientation = Vector3.new(-0.28999999165534973, 94.37999725341797, -4.909999847412109)
Part136.Position = Vector3.new(2116.864013671875, 230.8580322265625, 2915.375)
Part136.Rotation = Vector3.new(-176.16000366210938, 85.61000061035156, 171.25999450683594)
Part136.Transparency = 1
Part136.Size = Vector3.new(1.3500009775161743, 23.749998092651367, 1.5)
Part136.Anchored = true
Part136.Material = Enum.Material.Fabric
Part137.Name = "Tree_Collision"
Part137.Parent = Model121
Part137.CFrame = CFrame.new(2131.84521, 228.911896, 2963.42139, -0.101153009, 0.048841916, 0.993671238, 0.191253021, 0.981119514, -0.02875592, -0.976314664, 0.187133908, -0.108584352)
Part137.Orientation = Vector3.new(1.649999976158142, 96.23999786376953, 11.029999732971191)
Part137.Position = Vector3.new(2131.84521484375, 228.91189575195312, 2963.42138671875)
Part137.Rotation = Vector3.new(165.1699981689453, 83.55000305175781, -154.22999572753906)
Part137.Transparency = 1
Part137.Size = Vector3.new(1.3500009775161743, 22.749998092651367, 1.5)
Part137.Anchored = true
Part137.Material = Enum.Material.Fabric
Model138.Name = "茂み"
Model138.Parent = Folder0
Part139.Name = "TreeMesh Bottom"
Part139.Parent = Model138
Part139.CFrame = CFrame.new(2164.2063, 204.249023, 3005.75146, -0.60787791, 0.0660233796, 0.791280925, 0.0460158512, 0.997791469, -0.0479040332, -0.792696118, 0.00729165738, -0.609573483)
Part139.Orientation = Vector3.new(2.75, 127.61000061035156, 2.640000104904175)
Part139.Position = Vector3.new(2164.206298828125, 204.2490234375, 3005.75146484375)
Part139.Rotation = Vector3.new(175.50999450683594, 52.310001373291016, -173.8000030517578)
Part139.Size = Vector3.new(8.250000953674316, 0.2499980926513672, 7)
Part139.Anchored = true
Part139.CanCollide = false
Part139.Material = Enum.Material.Fabric
SpecialMesh140.Name = "BarkMesh"
SpecialMesh140.Parent = Part139
SpecialMesh140.MeshId = "rbxassetid://623621260"
SpecialMesh140.Offset = Vector3.new(0, 3.4100000858306885, 0)
SpecialMesh140.TextureId = "rbxassetid://623618671"
SpecialMesh140.MeshType = Enum.MeshType.FileMesh
Part141.Name = "TreeMeshTop"
Part141.Parent = Model138
Part141.CFrame = CFrame.new(2166.19604, 234.322723, 3005.97266, -0.60787791, 0.0660233796, 0.791280925, 0.0460158512, 0.997791469, -0.0479040332, -0.792696118, 0.00729165738, -0.609573483)
Part141.Orientation = Vector3.new(2.75, 127.61000061035156, 2.640000104904175)
Part141.Position = Vector3.new(2166.196044921875, 234.32272338867188, 3005.97265625)
Part141.Rotation = Vector3.new(175.50999450683594, 52.310001373291016, -173.8000030517578)
Part141.Transparency = 0.05000000074505806
Part141.Size = Vector3.new(8.250000953674316, 0.2499980926513672, 7)
Part141.Anchored = true
Part141.CanCollide = false
Part141.Material = Enum.Material.Fabric
SpecialMesh142.Name = "TopTreeMesh"
SpecialMesh142.Parent = Part141
SpecialMesh142.MeshId = "rbxassetid://623621456"
SpecialMesh142.Offset = Vector3.new(0, 3.4100000858306885, 0)
SpecialMesh142.Scale = Vector3.new(1.600000023841858, 1.600000023841858, 1.600000023841858)
SpecialMesh142.TextureId = "rbxassetid://745556120"
SpecialMesh142.MeshType = Enum.MeshType.FileMesh
Part143.Name = "Tree_Collision"
Part143.Parent = Model138
Part143.CFrame = CFrame.new(2169.84302, 217.048599, 3003.98657, -0.59479636, 0.203370988, 0.777725935, 0.142031595, 0.978835642, -0.147335842, -0.791229606, 0.0228268337, -0.611093044)
Part143.Orientation = Vector3.new(8.470000267028809, 128.16000366210938, 8.260000228881836)
Part143.Position = Vector3.new(2169.843017578125, 217.04859924316406, 3003.986572265625)
Part143.Rotation = Vector3.new(166.44000244140625, 51.04999923706055, -161.1199951171875)
Part143.Transparency = 1
Part143.Size = Vector3.new(1.3500009775161743, 26.749998092651367, 1.5)
Part143.Anchored = true
Part143.Material = Enum.Material.Fabric
Part144.Name = "Tree_Collision"
Part144.Parent = Model138
Part144.CFrame = CFrame.new(2173.54028, 215.868698, 2994.22192, -0.560906827, -0.0505043454, 0.82633698, -0.259667277, 0.958501577, -0.117676765, -0.786102057, -0.280578405, -0.550744355)
Part144.Orientation = Vector3.new(6.760000228881836, 123.68000030517578, -15.15999984741211)
Part144.Position = Vector3.new(2173.540283203125, 215.8686981201172, 2994.221923828125)
Part144.Rotation = Vector3.new(167.94000244140625, 55.720001220703125, 174.85000610351562)
Part144.Transparency = 1
Part144.Size = Vector3.new(1.3500009775161743, 23.749998092651367, 1.5)
Part144.Anchored = true
Part144.Material = Enum.Material.Fabric
Part145.Name = "Tree_Collision"
Part145.Parent = Model138
Part145.CFrame = CFrame.new(2177.60645, 216.89267, 3019.14355, -0.591156721, 0.267452508, 0.760922432, 0.159092978, 0.963551879, -0.215075105, -0.790710509, -0.00608568452, -0.612160027)
Part145.Orientation = Vector3.new(12.420000076293945, 128.82000732421875, 9.380000114440918)
Part145.Position = Vector3.new(2177.6064453125, 216.89266967773438, 3019.1435546875)
Part145.Rotation = Vector3.new(160.63999938964844, 49.54999923706055, -155.66000366210938)
Part145.Transparency = 1
Part145.Size = Vector3.new(1.3500009775161743, 26.749998092651367, 1.5)
Part145.Anchored = true
Part145.Material = Enum.Material.Fabric
Part146.Name = "Tree_Collision"
Part146.Parent = Model138
Part146.CFrame = CFrame.new(2135.04541, 218.192932, 2983.89673, -0.606955826, -0.148593381, 0.780720592, 0.034769509, 0.976459682, 0.212878987, -0.793974698, 0.156353384, -0.587501347)
Part146.Orientation = Vector3.new(-12.289999961853027, 126.95999908447266, 2.0399999618530273)
Part146.Position = Vector3.new(2135.04541015625, 218.19293212890625, 2983.896728515625)
Part146.Rotation = Vector3.new(-160.0800018310547, 51.33000183105469, 166.24000549316406)
Part146.Transparency = 1
Part146.Size = Vector3.new(1.3500009775161743, 23.749998092651367, 1.5)
Part146.Anchored = true
Part146.Material = Enum.Material.Fabric
Part147.Name = "Tree_Collision"
Part147.Parent = Model138
Part147.CFrame = CFrame.new(2159.79858, 217.461792, 3019.63916, -0.599491775, 0.0260713119, 0.799956262, 0.259209007, 0.951928198, 0.163228512, -0.757245243, 0.305210024, -0.577431023)
Part147.Orientation = Vector3.new(-9.390000343322754, 125.81999969482422, 15.229999542236328)
Part147.Position = Vector3.new(2159.798583984375, 217.4617919921875, 3019.63916015625)
Part147.Rotation = Vector3.new(-164.22000122070312, 53.130001068115234, -177.50999450683594)
Part147.Transparency = 1
Part147.Size = Vector3.new(1.3500009775161743, 26.749998092651367, 1.5)
Part147.Anchored = true
Part147.Material = Enum.Material.Fabric
Part148.Name = "Tree_Collision"
Part148.Parent = Model138
Part148.CFrame = CFrame.new(2186.16455, 214.623611, 3000.05566, -0.510473311, 0.36858955, 0.776890397, 0.128519669, 0.926028371, -0.354900181, -0.850235105, -0.0813213587, -0.520083785)
Part148.Orientation = Vector3.new(20.790000915527344, 123.80000305175781, 7.900000095367432)
Part148.Position = Vector3.new(2186.16455078125, 214.6236114501953, 3000.0556640625)
Part148.Rotation = Vector3.new(145.69000244140625, 50.97999954223633, -144.1699981689453)
Part148.Transparency = 1
Part148.Size = Vector3.new(1.3500009775161743, 22.749998092651367, 1.5)
Part148.Anchored = true
Part148.Material = Enum.Material.Fabric
Part149.Name = "Tree_Collision"
Part149.Parent = Model138
Part149.CFrame = CFrame.new(2155.24951, 217.676376, 2981.95947, -0.576236367, -0.0598805696, 0.815086544, -0.118410036, 0.992906451, -0.0107674068, -0.808659852, -0.102718994, -0.579239249)
Part149.Orientation = Vector3.new(0.6200000047683716, 125.4000015258789, -6.800000190734863)
Part149.Position = Vector3.new(2155.24951171875, 217.67637634277344, 2981.95947265625)
Part149.Rotation = Vector3.new(178.94000244140625, 54.599998474121094, 174.07000732421875)
Part149.Transparency = 1
Part149.Size = Vector3.new(1.3500009775161743, 23.749998092651367, 1.5)
Part149.Anchored = true
Part149.Material = Enum.Material.Fabric
Part150.Name = "Tree_Collision"
Part150.Parent = Model138
Part150.CFrame = CFrame.new(2152.03418, 215.970932, 2967.33496, -0.625807881, 0.0848172754, 0.775351882, -0.119279332, 0.971970141, -0.202599406, -0.770802736, -0.219271749, -0.598149717)
Part150.Orientation = Vector3.new(11.6899995803833, 127.6500015258789, -7)
Part150.Position = Vector3.new(2152.0341796875, 215.97093200683594, 2967.3349609375)
Part150.Rotation = Vector3.new(161.2899932861328, 50.84000015258789, -172.27999877929688)
Part150.Transparency = 1
Part150.Size = Vector3.new(1.3500009775161743, 20.749998092651367, 1.5)
Part150.Anchored = true
Part150.Material = Enum.Material.Fabric
Part151.Name = "Tree_Collision"
Part151.Parent = Model138
Part151.CFrame = CFrame.new(2173.2937, 214.970627, 3038.74097, -0.56334722, 0.290625632, 0.773418844, 0.311418831, 0.941742301, -0.127043054, -0.765283167, 0.169287831, -0.621034086)
Part151.Orientation = Vector3.new(7.300000190734863, 128.75999450683594, 18.299999237060547)
Part151.Position = Vector3.new(2173.293701171875, 214.9706268310547, 3038.740966796875)
Part151.Rotation = Vector3.new(168.44000244140625, 50.65999984741211, -152.7100067138672)
Part151.Transparency = 1
Part151.Size = Vector3.new(1.3500009775161743, 22.749998092651367, 1.5)
Part151.Anchored = true
Part151.Material = Enum.Material.Fabric
Part152.Name = "Tree_Collision"
Part152.Parent = Model138
Part152.CFrame = CFrame.new(2147.01001, 217.730591, 3015.67651, -0.577975333, -0.262877226, 0.772554278, -0.0836869776, 0.960796893, 0.264321387, -0.811751842, 0.088118501, -0.577316284)
Part152.Orientation = Vector3.new(-15.329999923706055, 126.7699966430664, -4.980000019073486)
Part152.Position = Vector3.new(2147.010009765625, 217.7305908203125, 3015.676513671875)
Part152.Rotation = Vector3.new(-155.39999389648438, 50.58000183105469, 155.5399932861328)
Part152.Transparency = 1
Part152.Size = Vector3.new(1.3500009775161743, 23.749998092651367, 1.5)
Part152.Anchored = true
Part152.Material = Enum.Material.Fabric
Part153.Name = "Tree_Collision"
Part153.Parent = Model138
Part153.CFrame = CFrame.new(2151.54639, 217.072952, 3002.65845, -0.578579843, -0.0296415854, 0.81508702, -0.0662835389, 0.997742712, -0.0107665043, -0.812928021, -0.0602561235, -0.579238594)
Part153.Orientation = Vector3.new(0.6200000047683716, 125.4000015258789, -3.799999952316284)
Part153.Position = Vector3.new(2151.54638671875, 217.0729522705078, 3002.658447265625)
Part153.Rotation = Vector3.new(178.94000244140625, 54.599998474121094, 177.07000732421875)
Part153.Transparency = 1
Part153.Size = Vector3.new(1.3500009775161743, 23.749998092651367, 1.5)
Part153.Anchored = true
Part153.Material = Enum.Material.Fabric
Part154.Name = "Tree_Collision"
Part154.Parent = Model138
Part154.CFrame = CFrame.new(2189.08276, 213.999634, 3036.09814, -0.584925175, 0.161940679, 0.794756472, 0.210587859, 0.976584136, -0.0440016389, -0.783272207, 0.141628385, -0.605331361)
Part154.Orientation = Vector3.new(2.5199999809265137, 127.29000091552734, 12.170000076293945)
Part154.Position = Vector3.new(2189.082763671875, 213.9996337890625, 3036.09814453125)
Part154.Rotation = Vector3.new(175.83999633789062, 52.630001068115234, -164.52000427246094)
Part154.Transparency = 1
Part154.Size = Vector3.new(1.3500009775161743, 22.749998092651367, 1.5)
Part154.Anchored = true
Part154.Material = Enum.Material.Fabric
Model155.Name = "茂み"
Model155.Parent = Folder0
Part156.Name = "TreeMesh Bottom"
Part156.Parent = Model155
Part156.CFrame = CFrame.new(2561.37793, 208.994339, 2769.90137, -0.671342373, -0.00841493905, -0.741099596, 0.0103399893, 0.999731898, -0.0207183436, 0.741075277, -0.0215720646, -0.671075344)
Part156.Orientation = Vector3.new(1.190000057220459, -132.16000366210938, 0.5899999737739563)
Part156.Position = Vector3.new(2561.3779296875, 208.9943389892578, 2769.9013671875)
Part156.Rotation = Vector3.new(178.22999572753906, -47.83000183105469, 179.27999877929688)
Part156.Size = Vector3.new(8.250000953674316, 0.2499980926513672, 7)
Part156.Anchored = true
Part156.CanCollide = false
Part156.Material = Enum.Material.Fabric
SpecialMesh157.Name = "BarkMesh"
SpecialMesh157.Parent = Part156
SpecialMesh157.MeshId = "rbxassetid://623621260"
SpecialMesh157.Offset = Vector3.new(0, 3.4100000858306885, 0)
SpecialMesh157.TextureId = "rbxassetid://623618671"
SpecialMesh157.MeshType = Enum.MeshType.FileMesh
Part158.Name = "TreeMeshTop"
Part158.Parent = Model155
Part158.CFrame = CFrame.new(2561.125, 239.126144, 2769.25073, -0.671342373, -0.00841493905, -0.741099596, 0.0103399893, 0.999731898, -0.0207183436, 0.741075277, -0.0215720646, -0.671075344)
Part158.Orientation = Vector3.new(1.190000057220459, -132.16000366210938, 0.5899999737739563)
Part158.Position = Vector3.new(2561.125, 239.1261444091797, 2769.250732421875)
Part158.Rotation = Vector3.new(178.22999572753906, -47.83000183105469, 179.27999877929688)
Part158.Transparency = 0.05000000074505806
Part158.Size = Vector3.new(8.250000953674316, 0.2499980926513672, 7)
Part158.Anchored = true
Part158.CanCollide = false
Part158.Material = Enum.Material.Fabric
SpecialMesh159.Name = "TopTreeMesh"
SpecialMesh159.Parent = Part158
SpecialMesh159.MeshId = "rbxassetid://623621456"
SpecialMesh159.Offset = Vector3.new(0, 3.4100000858306885, 0)
SpecialMesh159.Scale = Vector3.new(1.600000023841858, 1.600000023841858, 1.600000023841858)
SpecialMesh159.TextureId = "rbxassetid://745556120"
SpecialMesh159.MeshType = Enum.MeshType.FileMesh
Part160.Name = "Tree_Collision"
Part160.Parent = Model155
Part160.CFrame = CFrame.new(2558.58398, 222.00441, 2765.2478, -0.672603071, -0.0176280402, -0.739793479, 0.10684184, 0.986928165, -0.12065497, 0.732249916, -0.160193801, -0.661927521)
Part160.Orientation = Vector3.new(6.929999828338623, -131.82000732421875, 6.179999828338623)
Part160.Position = Vector3.new(2558.583984375, 222.00440979003906, 2765.247802734375)
Part160.Rotation = Vector3.new(169.6699981689453, -47.709999084472656, 178.5)
Part160.Transparency = 1
Part160.Size = Vector3.new(1.3500009775161743, 26.749998092651367, 1.5)
Part160.Anchored = true
Part160.Material = Enum.Material.Fabric
Part161.Name = "Tree_Collision"
Part161.Parent = Model155
Part161.CFrame = CFrame.new(2548.32031, 220.871384, 2763.30469, -0.672098219, -0.270648509, -0.689226687, -0.292924643, 0.95205754, -0.0882131234, 0.680058181, 0.142603591, -0.719155848)
Part161.Orientation = Vector3.new(5.059999942779541, -136.22000122070312, -17.100000381469727)
Part161.Position = Vector3.new(2548.3203125, 220.8713836669922, 2763.3046875)
Part161.Rotation = Vector3.new(173.00999450683594, -43.56999969482422, 158.07000732421875)
Part161.Transparency = 1
Part161.Size = Vector3.new(1.3500009775161743, 23.749998092651367, 1.5)
Part161.Anchored = true
Part161.Material = Enum.Material.Fabric
Part162.Name = "Tree_Collision"
Part162.Parent = Model155
Part162.CFrame = CFrame.new(2572.10718, 222.362625, 2754.90454, -0.672807455, -0.0574804768, -0.737581313, 0.124049895, 0.974096894, -0.189068288, 0.729343414, -0.218703419, -0.648249209)
Part162.Orientation = Vector3.new(10.899999618530273, -131.30999755859375, 7.260000228881836)
Part162.Position = Vector3.new(2572.107177734375, 222.3626251220703, 2754.904541015625)
Part162.Rotation = Vector3.new(163.74000549316406, -47.529998779296875, 175.1199951171875)
Part162.Transparency = 1
Part162.Size = Vector3.new(1.3500009775161743, 26.749998092651367, 1.5)
Part162.Anchored = true
Part162.Material = Enum.Material.Fabric
Part163.Name = "Tree_Collision"
Part163.Parent = Model155
Part163.CFrame = CFrame.new(2545.03857, 221.404327, 2803.08862, -0.672722518, 0.176711977, -0.718482673, -0.000870999356, 0.970870733, 0.239602685, 0.73989445, 0.161811948, -0.652972519)
Part163.Orientation = Vector3.new(-13.859999656677246, -132.27000427246094, -0.05000000074505806)
Part163.Position = Vector3.new(2545.03857421875, 221.40432739257812, 2803.088623046875)
Part163.Rotation = Vector3.new(-159.85000610351562, -45.93000030517578, -165.27999877929688)
Part163.Transparency = 1
Part163.Size = Vector3.new(1.3500009775161743, 23.749998092651367, 1.5)
Part163.Anchored = true
Part163.Material = Enum.Material.Fabric
Part164.Name = "Tree_Collision"
Part164.Parent = Model155
Part164.CFrame = CFrame.new(2575.7793, 222.165451, 2772.34497, -0.638770163, 0.29201588, -0.711828291, 0.224096701, 0.955676436, 0.190953895, 0.736039042, -0.0375427306, -0.6758973)
Part164.Orientation = Vector3.new(-11.010000228881836, -133.52000427246094, 13.199999809265137)
Part164.Position = Vector3.new(2575.779296875, 222.1654510498047, 2772.344970703125)
Part164.Rotation = Vector3.new(-164.22000122070312, -45.380001068115234, -155.42999267578125)
Part164.Transparency = 1
Part164.Size = Vector3.new(1.3500009775161743, 26.749998092651367, 1.5)
Part164.Anchored = true
Part164.Material = Enum.Material.Fabric
Part165.Name = "Tree_Collision"
Part165.Parent = Model155
Part165.CFrame = CFrame.new(2551.80566, 220.24295, 2749.79858, -0.745689213, -0.149449065, -0.649317086, 0.0963058993, 0.940111637, -0.326979071, 0.659297287, -0.306357771, -0.686638296)
Part165.Orientation = Vector3.new(19.09000015258789, -136.60000610351562, 5.849999904632568)
Part165.Position = Vector3.new(2551.8056640625, 220.24295043945312, 2749.798583984375)
Part165.Rotation = Vector3.new(154.5399932861328, -40.4900016784668, 168.6699981689453)
Part165.Transparency = 1
Part165.Size = Vector3.new(1.3500009775161743, 22.749998092651367, 1.5)
Part165.Anchored = true
Part165.Material = Enum.Material.Fabric
Part166.Name = "Tree_Collision"
Part166.Parent = Model155
Part166.CFrame = CFrame.new(2539.51953, 221.740982, 2783.55298, -0.692085564, -0.0941118672, -0.715653956, -0.152737916, 0.988107026, 0.0177671369, 0.705470562, 0.121603869, -0.698229074)
Part166.Orientation = Vector3.new(-1.0199999809265137, -134.2899932861328, -8.789999961853027)
Part166.Position = Vector3.new(2539.51953125, 221.74098205566406, 2783.552978515625)
Part166.Rotation = Vector3.new(-178.5399932861328, -45.70000076293945, 172.25999450683594)
Part166.Transparency = 1
Part166.Size = Vector3.new(1.3500009775161743, 23.749998092651367, 1.5)
Part166.Anchored = true
Part166.Material = Enum.Material.Fabric
Part167.Name = "Tree_Collision"
Part167.Parent = Model155
Part167.CFrame = CFrame.new(2525.71338, 219.726547, 2789.24731, -0.645968378, -0.23458679, -0.726425529, -0.155308858, 0.972094953, -0.17581436, 0.747398257, -0.000750202744, -0.664375961)
Part167.Orientation = Vector3.new(10.130000114440918, -132.4499969482422, -9.079999923706055)
Part167.Position = Vector3.new(2525.71337890625, 219.72654724121094, 2789.247314453125)
Part167.Rotation = Vector3.new(165.17999267578125, -46.59000015258789, 160.0399932861328)
Part167.Transparency = 1
Part167.Size = Vector3.new(1.3500009775161743, 20.749998092651367, 1.5)
Part167.Anchored = true
Part167.Material = Enum.Material.Fabric
Part168.Name = "Tree_Collision"
Part168.Parent = Model155
Part168.CFrame = CFrame.new(2592.16772, 220.485489, 2755.55908, -0.653342247, 0.111001663, -0.748880923, 0.27772668, 0.955368996, -0.100687549, 0.704281151, -0.27376762, -0.655010998)
Part168.Orientation = Vector3.new(5.78000020980835, -131.1699981689453, 16.209999084472656)
Part168.Position = Vector3.new(2592.167724609375, 220.48548889160156, 2755.55908203125)
Part168.Rotation = Vector3.new(171.25999450683594, -48.4900016784668, -170.36000061035156)
Part168.Transparency = 1
Part168.Size = Vector3.new(1.3500009775161743, 22.749998092651367, 1.5)
Part168.Anchored = true
Part168.Material = Enum.Material.Fabric
Part169.Name = "Tree_Collision"
Part169.Parent = Model155
Part169.CFrame = CFrame.new(2574.1665, 221.83345, 2785.63403, -0.694948077, 0.130080223, -0.707196176, -0.118160844, 0.949472308, 0.290758401, 0.709285021, 0.285624862, -0.644463539)
Part169.Orientation = Vector3.new(-16.899999618530273, -132.33999633789062, -7.090000152587891)
Part169.Position = Vector3.new(2574.16650390625, 221.8334503173828, 2785.634033203125)
Part169.Rotation = Vector3.new(-155.72000122070312, -45.0099983215332, -169.39999389648438)
Part169.Transparency = 1
Part169.Size = Vector3.new(1.3500009775161743, 23.749998092651367, 1.5)
Part169.Anchored = true
Part169.Material = Enum.Material.Fabric
Part170.Name = "Tree_Collision"
Part170.Parent = Model155
Part170.CFrame = CFrame.new(2560.54932, 221.220383, 2783.46973, -0.69606334, -0.0577607155, -0.7156533, -0.100814901, 0.994746566, 0.0177687705, 0.710867345, 0.0845167041, -0.69822973)
Part170.Orientation = Vector3.new(-1.0199999809265137, -134.2899932861328, -5.789999961853027)
Part170.Position = Vector3.new(2560.54931640625, 221.2203826904297, 2783.4697265625)
Part170.Rotation = Vector3.new(-178.5399932861328, -45.70000076293945, 175.25999450683594)
Part170.Transparency = 1
Part170.Size = Vector3.new(1.3500009775161743, 23.749998092651367, 1.5)
Part170.Anchored = true
Part170.Material = Enum.Material.Fabric
Part171.Name = "Tree_Collision"
Part171.Parent = Model155
Part171.CFrame = CFrame.new(2586.74756, 220.168533, 2740.46777, -0.666799128, 0.106675684, -0.737563133, 0.175850779, 0.984276474, -0.0166206174, 0.724193037, -0.140783638, -0.675073743)
Part171.Orientation = Vector3.new(0.949999988079071, -132.47000122070312, 10.130000114440918)
Part171.Position = Vector3.new(2586.74755859375, 220.1685333251953, 2740.4677734375)
Part171.Rotation = Vector3.new(178.58999633789062, -47.52000045776367, -170.91000366210938)
Part171.Transparency = 1
Part171.Size = Vector3.new(1.3500009775161743, 22.749998092651367, 1.5)
Part171.Anchored = true
Part171.Material = Enum.Material.Fabric
Model172.Name = "茂み"
Model172.Parent = Folder0
Part173.Name = "TreeMesh Bottom"
Part173.Parent = Model172
Part173.CFrame = CFrame.new(2274.3457, 206.751328, 3152.43188, 0.114296794, 0.021571463, -0.993212461, 0.00589565327, 0.999731898, 0.0223915186, 0.993429184, -0.0084149139, 0.114138976)
Part173.Orientation = Vector3.new(-1.2799999713897705, -83.44000244140625, 0.3400000035762787)
Part173.Position = Vector3.new(2274.345703125, 206.75132751464844, 3152.431884765625)
Part173.Rotation = Vector3.new(-11.100000381469727, -83.31999969482422, -10.6899995803833)
Part173.Size = Vector3.new(8.250000953674316, 0.2499980926513672, 7)
Part173.Anchored = true
Part173.CanCollide = false
Part173.Material = Enum.Material.Fabric
SpecialMesh174.Name = "BarkMesh"
SpecialMesh174.Parent = Part173
SpecialMesh174.MeshId = "rbxassetid://623621260"
SpecialMesh174.Offset = Vector3.new(0, 3.4100000858306885, 0)
SpecialMesh174.TextureId = "rbxassetid://623618671"
SpecialMesh174.MeshType = Enum.MeshType.FileMesh
Part175.Name = "TreeMeshTop"
Part175.Parent = Model172
Part175.CFrame = CFrame.new(2274.99658, 236.88324, 3152.17773, 0.114296794, 0.021571463, -0.993212461, 0.00589565327, 0.999731898, 0.0223915186, 0.993429184, -0.0084149139, 0.114138976)
Part175.Orientation = Vector3.new(-1.2799999713897705, -83.44000244140625, 0.3400000035762787)
Part175.Position = Vector3.new(2274.99658203125, 236.88323974609375, 3152.177734375)
Part175.Rotation = Vector3.new(-11.100000381469727, -83.31999969482422, -10.6899995803833)
Part175.Transparency = 0.05000000074505806
Part175.Size = Vector3.new(8.250000953674316, 0.2499980926513672, 7)
Part175.Anchored = true
Part175.CanCollide = false
Part175.Material = Enum.Material.Fabric
SpecialMesh176.Name = "TopTreeMesh"
SpecialMesh176.Parent = Part175
SpecialMesh176.MeshId = "rbxassetid://623621456"
SpecialMesh176.Offset = Vector3.new(0, 3.4100000858306885, 0)
SpecialMesh176.Scale = Vector3.new(1.600000023841858, 1.600000023841858, 1.600000023841858)
SpecialMesh176.TextureId = "rbxassetid://745556120"
SpecialMesh176.MeshType = Enum.MeshType.FileMesh
Part177.Name = "Tree_Collision"
Part177.Parent = Model172
Part177.CFrame = CFrame.new(2269.57422, 219.980072, 3151.45483, 0.111021109, -0.0891281664, -0.989813387, 0.102627888, 0.991673887, -0.077784583, 0.988504827, -0.0929467157, 0.119243771)
Part177.Orientation = Vector3.new(4.460000038146973, -83.12999725341797, 5.909999847412109)
Part177.Position = Vector3.new(2269.57421875, 219.98007202148438, 3151.454833984375)
Part177.Rotation = Vector3.new(33.119998931884766, -81.80999755859375, 38.7599983215332)
Part177.Transparency = 1
Part177.Size = Vector3.new(1.3500009775161743, 26.749998092651367, 1.5)
Part177.Anchored = true
Part177.Material = Enum.Material.Fabric
Part178.Name = "Tree_Collision"
Part178.Parent = Model172
