Part153.Name = "Tree_Collision"
Part153.Parent = Model138
Part153.CFrame = CFrame.new(2151.54639, 217.072952, 3002.65845, -0.578579843, -0.0296415854, 0.81508702, -0.0662835389, 0.997742712, -0.0107665043, -0.812928021, -0.0602561235, -0.579238594)
Part153.Orientation = Vector3.new(0.6200000047683716, 125.4000015258789, -3.799999952316284)
Part153.Position = Vector3.new(2151.54638671875, 217.0729522705078, 3002.658447265625)
Part153.Rotation = Vector3.new(178.94000244140625, 54.599998474121094, 177.07000732421875)
Part153.Transparency = 1
Part153.Size = Vector3.new(1.3500009775161743, 23.749998092651367, 1.5)
Part153.Anchored = true
Part153.Material = Enum.Material.Fabric
Part154.Name = "Tree_Collision"
Part154.Parent = Model138
Part154.CFrame = CFrame.new(2189.08276, 213.999634, 3036.09814, -0.584925175, 0.161940679, 0.794756472, 0.210587859, 0.976584136, -0.0440016389, -0.783272207, 0.141628385, -0.605331361)
Part154.Orientation = Vector3.new(2.5199999809265137, 127.29000091552734, 12.170000076293945)
Part154.Position = Vector3.new(2189.082763671875, 213.9996337890625, 3036.09814453125)
Part154.Rotation = Vector3.new(175.83999633789062, 52.630001068115234, -164.52000427246094)
Part154.Transparency = 1
Part154.Size = Vector3.new(1.3500009775161743, 22.749998092651367, 1.5)
Part154.Anchored = true
Part154.Material = Enum.Material.Fabric
Model155.Name = "??"
Model155.Parent = Folder0
Part156.Name = "TreeMesh Bottom"
Part156.Parent = Model155
Part156.CFrame = CFrame.new(2561.37793, 208.994339, 2769.90137, -0.671342373, -0.00841493905, -0.741099596, 0.0103399893, 0.999731898, -0.0207183436, 0.741075277, -0.0215720646, -0.671075344)
Part156.Orientation = Vector3.new(1.190000057220459, -132.16000366210938, 0.5899999737739563)
Part156.Position = Vector3.new(2561.3779296875, 208.9943389892578, 2769.9013671875)
Part156.Rotation = Vector3.new(178.22999572753906, -47.83000183105469, 179.27999877929688)
Part156.Size = Vector3.new(8.250000953674316, 0.2499980926513672, 7)
Part156.Anchored = true
Part156.CanCollide = false
Part156.Material = Enum.Material.Fabric
SpecialMesh157.Name = "BarkMesh"
SpecialMesh157.Parent = Part156
SpecialMesh157.MeshId = "rbxassetid://623621260"
SpecialMesh157.Offset = Vector3.new(0, 3.4100000858306885, 0)
SpecialMesh157.TextureId = "rbxassetid://623618671"
SpecialMesh157.MeshType = Enum.MeshType.FileMesh
Part158.Name = "TreeMeshTop"
Part158.Parent = Model155
Part158.CFrame = CFrame.new(2561.125, 239.126144, 2769.25073, -0.671342373, -0.00841493905, -0.741099596, 0.0103399893, 0.999731898, -0.0207183436, 0.741075277, -0.0215720646, -0.671075344)
Part158.Orientation = Vector3.new(1.190000057220459, -132.16000366210938, 0.5899999737739563)
Part158.Position = Vector3.new(2561.125, 239.1261444091797, 2769.250732421875)
Part158.Rotation = Vector3.new(178.22999572753906, -47.83000183105469, 179.27999877929688)
Part158.Transparency = 0.05000000074505806
Part158.Size = Vector3.new(8.250000953674316, 0.2499980926513672, 7)
Part158.Anchored = true
Part158.CanCollide = false
Part158.Material = Enum.Material.Fabric
SpecialMesh159.Name = "TopTreeMesh"
SpecialMesh159.Parent = Part158
SpecialMesh159.MeshId = "rbxassetid://623621456"
SpecialMesh159.Offset = Vector3.new(0, 3.4100000858306885, 0)
SpecialMesh159.Scale = Vector3.new(1.600000023841858, 1.600000023841858, 1.600000023841858)
SpecialMesh159.TextureId = "rbxassetid://745556120"
SpecialMesh159.MeshType = Enum.MeshType.FileMesh
Part160.Name = "Tree_Collision"
Part160.Parent = Model155
Part160.CFrame = CFrame.new(2558.58398, 222.00441, 2765.2478, -0.672603071, -0.0176280402, -0.739793479, 0.10684184, 0.986928165, -0.12065497, 0.732249916, -0.160193801, -0.661927521)
Part160.Orientation = Vector3.new(6.929999828338623, -131.82000732421875, 6.179999828338623)
Part160.Position = Vector3.new(2558.583984375, 222.00440979003906, 2765.247802734375)
Part160.Rotation = Vector3.new(169.6699981689453, -47.709999084472656, 178.5)
Part160.Transparency = 1
Part160.Size = Vector3.new(1.3500009775161743, 26.749998092651367, 1.5)
Part160.Anchored = true
Part160.Material = Enum.Material.Fabric
Part161.Name = "Tree_Collision"
Part161.Parent = Model155
Part161.CFrame = CFrame.new(2548.32031, 220.871384, 2763.30469, -0.672098219, -0.270648509, -0.689226687, -0.292924643, 0.95205754, -0.0882131234, 0.680058181, 0.142603591, -0.719155848)
Part161.Orientation = Vector3.new(5.059999942779541, -136.22000122070312, -17.100000381469727)
Part161.Position = Vector3.new(2548.3203125, 220.8713836669922, 2763.3046875)
Part161.Rotation = Vector3.new(173.00999450683594, -43.56999969482422, 158.07000732421875)
Part161.Transparency = 1
Part161.Size = Vector3.new(1.3500009775161743, 23.749998092651367, 1.5)
Part161.Anchored = true
Part161.Material = Enum.Material.Fabric
Part162.Name = "Tree_Collision"
Part162.Parent = Model155
Part162.CFrame = CFrame.new(2572.10718, 222.362625, 2754.90454, -0.672807455, -0.0574804768, -0.737581313, 0.124049895, 0.974096894, -0.189068288, 0.729343414, -0.218703419, -0.648249209)
Part162.Orientation = Vector3.new(10.899999618530273, -131.30999755859375, 7.260000228881836)
Part162.Position = Vector3.new(2572.107177734375, 222.3626251220703, 2754.904541015625)
Part162.Rotation = Vector3.new(163.74000549316406, -47.529998779296875, 175.1199951171875)
Part162.Transparency = 1
Part162.Size = Vector3.new(1.3500009775161743, 26.749998092651367, 1.5)
Part162.Anchored = true
Part162.Material = Enum.Material.Fabric
Part163.Name = "Tree_Collision"
Part163.Parent = Model155
Part163.CFrame = CFrame.new(2545.03857, 221.404327, 2803.08862, -0.672722518, 0.176711977, -0.718482673, -0.000870999356, 0.970870733, 0.239602685, 0.73989445, 0.161811948, -0.652972519)
Part163.Orientation = Vector3.new(-13.859999656677246, -132.27000427246094, -0.05000000074505806)
Part163.Position = Vector3.new(2545.03857421875, 221.40432739257812, 2803.088623046875)
Part163.Rotation = Vector3.new(-159.85000610351562, -45.93000030517578, -165.27999877929688)
Part163.Transparency = 1
Part163.Size = Vector3.new(1.3500009775161743, 23.749998092651367, 1.5)
Part163.Anchored = true
Part163.Material = Enum.Material.Fabric
Part164.Name = "Tree_Collision"
Part164.Parent = Model155
Part164.CFrame = CFrame.new(2575.7793, 222.165451, 2772.34497, -0.638770163, 0.29201588, -0.711828291, 0.224096701, 0.955676436, 0.190953895, 0.736039042, -0.0375427306, -0.6758973)
Part164.Orientation = Vector3.new(-11.010000228881836, -133.52000427246094, 13.199999809265137)
Part164.Position = Vector3.new(2575.779296875, 222.1654510498047, 2772.344970703125)
Part164.Rotation = Vector3.new(-164.22000122070312, -45.380001068115234, -155.42999267578125)
Part164.Transparency = 1
Part164.Size = Vector3.new(1.3500009775161743, 26.749998092651367, 1.5)
Part164.Anchored = true
Part164.Material = Enum.Material.Fabric
Part165.Name = "Tree_Collision"
Part165.Parent = Model155
Part165.CFrame = CFrame.new(2551.80566, 220.24295, 2749.79858, -0.745689213, -0.149449065, -0.649317086, 0.0963058993, 0.940111637, -0.326979071, 0.659297287, -0.306357771, -0.686638296)
Part165.Orientation = Vector3.new(19.09000015258789, -136.60000610351562, 5.849999904632568)
Part165.Position = Vector3.new(2551.8056640625, 220.24295043945312, 2749.798583984375)
Part165.Rotation = Vector3.new(154.5399932861328, -40.4900016784668, 168.6699981689453)
Part165.Transparency = 1
Part165.Size = Vector3.new(1.3500009775161743, 22.749998092651367, 1.5)
Part165.Anchored = true
Part165.Material = Enum.Material.Fabric
Part166.Name = "Tree_Collision"
Part166.Parent = Model155
Part166.CFrame = CFrame.new(2539.51953, 221.740982, 2783.55298, -0.692085564, -0.0941118672, -0.715653956, -0.152737916, 0.988107026, 0.0177671369, 0.705470562, 0.121603869, -0.698229074)
Part166.Orientation = Vector3.new(-1.0199999809265137, -134.2899932861328, -8.789999961853027)
Part166.Position = Vector3.new(2539.51953125, 221.74098205566406, 2783.552978515625)
Part166.Rotation = Vector3.new(-178.5399932861328, -45.70000076293945, 172.25999450683594)
Part166.Transparency = 1
Part166.Size = Vector3.new(1.3500009775161743, 23.749998092651367, 1.5)
Part166.Anchored = true
Part166.Material = Enum.Material.Fabric
Part167.Name = "Tree_Collision"
Part167.Parent = Model155
Part167.CFrame = CFrame.new(2525.71338, 219.726547, 2789.24731, -0.645968378, -0.23458679, -0.726425529, -0.155308858, 0.972094953, -0.17581436, 0.747398257, -0.000750202744, -0.664375961)
Part167.Orientation = Vector3.new(10.130000114440918, -132.4499969482422, -9.079999923706055)
Part167.Position = Vector3.new(2525.71337890625, 219.72654724121094, 2789.247314453125)
Part167.Rotation = Vector3.new(165.17999267578125, -46.59000015258789, 160.0399932861328)
Part167.Transparency = 1
Part167.Size = Vector3.new(1.3500009775161743, 20.749998092651367, 1.5)
Part167.Anchored = true
Part167.Material = Enum.Material.Fabric
Part168.Name = "Tree_Collision"
Part168.Parent = Model155
Part168.CFrame = CFrame.new(2592.16772, 220.485489, 2755.55908, -0.653342247, 0.111001663, -0.748880923, 0.27772668, 0.955368996, -0.100687549, 0.704281151, -0.27376762, -0.655010998)
Part168.Orientation = Vector3.new(5.78000020980835, -131.1699981689453, 16.209999084472656)
Part168.Position = Vector3.new(2592.167724609375, 220.48548889160156, 2755.55908203125)
Part168.Rotation = Vector3.new(171.25999450683594, -48.4900016784668, -170.36000061035156)
Part168.Transparency = 1
Part168.Size = Vector3.new(1.3500009775161743, 22.749998092651367, 1.5)
Part168.Anchored = true
Part168.Material = Enum.Material.Fabric
Part169.Name = "Tree_Collision"
Part169.Parent = Model155
Part169.CFrame = CFrame.new(2574.1665, 221.83345, 2785.63403, -0.694948077, 0.130080223, -0.707196176, -0.118160844, 0.949472308, 0.290758401, 0.709285021, 0.285624862, -0.644463539)
Part169.Orientation = Vector3.new(-16.899999618530273, -132.33999633789062, -7.090000152587891)
Part169.Position = Vector3.new(2574.16650390625, 221.8334503173828, 2785.634033203125)
Part169.Rotation = Vector3.new(-155.72000122070312, -45.0099983215332, -169.39999389648438)
Part169.Transparency = 1
Part169.Size = Vector3.new(1.3500009775161743, 23.749998092651367, 1.5)
Part169.Anchored = true
Part169.Material = Enum.Material.Fabric
Part170.Name = "Tree_Collision"
Part170.Parent = Model155
Part170.CFrame = CFrame.new(2560.54932, 221.220383, 2783.46973, -0.69606334, -0.0577607155, -0.7156533, -0.100814901, 0.994746566, 0.0177687705, 0.710867345, 0.0845167041, -0.69822973)
Part170.Orientation = Vector3.new(-1.0199999809265137, -134.2899932861328, -5.789999961853027)
Part170.Position = Vector3.new(2560.54931640625, 221.2203826904297, 2783.4697265625)
Part170.Rotation = Vector3.new(-178.5399932861328, -45.70000076293945, 175.25999450683594)
Part170.Transparency = 1
Part170.Size = Vector3.new(1.3500009775161743, 23.749998092651367, 1.5)
Part170.Anchored = true
Part170.Material = Enum.Material.Fabric
Part171.Name = "Tree_Collision"
Part171.Parent = Model155
Part171.CFrame = CFrame.new(2586.74756, 220.168533, 2740.46777, -0.666799128, 0.106675684, -0.737563133, 0.175850779, 0.984276474, -0.0166206174, 0.724193037, -0.140783638, -0.675073743)
Part171.Orientation = Vector3.new(0.949999988079071, -132.47000122070312, 10.130000114440918)
Part171.Position = Vector3.new(2586.74755859375, 220.1685333251953, 2740.4677734375)
Part171.Rotation = Vector3.new(178.58999633789062, -47.52000045776367, -170.91000366210938)
Part171.Transparency = 1
Part171.Size = Vector3.new(1.3500009775161743, 22.749998092651367, 1.5)
Part171.Anchored = true
Part171.Material = Enum.Material.Fabric
Model172.Name = "??"
Model172.Parent = Folder0
Part173.Name = "TreeMesh Bottom"
Part173.Parent = Model172
Part173.CFrame = CFrame.new(2274.3457, 206.751328, 3152.43188, 0.114296794, 0.021571463, -0.993212461, 0.00589565327, 0.999731898, 0.0223915186, 0.993429184, -0.0084149139, 0.114138976)
Part173.Orientation = Vector3.new(-1.2799999713897705, -83.44000244140625, 0.3400000035762787)
Part173.Position = Vector3.new(2274.345703125, 206.75132751464844, 3152.431884765625)
Part173.Rotation = Vector3.new(-11.100000381469727, -83.31999969482422, -10.6899995803833)
Part173.Size = Vector3.new(8.250000953674316, 0.2499980926513672, 7)
Part173.Anchored = true
Part173.CanCollide = false
Part173.Material = Enum.Material.Fabric
SpecialMesh174.Name = "BarkMesh"
SpecialMesh174.Parent = Part173
SpecialMesh174.MeshId = "rbxassetid://623621260"
SpecialMesh174.Offset = Vector3.new(0, 3.4100000858306885, 0)
SpecialMesh174.TextureId = "rbxassetid://623618671"
SpecialMesh174.MeshType = Enum.MeshType.FileMesh
Part175.Name = "TreeMeshTop"
Part175.Parent = Model172
Part175.CFrame = CFrame.new(2274.99658, 236.88324, 3152.17773, 0.114296794, 0.021571463, -0.993212461, 0.00589565327, 0.999731898, 0.0223915186, 0.993429184, -0.0084149139, 0.114138976)
Part175.Orientation = Vector3.new(-1.2799999713897705, -83.44000244140625, 0.3400000035762787)
Part175.Position = Vector3.new(2274.99658203125, 236.88323974609375, 3152.177734375)
Part175.Rotation = Vector3.new(-11.100000381469727, -83.31999969482422, -10.6899995803833)
Part175.Transparency = 0.05000000074505806
Part175.Size = Vector3.new(8.250000953674316, 0.2499980926513672, 7)
Part175.Anchored = true
Part175.CanCollide = false
Part175.Material = Enum.Material.Fabric
SpecialMesh176.Name = "TopTreeMesh"
SpecialMesh176.Parent = Part175
SpecialMesh176.MeshId = "rbxassetid://623621456"
SpecialMesh176.Offset = Vector3.new(0, 3.4100000858306885, 0)
SpecialMesh176.Scale = Vector3.new(1.600000023841858, 1.600000023841858, 1.600000023841858)
SpecialMesh176.TextureId = "rbxassetid://745556120"
SpecialMesh176.MeshType = Enum.MeshType.FileMesh
Part177.Name = "Tree_Collision"
Part177.Parent = Model172
Part177.CFrame = CFrame.new(2269.57422, 219.980072, 3151.45483, 0.111021109, -0.0891281664, -0.989813387, 0.102627888, 0.991673887, -0.077784583, 0.988504827, -0.0929467157, 0.119243771)
Part177.Orientation = Vector3.new(4.460000038146973, -83.12999725341797, 5.909999847412109)
Part177.Position = Vector3.new(2269.57421875, 219.98007202148438, 3151.454833984375)
Part177.Rotation = Vector3.new(33.119998931884766, -81.80999755859375, 38.7599983215332)
Part177.Transparency = 1
Part177.Size = Vector3.new(1.3500009775161743, 26.749998092651367, 1.5)
Part177.Anchored = true
Part177.Material = Enum.Material.Fabric
Part178.Name = "Tree_Collision"
Part178.Parent = Model172
Part178.CFrame = CFrame.new(2261.30176, 219.208054, 3157.88574, 0.0548506416, -0.0300907847, -0.998041093, -0.295094758, 0.95440805, -0.0449931622, 0.95389235, 0.296984524, 0.0434702635)
Part178.Orientation = Vector3.new(2.5799999237060547, -87.51000213623047, -17.18000030517578)
Part178.Position = Vector3.new(2261.3017578125, 219.2080535888672, 3157.8857421875)
Part178.Rotation = Vector3.new(45.9900016784668, -86.41000366210938, 28.75)
Part178.Transparency = 1
Part178.Size = Vector3.new(1.3500009775161743, 23.749998092651367, 1.5)
Part178.Anchored = true
Part178.Material = Enum.Material.Fabric
Part179.Name = "Tree_Collision"
Part179.Parent = Model172
Part179.CFrame = CFrame.new(2270.73901, 220.279526, 3134.46777, 0.109449439, -0.159879088, -0.981050193, 0.119919375, 0.981894493, -0.146638021, 0.986732066, -0.101597495, 0.126640394)
Part179.Orientation = Vector3.new(8.430000305175781, -82.63999938964844, 6.960000038146973)
Part179.Position = Vector3.new(2270.739013671875, 220.27952575683594, 3134.4677734375)
Part179.Rotation = Vector3.new(49.189998626708984, -78.83000183105469, 55.61000061035156)
Part179.Transparency = 1
Part179.Size = Vector3.new(1.3500009775161743, 26.749998092651367, 1.5)
Part179.Anchored = true
Part179.Material = Enum.Material.Fabric
Part180.Name = "Tree_Collision"
Part180.Parent = Model172
Part180.CFrame = CFrame.new(2289.02979, 218.553604, 3186.60107, 0.112015106, 0.280025035, -0.953435242, -0.00522680441, 0.959626377, 0.281229347, 0.993692756, -0.0265185162, 0.108956292)
Part180.Orientation = Vector3.new(-16.329999923706055, -83.4800033569336, -0.3100000023841858)
Part180.Position = Vector3.new(2289.02978515625, 218.55360412597656, 3186.60107421875)
Part180.Rotation = Vector3.new(-68.81999969482422, -72.44999694824219, -68.19999694824219)
Part180.Transparency = 1
Part180.Size = Vector3.new(1.3500009775161743, 23.749998092651367, 1.5)
Part180.Anchored = true
Part180.Material = Enum.Material.Fabric
Part181.Name = "Tree_Collision"
Part181.Parent = Model172
Part181.CFrame = CFrame.new(2286.24414, 219.414215, 3143.21558, 0.141246766, 0.20570308, -0.968367457, 0.21867013, 0.947530508, 0.233172223, 0.96552211, -0.24468784, 0.0888544992)
Part181.Orientation = Vector3.new(-13.479999542236328, -84.76000213623047, 13)
Part181.Position = Vector3.new(2286.244140625, 219.41421508789062, 3143.215576171875)
Part181.Rotation = Vector3.new(-69.13999938964844, -75.55000305175781, -55.52000045776367)
Part181.Transparency = 1
Part181.Size = Vector3.new(1.3500009775161743, 26.749998092651367, 1.5)
Part181.Anchored = true
Part181.Material = Enum.Material.Fabric
Part182.Name = "Tree_Collision"
Part182.Parent = Model172
Part182.CFrame = CFrame.new(2253.4314, 218.914368, 3146.35571, 0.00762094744, -0.287780941, -0.95766598, 0.096569635, 0.953429341, -0.285739303, 0.995297134, -0.0903038457, 0.03505693)
Part182.Orientation = Vector3.new(16.600000381469727, -87.9000015258789, 5.78000020980835)
Part182.Position = Vector3.new(2253.431396484375, 218.91436767578125, 3146.355712890625)
Part182.Rotation = Vector3.new(83.01000213623047, -73.2699966430664, 88.4800033569336)
Part182.Transparency = 1
Part182.Size = Vector3.new(1.3500009775161743, 22.749998092651367, 1.5)
Part182.Anchored = true
Part182.Material = Enum.Material.Fabric
Part183.Name = "Tree_Collision"
Part183.Parent = Model172
Part183.CFrame = CFrame.new(2270.73901, 219.679291, 3177.85864, 0.0668283552, 0.072070688, -0.995158136, -0.155279785, 0.98598671, 0.0609788969, 0.985607505, 0.150452822, 0.0770829916)
Part183.Orientation = Vector3.new(-3.5, -85.56999969482422, -8.949999809265137)
Part183.Position = Vector3.new(2270.739013671875, 219.67929077148438, 3177.858642578125)
Part183.Rotation = Vector3.new(-38.349998474121094, -84.36000061035156, -47.15999984741211)
Part183.Transparency = 1
Part183.Size = Vector3.new(1.3500009775161743, 23.749998092651367, 1.5)
Part183.Anchored = true
Part183.Material = Enum.Material.Fabric
Part184.Name = "Tree_Collision"
Part184.Parent = Model172
Part184.CFrame = CFrame.new(2265.82739, 217.883087, 3191.99121, 0.128592819, -0.11307662, -0.985229731, -0.160535589, 0.978001058, -0.133200184, 0.978617609, 0.175292984, 0.107611075)
Part184.Orientation = Vector3.new(7.650000095367432, -83.7699966430664, -9.319999694824219)
Part184.Position = Vector3.new(2265.827392578125, 217.88308715820312, 3191.9912109375)
Part184.Rotation = Vector3.new(51.06999969482422, -80.13999938964844, 41.33000183105469)
Part184.Transparency = 1
Part184.Size = Vector3.new(1.3500009775161743, 20.749998092651367, 1.5)
Part184.Anchored = true
Part184.Material = Enum.Material.Fabric
Part185.Name = "Tree_Collision"
Part185.Parent = Model172
Part185.CFrame = CFrame.new(2284.37207, 217.802032, 3119.82617, 0.110123001, -0.0909745693, -0.989745796, 0.273694843, 0.960078537, -0.0577952862, 0.955491543, -0.264523715, 0.130626023)
Part185.Orientation = Vector3.new(3.309999942779541, -82.4800033569336, 15.90999984741211)
Part185.Position = Vector3.new(2284.3720703125, 217.80203247070312, 3119.826171875)
Part185.Rotation = Vector3.new(23.8700008392334, -81.79000091552734, 39.560001373291016)
Part185.Transparency = 1
Part185.Size = Vector3.new(1.3500009775161743, 22.749998092651367, 1.5)
Part185.Anchored = true
Part185.Material = Enum.Material.Fabric
Part186.Name = "Tree_Collision"
Part186.Parent = Model172
Part186.CFrame = CFrame.new(2295.14355, 218.701019, 3153.1958, 0.06930314, 0.341314137, -0.937390924, -0.120775543, 0.935609162, 0.331736147, 0.99025774, 0.0902235433, 0.106063038)
Part186.Orientation = Vector3.new(-19.3700008392334, -83.54000091552734, -7.360000133514404)
Part186.Position = Vector3.new(2295.1435546875, 218.70101928710938, 3153.19580078125)
Part186.Rotation = Vector3.new(-72.2699966430664, -69.62000274658203, -78.5199966430664)
Part186.Transparency = 1
Part186.Size = Vector3.new(1.3500009775161743, 23.749998092651367, 1.5)
Part186.Anchored = true
Part186.Material = Enum.Material.Fabric
Part187.Name = "Tree_Collision"
Part187.Parent = Model172
Part187.CFrame = CFrame.new(2284.51685, 218.552719, 3162.00098, 0.0705070943, 0.0684751347, -0.995158195, -0.103464939, 0.992762089, 0.0609797537, 0.992130995, 0.0986644849, 0.0770815238)
Part187.Orientation = Vector3.new(-3.5, -85.56999969482422, -5.949999809265137)
Part187.Position = Vector3.new(2284.516845703125, 218.55271911621094, 3162.0009765625)
Part187.Rotation = Vector3.new(-38.349998474121094, -84.36000061035156, -44.15999984741211)
Part187.Transparency = 1
Part187.Size = Vector3.new(1.3500009775161743, 23.749998092651367, 1.5)
Part187.Anchored = true
Part187.Material = Enum.Material.Fabric
Part188.Name = "Tree_Collision"
Part188.Parent = Model172
Part188.CFrame = CFrame.new(2269.45581, 218.128677, 3113.94238, 0.111787938, 0.00726542436, -0.993705571, 0.171662718, 0.984799027, 0.0265116822, 0.978792846, -0.173545882, 0.108841456)
Part188.Orientation = Vector3.new(-1.5199999809265137, -83.75, 9.890000343322754)
Part188.Position = Vector3.new(2269.455810546875, 218.12867736816406, 3113.9423828125)
Part188.Rotation = Vector3.new(-13.6899995803833, -83.56999969482422, -3.7200000286102295)
Part188.Transparency = 1
Part188.Size = Vector3.new(1.3500009775161743, 22.749998092651367, 1.5)
Part188.Anchored = true
Part188.Material = Enum.Material.Fabric
Model189.Name = "??"
Model189.Parent = Folder0
Part190.Name = "TreeMesh Bottom"
Part190.Parent = Model189
Part190.CFrame = CFrame.new(2676.33325, 182.597626, 2369.3103, -0.627056718, -0.00913918577, -0.778921187, 0.0115848463, 0.999710679, -0.0210559554, 0.778888762, -0.0222269129, -0.626769483)
Part190.Orientation = Vector3.new(1.2100000381469727, -128.82000732421875, 0.6600000262260437)
Part190.Position = Vector3.new(2676.333251953125, 182.59762573242188, 2369.310302734375)
Part190.Rotation = Vector3.new(178.0800018310547, -51.15999984741211, 179.16000366210938)
Part190.Size = Vector3.new(8.250000953674316, 0.2499980926513672, 7)
Part190.Anchored = true
Part190.CanCollide = false
Part190.Material = Enum.Material.Fabric
SpecialMesh191.Name = "BarkMesh"
SpecialMesh191.Parent = Part190
SpecialMesh191.MeshId = "rbxassetid://623621260"
SpecialMesh191.Offset = Vector3.new(0, 3.4100000858306885, 0)
SpecialMesh191.TextureId = "rbxassetid://623618671"
SpecialMesh191.MeshType = Enum.MeshType.FileMesh
Part192.Name = "TreeMeshTop"
Part192.Parent = Model189
Part192.CFrame = CFrame.new(2676.05908, 212.729034, 2368.64111, -0.627056718, -0.00913918577, -0.778921187, 0.0115848463, 0.999710679, -0.0210559554, 0.778888762, -0.0222269129, -0.626769483)
Part192.Orientation = Vector3.new(1.2100000381469727, -128.82000732421875, 0.6600000262260437)
Part192.Position = Vector3.new(2676.05908203125, 212.72903442382812, 2368.64111328125)
Part192.Rotation = Vector3.new(178.0800018310547, -51.15999984741211, 179.16000366210938)
Part192.Transparency = 0.05000000074505806
Part192.Size = Vector3.new(8.250000953674316, 0.2499980926513672, 7)
Part192.Anchored = true
Part192.CanCollide = false
Part192.Material = Enum.Material.Fabric
SpecialMesh193.Name = "TopTreeMesh"
SpecialMesh193.Parent = Part192
SpecialMesh193.MeshId = "rbxassetid://623621456"
SpecialMesh193.Offset = Vector3.new(0, 3.4100000858306885, 0)
SpecialMesh193.Scale = Vector3.new(1.600000023841858, 1.600000023841858, 1.600000023841858)
SpecialMesh193.TextureId = "rbxassetid://745556120"
SpecialMesh193.MeshType = Enum.MeshType.FileMesh
Part194.Name = "Tree_Collision"
Part194.Parent = Model189
Part194.CFrame = CFrame.new(2673.28003, 195.604111, 2364.81348, -0.628778636, -0.0264119953, -0.777136803, 0.108079322, 0.986752808, -0.120982692, 0.770037711, -0.160063758, -0.6175946)
Part194.Orientation = Vector3.new(6.949999809265137, -128.47000122070312, 6.25)
Part194.Position = Vector3.new(2673.280029296875, 195.60411071777344, 2364.8134765625)
Part194.Rotation = Vector3.new(168.9199981689453, -51, 177.58999633789062)
Part194.Transparency = 1
Part194.Size = Vector3.new(1.3500009775161743, 26.749998092651367, 1.5)
Part194.Anchored = true
Part194.Material = Enum.Material.Fabric
Part195.Name = "Tree_Collision"
Part195.Parent = Model189
Part195.CFrame = CFrame.new(2662.92041, 194.474838, 2363.47217, -0.631520748, -0.261394441, -0.729970098, -0.291747749, 0.952379107, -0.0886362791, 0.718377531, 0.156991616, -0.677708626)
Part195.Orientation = Vector3.new(5.090000152587891, -132.8699951171875, -17.030000686645508)
Part195.Position = Vector3.new(2662.92041015625, 194.47483825683594, 2363.47216796875)
Part195.Rotation = Vector3.new(172.5500030517578, -46.880001068115234, 157.50999450683594)
Part195.Transparency = 1
Part195.Size = Vector3.new(1.3500009775161743, 23.749998092651367, 1.5)
Part195.Anchored = true
Part195.Material = Enum.Material.Fabric
Part196.Name = "Tree_Collision"
Part196.Parent = Model189
Part196.CFrame = CFrame.new(2686.18018, 195.94249, 2353.69922, -0.629143953, -0.0696093515, -0.774166822, 0.12528275, 0.973877907, -0.189380288, 0.767127037, -0.21613723, -0.603988826)
Part196.Orientation = Vector3.new(10.920000076293945, -127.95999908447266, 7.329999923706055)
Part196.Position = Vector3.new(2686.18017578125, 195.94248962402344, 2353.69921875)
Part196.Rotation = Vector3.new(162.58999633789062, -50.72999954223633, 173.69000244140625)
Part196.Transparency = 1
Part196.Size = Vector3.new(1.3500009775161743, 26.749998092651367, 1.5)
Part196.Anchored = true
Part196.Material = Enum.Material.Fabric
Part197.Name = "Tree_Collision"
Part197.Parent = Model189
Part197.CFrame = CFrame.new(2661.96045, 195.055466, 2403.37915, -0.628509283, 0.186335415, -0.755153716, 0.000373949995, 0.970951736, 0.239272684, 0.777803242, 0.150102764, -0.610321939)
Part197.Orientation = Vector3.new(-13.84000015258789, -128.9499969482422, 0.019999999552965164)
Part197.Position = Vector3.new(2661.96044921875, 195.0554656982422, 2403.379150390625)
Part197.Rotation = Vector3.new(-158.58999633789062, -49.040000915527344, -163.49000549316406)
Part197.Transparency = 1
Part197.Size = Vector3.new(1.3500009775161743, 23.749998092651367, 1.5)
Part197.Anchored = true
Part197.Material = Enum.Material.Fabric
Part198.Name = "Tree_Collision"
Part198.Parent = Model189
Part198.CFrame = CFrame.new(2690.85962, 195.763229, 2370.89673, -0.594722927, 0.289831549, -0.749869406, 0.225318298, 0.955460489, 0.190593928, 0.771710992, -0.0556087419, -0.633538723)
Part198.Orientation = Vector3.new(-10.989999771118164, -130.19000244140625, 13.270000457763672)
Part198.Position = Vector3.new(2690.859619140625, 195.7632293701172, 2370.896728515625)
Part198.Rotation = Vector3.new(-163.25999450683594, -48.58000183105469, -154.02000427246094)
Part198.Transparency = 1
Part198.Size = Vector3.new(1.3500009775161743, 26.749998092651367, 1.5)
Part198.Anchored = true
Part198.Material = Enum.Material.Fabric
Part199.Name = "Tree_Collision"
Part199.Parent = Model189
Part199.CFrame = CFrame.new(2665.61353, 193.828781, 2349.78662, -0.705994129, -0.166544586, -0.688358128, 0.097500965, 0.939845026, -0.327389538, 0.701475382, -0.298250705, -0.647286892)
Part199.Orientation = Vector3.new(19.110000610351562, -133.24000549316406, 5.920000076293945)
Part199.Position = Vector3.new(2665.613525390625, 193.8287811279297, 2349.78662109375)
Part199.Rotation = Vector3.new(153.1699981689453, -43.5, 166.72999572753906)
Part199.Transparency = 1
Part199.Size = Vector3.new(1.3500009775161743, 22.749998092651367, 1.5)
Part199.Anchored = true
Part199.Material = Enum.Material.Fabric
Part200.Name = "Tree_Collision"
Part200.Parent = Model189
Part200.CFrame = CFrame.new(2655.3147, 195.372925, 2384.19727, -0.649921596, -0.0863604918, -0.755079865, -0.151520491, 0.988300681, 0.0173839107, 0.744745076, 0.125708342, -0.655403495)
Part200.Orientation = Vector3.new(-1, -130.9600067138672, -8.720000267028809)
Part200.Position = Vector3.new(2655.314697265625, 195.3729248046875, 2384.197265625)
Part200.Rotation = Vector3.new(-178.47999572753906, -49.029998779296875, 172.42999267578125)
Part200.Transparency = 1
Part200.Size = Vector3.new(1.3500009775161743, 23.749998092651367, 1.5)
Part200.Anchored = true
Part200.Material = Enum.Material.Fabric
Part201.Name = "Tree_Collision"
Part201.Parent = Model189
Part201.CFrame = CFrame.new(2641.86182, 193.373093, 2390.68799, -0.601443648, -0.233730331, -0.763961792, -0.154071614, 0.972229898, -0.176153198, 0.783919215, 0.0117587, -0.620752811)
Part201.Orientation = Vector3.new(10.149999618530273, -129.10000610351562, -9)
Part201.Position = Vector3.new(2641.86181640625, 193.3730926513672, 2390.68798828125)
Part201.Rotation = Vector3.new(164.16000366210938, -49.810001373291016, 158.75999450683594)
Part201.Transparency = 1
Part201.Size = Vector3.new(1.3500009775161743, 20.749998092651367, 1.5)
Part201.Anchored = true
Part201.Material = Enum.Material.Fabric
Part202.Name = "Tree_Collision"
Part202.Parent = Model189
Part202.CFrame = CFrame.new(2706.24268, 194.054306, 2353.18726, -0.611091375, 0.0953725353, -0.785794735, 0.278919727, 0.954987764, -0.101000749, 0.740791976, -0.280894339, -0.610186219)
Part202.Orientation = Vector3.new(5.800000190734863, -127.83000183105469, 16.280000686645508)
Part202.Position = Vector3.new(2706.24267578125, 194.05430603027344, 2353.187255859375)
Part202.Rotation = Vector3.new(170.60000610351562, -51.790000915527344, -171.1300048828125)
Part202.Transparency = 1
Part202.Size = Vector3.new(1.3500009775161743, 22.749998092651367, 1.5)
Part202.Anchored = true
Part202.Material = Enum.Material.Fabric
Part203.Name = "Tree_Collision"
Part203.Parent = Model189
Part203.CFrame = CFrame.new(2690.02393, 195.447449, 2384.25781, -0.65253973, 0.146979153, -0.743364513, -0.116938449, 0.949723244, 0.290431499, 0.748678088, 0.276446164, -0.602544665)
Part203.Orientation = Vector3.new(-16.8799991607666, -129.02999877929688, -7.019999980926514)
Part203.Position = Vector3.new(2690.02392578125, 195.44744873046875, 2384.2578125)
Part203.Rotation = Vector3.new(-154.27000427246094, -48.02000045776367, -167.30999755859375)
Part203.Transparency = 1
Part203.Size = Vector3.new(1.3500009775161743, 23.749998092651367, 1.5)
Part203.Anchored = true
Part203.Material = Enum.Material.Fabric
Part204.Name = "Tree_Collision"
Part204.Parent = Model189
Part204.CFrame = CFrame.new(2676.30347, 194.83989, 2382.89111, -0.653551877, -0.0522273704, -0.755078793, -0.0995890573, 0.994876206, 0.0173847061, 0.750302315, 0.0865594968, -0.655404806)
Part204.Orientation = Vector3.new(-1, -130.9600067138672, -5.71999979019165)
Part204.Position = Vector3.new(2676.303466796875, 194.8398895263672, 2382.89111328125)
Part204.Rotation = Vector3.new(-178.47999572753906, -49.029998779296875, 175.42999267578125)
Part204.Transparency = 1
Part204.Size = Vector3.new(1.3500009775161743, 23.749998092651367, 1.5)
Part204.Anchored = true
Part204.Material = Enum.Material.Fabric
Part205.Name = "Tree_Collision"
Part205.Parent = Model189
Part205.CFrame = CFrame.new(2699.95264, 193.723236, 2338.4375, -0.623418868, 0.0988096222, -0.775620699, 0.17707406, 0.98405081, -0.016964037, 0.761574388, -0.147918046, -0.630972564)
Part205.Orientation = Vector3.new(0.9700000286102295, -129.1300048828125, 10.199999809265137)
Part205.Position = Vector3.new(2699.95263671875, 193.72323608398438, 2338.4375)
Part205.Rotation = Vector3.new(178.4600067138672, -50.86000061035156, -170.99000549316406)
Part205.Transparency = 1
Part205.Size = Vector3.new(1.3500009775161743, 22.749998092651367, 1.5)
Part205.Anchored = true
Part205.Material = Enum.Material.Fabric
Model206.Name = "??"
Model206.Parent = Folder0
Part207.Name = "TreeMesh Bottom"
Part207.Parent = Model206
Part207.CFrame = CFrame.new(2548.38452, 145.998474, 2485.41626, -0.348064989, -0.00913917553, -0.937426031, 0.0176572688, 0.999711096, -0.0163025297, 0.937304378, -0.0222267155, -0.347803026)
Part207.Orientation = Vector3.new(0.9300000071525574, -110.36000061035156, 1.0099999904632568)
Part207.Position = Vector3.new(2548.384521484375, 145.99847412109375, 2485.416259765625)
Part207.Rotation = Vector3.new(177.32000732421875, -69.62000274658203, 178.5)
Part207.Size = Vector3.new(8.250000953674316, 0.2499980926513672, 7)
Part207.Anchored = true
Part207.CanCollide = false
Part207.Material = Enum.Material.Fabric
SpecialMesh208.Name = "BarkMesh"
SpecialMesh208.Parent = Part207
SpecialMesh208.MeshId = "rbxassetid://623621260"
SpecialMesh208.Offset = Vector3.new(0, 3.4100000858306885, 0)
SpecialMesh208.TextureId = "rbxassetid://623618671"
SpecialMesh208.MeshType = Enum.MeshType.FileMesh
Part209.Name = "TreeMeshTop"
Part209.Parent = Model206
Part209.CFrame = CFrame.new(2548.11035, 176.129883, 2484.74658, -0.348064989, -0.00913917553, -0.937426031, 0.0176572688, 0.999711096, -0.0163025297, 0.937304378, -0.0222267155, -0.347803026)
Part209.Orientation = Vector3.new(0.9300000071525574, -110.36000061035156, 1.0099999904632568)
Part209.Position = Vector3.new(2548.1103515625, 176.1298828125, 2484.74658203125)
Part209.Rotation = Vector3.new(177.32000732421875, -69.62000274658203, 178.5)
Part209.Transparency = 0.05000000074505806
Part209.Size = Vector3.new(8.250000953674316, 0.2499980926513672, 7)
Part209.Anchored = true
Part209.CanCollide = false
Part209.Material = Enum.Material.Fabric
SpecialMesh210.Name = "TopTreeMesh"
SpecialMesh210.Parent = Part209
SpecialMesh210.MeshId = "rbxassetid://623621456"
SpecialMesh210.Offset = Vector3.new(0, 3.4100000858306885, 0)
SpecialMesh210.Scale = Vector3.new(1.600000023841858, 1.600000023841858, 1.600000023841858)
SpecialMesh210.TextureId = "rbxassetid://745556120"
SpecialMesh210.MeshType = Enum.MeshType.FileMesh
Part211.Name = "Tree_Collision"
Part211.Parent = Model206
Part211.CFrame = CFrame.new(2544.1499, 159.019608, 2482.0647, -0.35186702, -0.0692537874, -0.933484733, 0.114146352, 0.986642063, -0.116223671, 0.929064333, -0.147449166, -0.339261711)
Part211.Orientation = Vector3.new(6.670000076293945, -109.97000122070312, 6.599999904632568)
Part211.Position = Vector3.new(2544.14990234375, 159.0196075439453, 2482.064697265625)
Part211.Rotation = Vector3.new(161.08999633789062, -68.9800033569336, 168.8699951171875)
Part211.Transparency = 1
Part211.Size = Vector3.new(1.3500009775161743, 26.749998092651367, 1.5)
Part211.Anchored = true
Part211.Material = Enum.Material.Fabric
Part212.Name = "Tree_Collision"
Part212.Parent = Model206
Part212.CFrame = CFrame.new(2533.8916, 157.965836, 2484.07739, -0.373452783, -0.191969737, -0.907568812, -0.285738826, 0.954589128, -0.0843376741, 0.882545531, 0.227831528, -0.411347181)
Part212.Orientation = Vector3.new(4.840000152587891, -114.37999725341797, -16.65999984741211)
Part212.Position = Vector3.new(2533.8916015625, 157.96583557128906, 2484.077392578125)
Part212.Rotation = Vector3.new(168.41000366210938, -65.16999816894531, 152.8000030517578)
Part212.Transparency = 1
Part212.Size = Vector3.new(1.3500009775161743, 23.749998092651367, 1.5)
Part212.Anchored = true
Part212.Material = Enum.Material.Fabric
Part213.Name = "Tree_Collision"
Part213.Parent = Model206
Part213.CFrame = CFrame.new(2552.8689, 159.241653, 2467.43677, -0.353022188, -0.128067508, -0.926808774, 0.131346926, 0.973993838, -0.184617758, 0.92634964, -0.186907634, -0.327020228)
Part213.Orientation = Vector3.new(10.640000343322754, -109.44000244140625, 7.679999828338623)
Part213.Position = Vector3.new(2552.868896484375, 159.2416534423828, 2467.436767578125)
Part213.Rotation = Vector3.new(150.5500030517578, -67.94000244140625, 160.05999755859375)
Part213.Transparency = 1
Part213.Size = Vector3.new(1.3500009775161743, 26.749998092651367, 1.5)
Part213.Anchored = true
Part213.Material = Enum.Material.Fabric
Part214.Name = "Tree_Collision"
Part214.Parent = Model206
Part214.CFrame = CFrame.new(2545.62134, 158.623535, 2522.23242, -0.349860102, 0.230651349, -0.907963753, 0.00645571016, 0.969786644, 0.243868783, 0.936779916, 0.0794584006, -0.340778649)
Part214.Orientation = Vector3.new(-14.109999656677246, -110.56999969482422, 0.3799999952316284)
Part214.Position = Vector3.new(2545.621337890625, 158.62353515625, 2522.232421875)
Part214.Rotation = Vector3.new(-144.41000366210938, -65.2300033569336, -146.60000610351562)
Part214.Transparency = 1
Part214.Size = Vector3.new(1.3500009775161743, 23.749998092651367, 1.5)
Part214.Anchored = true
Part214.Material = Enum.Material.Fabric
Part215.Name = "Tree_Collision"
Part215.Parent = Model206
Part215.CFrame = CFrame.new(2562.75171, 159.057358, 2482.26831, -0.318264455, 0.263579309, -0.910622895, 0.231129065, 0.953158379, 0.195111111, 0.919395089, -0.148374498, -0.364277244)
Part215.Orientation = Vector3.new(-11.25, -111.80000305175781, 13.630000114440918)
Part215.Position = Vector3.new(2562.751708984375, 159.05735778808594, 2482.268310546875)
Part215.Rotation = Vector3.new(-151.8300018310547, -65.58999633789062, -140.3699951171875)
Part215.Transparency = 1
Part215.Size = Vector3.new(1.3500009775161743, 26.749998092651367, 1.5)
Part215.Anchored = true
Part215.Material = Enum.Material.Fabric
Part216.Name = "Tree_Collision"
Part216.Parent = Model206
Part216.CFrame = CFrame.new(2532.10815, 157.275635, 2470.24585, -0.446887076, -0.246237189, -0.860034585, 0.10402821, 0.940546215, -0.323343188, 0.888521492, -0.233965755, -0.394702315)
Part216.Orientation = Vector3.new(18.8700008392334, -114.6500015258789, 6.309999942779541)
Part216.Position = Vector3.new(2532.108154296875, 157.275634765625, 2470.245849609375)
Part216.Rotation = Vector3.new(140.67999267578125, -59.31999969482422, 151.13999938964844)
Part216.Transparency = 1
Part216.Size = Vector3.new(1.3500009775161743, 22.749998092651367, 1.5)
Part216.Anchored = true
Part216.Material = Enum.Material.Fabric
Part217.Name = "Tree_Collision"
Part217.Parent = Model206
Part217.CFrame = CFrame.new(2533.24585, 158.957291, 2506.14062, -0.381635845, -0.0356164873, -0.923626542, -0.145331323, 0.989140391, 0.0219070334, 0.912816107, 0.142592371, -0.382667601)
Part217.Orientation = Vector3.new(-1.2599999904632568, -112.5, -8.359999656677246)
Part217.Position = Vector3.new(2533.245849609375, 158.95729064941406, 2506.140625)
Part217.Rotation = Vector3.new(-176.72000122070312, -67.45999908447266, 174.6699981689453)
Part217.Transparency = 1
Part217.Size = Vector3.new(1.3500009775161743, 23.749998092651367, 1.5)
Part217.Anchored = true
Part217.Material = Enum.Material.Fabric
Part218.Name = "Tree_Collision"
Part218.Parent = Model206
Part218.CFrame = CFrame.new(2522.52759, 157.069946, 2516.5647, -0.32326588, -0.21158725, -0.922350526, -0.148177892, 0.973977387, -0.171497047, 0.934635162, 0.081232816, -0.346206218)
Part218.Orientation = Vector3.new(9.869999885559082, -110.56999969482422, -8.649999618530273)
Part218.Position = Vector3.new(2522.527587890625, 157.0699462890625, 2516.564697265625)
Part218.Rotation = Vector3.new(153.64999389648438, -67.2699966430664, 146.7899932861328)
Part218.Transparency = 1
Part218.Size = Vector3.new(1.3500009775161743, 20.749998092651367, 1.5)
Part218.Anchored = true
Part218.Material = Enum.Material.Fabric
Part219.Name = "Tree_Collision"
Part219.Parent = Model206
Part219.CFrame = CFrame.new(2571.72388, 157.201965, 2460.6062, -0.343228579, 0.00779162347, -0.939219832, 0.284797728, 0.953751802, -0.0961643308, 0.89503336, -0.300493985, -0.3295739)
Part219.Orientation = Vector3.new(5.519999980926514, -109.33999633789062, 16.6299991607666)
Part219.Position = Vector3.new(2571.723876953125, 157.20196533203125, 2460.606201171875)
Part219.Rotation = Vector3.new(163.72999572753906, -69.91999816894531, -178.6999969482422)
Part219.Transparency = 1
Part219.Size = Vector3.new(1.3500009775161743, 22.749998092651367, 1.5)
Part219.Anchored = true
Part219.Material = Enum.Material.Fabric
Part220.Name = "Tree_Collision"
Part220.Parent = Model206
