SpecialMesh738.Name = "TopTreeMesh"
SpecialMesh738.Parent = Part737
SpecialMesh738.MeshId = "rbxassetid://623621456"
SpecialMesh738.Offset = Vector3.new(0, 3.4100000858306885, 0)
SpecialMesh738.Scale = Vector3.new(1.600000023841858, 1.600000023841858, 1.600000023841858)
SpecialMesh738.TextureId = "rbxassetid://745556120"
SpecialMesh738.MeshType = Enum.MeshType.FileMesh
Model739.Name = "茂み"
Model739.Parent = Folder0
Part740.Name = "TreeMesh Bottom"
Part740.Parent = Model739
Part740.CFrame = CFrame.new(1715.86279, 276.573364, 2672.23511, -0.934516609, -0.000414757902, -0.355924815, -9.74181748e-05, 1.00000381, -0.00090950937, 0.355925471, -0.000815348118, -0.93451798)
Part740.Orientation = Vector3.new(0.05000000074505806, -159.14999389648438, -0.009999999776482582)
Part740.Position = Vector3.new(1715.86279296875, 276.5733642578125, 2672.235107421875)
Part740.Rotation = Vector3.new(179.94000244140625, -20.850000381469727, 179.97000122070312)
Part740.Size = Vector3.new(8.250000953674316, 0.2499980926513672, 7)
Part740.Anchored = true
Part740.CanCollide = false
Part740.Material = Enum.Material.Fabric
SpecialMesh741.Name = "BarkMesh"
SpecialMesh741.Parent = Part740
SpecialMesh741.MeshId = "rbxassetid://623621260"
SpecialMesh741.Offset = Vector3.new(0, 3.4100000858306885, 0)
SpecialMesh741.TextureId = "rbxassetid://623618671"
SpecialMesh741.MeshType = Enum.MeshType.FileMesh
Part742.Name = "TreeMeshTop"
Part742.Parent = Model739
Part742.CFrame = CFrame.new(1715.85156, 306.713623, 2672.21143, -0.934516609, -0.000414757902, -0.355924815, -9.74181748e-05, 1.00000381, -0.00090950937, 0.355925471, -0.000815348118, -0.93451798)
Part742.Orientation = Vector3.new(0.05000000074505806, -159.14999389648438, -0.009999999776482582)
Part742.Position = Vector3.new(1715.8515625, 306.713623046875, 2672.21142578125)
Part742.Rotation = Vector3.new(179.94000244140625, -20.850000381469727, 179.97000122070312)
Part742.Transparency = 0.05000000074505806
Part742.Size = Vector3.new(8.250000953674316, 0.2499980926513672, 7)
Part742.Anchored = true
Part742.CanCollide = false
Part742.Material = Enum.Material.Fabric
SpecialMesh743.Name = "TopTreeMesh"
SpecialMesh743.Parent = Part742
SpecialMesh743.MeshId = "rbxassetid://623621456"
SpecialMesh743.Offset = Vector3.new(0, 3.4100000858306885, 0)
SpecialMesh743.Scale = Vector3.new(1.600000023841858, 1.600000023841858, 1.600000023841858)
SpecialMesh743.TextureId = "rbxassetid://745556120"
SpecialMesh743.MeshType = Enum.MeshType.FileMesh
Model744.Name = "茂み"
Model744.Parent = Folder0
Part745.Name = "TreeMesh Bottom"
Part745.Parent = Model744
Part745.CFrame = CFrame.new(1732.6781, 279.211517, 2717.90601, -0.767610967, -0.000417493837, -0.640918851, 0.000199677248, 1.00000381, -0.000890543626, 0.640919983, -0.000811638194, -0.76761204)
Part745.Orientation = Vector3.new(0.05000000074505806, -140.13999938964844, 0.009999999776482582)
Part745.Position = Vector3.new(1732.6781005859375, 279.2115173339844, 2717.906005859375)
Part745.Rotation = Vector3.new(179.92999267578125, -39.86000061035156, 179.97000122070312)
Part745.Size = Vector3.new(8.250000953674316, 0.2499980926513672, 7)
Part745.Anchored = true
Part745.CanCollide = false
Part745.Material = Enum.Material.Fabric
SpecialMesh746.Name = "BarkMesh"
SpecialMesh746.Parent = Part745
SpecialMesh746.MeshId = "rbxassetid://623621260"
SpecialMesh746.Offset = Vector3.new(0, 3.4100000858306885, 0)
SpecialMesh746.TextureId = "rbxassetid://623618671"
SpecialMesh746.MeshType = Enum.MeshType.FileMesh
Part747.Name = "TreeMeshTop"
Part747.Parent = Model744
Part747.CFrame = CFrame.new(1732.66711, 309.351532, 2717.8811, -0.767610967, -0.000417493837, -0.640918851, 0.000199677248, 1.00000381, -0.000890543626, 0.640919983, -0.000811638194, -0.76761204)
Part747.Orientation = Vector3.new(0.05000000074505806, -140.13999938964844, 0.009999999776482582)
Part747.Position = Vector3.new(1732.6671142578125, 309.3515319824219, 2717.881103515625)
Part747.Rotation = Vector3.new(179.92999267578125, -39.86000061035156, 179.97000122070312)
Part747.Transparency = 0.05000000074505806
Part747.Size = Vector3.new(8.250000953674316, 0.2499980926513672, 7)
Part747.Anchored = true
Part747.CanCollide = false
Part747.Material = Enum.Material.Fabric
SpecialMesh748.Name = "TopTreeMesh"
SpecialMesh748.Parent = Part747
SpecialMesh748.MeshId = "rbxassetid://623621456"
SpecialMesh748.Offset = Vector3.new(0, 3.4100000858306885, 0)
SpecialMesh748.Scale = Vector3.new(1.600000023841858, 1.600000023841858, 1.600000023841858)
SpecialMesh748.TextureId = "rbxassetid://745556120"
SpecialMesh748.MeshType = Enum.MeshType.FileMesh
Model749.Name = "茂み"
Model749.Parent = Folder0
Part750.Name = "TreeMesh Bottom"
Part750.Parent = Model749
Part750.CFrame = CFrame.new(2495.44067, 118.2547, 2357.21484, 0, 0, -1, 0, 1, 0, 1, 0, 0)
Part750.Orientation = Vector3.new(0, -90, 0)
Part750.Position = Vector3.new(2495.440673828125, 118.25469970703125, 2357.21484375)
Part750.Rotation = Vector3.new(0, -90, 0)
Part750.Size = Vector3.new(8.250000953674316, 0.2499980926513672, 7)
Part750.Anchored = true
Part750.CanCollide = false
Part750.Material = Enum.Material.Fabric
SpecialMesh751.Name = "BarkMesh"
SpecialMesh751.Parent = Part750
SpecialMesh751.MeshId = "rbxassetid://623621260"
SpecialMesh751.Offset = Vector3.new(0, 3.4100000858306885, 0)
SpecialMesh751.TextureId = "rbxassetid://623618671"
SpecialMesh751.MeshType = Enum.MeshType.FileMesh
Part752.Name = "TreeMeshTop"
Part752.Parent = Model749
Part752.CFrame = CFrame.new(2495.44116, 148.394562, 2357.21436, 0, 0, -1, 0, 1, 0, 1, 0, 0)
Part752.Orientation = Vector3.new(0, -90, 0)
Part752.Position = Vector3.new(2495.441162109375, 148.39456176757812, 2357.21435546875)
Part752.Rotation = Vector3.new(0, -90, 0)
Part752.Transparency = 0.05000000074505806
Part752.Size = Vector3.new(8.250000953674316, 0.2499980926513672, 7)
Part752.Anchored = true
Part752.CanCollide = false
Part752.Material = Enum.Material.Fabric
SpecialMesh753.Name = "TopTreeMesh"
SpecialMesh753.Parent = Part752
SpecialMesh753.MeshId = "rbxassetid://623621456"
SpecialMesh753.Offset = Vector3.new(0, 3.4100000858306885, 0)
SpecialMesh753.Scale = Vector3.new(1.600000023841858, 1.600000023841858, 1.600000023841858)
SpecialMesh753.TextureId = "rbxassetid://745556120"
SpecialMesh753.MeshType = Enum.MeshType.FileMesh
Model754.Name = "茂み"
Model754.Parent = Folder0
Part755.Name = "TreeMesh Bottom"
Part755.Parent = Model754
Part755.CFrame = CFrame.new(1714.20337, 277.176178, 2684.02734, 0.640918851, -0.00041372882, -0.767610967, 0.000890681462, 1.00000381, 0.000204697251, 0.76761204, -0.000814961386, 0.640919983)
Part755.Orientation = Vector3.new(-0.009999999776482582, -50.13999938964844, 0.05000000074505806)
Part755.Position = Vector3.new(1714.203369140625, 277.1761779785156, 2684.02734375)
Part755.Rotation = Vector3.new(-0.019999999552965164, -50.13999938964844, 0.03999999910593033)
Part755.Size = Vector3.new(8.250000953674316, 0.2499980926513672, 7)
Part755.Anchored = true
Part755.CanCollide = false
Part755.Material = Enum.Material.Fabric
SpecialMesh756.Name = "BarkMesh"
SpecialMesh756.Parent = Part755
SpecialMesh756.MeshId = "rbxassetid://623621260"
SpecialMesh756.Offset = Vector3.new(0, 3.4100000858306885, 0)
SpecialMesh756.TextureId = "rbxassetid://623618671"
SpecialMesh756.MeshType = Enum.MeshType.FileMesh
Part757.Name = "TreeMeshTop"
Part757.Parent = Model754
Part757.CFrame = CFrame.new(1714.19141, 307.316437, 2684.00195, 0.640918851, -0.00041372882, -0.767610967, 0.000890681462, 1.00000381, 0.000204697251, 0.76761204, -0.000814961386, 0.640919983)
Part757.Orientation = Vector3.new(-0.009999999776482582, -50.13999938964844, 0.05000000074505806)
Part757.Position = Vector3.new(1714.19140625, 307.3164367675781, 2684.001953125)
Part757.Rotation = Vector3.new(-0.019999999552965164, -50.13999938964844, 0.03999999910593033)
Part757.Transparency = 0.05000000074505806
Part757.Size = Vector3.new(8.250000953674316, 0.2499980926513672, 7)
Part757.Anchored = true
Part757.CanCollide = false
Part757.Material = Enum.Material.Fabric
SpecialMesh758.Name = "TopTreeMesh"
SpecialMesh758.Parent = Part757
SpecialMesh758.MeshId = "rbxassetid://623621456"
SpecialMesh758.Offset = Vector3.new(0, 3.4100000858306885, 0)
SpecialMesh758.Scale = Vector3.new(1.600000023841858, 1.600000023841858, 1.600000023841858)
SpecialMesh758.TextureId = "rbxassetid://745556120"
SpecialMesh758.MeshType = Enum.MeshType.FileMesh
Model759.Name = "茂み"
Model759.Parent = Folder0
Part760.Name = "TreeMesh Bottom"
Part760.Parent = Model759
Part760.CFrame = CFrame.new(1889.28674, 279.405731, 2876.69263, -0.546630144, -0.000413864385, -0.837376356, 0.000455754576, 1.00000381, -0.00079174852, 0.837377727, -0.000814501778, -0.5466308)
Part760.Orientation = Vector3.new(0.05000000074505806, -123.13999938964844, 0.029999999329447746)
Part760.Position = Vector3.new(1889.2867431640625, 279.4057312011719, 2876.692626953125)
Part760.Rotation = Vector3.new(179.9199981689453, -56.86000061035156, 179.9600067138672)
Part760.Size = Vector3.new(8.250000953674316, 0.2499980926513672, 7)
Part760.Anchored = true
Part760.CanCollide = false
Part760.Material = Enum.Material.Fabric
SpecialMesh761.Name = "BarkMesh"
SpecialMesh761.Parent = Part760
SpecialMesh761.MeshId = "rbxassetid://623621260"
SpecialMesh761.Offset = Vector3.new(0, 3.4100000858306885, 0)
SpecialMesh761.TextureId = "rbxassetid://623618671"
SpecialMesh761.MeshType = Enum.MeshType.FileMesh
Part762.Name = "TreeMeshTop"
Part762.Parent = Model759
Part762.CFrame = CFrame.new(1889.27454, 309.545807, 2876.66748, -0.546630144, -0.000413864385, -0.837376356, 0.000455754576, 1.00000381, -0.00079174852, 0.837377727, -0.000814501778, -0.5466308)
Part762.Orientation = Vector3.new(0.05000000074505806, -123.13999938964844, 0.029999999329447746)
Part762.Position = Vector3.new(1889.2745361328125, 309.5458068847656, 2876.66748046875)
Part762.Rotation = Vector3.new(179.9199981689453, -56.86000061035156, 179.9600067138672)
Part762.Transparency = 0.05000000074505806
Part762.Size = Vector3.new(8.250000953674316, 0.2499980926513672, 7)
Part762.Anchored = true
Part762.CanCollide = false
Part762.Material = Enum.Material.Fabric
SpecialMesh763.Name = "TopTreeMesh"
SpecialMesh763.Parent = Part762
SpecialMesh763.MeshId = "rbxassetid://623621456"
SpecialMesh763.Offset = Vector3.new(0, 3.4100000858306885, 0)
SpecialMesh763.Scale = Vector3.new(1.600000023841858, 1.600000023841858, 1.600000023841858)
SpecialMesh763.TextureId = "rbxassetid://745556120"
SpecialMesh763.MeshType = Enum.MeshType.FileMesh
Model764.Name = "茂み"
Model764.Parent = Folder0
Part765.Name = "TreeMesh Bottom"
Part765.Parent = Model764
Part765.CFrame = CFrame.new(1926.62708, 278.856262, 2912.16797, -0.546630144, -0.000414781622, -0.837376356, 0.000455754576, 1.00000381, -0.000792843872, 0.837377727, -0.00081510056, -0.5466308)
Part765.Orientation = Vector3.new(0.05000000074505806, -123.13999938964844, 0.029999999329447746)
Part765.Position = Vector3.new(1926.6270751953125, 278.85626220703125, 2912.16796875)
Part765.Rotation = Vector3.new(179.9199981689453, -56.86000061035156, 179.9600067138672)
Part765.Size = Vector3.new(8.250000953674316, 0.2499980926513672, 7)
Part765.Anchored = true
Part765.CanCollide = false
Part765.Material = Enum.Material.Fabric
SpecialMesh766.Name = "BarkMesh"
SpecialMesh766.Parent = Part765
SpecialMesh766.MeshId = "rbxassetid://623621260"
SpecialMesh766.Offset = Vector3.new(0, 3.4100000858306885, 0)
SpecialMesh766.TextureId = "rbxassetid://623618671"
SpecialMesh766.MeshType = Enum.MeshType.FileMesh
Part767.Name = "TreeMeshTop"
Part767.Parent = Model764
Part767.CFrame = CFrame.new(1926.61511, 308.996338, 2912.14331, -0.546630144, -0.000414781622, -0.837376356, 0.000455754576, 1.00000381, -0.000792843872, 0.837377727, -0.00081510056, -0.5466308)
Part767.Orientation = Vector3.new(0.05000000074505806, -123.13999938964844, 0.029999999329447746)
Part767.Position = Vector3.new(1926.6151123046875, 308.996337890625, 2912.143310546875)
Part767.Rotation = Vector3.new(179.9199981689453, -56.86000061035156, 179.9600067138672)
Part767.Transparency = 0.05000000074505806
Part767.Size = Vector3.new(8.250000953674316, 0.2499980926513672, 7)
Part767.Anchored = true
Part767.CanCollide = false
Part767.Material = Enum.Material.Fabric
SpecialMesh768.Name = "TopTreeMesh"
SpecialMesh768.Parent = Part767
SpecialMesh768.MeshId = "rbxassetid://623621456"
SpecialMesh768.Offset = Vector3.new(0, 3.4100000858306885, 0)
SpecialMesh768.Scale = Vector3.new(1.600000023841858, 1.600000023841858, 1.600000023841858)
SpecialMesh768.TextureId = "rbxassetid://745556120"
SpecialMesh768.MeshType = Enum.MeshType.FileMesh
Model769.Name = "茂み"
Model769.Parent = Folder0
Part770.Name = "TreeMesh Bottom"
Part770.Parent = Model769
Part770.CFrame = CFrame.new(1751.87122, 278.666351, 2767.87769, -0.767610967, -0.000418122479, -0.640918851, 0.000199677248, 1.00000381, -0.000891524425, 0.640919983, -0.000812391052, -0.76761204)
Part770.Orientation = Vector3.new(0.05000000074505806, -140.13999938964844, 0.009999999776482582)
Part770.Position = Vector3.new(1751.8712158203125, 278.6663513183594, 2767.877685546875)
Part770.Rotation = Vector3.new(179.92999267578125, -39.86000061035156, 179.97000122070312)
Part770.Size = Vector3.new(8.250000953674316, 0.2499980926513672, 7)
Part770.Anchored = true
Part770.CanCollide = false
Part770.Material = Enum.Material.Fabric
SpecialMesh771.Name = "BarkMesh"
SpecialMesh771.Parent = Part770
SpecialMesh771.MeshId = "rbxassetid://623621260"
SpecialMesh771.Offset = Vector3.new(0, 3.4100000858306885, 0)
SpecialMesh771.TextureId = "rbxassetid://623618671"
SpecialMesh771.MeshType = Enum.MeshType.FileMesh
Part772.Name = "TreeMeshTop"
Part772.Parent = Model769
Part772.CFrame = CFrame.new(1751.86047, 308.806458, 2767.85327, -0.767610967, -0.000418122479, -0.640918851, 0.000199677248, 1.00000381, -0.000891524425, 0.640919983, -0.000812391052, -0.76761204)
Part772.Orientation = Vector3.new(0.05000000074505806, -140.13999938964844, 0.009999999776482582)
Part772.Position = Vector3.new(1751.8604736328125, 308.80645751953125, 2767.853271484375)
Part772.Rotation = Vector3.new(179.92999267578125, -39.86000061035156, 179.97000122070312)
Part772.Transparency = 0.05000000074505806
Part772.Size = Vector3.new(8.250000953674316, 0.2499980926513672, 7)
Part772.Anchored = true
Part772.CanCollide = false
Part772.Material = Enum.Material.Fabric
SpecialMesh773.Name = "TopTreeMesh"
SpecialMesh773.Parent = Part772
SpecialMesh773.MeshId = "rbxassetid://623621456"
SpecialMesh773.Offset = Vector3.new(0, 3.4100000858306885, 0)
SpecialMesh773.Scale = Vector3.new(1.600000023841858, 1.600000023841858, 1.600000023841858)
SpecialMesh773.TextureId = "rbxassetid://745556120"
SpecialMesh773.MeshType = Enum.MeshType.FileMesh
Model774.Name = "茂み"
Model774.Parent = Folder0
Part775.Name = "TreeMesh Bottom"
Part775.Parent = Model774
Part775.CFrame = CFrame.new(1851.87146, 279.380493, 2864.76978, 0.837375879, -0.000413544127, -0.546630979, 0.000791638682, 1.00000381, 0.000456170616, 0.546631694, -0.000814790546, 0.83737725)
Part775.Orientation = Vector3.new(-0.029999999329447746, -33.13999938964844, 0.05000000074505806)
Part775.Position = Vector3.new(1851.8714599609375, 279.3804931640625, 2864.769775390625)
Part775.Rotation = Vector3.new(-0.029999999329447746, -33.13999938964844, 0.029999999329447746)
Part775.Size = Vector3.new(8.250000953674316, 0.2499980926513672, 7)
Part775.Anchored = true
Part775.CanCollide = false
Part775.Material = Enum.Material.Fabric
SpecialMesh776.Name = "BarkMesh"
SpecialMesh776.Parent = Part775
SpecialMesh776.MeshId = "rbxassetid://623621260"
SpecialMesh776.Offset = Vector3.new(0, 3.4100000858306885, 0)
SpecialMesh776.TextureId = "rbxassetid://623618671"
SpecialMesh776.MeshType = Enum.MeshType.FileMesh
Part777.Name = "TreeMeshTop"
Part777.Parent = Model774
Part777.CFrame = CFrame.new(1851.85925, 309.520721, 2864.7439, 0.837375879, -0.000413544127, -0.546630979, 0.000791638682, 1.00000381, 0.000456170616, 0.546631694, -0.000814790546, 0.83737725)
Part777.Orientation = Vector3.new(-0.029999999329447746, -33.13999938964844, 0.05000000074505806)
Part777.Position = Vector3.new(1851.8592529296875, 309.5207214355469, 2864.743896484375)
Part777.Rotation = Vector3.new(-0.029999999329447746, -33.13999938964844, 0.029999999329447746)
Part777.Transparency = 0.05000000074505806
Part777.Size = Vector3.new(8.250000953674316, 0.2499980926513672, 7)
Part777.Anchored = true
Part777.CanCollide = false
Part777.Material = Enum.Material.Fabric
SpecialMesh778.Name = "TopTreeMesh"
SpecialMesh778.Parent = Part777
SpecialMesh778.MeshId = "rbxassetid://623621456"
SpecialMesh778.Offset = Vector3.new(0, 3.4100000858306885, 0)
SpecialMesh778.Scale = Vector3.new(1.600000023841858, 1.600000023841858, 1.600000023841858)
SpecialMesh778.TextureId = "rbxassetid://745556120"
SpecialMesh778.MeshType = Enum.MeshType.FileMesh
Model779.Name = "茂み"
Model779.Parent = Folder0
Part780.Name = "TreeMesh Bottom"
Part780.Parent = Model779
Part780.CFrame = CFrame.new(2471.89722, 118.268372, 2478.49829, -1.00000072, 2.85217094e-09, -1.15936871e-07, 1.39407392e-08, 1.00000024, 0.000976553303, -1.160697e-07, 0.000976549345, -0.999999762)
Part780.Orientation = Vector3.new(-0.05999999865889549, -180, 0)
Part780.Position = Vector3.new(2471.897216796875, 118.26837158203125, 2478.498291015625)
Part780.Rotation = Vector3.new(-179.94000244140625, 0, -180)
Part780.Size = Vector3.new(8.250000953674316, 0.2499980926513672, 7)
Part780.Anchored = true
Part780.CanCollide = false
Part780.Material = Enum.Material.Fabric
SpecialMesh781.Name = "BarkMesh"
SpecialMesh781.Parent = Part780
SpecialMesh781.MeshId = "rbxassetid://623621260"
SpecialMesh781.Offset = Vector3.new(0, 3.4100000858306885, 0)
SpecialMesh781.TextureId = "rbxassetid://623618671"
SpecialMesh781.MeshType = Enum.MeshType.FileMesh
Part782.Name = "TreeMeshTop"
Part782.Parent = Model779
Part782.CFrame = CFrame.new(2471.89795, 148.408234, 2478.52832, -1.00000072, 2.85217094e-09, -1.15936871e-07, 1.39407392e-08, 1.00000024, 0.000976553303, -1.160697e-07, 0.000976549345, -0.999999762)
Part782.Orientation = Vector3.new(-0.05999999865889549, -180, 0)
Part782.Position = Vector3.new(2471.89794921875, 148.40823364257812, 2478.5283203125)
Part782.Rotation = Vector3.new(-179.94000244140625, 0, -180)
Part782.Transparency = 0.05000000074505806
Part782.Size = Vector3.new(8.250000953674316, 0.2499980926513672, 7)
Part782.Anchored = true
Part782.CanCollide = false
Part782.Material = Enum.Material.Fabric
SpecialMesh783.Name = "TopTreeMesh"
SpecialMesh783.Parent = Part782
SpecialMesh783.MeshId = "rbxassetid://623621456"
SpecialMesh783.Offset = Vector3.new(0, 3.4100000858306885, 0)
SpecialMesh783.Scale = Vector3.new(1.600000023841858, 1.600000023841858, 1.600000023841858)
SpecialMesh783.TextureId = "rbxassetid://745556120"
SpecialMesh783.MeshType = Enum.MeshType.FileMesh
Model784.Name = "茂み"
Model784.Parent = Folder0
Part785.Name = "TreeMesh Bottom"
Part785.Parent = Model784
Part785.CFrame = CFrame.new(1994.17444, 278.90036, 2931.94409, -0.546630144, -0.000413864385, -0.837376356, 0.000455754576, 1.00000381, -0.00079174852, 0.837377727, -0.000814501778, -0.5466308)
Part785.Orientation = Vector3.new(0.05000000074505806, -123.13999938964844, 0.029999999329447746)
Part785.Position = Vector3.new(1994.1744384765625, 278.9003601074219, 2931.944091796875)
Part785.Rotation = Vector3.new(179.9199981689453, -56.86000061035156, 179.9600067138672)
Part785.Size = Vector3.new(8.250000953674316, 0.2499980926513672, 7)
Part785.Anchored = true
Part785.CanCollide = false
Part785.Material = Enum.Material.Fabric
SpecialMesh786.Name = "BarkMesh"
SpecialMesh786.Parent = Part785
SpecialMesh786.MeshId = "rbxassetid://623621260"
SpecialMesh786.Offset = Vector3.new(0, 3.4100000858306885, 0)
SpecialMesh786.TextureId = "rbxassetid://623618671"
SpecialMesh786.MeshType = Enum.MeshType.FileMesh
Part787.Name = "TreeMeshTop"
Part787.Parent = Model784
Part787.CFrame = CFrame.new(1994.16223, 309.040436, 2931.91895, -0.546630144, -0.000413864385, -0.837376356, 0.000455754576, 1.00000381, -0.00079174852, 0.837377727, -0.000814501778, -0.5466308)
Part787.Orientation = Vector3.new(0.05000000074505806, -123.13999938964844, 0.029999999329447746)
Part787.Position = Vector3.new(1994.1622314453125, 309.0404357910156, 2931.9189453125)
Part787.Rotation = Vector3.new(179.9199981689453, -56.86000061035156, 179.9600067138672)
Part787.Transparency = 0.05000000074505806
Part787.Size = Vector3.new(8.250000953674316, 0.2499980926513672, 7)
Part787.Anchored = true
Part787.CanCollide = false
Part787.Material = Enum.Material.Fabric
SpecialMesh788.Name = "TopTreeMesh"
SpecialMesh788.Parent = Part787
SpecialMesh788.MeshId = "rbxassetid://623621456"
SpecialMesh788.Offset = Vector3.new(0, 3.4100000858306885, 0)
SpecialMesh788.Scale = Vector3.new(1.600000023841858, 1.600000023841858, 1.600000023841858)
SpecialMesh788.TextureId = "rbxassetid://745556120"
SpecialMesh788.MeshType = Enum.MeshType.FileMesh
Model789.Name = "茂み"
Model789.Parent = Folder0
Part790.Name = "TreeMesh Bottom"
Part790.Parent = Model789
Part790.CFrame = CFrame.new(1978.20129, 278.945404, 2954.53638, -0.837375879, -0.000947397959, 0.546630323, -0.000791638682, 1.00000381, 0.000520459667, -0.546631694, 3.0142719e-06, -0.837377608)
Part790.Orientation = Vector3.new(-0.029999999329447746, 146.86000061035156, -0.05000000074505806)
Part790.Position = Vector3.new(1978.2012939453125, 278.9454040527344, 2954.536376953125)
Part790.Rotation = Vector3.new(-179.9600067138672, 33.13999938964844, 179.94000244140625)
Part790.Size = Vector3.new(8.250000953674316, 0.2499980926513672, 7)
Part790.Anchored = true
Part790.CanCollide = false
Part790.Material = Enum.Material.Fabric
SpecialMesh791.Name = "BarkMesh"
SpecialMesh791.Parent = Part790
SpecialMesh791.MeshId = "rbxassetid://623621260"
SpecialMesh791.Offset = Vector3.new(0, 3.4100000858306885, 0)
SpecialMesh791.TextureId = "rbxassetid://623618671"
SpecialMesh791.MeshType = Enum.MeshType.FileMesh
Part792.Name = "TreeMeshTop"
Part792.Parent = Model789
Part792.CFrame = CFrame.new(1978.17249, 309.085449, 2954.53687, -0.837375879, -0.000947397959, 0.546630323, -0.000791638682, 1.00000381, 0.000520459667, -0.546631694, 3.0142719e-06, -0.837377608)
Part792.Orientation = Vector3.new(-0.029999999329447746, 146.86000061035156, -0.05000000074505806)
Part792.Position = Vector3.new(1978.1724853515625, 309.08544921875, 2954.536865234375)
Part792.Rotation = Vector3.new(-179.9600067138672, 33.13999938964844, 179.94000244140625)
Part792.Transparency = 0.05000000074505806
Part792.Size = Vector3.new(8.250000953674316, 0.2499980926513672, 7)
Part792.Anchored = true
Part792.CanCollide = false
Part792.Material = Enum.Material.Fabric
SpecialMesh793.Name = "TopTreeMesh"
SpecialMesh793.Parent = Part792
SpecialMesh793.MeshId = "rbxassetid://623621456"
SpecialMesh793.Offset = Vector3.new(0, 3.4100000858306885, 0)
SpecialMesh793.Scale = Vector3.new(1.600000023841858, 1.600000023841858, 1.600000023841858)
SpecialMesh793.TextureId = "rbxassetid://745556120"
SpecialMesh793.MeshType = Enum.MeshType.FileMesh
Model794.Name = "茂み"
Model794.Parent = Folder0
Part795.Name = "TreeMesh Bottom"
Part795.Parent = Model794
Part795.CFrame = CFrame.new(2342.21436, 226.775452, 3244.27563, 0.11888878, 0.157446861, -0.980348885, 0.0509133786, 0.985080659, 0.164382502, 0.991602719, -0.069455795, 0.109099932)
Part795.Orientation = Vector3.new(-9.460000038146973, -83.6500015258789, 2.9600000381469727)
Part795.Position = Vector3.new(2342.21435546875, 226.77545166015625, 3244.275634765625)
Part795.Rotation = Vector3.new(-56.43000030517578, -78.62000274658203, -52.939998626708984)
Part795.Size = Vector3.new(8.250000953674316, 0.2499980926513672, 7)
Part795.Anchored = true
Part795.CanCollide = false
Part795.Material = Enum.Material.Fabric
SpecialMesh796.Name = "BarkMesh"
SpecialMesh796.Parent = Part795
SpecialMesh796.MeshId = "rbxassetid://623621260"
SpecialMesh796.Offset = Vector3.new(0, 3.4100000858306885, 0)
SpecialMesh796.TextureId = "rbxassetid://623618671"
SpecialMesh796.MeshType = Enum.MeshType.FileMesh
Part797.Name = "TreeMeshTop"
Part797.Parent = Model794
Part797.CFrame = CFrame.new(2346.96045, 256.465576, 3242.18115, 0.11888878, 0.157446861, -0.980348885, 0.0509133786, 0.985080659, 0.164382502, 0.991602719, -0.069455795, 0.109099932)
Part797.Orientation = Vector3.new(-9.460000038146973, -83.6500015258789, 2.9600000381469727)
Part797.Position = Vector3.new(2346.96044921875, 256.465576171875, 3242.18115234375)
Part797.Rotation = Vector3.new(-56.43000030517578, -78.62000274658203, -52.939998626708984)
Part797.Transparency = 0.05000000074505806
Part797.Size = Vector3.new(8.250000953674316, 0.2499980926513672, 7)
Part797.Anchored = true
Part797.CanCollide = false
Part797.Material = Enum.Material.Fabric
SpecialMesh798.Name = "TopTreeMesh"
SpecialMesh798.Parent = Part797
SpecialMesh798.MeshId = "rbxassetid://623621456"
SpecialMesh798.Offset = Vector3.new(0, 3.4100000858306885, 0)
SpecialMesh798.Scale = Vector3.new(1.600000023841858, 1.600000023841858, 1.600000023841858)
SpecialMesh798.TextureId = "rbxassetid://745556120"
SpecialMesh798.MeshType = Enum.MeshType.FileMesh
Model799.Name = "茂み"
Model799.Parent = Folder0
Part800.Name = "TreeMesh Bottom"
Part800.Parent = Model799
Part800.CFrame = CFrame.new(2272.48828, 236.058105, 3217.87036, 0.11888878, 0.157446861, -0.980348885, 0.0509133786, 0.985080659, 0.164382502, 0.991602719, -0.069455795, 0.109099932)
Part800.Orientation = Vector3.new(-9.460000038146973, -83.6500015258789, 2.9600000381469727)
Part800.Position = Vector3.new(2272.48828125, 236.05810546875, 3217.870361328125)
Part800.Rotation = Vector3.new(-56.43000030517578, -78.62000274658203, -52.939998626708984)
Part800.Size = Vector3.new(8.250000953674316, 0.2499980926513672, 7)
Part800.Anchored = true
Part800.CanCollide = false
Part800.Material = Enum.Material.Fabric
SpecialMesh801.Name = "BarkMesh"
SpecialMesh801.Parent = Part800
SpecialMesh801.MeshId = "rbxassetid://623621260"
SpecialMesh801.Offset = Vector3.new(0, 3.4100000858306885, 0)
SpecialMesh801.TextureId = "rbxassetid://623618671"
SpecialMesh801.MeshType = Enum.MeshType.FileMesh
Part802.Name = "TreeMeshTop"
Part802.Parent = Model799
Part802.CFrame = CFrame.new(2277.23438, 265.74823, 3215.77637, 0.11888878, 0.157446861, -0.980348885, 0.0509133786, 0.985080659, 0.164382502, 0.991602719, -0.069455795, 0.109099932)
Part802.Orientation = Vector3.new(-9.460000038146973, -83.6500015258789, 2.9600000381469727)
Part802.Position = Vector3.new(2277.234375, 265.74822998046875, 3215.7763671875)
Part802.Rotation = Vector3.new(-56.43000030517578, -78.62000274658203, -52.939998626708984)
Part802.Transparency = 0.05000000074505806
Part802.Size = Vector3.new(8.250000953674316, 0.2499980926513672, 7)
Part802.Anchored = true
Part802.CanCollide = false
Part802.Material = Enum.Material.Fabric
SpecialMesh803.Name = "TopTreeMesh"
SpecialMesh803.Parent = Part802
SpecialMesh803.MeshId = "rbxassetid://623621456"
SpecialMesh803.Offset = Vector3.new(0, 3.4100000858306885, 0)
SpecialMesh803.Scale = Vector3.new(1.600000023841858, 1.600000023841858, 1.600000023841858)
SpecialMesh803.TextureId = "rbxassetid://745556120"
SpecialMesh803.MeshType = Enum.MeshType.FileMesh
Model804.Name = "茂み"
Model804.Parent = Folder0
Part805.Name = "TreeMesh Bottom"
Part805.Parent = Model804
Part805.CFrame = CFrame.new(2056.31616, 263.980591, 2976.05688, -0.113354392, 0.171335056, 0.978673995, -0.0194097236, 0.984447837, -0.174595311, -0.993366182, -0.0387866907, -0.108266942)
Part805.Orientation = Vector3.new(10.0600004196167, 96.30999755859375, -1.1299999952316284)
Part805.Position = Vector3.new(2056.316162109375, 263.9805908203125, 2976.056884765625)
Part805.Rotation = Vector3.new(121.80000305175781, 78.1500015258789, -123.48999786376953)
Part805.Size = Vector3.new(8.250000953674316, 0.2499980926513672, 7)
Part805.Anchored = true
Part805.CanCollide = false
Part805.Material = Enum.Material.Fabric
SpecialMesh806.Name = "BarkMesh"
SpecialMesh806.Parent = Part805
SpecialMesh806.MeshId = "rbxassetid://623621260"
SpecialMesh806.Offset = Vector3.new(0, 3.4100000858306885, 0)
SpecialMesh806.TextureId = "rbxassetid://623618671"
SpecialMesh806.MeshType = Enum.MeshType.FileMesh
Part807.Name = "TreeMeshTop"
Part807.Parent = Model804
Part807.CFrame = CFrame.new(2061.479, 293.652069, 2974.88843, -0.113354392, 0.171335056, 0.978673995, -0.0194097236, 0.984447837, -0.174595311, -0.993366182, -0.0387866907, -0.108266942)
Part807.Orientation = Vector3.new(10.0600004196167, 96.30999755859375, -1.1299999952316284)
Part807.Position = Vector3.new(2061.47900390625, 293.6520690917969, 2974.888427734375)
Part807.Rotation = Vector3.new(121.80000305175781, 78.1500015258789, -123.48999786376953)
Part807.Transparency = 0.05000000074505806
Part807.Size = Vector3.new(8.250000953674316, 0.2499980926513672, 7)
Part807.Anchored = true
Part807.CanCollide = false
Part807.Material = Enum.Material.Fabric
SpecialMesh808.Name = "TopTreeMesh"
SpecialMesh808.Parent = Part807
SpecialMesh808.MeshId = "rbxassetid://623621456"
SpecialMesh808.Offset = Vector3.new(0, 3.4100000858306885, 0)
SpecialMesh808.Scale = Vector3.new(1.600000023841858, 1.600000023841858, 1.600000023841858)
SpecialMesh808.TextureId = "rbxassetid://745556120"
SpecialMesh808.MeshType = Enum.MeshType.FileMesh
Model809.Name = "茂み"
Model809.Parent = Folder0
Part810.Name = "TreeMesh Bottom"
Part810.Parent = Model809
Part810.CFrame = CFrame.new(2272.19971, 236.955536, 3230.91333, 0.11888878, 0.157446861, -0.980348885, 0.0509133786, 0.985080659, 0.164382502, 0.991602719, -0.069455795, 0.109099932)
Part810.Orientation = Vector3.new(-9.460000038146973, -83.6500015258789, 2.9600000381469727)
Part810.Position = Vector3.new(2272.19970703125, 236.95553588867188, 3230.913330078125)
Part810.Rotation = Vector3.new(-56.43000030517578, -78.62000274658203, -52.939998626708984)
Part810.Size = Vector3.new(8.250000953674316, 0.2499980926513672, 7)
Part810.Anchored = true
Part810.CanCollide = false
Part810.Material = Enum.Material.Fabric
SpecialMesh811.Name = "BarkMesh"
SpecialMesh811.Parent = Part810
SpecialMesh811.MeshId = "rbxassetid://623621260"
SpecialMesh811.Offset = Vector3.new(0, 3.4100000858306885, 0)
SpecialMesh811.TextureId = "rbxassetid://623618671"
SpecialMesh811.MeshType = Enum.MeshType.FileMesh
Part812.Name = "TreeMeshTop"
Part812.Parent = Model809
Part812.CFrame = CFrame.new(2276.9458, 266.645752, 3228.81934, 0.11888878, 0.157446861, -0.980348885, 0.0509133786, 0.985080659, 0.164382502, 0.991602719, -0.069455795, 0.109099932)
Part812.Orientation = Vector3.new(-9.460000038146973, -83.6500015258789, 2.9600000381469727)
Part812.Position = Vector3.new(2276.94580078125, 266.645751953125, 3228.8193359375)
Part812.Rotation = Vector3.new(-56.43000030517578, -78.62000274658203, -52.939998626708984)
Part812.Transparency = 0.05000000074505806
Part812.Size = Vector3.new(8.250000953674316, 0.2499980926513672, 7)
Part812.Anchored = true
Part812.CanCollide = false
Part812.Material = Enum.Material.Fabric
SpecialMesh813.Name = "TopTreeMesh"
SpecialMesh813.Parent = Part812
SpecialMesh813.MeshId = "rbxassetid://623621456"
SpecialMesh813.Offset = Vector3.new(0, 3.4100000858306885, 0)
SpecialMesh813.Scale = Vector3.new(1.600000023841858, 1.600000023841858, 1.600000023841858)
SpecialMesh813.TextureId = "rbxassetid://745556120"
SpecialMesh813.MeshType = Enum.MeshType.FileMesh
Model814.Name = "茂み"
Model814.Parent = Folder0
Part815.Name = "TreeMesh Bottom"
Part815.Parent = Model814
Part815.CFrame = CFrame.new(2394.1604, 240.158508, 3237.17383, -0.822072506, 0.148382097, -0.549715996, 0.183690801, 0.982937992, -0.00937828422, 0.538945496, -0.108687006, -0.835301101)
Part815.Orientation = Vector3.new(0.5400000214576721, -146.64999389648438, 10.59000015258789)
Part815.Position = Vector3.new(2394.160400390625, 240.15850830078125, 3237.173828125)
Part815.Rotation = Vector3.new(179.36000061035156, -33.349998474121094, -169.77000427246094)
Part815.Size = Vector3.new(8.250000953674316, 0.2499980926513672, 7)
Part815.Anchored = true
Part815.CanCollide = false
Part815.Material = Enum.Material.Fabric
SpecialMesh816.Name = "BarkMesh"
SpecialMesh816.Parent = Part815
SpecialMesh816.MeshId = "rbxassetid://623621260"
SpecialMesh816.Offset = Vector3.new(0, 3.4100000858306885, 0)
SpecialMesh816.TextureId = "rbxassetid://623618671"
SpecialMesh816.MeshType = Enum.MeshType.FileMesh
Part817.Name = "TreeMeshTop"
Part817.Parent = Model814
Part817.CFrame = CFrame.new(2398.63354, 269.78418, 3233.89819, -0.822072506, 0.148382097, -0.549715996, 0.183690801, 0.982937992, -0.00937828422, 0.538945496, -0.108687006, -0.835301101)
Part817.Orientation = Vector3.new(0.5400000214576721, -146.64999389648438, 10.59000015258789)
Part817.Position = Vector3.new(2398.633544921875, 269.7841796875, 3233.898193359375)
Part817.Rotation = Vector3.new(179.36000061035156, -33.349998474121094, -169.77000427246094)
Part817.Transparency = 0.05000000074505806
Part817.Size = Vector3.new(8.250000953674316, 0.2499980926513672, 7)
Part817.Anchored = true
Part817.CanCollide = false
Part817.Material = Enum.Material.Fabric
SpecialMesh818.Name = "TopTreeMesh"
SpecialMesh818.Parent = Part817
SpecialMesh818.MeshId = "rbxassetid://623621456"
SpecialMesh818.Offset = Vector3.new(0, 3.4100000858306885, 0)
SpecialMesh818.Scale = Vector3.new(1.600000023841858, 1.600000023841858, 1.600000023841858)
SpecialMesh818.TextureId = "rbxassetid://745556120"
SpecialMesh818.MeshType = Enum.MeshType.FileMesh
Model819.Name = "茂み"
Model819.Parent = Folder0
Part820.Name = "TreeMesh Bottom"
Part820.Parent = Model819
Part820.CFrame = CFrame.new(2155.01196, 240.254211, 3112.7793, 0.60699141, 0.156489655, -0.779153585, -0.0405459031, 0.985240698, 0.166296184, 0.793675482, -0.0693485588, 0.604377747)
Part820.Orientation = Vector3.new(-9.569999694824219, -52.20000076293945, -2.359999895095825)
Part820.Position = Vector3.new(2155.011962890625, 240.25421142578125, 3112.779296875)
Part820.Rotation = Vector3.new(-15.380000114440918, -51.18000030517578, -14.460000038146973)
Part820.Size = Vector3.new(8.250000953674316, 0.2499980926513672, 7)
Part820.Anchored = true
Part820.CanCollide = false
Part820.Material = Enum.Material.Fabric
SpecialMesh821.Name = "BarkMesh"
SpecialMesh821.Parent = Part820
SpecialMesh821.MeshId = "rbxassetid://623621260"
SpecialMesh821.Offset = Vector3.new(0, 3.4100000858306885, 0)
SpecialMesh821.TextureId = "rbxassetid://623618671"
SpecialMesh821.MeshType = Enum.MeshType.FileMesh
Part822.Name = "TreeMeshTop"
Part822.Parent = Model819
Part822.CFrame = CFrame.new(2159.72974, 269.949402, 3110.68726, 0.60699141, 0.156489655, -0.779153585, -0.0405459031, 0.985240698, 0.166296184, 0.793675482, -0.0693485588, 0.604377747)
Part822.Orientation = Vector3.new(-9.569999694824219, -52.20000076293945, -2.359999895095825)
Part822.Position = Vector3.new(2159.729736328125, 269.94940185546875, 3110.687255859375)
Part822.Rotation = Vector3.new(-15.380000114440918, -51.18000030517578, -14.460000038146973)
Part822.Transparency = 0.05000000074505806
Part822.Size = Vector3.new(8.250000953674316, 0.2499980926513672, 7)
Part822.Anchored = true
Part822.CanCollide = false
Part822.Material = Enum.Material.Fabric
SpecialMesh823.Name = "TopTreeMesh"
SpecialMesh823.Parent = Part822
SpecialMesh823.MeshId = "rbxassetid://623621456"
SpecialMesh823.Offset = Vector3.new(0, 3.4100000858306885, 0)
SpecialMesh823.Scale = Vector3.new(1.600000023841858, 1.600000023841858, 1.600000023841858)
SpecialMesh823.TextureId = "rbxassetid://745556120"
SpecialMesh823.MeshType = Enum.MeshType.FileMesh
Model824.Name = "茂み"
Model824.Parent = Folder0
Part825.Name = "TreeMesh Bottom"
Part825.Parent = Model824
Part825.CFrame = CFrame.new(2092.30371, 249.809448, 3057.87305, -0.599820673, 0.201297, 0.774404705, 0.0798964351, 0.978066564, -0.19235377, -0.79613781, -0.053505376, -0.6027475)
Part825.Orientation = Vector3.new(11.09000015258789, 127.88999938964844, 4.670000076293945)
Part825.Position = Vector3.new(2092.3037109375, 249.8094482421875, 3057.873046875)
Part825.Rotation = Vector3.new(162.3000030517578, 50.75, -161.4499969482422)
Part825.Size = Vector3.new(8.250000953674316, 0.2499980926513672, 7)
Part825.Anchored = true
Part825.CanCollide = false
Part825.Material = Enum.Material.Fabric
SpecialMesh826.Name = "BarkMesh"
SpecialMesh826.Parent = Part825
SpecialMesh826.MeshId = "rbxassetid://623621260"
SpecialMesh826.Offset = Vector3.new(0, 3.4100000858306885, 0)
SpecialMesh826.TextureId = "rbxassetid://623618671"
SpecialMesh826.MeshType = Enum.MeshType.FileMesh
Part827.Name = "TreeMeshTop"
Part827.Parent = Model824
Part827.CFrame = CFrame.new(2098.37134, 279.288696, 3056.26099, -0.599820673, 0.201297, 0.774404705, 0.0798964351, 0.978066564, -0.19235377, -0.79613781, -0.053505376, -0.6027475)
Part827.Orientation = Vector3.new(11.09000015258789, 127.88999938964844, 4.670000076293945)
Part827.Position = Vector3.new(2098.371337890625, 279.2886962890625, 3056.260986328125)
Part827.Rotation = Vector3.new(162.3000030517578, 50.75, -161.4499969482422)
Part827.Transparency = 0.05000000074505806
Part827.Size = Vector3.new(8.250000953674316, 0.2499980926513672, 7)
Part827.Anchored = true
Part827.CanCollide = false
Part827.Material = Enum.Material.Fabric
SpecialMesh828.Name = "TopTreeMesh"
SpecialMesh828.Parent = Part827
SpecialMesh828.MeshId = "rbxassetid://623621456"
SpecialMesh828.Offset = Vector3.new(0, 3.4100000858306885, 0)
SpecialMesh828.Scale = Vector3.new(1.600000023841858, 1.600000023841858, 1.600000023841858)
SpecialMesh828.TextureId = "rbxassetid://745556120"
SpecialMesh828.MeshType = Enum.MeshType.FileMesh
Model829.Name = "茂み"
Model829.Parent = Folder0
Part830.Name = "TreeMesh Bottom"
Part830.Parent = Model829
Part830.CFrame = CFrame.new(2202.47437, 246.238037, 3204.50806, 0.11888878, 0.157446861, -0.980348885, 0.0509133786, 0.985080659, 0.164382502, 0.991602719, -0.069455795, 0.109099932)
Part830.Orientation = Vector3.new(-9.460000038146973, -83.6500015258789, 2.9600000381469727)
Part830.Position = Vector3.new(2202.474365234375, 246.238037109375, 3204.508056640625)
Part830.Rotation = Vector3.new(-56.43000030517578, -78.62000274658203, -52.939998626708984)
Part830.Size = Vector3.new(8.250000953674316, 0.2499980926513672, 7)
Part830.Anchored = true
Part830.CanCollide = false
Part830.Material = Enum.Material.Fabric
SpecialMesh831.Name = "BarkMesh"
SpecialMesh831.Parent = Part830
SpecialMesh831.MeshId = "rbxassetid://623621260"
SpecialMesh831.Offset = Vector3.new(0, 3.4100000858306885, 0)
SpecialMesh831.TextureId = "rbxassetid://623618671"
SpecialMesh831.MeshType = Enum.MeshType.FileMesh
Part832.Name = "TreeMeshTop"
Part832.Parent = Model829
Part832.CFrame = CFrame.new(2207.22046, 275.928223, 3202.41382, 0.11888878, 0.157446861, -0.980348885, 0.0509133786, 0.985080659, 0.164382502, 0.991602719, -0.069455795, 0.109099932)
Part832.Orientation = Vector3.new(-9.460000038146973, -83.6500015258789, 2.9600000381469727)
Part832.Position = Vector3.new(2207.220458984375, 275.92822265625, 3202.413818359375)
Part832.Rotation = Vector3.new(-56.43000030517578, -78.62000274658203, -52.939998626708984)
Part832.Transparency = 0.05000000074505806
Part832.Size = Vector3.new(8.250000953674316, 0.2499980926513672, 7)
Part832.Anchored = true
Part832.CanCollide = false
Part832.Material = Enum.Material.Fabric
SpecialMesh833.Name = "TopTreeMesh"
SpecialMesh833.Parent = Part832
SpecialMesh833.MeshId = "rbxassetid://623621456"
SpecialMesh833.Offset = Vector3.new(0, 3.4100000858306885, 0)
SpecialMesh833.Scale = Vector3.new(1.600000023841858, 1.600000023841858, 1.600000023841858)
SpecialMesh833.TextureId = "rbxassetid://745556120"
SpecialMesh833.MeshType = Enum.MeshType.FileMesh
Model834.Name = "茂み"
Model834.Parent = Folder0
Part835.Name = "TreeMesh Bottom"
Part835.Parent = Model834
