Part354.Name = "Tree_Collision"
Part354.Parent = Model342
Part354.CFrame = CFrame.new(2574.16553, 211.807343, 2662.77075, -0.573025405, -0.232386276, -0.785899997, -0.153341949, 0.972421646, -0.175733075, 0.805064261, 0.0198119357, -0.592856824)
Part354.Orientation = Vector3.new(10.119999885559082, -127.02999877929688, -8.960000038146973)
Part354.Position = Vector3.new(2574.16552734375, 211.80734252929688, 2662.770751953125)
Part354.Rotation = Vector3.new(163.49000549316406, -51.79999923706055, 157.92999267578125)
Part354.Transparency = 1
Part354.Size = Vector3.new(1.3500009775161743, 20.749998092651367, 1.5)
Part354.Anchored = true
Part354.Material = Enum.Material.Fabric
Part355.Name = "Tree_Collision"
Part355.Parent = Model342
Part355.CFrame = CFrame.new(2637.15845, 212.425018, 2622.98169, -0.58387208, 0.0859803408, -0.807280064, 0.279643506, 0.954823017, -0.100559942, 0.762163639, -0.284464806, -0.58153832)
Part355.Orientation = Vector3.new(5.769999980926514, -125.7699966430664, 16.31999969482422)
Part355.Position = Vector3.new(2637.158447265625, 212.42501831054688, 2622.981689453125)
Part355.Rotation = Vector3.new(170.19000244140625, -53.83000183105469, -171.6199951171875)
Part355.Transparency = 1
Part355.Size = Vector3.new(1.3500009775161743, 22.749998092651367, 1.5)
Part355.Anchored = true
Part355.Material = Enum.Material.Fabric
Part356.Name = "Tree_Collision"
Part356.Parent = Model342
Part356.CFrame = CFrame.new(2622.06665, 213.840973, 2654.61426, -0.625324965, 0.157564536, -0.764292181, -0.116178274, 0.949691713, 0.290840268, 0.771668077, 0.270663798, -0.575560451)
Part356.Orientation = Vector3.new(-16.90999984741211, -126.9800033569336, -6.96999979019165)
Part356.Position = Vector3.new(2622.066650390625, 213.84097290039062, 2654.6142578125)
Part356.Rotation = Vector3.new(-153.19000244140625, -49.84000015258789, -165.86000061035156)
Part356.Transparency = 1
Part356.Size = Vector3.new(1.3500009775161743, 23.749998092651367, 1.5)
Part356.Anchored = true
Part356.Material = Enum.Material.Fabric
Part357.Name = "Tree_Collision"
Part357.Parent = Model342
Part357.CFrame = CFrame.new(2608.30615, 213.243988, 2653.74121, -0.626263976, -0.0482967198, -0.778113842, -0.0988280475, 0.994945467, 0.0177863836, 0.773321927, 0.0880384594, -0.627871513)
Part357.Orientation = Vector3.new(-1.0199999809265137, -128.89999389648438, -5.670000076293945)
Part357.Position = Vector3.new(2608.30615234375, 213.24398803710938, 2653.7412109375)
Part357.Rotation = Vector3.new(-178.3800048828125, -51.09000015258789, 175.58999633789062)
Part357.Transparency = 1
Part357.Size = Vector3.new(1.3500009775161743, 23.749998092651367, 1.5)
Part357.Anchored = true
Part357.Material = Enum.Material.Fabric
Part358.Name = "Tree_Collision"
Part358.Parent = Model342
Part358.CFrame = CFrame.new(2630.34277, 212.09436, 2608.46753, -0.595526397, 0.0942138359, -0.797792196, 0.177814752, 0.983924866, -0.0165381916, 0.783409595, -0.151708156, -0.602705836)
Part358.Orientation = Vector3.new(0.949999988079071, -127.06999969482422, 10.239999771118164)
Part358.Position = Vector3.new(2630.3427734375, 212.0943603515625, 2608.467529296875)
Part358.Rotation = Vector3.new(178.42999267578125, -52.91999816894531, -171.00999450683594)
Part358.Transparency = 1
Part358.Size = Vector3.new(1.3500009775161743, 22.749998092651367, 1.5)
Part358.Anchored = true
Part358.Material = Enum.Material.Fabric
Model359.Name = "??"
Model359.Parent = Folder0
Part360.Name = "TreeMesh Bottom"
Part360.Parent = Model359
Part360.CFrame = CFrame.new(2588.08472, 185.018768, 2514.49121, -0.348064989, -0.00913917553, -0.937426031, 0.0176572688, 0.999711096, -0.0163025297, 0.937304378, -0.0222267155, -0.347803026)
Part360.Orientation = Vector3.new(0.9300000071525574, -110.36000061035156, 1.0099999904632568)
Part360.Position = Vector3.new(2588.084716796875, 185.01876831054688, 2514.4912109375)
Part360.Rotation = Vector3.new(177.32000732421875, -69.62000274658203, 178.5)
Part360.Size = Vector3.new(8.250000953674316, 0.2499980926513672, 7)
Part360.Anchored = true
Part360.CanCollide = false
Part360.Material = Enum.Material.Fabric
SpecialMesh361.Name = "BarkMesh"
SpecialMesh361.Parent = Part360
SpecialMesh361.MeshId = "rbxassetid://623621260"
SpecialMesh361.Offset = Vector3.new(0, 3.4100000858306885, 0)
SpecialMesh361.TextureId = "rbxassetid://623618671"
SpecialMesh361.MeshType = Enum.MeshType.FileMesh
Part362.Name = "TreeMeshTop"
Part362.Parent = Model359
Part362.CFrame = CFrame.new(2587.81055, 215.150177, 2513.82153, -0.348064989, -0.00913917553, -0.937426031, 0.0176572688, 0.999711096, -0.0163025297, 0.937304378, -0.0222267155, -0.347803026)
Part362.Orientation = Vector3.new(0.9300000071525574, -110.36000061035156, 1.0099999904632568)
Part362.Position = Vector3.new(2587.810546875, 215.15017700195312, 2513.821533203125)
Part362.Rotation = Vector3.new(177.32000732421875, -69.62000274658203, 178.5)
Part362.Transparency = 0.05000000074505806
Part362.Size = Vector3.new(8.250000953674316, 0.2499980926513672, 7)
Part362.Anchored = true
Part362.CanCollide = false
Part362.Material = Enum.Material.Fabric
SpecialMesh363.Name = "TopTreeMesh"
SpecialMesh363.Parent = Part362
SpecialMesh363.MeshId = "rbxassetid://623621456"
SpecialMesh363.Offset = Vector3.new(0, 3.4100000858306885, 0)
SpecialMesh363.Scale = Vector3.new(1.600000023841858, 1.600000023841858, 1.600000023841858)
SpecialMesh363.TextureId = "rbxassetid://745556120"
SpecialMesh363.MeshType = Enum.MeshType.FileMesh
Part364.Name = "Tree_Collision"
Part364.Parent = Model359
Part364.CFrame = CFrame.new(2583.8501, 198.039917, 2511.13965, -0.35186702, -0.0692537874, -0.933484733, 0.114146352, 0.986642063, -0.116223671, 0.929064333, -0.147449166, -0.339261711)
Part364.Orientation = Vector3.new(6.670000076293945, -109.97000122070312, 6.599999904632568)
Part364.Position = Vector3.new(2583.85009765625, 198.0399169921875, 2511.1396484375)
Part364.Rotation = Vector3.new(161.08999633789062, -68.9800033569336, 168.8699951171875)
Part364.Transparency = 1
Part364.Size = Vector3.new(1.3500009775161743, 26.749998092651367, 1.5)
Part364.Anchored = true
Part364.Material = Enum.Material.Fabric
Part365.Name = "Tree_Collision"
Part365.Parent = Model359
Part365.CFrame = CFrame.new(2573.5918, 196.986145, 2513.15234, -0.373452783, -0.191969737, -0.907568812, -0.285738826, 0.954589128, -0.0843376741, 0.882545531, 0.227831528, -0.411347181)
Part365.Orientation = Vector3.new(4.840000152587891, -114.37999725341797, -16.65999984741211)
Part365.Position = Vector3.new(2573.591796875, 196.98614501953125, 2513.15234375)
Part365.Rotation = Vector3.new(168.41000366210938, -65.16999816894531, 152.8000030517578)
Part365.Transparency = 1
Part365.Size = Vector3.new(1.3500009775161743, 23.749998092651367, 1.5)
Part365.Anchored = true
Part365.Material = Enum.Material.Fabric
Part366.Name = "Tree_Collision"
Part366.Parent = Model359
Part366.CFrame = CFrame.new(2592.56909, 198.261963, 2496.51172, -0.353022188, -0.128067508, -0.926808774, 0.131346926, 0.973993838, -0.184617758, 0.92634964, -0.186907634, -0.327020228)
Part366.Orientation = Vector3.new(10.640000343322754, -109.44000244140625, 7.679999828338623)
Part366.Position = Vector3.new(2592.569091796875, 198.261962890625, 2496.51171875)
Part366.Rotation = Vector3.new(150.5500030517578, -67.94000244140625, 160.05999755859375)
Part366.Transparency = 1
Part366.Size = Vector3.new(1.3500009775161743, 26.749998092651367, 1.5)
Part366.Anchored = true
Part366.Material = Enum.Material.Fabric
Part367.Name = "Tree_Collision"
Part367.Parent = Model359
Part367.CFrame = CFrame.new(2585.32153, 197.643829, 2551.30737, -0.349860102, 0.230651349, -0.907963753, 0.00645571016, 0.969786644, 0.243868783, 0.936779916, 0.0794584006, -0.340778649)
Part367.Orientation = Vector3.new(-14.109999656677246, -110.56999969482422, 0.3799999952316284)
Part367.Position = Vector3.new(2585.321533203125, 197.64382934570312, 2551.307373046875)
Part367.Rotation = Vector3.new(-144.41000366210938, -65.2300033569336, -146.60000610351562)
Part367.Transparency = 1
Part367.Size = Vector3.new(1.3500009775161743, 23.749998092651367, 1.5)
Part367.Anchored = true
Part367.Material = Enum.Material.Fabric
Part368.Name = "Tree_Collision"
Part368.Parent = Model359
Part368.CFrame = CFrame.new(2602.4519, 198.077667, 2511.34326, -0.318264455, 0.263579309, -0.910622895, 0.231129065, 0.953158379, 0.195111111, 0.919395089, -0.148374498, -0.364277244)
Part368.Orientation = Vector3.new(-11.25, -111.80000305175781, 13.630000114440918)
Part368.Position = Vector3.new(2602.451904296875, 198.07766723632812, 2511.34326171875)
Part368.Rotation = Vector3.new(-151.8300018310547, -65.58999633789062, -140.3699951171875)
Part368.Transparency = 1
Part368.Size = Vector3.new(1.3500009775161743, 26.749998092651367, 1.5)
Part368.Anchored = true
Part368.Material = Enum.Material.Fabric
Part369.Name = "Tree_Collision"
Part369.Parent = Model359
Part369.CFrame = CFrame.new(2571.80835, 196.295929, 2499.3208, -0.446887076, -0.246237189, -0.860034585, 0.10402821, 0.940546215, -0.323343188, 0.888521492, -0.233965755, -0.394702315)
Part369.Orientation = Vector3.new(18.8700008392334, -114.6500015258789, 6.309999942779541)
Part369.Position = Vector3.new(2571.808349609375, 196.29592895507812, 2499.32080078125)
Part369.Rotation = Vector3.new(140.67999267578125, -59.31999969482422, 151.13999938964844)
Part369.Transparency = 1
Part369.Size = Vector3.new(1.3500009775161743, 22.749998092651367, 1.5)
Part369.Anchored = true
Part369.Material = Enum.Material.Fabric
Part370.Name = "Tree_Collision"
Part370.Parent = Model359
Part370.CFrame = CFrame.new(2572.94604, 197.9776, 2535.21558, -0.381635845, -0.0356164873, -0.923626542, -0.145331323, 0.989140391, 0.0219070334, 0.912816107, 0.142592371, -0.382667601)
Part370.Orientation = Vector3.new(-1.2599999904632568, -112.5, -8.359999656677246)
Part370.Position = Vector3.new(2572.946044921875, 197.97760009765625, 2535.215576171875)
Part370.Rotation = Vector3.new(-176.72000122070312, -67.45999908447266, 174.6699981689453)
Part370.Transparency = 1
Part370.Size = Vector3.new(1.3500009775161743, 23.749998092651367, 1.5)
Part370.Anchored = true
Part370.Material = Enum.Material.Fabric
Part371.Name = "Tree_Collision"
Part371.Parent = Model359
Part371.CFrame = CFrame.new(2562.22778, 196.09024, 2545.63965, -0.32326588, -0.21158725, -0.922350526, -0.148177892, 0.973977387, -0.171497047, 0.934635162, 0.081232816, -0.346206218)
Part371.Orientation = Vector3.new(9.869999885559082, -110.56999969482422, -8.649999618530273)
Part371.Position = Vector3.new(2562.227783203125, 196.09024047851562, 2545.6396484375)
Part371.Rotation = Vector3.new(153.64999389648438, -67.2699966430664, 146.7899932861328)
Part371.Transparency = 1
Part371.Size = Vector3.new(1.3500009775161743, 20.749998092651367, 1.5)
Part371.Anchored = true
Part371.Material = Enum.Material.Fabric
Part372.Name = "Tree_Collision"
Part372.Parent = Model359
Part372.CFrame = CFrame.new(2611.42407, 196.22226, 2489.68115, -0.343228579, 0.00779162347, -0.939219832, 0.284797728, 0.953751802, -0.0961643308, 0.89503336, -0.300493985, -0.3295739)
Part372.Orientation = Vector3.new(5.519999980926514, -109.33999633789062, 16.6299991607666)
Part372.Position = Vector3.new(2611.424072265625, 196.22225952148438, 2489.68115234375)
Part372.Rotation = Vector3.new(163.72999572753906, -69.91999816894531, -178.6999969482422)
Part372.Transparency = 1
Part372.Size = Vector3.new(1.3500009775161743, 22.749998092651367, 1.5)
Part372.Anchored = true
Part372.Material = Enum.Material.Fabric
Part373.Name = "Tree_Collision"
Part373.Parent = Model359
Part373.CFrame = CFrame.new(2605.88794, 197.791565, 2524.28271, -0.38264668, 0.233188212, -0.893982768, -0.110723756, 0.949075401, 0.294951141, 0.91723609, 0.211847246, -0.337341011)
Part373.Orientation = Vector3.new(-17.149999618530273, -110.66999816894531, -6.650000095367432)
Part373.Position = Vector3.new(2605.887939453125, 197.79156494140625, 2524.28271484375)
Part373.Rotation = Vector3.new(-138.83999633789062, -63.380001068115234, -148.63999938964844)
Part373.Transparency = 1
Part373.Size = Vector3.new(1.3500009775161743, 23.749998092651367, 1.5)
Part373.Anchored = true
Part373.Material = Enum.Material.Fabric
Part374.Name = "Tree_Collision"
Part374.Parent = Model359
Part374.CFrame = CFrame.new(2592.43726, 197.284668, 2527.33301, -0.38297841, -0.0155938044, -0.923625886, -0.093364425, 0.995390832, 0.0219078194, 0.91902709, 0.0946240425, -0.382669151)
Part374.Orientation = Vector3.new(-1.2599999904632568, -112.5, -5.360000133514404)
Part374.Position = Vector3.new(2592.437255859375, 197.28466796875, 2527.3330078125)
Part374.Rotation = Vector3.new(-176.72000122070312, -67.45999908447266, 177.6699981689453)
Part374.Transparency = 1
Part374.Size = Vector3.new(1.3500009775161743, 23.749998092651367, 1.5)
Part374.Anchored = true
Part374.Material = Enum.Material.Fabric
Part375.Name = "Tree_Collision"
Part375.Parent = Model359
Part375.CFrame = CFrame.new(2600.7854, 195.912628, 2477.68359, -0.349009812, 0.0533495173, -0.935599506, 0.183084011, 0.983020961, -0.012242876, 0.919060826, -0.175566196, -0.352851331)
Part375.Orientation = Vector3.new(0.699999988079071, -110.66000366210938, 10.550000190734863)
Part375.Position = Vector3.new(2600.785400390625, 195.91262817382812, 2477.68359375)
Part375.Rotation = Vector3.new(178.00999450683594, -69.33000183105469, -171.30999755859375)
Part375.Transparency = 1
Part375.Size = Vector3.new(1.3500009775161743, 22.749998092651367, 1.5)
Part375.Anchored = true
Part375.Material = Enum.Material.Fabric
Model376.Name = "??"
Model376.Parent = Folder0
Part377.Name = "TreeMesh Bottom"
Part377.Parent = Model376
Part377.CFrame = CFrame.new(2336.36206, 195.21077, 2771.73291, -0.980866253, 0.0222262386, 0.193410009, 0.0200370047, 0.999711215, -0.0132681839, -0.193649039, -0.00913895573, -0.981028378)
Part377.Orientation = Vector3.new(0.7599999904632568, 168.85000610351562, 1.149999976158142)
Part377.Position = Vector3.new(2336.362060546875, 195.2107696533203, 2771.73291015625)
Part377.Rotation = Vector3.new(179.22999572753906, 11.149999618530273, -178.6999969482422)
Part377.Size = Vector3.new(8.250000953674316, 0.2499980926513672, 7)
Part377.Anchored = true
Part377.CanCollide = false
Part377.Material = Enum.Material.Fabric
SpecialMesh378.Name = "BarkMesh"
SpecialMesh378.Parent = Part377
SpecialMesh378.MeshId = "rbxassetid://623621260"
SpecialMesh378.Offset = Vector3.new(0, 3.4100000858306885, 0)
SpecialMesh378.TextureId = "rbxassetid://623618671"
SpecialMesh378.MeshType = Enum.MeshType.FileMesh
Part379.Name = "TreeMeshTop"
Part379.Parent = Model376
Part379.CFrame = CFrame.new(2337.03223, 225.342163, 2771.45874, -0.980866253, 0.0222262386, 0.193410009, 0.0200370047, 0.999711215, -0.0132681839, -0.193649039, -0.00913895573, -0.981028378)
Part379.Orientation = Vector3.new(0.7599999904632568, 168.85000610351562, 1.149999976158142)
Part379.Position = Vector3.new(2337.0322265625, 225.3421630859375, 2771.458740234375)
Part379.Rotation = Vector3.new(179.22999572753906, 11.149999618530273, -178.6999969482422)
Part379.Transparency = 0.05000000074505806
Part379.Size = Vector3.new(8.250000953674316, 0.2499980926513672, 7)
Part379.Anchored = true
Part379.CanCollide = false
Part379.Material = Enum.Material.Fabric
SpecialMesh380.Name = "TopTreeMesh"
SpecialMesh380.Parent = Part379
SpecialMesh380.MeshId = "rbxassetid://623621456"
SpecialMesh380.Offset = Vector3.new(0, 3.4100000858306885, 0)
SpecialMesh380.Scale = Vector3.new(1.600000023841858, 1.600000023841858, 1.600000023841858)
SpecialMesh380.TextureId = "rbxassetid://745556120"
SpecialMesh380.MeshType = Enum.MeshType.FileMesh
Part381.Name = "Tree_Collision"
Part381.Parent = Model376
Part381.CFrame = CFrame.new(2339.0166, 208.243393, 2767.06177, -0.973171651, 0.136202917, 0.185433999, 0.116529956, 0.986715853, -0.113193408, -0.198387921, -0.0885480046, -0.976115584)
Part381.Orientation = Vector3.new(6.5, 169.24000549316406, 6.739999771118164)
Part381.Position = Vector3.new(2339.0166015625, 208.24339294433594, 2767.061767578125)
Part381.Rotation = Vector3.new(173.38999938964844, 10.6899995803833, -172.02999877929688)
Part381.Transparency = 1
Part381.Size = Vector3.new(1.3500009775161743, 26.749998092651367, 1.5)
Part381.Anchored = true
Part381.Material = Enum.Material.Fabric
Part382.Name = "Tree_Collision"
Part382.Parent = Model376
Part382.CFrame = CFrame.new(2335.38794, 207.229706, 2757.25342, -0.93140167, -0.253926665, 0.26079163, -0.283327907, 0.955554843, -0.0814872608, -0.228508919, -0.149786904, -0.961949944)
Part382.Orientation = Vector3.new(4.670000076293945, 164.8300018310547, -16.520000457763672)
Part382.Position = Vector3.new(2335.387939453125, 207.22970581054688, 2757.25341796875)
Part382.Rotation = Vector3.new(175.16000366210938, 15.119999885559082, 164.75)
Part382.Transparency = 1
Part382.Size = Vector3.new(1.3500009775161743, 23.749998092651367, 1.5)
Part382.Anchored = true
Part382.Material = Enum.Material.Fabric
Part383.Name = "Tree_Collision"
Part383.Parent = Model376
Part383.CFrame = CFrame.new(2354.85034, 208.416229, 2773.32983, -0.970646501, 0.165728047, 0.17429778, 0.133732066, 0.974237382, -0.181596771, -0.199903086, -0.152957067, -0.96780318)
Part383.Orientation = Vector3.new(10.460000038146973, 169.7899932861328, 7.820000171661377)
Part383.Position = Vector3.new(2354.850341796875, 208.41622924804688, 2773.329833984375)
Part383.Rotation = Vector3.new(169.3699951171875, 10.039999961853027, -170.30999755859375)
Part383.Transparency = 1
Part383.Size = Vector3.new(1.3500009775161743, 26.749998092651367, 1.5)
Part383.Anchored = true
Part383.Material = Enum.Material.Fabric
Part384.Name = "Tree_Collision"
Part384.Parent = Model376
Part384.CFrame = CFrame.new(2299.6001, 207.88916, 2774.93579, -0.980655253, -0.0398609154, 0.191641241, 0.00884200167, 0.96902591, 0.246800765, -0.195543051, 0.243720978, -0.949927866)
Part384.Orientation = Vector3.new(-14.289999961853027, 168.58999633789062, 0.5199999809265137)
Part384.Position = Vector3.new(2299.60009765625, 207.88916015625, 2774.935791015625)
Part384.Rotation = Vector3.new(-165.44000244140625, 11.050000190734863, 177.6699981689453)
Part384.Transparency = 1
Part384.Size = Vector3.new(1.3500009775161743, 23.749998092651367, 1.5)
Part384.Anchored = true
Part384.Material = Enum.Material.Fabric
Part385.Name = "Tree_Collision"
Part385.Parent = Model376
Part385.CFrame = CFrame.new(2341.78979, 208.213074, 2785.45679, -0.958049536, 0.190275997, 0.214327171, 0.23337689, 0.952009141, 0.198025271, -0.166361928, 0.239737034, -0.95647788)
Part385.Orientation = Vector3.new(-11.420000076293945, 167.3699951171875, 13.770000457763672)
Part385.Position = Vector3.new(2341.789794921875, 208.21307373046875, 2785.456787109375)
Part385.Rotation = Vector3.new(-168.3000030517578, 12.380000114440918, -168.77000427246094)
Part385.Transparency = 1
Part385.Size = Vector3.new(1.3500009775161743, 26.749998092651367, 1.5)
Part385.Anchored = true
Part385.Material = Enum.Material.Fabric
Part386.Name = "Tree_Collision"
Part386.Parent = Model376
Part386.CFrame = CFrame.new(2348.75464, 206.529785, 2753.27905, -0.948361456, 0.193226635, 0.251543462, 0.106713049, 0.941168845, -0.32064566, -0.298702151, -0.277245015, -0.913187981)
Part386.Orientation = Vector3.new(18.700000762939453, 164.60000610351562, 6.46999979019165)
Part386.Position = Vector3.new(2348.754638671875, 206.52978515625, 2753.279052734375)
Part386.Rotation = Vector3.new(160.64999389648438, 14.569999694824219, -168.47999572753906)
Part386.Transparency = 1
Part386.Size = Vector3.new(1.3500009775161743, 22.749998092651367, 1.5)
Part386.Anchored = true
Part386.Material = Enum.Material.Fabric
Part387.Name = "Tree_Collision"
Part387.Parent = Model376
Part387.CFrame = CFrame.new(2313.50684, 208.249451, 2760.14722, -0.96234566, -0.144724026, 0.230099484, -0.142855957, 0.98943162, 0.0248487554, -0.231263906, -0.00895799231, -0.972849786)
Part387.Orientation = Vector3.new(-1.4199999570846558, 166.69000244140625, -8.220000267028809)
Part387.Position = Vector3.new(2313.5068359375, 208.24945068359375, 2760.147216796875)
Part387.Rotation = Vector3.new(-178.5399932861328, 13.300000190734863, 171.4499969482422)
Part387.Transparency = 1
Part387.Size = Vector3.new(1.3500009775161743, 23.749998092651367, 1.5)
Part387.Anchored = true
Part387.Material = Enum.Material.Fabric
Part388.Name = "Tree_Collision"
Part388.Parent = Model376
Part388.CFrame = CFrame.new(2301.49927, 206.413712, 2751.22778, -0.974556029, -0.112317212, 0.193972915, -0.145890996, 0.974842846, -0.168514803, -0.170166001, -0.192526013, -0.966425061)
Part388.Orientation = Vector3.new(9.699999809265137, 168.64999389648438, -8.510000228881836)
Part388.Position = Vector3.new(2301.499267578125, 206.41371154785156, 2751.227783203125)
Part388.Rotation = Vector3.new(170.11000061035156, 11.180000305175781, 173.42999267578125)
Part388.Transparency = 1
Part388.Size = Vector3.new(1.3500009775161743, 20.749998092651367, 1.5)
Part388.Anchored = true
Part388.Material = Enum.Material.Fabric
Part389.Name = "Tree_Collision"
Part389.Parent = Model376
Part389.CFrame = CFrame.new(2364.60449, 206.299286, 2790.84326, -0.937899351, 0.299539715, 0.174988434, 0.287108094, 0.953363061, -0.0931013152, -0.194715068, -0.0370790586, -0.980158746)
Part389.Orientation = Vector3.new(5.340000152587891, 169.8800048828125, 16.760000228881836)
Part389.Position = Vector3.new(2364.6044921875, 206.29928588867188, 2790.84326171875)
Part389.Rotation = Vector3.new(174.57000732421875, 10.079999923706055, -162.2899932861328)
Part389.Transparency = 1
Part389.Size = Vector3.new(1.3500009775161743, 22.749998092651367, 1.5)
Part389.Anchored = true
Part389.Material = Enum.Material.Fabric
Part390.Name = "Tree_Collision"
Part390.Parent = Model376
Part390.CFrame = CFrame.new(2329.56567, 207.929581, 2790.91626, -0.966810107, -0.170176819, 0.19057329, -0.108239017, 0.948460996, 0.297835618, -0.231436029, 0.267323017, -0.935401499)
Part390.Orientation = Vector3.new(-17.329999923706055, 168.47999572753906, -6.510000228881836)
Part390.Position = Vector3.new(2329.565673828125, 207.92958068847656, 2790.916259765625)
Part390.Rotation = Vector3.new(-162.33999633789062, 10.989999771118164, 170.02000427246094)
Part390.Transparency = 1
Part390.Size = Vector3.new(1.3500009775161743, 23.749998092651367, 1.5)
Part390.Anchored = true
Part390.Material = Enum.Material.Fabric
Part391.Name = "Tree_Collision"
Part391.Parent = Model376
Part391.CFrame = CFrame.new(2324.40332, 207.475677, 2778.12476, -0.968600869, -0.0941603556, 0.230100587, -0.0908769891, 0.995552063, 0.0248500369, -0.23141697, 0.00315891881, -0.972849607)
Part391.Orientation = Vector3.new(-1.4199999570846558, 166.69000244140625, -5.21999979019165)
Part391.Position = Vector3.new(2324.4033203125, 207.47567749023438, 2778.124755859375)
Part391.Rotation = Vector3.new(-178.5399932861328, 13.300000190734863, 174.4499969482422)
Part391.Transparency = 1
Part391.Size = Vector3.new(1.3500009775161743, 23.749998092651367, 1.5)
Part391.Anchored = true
Part391.Material = Enum.Material.Fabric
Part392.Name = "Tree_Collision"
Part392.Parent = Model376
Part392.CFrame = CFrame.new(2374.74609, 206.014603, 2778.42188, -0.9627195, 0.183555573, 0.198692441, 0.185445085, 0.982611358, -0.00922140386, -0.196930096, 0.0279689096, -0.980018556)
Part392.Orientation = Vector3.new(0.5299999713897705, 168.5399932861328, 10.6899995803833)
Part392.Position = Vector3.new(2374.74609375, 206.0146026611328, 2778.421875)
Part392.Rotation = Vector3.new(179.4600067138672, 11.460000038146973, -169.2100067138672)
Part392.Transparency = 1
Part392.Size = Vector3.new(1.3500009775161743, 22.749998092651367, 1.5)
Part392.Anchored = true
Part392.Material = Enum.Material.Fabric
Model393.Name = "??"
Model393.Parent = Folder0
Part394.Name = "TreeMesh Bottom"
Part394.Parent = Model393
Part394.CFrame = CFrame.new(2142.81689, 205.908569, 2711.01196, -0.671055079, 0.0222263075, -0.74107635, 0.0216938891, 0.999712348, 0.0103392275, 0.741092145, -0.00913860835, -0.671342671)
Part394.Orientation = Vector3.new(-0.5899999737739563, -132.1699981689453, 1.2400000095367432)
Part394.Position = Vector3.new(2142.81689453125, 205.9085693359375, 2711.011962890625)
Part394.Rotation = Vector3.new(-179.1199951171875, -47.81999969482422, -178.10000610351562)
Part394.Size = Vector3.new(8.250000953674316, 0.2499980926513672, 7)
Part394.Anchored = true
Part394.CanCollide = false
Part394.Material = Enum.Material.Fabric
SpecialMesh395.Name = "BarkMesh"
SpecialMesh395.Parent = Part394
SpecialMesh395.MeshId = "rbxassetid://623621260"
SpecialMesh395.Offset = Vector3.new(0, 3.4100000858306885, 0)
SpecialMesh395.TextureId = "rbxassetid://623618671"
SpecialMesh395.MeshType = Enum.MeshType.FileMesh
Part396.Name = "TreeMeshTop"
Part396.Parent = Model393
Part396.CFrame = CFrame.new(2143.48804, 236.039795, 2710.73657, -0.671055079, 0.0222263075, -0.74107635, 0.0216938891, 0.999712348, 0.0103392275, 0.741092145, -0.00913860835, -0.671342671)
Part396.Orientation = Vector3.new(-0.5899999737739563, -132.1699981689453, 1.2400000095367432)
Part396.Position = Vector3.new(2143.488037109375, 236.039794921875, 2710.736572265625)
Part396.Rotation = Vector3.new(-179.1199951171875, -47.81999969482422, -178.10000610351562)
Part396.Transparency = 0.05000000074505806
Part396.Size = Vector3.new(8.250000953674316, 0.2499980926513672, 7)
Part396.Anchored = true
Part396.CanCollide = false
Part396.Material = Enum.Material.Fabric
SpecialMesh397.Name = "TopTreeMesh"
SpecialMesh397.Parent = Part396
SpecialMesh397.MeshId = "rbxassetid://623621456"
SpecialMesh397.Offset = Vector3.new(0, 3.4100000858306885, 0)
SpecialMesh397.Scale = Vector3.new(1.600000023841858, 1.600000023841858, 1.600000023841858)
SpecialMesh397.TextureId = "rbxassetid://745556120"
SpecialMesh397.MeshType = Enum.MeshType.FileMesh
Part398.Name = "Tree_Collision"
Part398.Parent = Model393
Part398.CFrame = CFrame.new(2140.42554, 219.054993, 2706.52051, -0.669355094, 0.0126903243, -0.742836177, 0.11829289, 0.98892051, -0.0896970257, 0.733466744, -0.147911161, -0.663438499)
Part398.Orientation = Vector3.new(5.150000095367432, -131.77000427246094, 6.820000171661377)
Part398.Position = Vector3.new(2140.425537109375, 219.05499267578125, 2706.5205078125)
Part398.Rotation = Vector3.new(172.3000030517578, -47.970001220703125, -178.91000366210938)
Part398.Transparency = 1
Part398.Size = Vector3.new(1.3500009775161743, 26.749998092651367, 1.5)
Part398.Anchored = true
Part398.Material = Enum.Material.Fabric
Part399.Name = "Tree_Collision"
Part399.Parent = Model393
Part399.CFrame = CFrame.new(2130.13281, 218.2612, 2704.56274, -0.681073666, -0.241420686, -0.691272616, -0.280623555, 0.958058357, -0.0581098236, 0.676307797, 0.154410288, -0.720255017)
Part399.Orientation = Vector3.new(3.3299999237060547, -136.17999267578125, -16.329999923706055)
Part399.Position = Vector3.new(2130.1328125, 218.26119995117188, 2704.562744140625)
Part399.Rotation = Vector3.new(175.38999938964844, -43.72999954223633, 160.47999572753906)
Part399.Transparency = 1
Part399.Size = Vector3.new(1.3500009775161743, 23.749998092651367, 1.5)
Part399.Anchored = true
Part399.Material = Enum.Material.Fabric
Part400.Name = "Tree_Collision"
Part400.Parent = Model393
Part400.CFrame = CFrame.new(2153.95898, 219.127167, 2696.18384, -0.669031203, -0.0275086984, -0.742727101, 0.135533661, 0.97804445, -0.158309743, 0.730774224, -0.206578314, -0.650612295)
Part400.Orientation = Vector3.new(9.109999656677246, -131.22000122070312, 7.889999866485596)
Part400.Position = Vector3.new(2153.958984375, 219.12716674804688, 2696.183837890625)
Part400.Rotation = Vector3.new(166.32000732421875, -47.959999084472656, 177.64999389648438)
Part400.Transparency = 1
Part400.Size = Vector3.new(1.3500009775161743, 26.749998092651367, 1.5)
Part400.Anchored = true
Part400.Material = Enum.Material.Fabric
Part401.Name = "Tree_Collision"
Part401.Parent = Model393
Part401.CFrame = CFrame.new(2126.85059, 218.400024, 2744.35034, -0.672777653, 0.206297785, -0.710503042, 0.0105465697, 0.962915659, 0.269600481, 0.739771724, 0.173887342, -0.650002241)
Part401.Orientation = Vector3.new(-15.640000343322754, -132.4499969482422, 0.6299999952316284)
Part401.Position = Vector3.new(2126.8505859375, 218.4000244140625, 2744.350341796875)
Part401.Rotation = Vector3.new(-157.47000122070312, -45.279998779296875, -162.9499969482422)
Part401.Transparency = 1
Part401.Size = Vector3.new(1.3500009775161743, 23.749998092651367, 1.5)
Part401.Anchored = true
Part401.Material = Enum.Material.Fabric
Part402.Name = "Tree_Collision"
Part402.Parent = Model393
Part402.CFrame = CFrame.new(2157.61426, 218.600891, 2713.62061, -0.631947637, 0.321175337, -0.705330968, 0.234400153, 0.946674109, 0.22105895, 0.738716364, -0.0256321728, -0.673530281)
Part402.Orientation = Vector3.new(-12.770000457763672, -133.67999267578125, 13.90999984741211)
Part402.Position = Vector3.new(2157.6142578125, 218.60089111328125, 2713.62060546875)
Part402.Rotation = Vector3.new(-161.8300018310547, -44.86000061035156, -153.05999755859375)
Part402.Transparency = 1
Part402.Size = Vector3.new(1.3500009775161743, 26.749998092651367, 1.5)
Part402.Anchored = true
Part402.Material = Enum.Material.Fabric
Part403.Name = "Tree_Collision"
Part403.Parent = Model393
Part403.CFrame = CFrame.new(2133.60352, 217.694122, 2691.05005, -0.74269557, -0.12043567, -0.658712029, 0.110908218, 0.947984517, -0.298373401, 0.660383224, -0.294656605, -0.690705061)
Part403.Orientation = Vector3.new(17.360000610351562, -136.36000061035156, 6.670000076293945)
Part403.Position = Vector3.new(2133.603515625, 217.69412231445312, 2691.050048828125)
Part403.Rotation = Vector3.new(156.63999938964844, -41.20000076293945, 170.7899932861328)
Part403.Transparency = 1
Part403.Size = Vector3.new(1.3500009775161743, 22.749998092651367, 1.5)
Part403.Anchored = true
Part403.Material = Enum.Material.Fabric
Part404.Name = "Tree_Collision"
Part404.Parent = Model393
Part404.CFrame = CFrame.new(2121.354, 219.148346, 2724.81934, -0.696768224, -0.0638523996, -0.714450836, -0.140216336, 0.988940179, 0.0483618006, 0.703460455, 0.133874506, -0.698013604)
Part404.Orientation = Vector3.new(-2.7699999809265137, -134.3300018310547, -8.069999694824219)
Part404.Position = Vector3.new(2121.35400390625, 219.14834594726562, 2724.8193359375)
Part404.Rotation = Vector3.new(-176.0399932861328, -45.599998474121094, 174.75999450683594)
Part404.Transparency = 1
Part404.Size = Vector3.new(1.3500009775161743, 23.749998092651367, 1.5)
Part404.Anchored = true
Part404.Material = Enum.Material.Fabric
Part405.Name = "Tree_Collision"
Part405.Parent = Model393
Part405.CFrame = CFrame.new(2107.48975, 217.487244, 2730.48755, -0.650771081, -0.204696134, -0.731163204, -0.14472051, 0.978761315, -0.1452052, 0.745356441, 0.011319153, -0.666571617)
Part405.Orientation = Vector3.new(8.350000381469727, -132.35000610351562, -8.40999984741211)
Part405.Position = Vector3.new(2107.48974609375, 217.48724365234375, 2730.487548828125)
Part405.Rotation = Vector3.new(167.7100067138672, -46.97999954223633, 162.5399932861328)
Part405.Transparency = 1
Part405.Size = Vector3.new(1.3500009775161743, 20.749998092651367, 1.5)
Part405.Anchored = true
Part405.Material = Enum.Material.Fabric
Part406.Name = "Tree_Collision"
Part406.Parent = Model393
Part406.CFrame = CFrame.new(2173.95166, 216.628296, 2696.81616, -0.644854784, 0.140345588, -0.751311243, 0.288841188, 0.954848826, -0.0695474297, 0.707627177, -0.261857271, -0.656274736)
Part406.Orientation = Vector3.new(3.990000009536743, -131.13999938964844, 16.829999923706055)
Part406.Position = Vector3.new(2173.95166015625, 216.6282958984375, 2696.816162109375)
Part406.Rotation = Vector3.new(173.9499969482422, -48.70000076293945, -167.72000122070312)
Part406.Transparency = 1
Part406.Size = Vector3.new(1.3500009775161743, 22.749998092651367, 1.5)
Part406.Anchored = true
Part406.Material = Enum.Material.Fabric
Part407.Name = "Tree_Collision"
Part407.Parent = Model393
Part407.CFrame = CFrame.new(2155.98633, 218.153351, 2726.9043, -0.69857204, 0.158974856, -0.697658241, -0.105618089, 0.941419005, 0.320276916, 0.707704067, 0.297421277, -0.640856862)
Part407.Orientation = Vector3.new(-18.68000030517578, -132.57000732421875, -6.400000095367432)
Part407.Position = Vector3.new(2155.986328125, 218.15335083007812, 2726.904296875)
Part407.Rotation = Vector3.new(-153.4499969482422, -44.2400016784668, -167.17999267578125)
Part407.Transparency = 1
Part407.Size = Vector3.new(1.3500009775161743, 23.749998092651367, 1.5)
Part407.Anchored = true
Part407.Material = Enum.Material.Fabric
Part408.Name = "Tree_Collision"
Part408.Parent = Model393
Part408.CFrame = CFrame.new(2142.35791, 217.984741, 2724.73169, -0.699156284, -0.0272980109, -0.714449644, -0.0882668942, 0.994923174, 0.048363056, 0.709501743, 0.0968754888, -0.698014617)
Part408.Orientation = Vector3.new(-2.7699999809265137, -134.3300018310547, -5.070000171661377)
Part408.Position = Vector3.new(2142.35791015625, 217.9847412109375, 2724.731689453125)
Part408.Rotation = Vector3.new(-176.0399932861328, -45.599998474121094, 177.75999450683594)
Part408.Transparency = 1
Part408.Size = Vector3.new(1.3500009775161743, 23.749998092651367, 1.5)
Part408.Anchored = true
Part408.Material = Enum.Material.Fabric
Part409.Name = "Tree_Collision"
Part409.Parent = Model393
Part409.CFrame = CFrame.new(2168.53076, 216.665192, 2681.72217, -0.661435544, 0.136845887, -0.737413824, 0.187185913, 0.982220531, 0.0143764447, 0.726269484, -0.128524274, -0.675289571)
Part409.Orientation = Vector3.new(-0.8199999928474426, -132.47999572753906, 10.789999961853027)
Part409.Position = Vector3.new(2168.53076171875, 216.66519165039062, 2681.72216796875)
Part409.Rotation = Vector3.new(-178.77999877929688, -47.5099983215332, -168.30999755859375)
Part409.Transparency = 1
Part409.Size = Vector3.new(1.3500009775161743, 22.749998092651367, 1.5)
Part409.Anchored = true
Part409.Material = Enum.Material.Fabric
Model410.Name = "??"
Model410.Parent = Folder0
Part411.Name = "TreeMesh Bottom"
Part411.Parent = Model410
Part411.CFrame = CFrame.new(2445.59497, 138.858459, 2672.3645, -0.995555878, 0.0222261492, -0.0915143341, 0.0229686592, 0.999711156, -0.00706821401, 0.0913308114, -0.00913875736, -0.995778859)
Part411.Orientation = Vector3.new(0.4000000059604645, -174.75, 1.3200000524520874)
Part411.Position = Vector3.new(2445.594970703125, 138.85845947265625, 2672.364501953125)
Part411.Rotation = Vector3.new(179.58999633789062, -5.25, -178.72000122070312)
Part411.Size = Vector3.new(8.250000953674316, 0.2499980926513672, 7)
Part411.Anchored = true
Part411.CanCollide = false
Part411.Material = Enum.Material.Fabric
SpecialMesh412.Name = "BarkMesh"
SpecialMesh412.Parent = Part411
SpecialMesh412.MeshId = "rbxassetid://623621260"
SpecialMesh412.Offset = Vector3.new(0, 3.4100000858306885, 0)
SpecialMesh412.TextureId = "rbxassetid://623618671"
SpecialMesh412.MeshType = Enum.MeshType.FileMesh
Part413.Name = "TreeMeshTop"
Part413.Parent = Model410
Part413.CFrame = CFrame.new(2446.26538, 168.989853, 2672.09033, -0.995555878, 0.0222261492, -0.0915143341, 0.0229686592, 0.999711156, -0.00706821401, 0.0913308114, -0.00913875736, -0.995778859)
Part413.Orientation = Vector3.new(0.4000000059604645, -174.75, 1.3200000524520874)
Part413.Position = Vector3.new(2446.265380859375, 168.98985290527344, 2672.09033203125)
Part413.Rotation = Vector3.new(179.58999633789062, -5.25, -178.72000122070312)
Part413.Transparency = 0.05000000074505806
Part413.Size = Vector3.new(8.250000953674316, 0.2499980926513672, 7)
Part413.Anchored = true
Part413.CanCollide = false
Part413.Material = Enum.Material.Fabric
SpecialMesh414.Name = "TopTreeMesh"
SpecialMesh414.Parent = Part413
SpecialMesh414.MeshId = "rbxassetid://623621456"
SpecialMesh414.Offset = Vector3.new(0, 3.4100000858306885, 0)
SpecialMesh414.Scale = Vector3.new(1.600000023841858, 1.600000023841858, 1.600000023841858)
SpecialMesh414.TextureId = "rbxassetid://745556120"
SpecialMesh414.MeshType = Enum.MeshType.FileMesh
Part415.Name = "Tree_Collision"
Part415.Parent = Model410
Part415.CFrame = CFrame.new(2446.86768, 151.917404, 2667.21118, -0.989176214, 0.109096617, -0.0981269032, 0.11947795, 0.987053037, -0.107010379, 0.0851819515, -0.117576122, -0.989404023)
Part415.Orientation = Vector3.new(6.139999866485596, -174.33999633789062, 6.900000095367432)
Part415.Position = Vector3.new(2446.86767578125, 151.9174041748047, 2667.211181640625)
Part415.Rotation = Vector3.new(173.8300018310547, -5.630000114440918, -173.7100067138672)
Part415.Transparency = 1
Part415.Size = Vector3.new(1.3500009775161743, 26.749998092651367, 1.5)
Part415.Anchored = true
Part415.Material = Enum.Material.Fabric
Part416.Name = "Tree_Collision"
Part416.Parent = Model410
Part416.CFrame = CFrame.new(2440.61377, 150.975021, 2658.8208, -0.959005177, -0.282555461, -0.0217258185, -0.280240208, 0.956954122, -0.0755255148, 0.0421307683, -0.0663409159, -0.996907413)
Part416.Orientation = Vector3.new(4.329999923706055, -178.75, -16.31999969482422)
Part416.Position = Vector3.new(2440.61376953125, 150.9750213623047, 2658.82080078125)
Part416.Rotation = Vector3.new(175.6699981689453, -1.2400000095367432, 163.5800018310547)
Part416.Transparency = 1
Part416.Size = Vector3.new(1.3500009775161743, 23.749998092651367, 1.5)
Part416.Anchored = true
Part416.Material = Enum.Material.Fabric
Part417.Name = "Tree_Collision"
Part417.Parent = Model410
Part417.CFrame = CFrame.new(2463.82788, 152.022003, 2668.75391, -0.987121701, 0.119189851, -0.106701225, 0.136685491, 0.974953711, -0.175448731, 0.0831170231, -0.187773749, -0.978689373)
Part417.Orientation = Vector3.new(10.100000381469727, -173.77999877929688, 7.980000019073486)
Part417.Position = Vector3.new(2463.827880859375, 152.02200317382812, 2668.75390625)
Part417.Rotation = Vector3.new(169.83999633789062, -6.130000114440918, -173.1199951171875)
Part417.Transparency = 1
Part417.Size = Vector3.new(1.3500009775161743, 26.749998092651367, 1.5)
Part417.Anchored = true
Part417.Material = Enum.Material.Fabric
Part418.Name = "Tree_Collision"
Part418.Parent = Model410
Part418.CFrame = CFrame.new(2411.27759, 151.576874, 2685.89258, -0.995927334, 0.0339572951, -0.0835228711, 0.0117861629, 0.967449069, 0.252790749, 0.0893882066, 0.250776827, -0.963909209)
Part418.Orientation = Vector3.new(-14.640000343322754, -175.0500030517578, 0.699999988079071)
Part418.Position = Vector3.new(2411.277587890625, 151.57687377929688, 2685.892578125)
Part418.Rotation = Vector3.new(-165.3000030517578, -4.789999961853027, -178.0500030517578)
Part418.Transparency = 1
Part418.Size = Vector3.new(1.3500009775161743, 23.749998092651367, 1.5)
Part418.Anchored = true
Part418.Material = Enum.Material.Fabric
Part419.Name = "Tree_Collision"
Part419.Parent = Model410
Part419.CFrame = CFrame.new(2454.72217, 151.760101, 2684.07373, -0.9652192, 0.253543735, -0.0637797713, 0.236083806, 0.950073421, 0.204021931, 0.112323895, 0.181868523, -0.97688669)
Part419.Orientation = Vector3.new(-11.770000457763672, -176.25999450683594, 13.949999809265137)
Part419.Position = Vector3.new(2454.72216796875, 151.76010131835938, 2684.07373046875)
Part419.Rotation = Vector3.new(-168.1999969482422, -3.6600000858306885, -165.27999877929688)
Part419.Transparency = 1
Part419.Size = Vector3.new(1.3500009775161743, 26.749998092651367, 1.5)
Part419.Anchored = true
Part419.Material = Enum.Material.Fabric
Part420.Name = "Tree_Collision"
Part420.Parent = Model410
Part420.CFrame = CFrame.new(2452.31201, 150.27916, 2651.22949, -0.993735015, 0.110359631, -0.0176627338, 0.110286772, 0.942666352, -0.314987034, -0.0181117952, -0.314961612, -0.948931813)
Part420.Orientation = Vector3.new(18.360000610351562, -178.92999267578125, 6.670000076293945)
Part420.Position = Vector3.new(2452.31201171875, 150.27915954589844, 2651.2294921875)
Part420.Rotation = Vector3.new(161.63999938964844, -1.0099999904632568, -173.66000366210938)
Part420.Transparency = 1
Part420.Size = Vector3.new(1.3500009775161743, 22.749998092651367, 1.5)
