MeshPart534.Parent = Model531
MeshPart534.CFrame = CFrame.new(1924.57629, 153.092926, 1996.51404, -0.236055925, 0.134348854, 0.962407529, 0.0041321218, 0.990526319, -0.137260675, -0.971730769, -0.0284244195, -0.234374881)
MeshPart534.Orientation = Vector3.new(7.889999866485596, 103.69000244140625, 0.23999999463558197)
MeshPart534.Position = Vector3.new(1924.5762939453125, 153.09292602539062, 1996.5140380859375)
MeshPart534.Rotation = Vector3.new(149.63999938964844, 74.23999786376953, -150.35000610351562)
MeshPart534.Size = Vector3.new(36.445125579833984, 87.25019836425781, 48.101768493652344)
MeshPart534.Anchored = true
MeshPart534.CanCollide = false
MeshPart534.Material = Enum.Material.Fabric
MeshPart534.TextureID = "rbxassetid://1668393064"
Model535.Name = "Mesh_AlpTrees4"
Model535.Parent = Folder0
Part536.Name = "Mesh"
Part536.Parent = Model535
Part536.CFrame = CFrame.new(1997.25195, 153.763, 2108.14819, 0.758783937, 0.134399384, 0.637332261, -0.121236466, 0.99052757, -0.0645407587, -0.639964044, -0.0282953084, 0.767887175)
Part536.Orientation = Vector3.new(3.700000047683716, 39.689998626708984, -6.980000019073486)
Part536.Position = Vector3.new(1997.251953125, 153.76300048828125, 2108.148193359375)
Part536.Rotation = Vector3.new(4.800000190734863, 39.59000015258789, -10.039999961853027)
Part536.Color = Color3.new(0.972549, 0.972549, 0.972549)
Part536.Transparency = 0.20000000298023224
Part536.Size = Vector3.new(0.3411868214607239, 0.3411868214607239, 0.3411868214607239)
Part536.Anchored = true
Part536.BottomSurface = Enum.SurfaceType.Smooth
Part536.BrickColor = BrickColor.new("Institutional white")
Part536.CanCollide = false
Part536.Material = Enum.Material.Fabric
Part536.TopSurface = Enum.SurfaceType.Smooth
Part536.brickColor = BrickColor.new("Institutional white")
SpecialMesh537.Parent = Part536
SpecialMesh537.MeshId = "rbxassetid://1668447688"
SpecialMesh537.Scale = Vector3.new(0.9595881104469299, 0.9595881700515747, 0.9595881700515747)
SpecialMesh537.TextureId = "rbxassetid://2686753922"
SpecialMesh537.MeshType = Enum.MeshType.FileMesh
MeshPart538.Parent = Model535
MeshPart538.CFrame = CFrame.new(1999.56702, 146.188843, 2106.62988, 0.758783937, 0.134399384, 0.637332261, -0.121236466, 0.99052757, -0.0645407587, -0.639964044, -0.0282953084, 0.767887175)
MeshPart538.Orientation = Vector3.new(3.700000047683716, 39.689998626708984, -6.980000019073486)
MeshPart538.Position = Vector3.new(1999.5670166015625, 146.1888427734375, 2106.6298828125)
MeshPart538.Rotation = Vector3.new(4.800000190734863, 39.59000015258789, -10.039999961853027)
MeshPart538.Size = Vector3.new(36.445125579833984, 87.25019836425781, 48.101768493652344)
MeshPart538.Anchored = true
MeshPart538.CanCollide = false
MeshPart538.Material = Enum.Material.Fabric
MeshPart538.TextureID = "rbxassetid://1668393064"
Model539.Name = "Mesh_AlpTrees4"
Model539.Parent = Folder0
Part540.Name = "Mesh"
Part540.Parent = Model539
Part540.CFrame = CFrame.new(2427.64038, 154.297424, 2186.50439, 0.0200638026, 0.0603281483, 0.997977138, 0.0142205805, 0.99805969, -0.060619045, -0.999697685, 0.0154080605, 0.0191669017)
Part540.Orientation = Vector3.new(3.4800000190734863, 88.9000015258789, 0.8199999928474426)
Part540.Position = Vector3.new(2427.640380859375, 154.29742431640625, 2186.50439453125)
Part540.Rotation = Vector3.new(72.44999694824219, 86.36000061035156, -71.5999984741211)
Part540.Color = Color3.new(0.972549, 0.972549, 0.972549)
Part540.Transparency = 0.20000000298023224
Part540.Size = Vector3.new(0.3411868214607239, 0.3411868214607239, 0.3411868214607239)
Part540.Anchored = true
Part540.BottomSurface = Enum.SurfaceType.Smooth
Part540.BrickColor = BrickColor.new("Institutional white")
Part540.CanCollide = false
Part540.Material = Enum.Material.Fabric
Part540.TopSurface = Enum.SurfaceType.Smooth
Part540.brickColor = BrickColor.new("Institutional white")
SpecialMesh541.Parent = Part540
SpecialMesh541.MeshId = "rbxassetid://1668447688"
SpecialMesh541.Scale = Vector3.new(0.9595881104469299, 0.9595881700515747, 0.9595881700515747)
SpecialMesh541.TextureId = "rbxassetid://2686753922"
SpecialMesh541.MeshType = Enum.MeshType.FileMesh
MeshPart542.Parent = Model539
MeshPart542.CFrame = CFrame.new(2428.0791, 147.166565, 2182.76367, 0.0200638026, 0.0603281483, 0.997977138, 0.0142205805, 0.99805969, -0.060619045, -0.999697685, 0.0154080605, 0.0191669017)
MeshPart542.Orientation = Vector3.new(3.4800000190734863, 88.9000015258789, 0.8199999928474426)
MeshPart542.Position = Vector3.new(2428.0791015625, 147.16656494140625, 2182.763671875)
MeshPart542.Rotation = Vector3.new(72.44999694824219, 86.36000061035156, -71.5999984741211)
MeshPart542.Size = Vector3.new(36.445125579833984, 87.25019836425781, 48.101768493652344)
MeshPart542.Anchored = true
MeshPart542.CanCollide = false
MeshPart542.Material = Enum.Material.Fabric
MeshPart542.TextureID = "rbxassetid://1668393064"
Model543.Name = "Mesh_AlpTrees4"
Model543.Parent = Folder0
Part544.Name = "Mesh"
Part544.Parent = Model543
Part544.CFrame = CFrame.new(2713.02466, 156.680328, 2124.11157, -0.918486476, 0.0603153296, -0.390826017, 0.0498718284, 0.998076618, 0.0368264131, 0.39229545, 0.0143333524, -0.919727683)
Part544.Orientation = Vector3.new(-2.109999895095825, -156.97999572753906, 2.859999895095825)
Part544.Position = Vector3.new(2713.024658203125, 156.68032836914062, 2124.111572265625)
Part544.Rotation = Vector3.new(-177.7100067138672, -23.010000228881836, -176.24000549316406)
Part544.Color = Color3.new(0.972549, 0.972549, 0.972549)
Part544.Transparency = 0.20000000298023224
Part544.Size = Vector3.new(0.3411868214607239, 0.3411868214607239, 0.3411868214607239)
Part544.Anchored = true
Part544.BottomSurface = Enum.SurfaceType.Smooth
Part544.BrickColor = BrickColor.new("Institutional white")
Part544.CanCollide = false
Part544.Material = Enum.Material.Fabric
Part544.TopSurface = Enum.SurfaceType.Smooth
Part544.brickColor = BrickColor.new("Institutional white")
SpecialMesh545.Parent = Part544
SpecialMesh545.MeshId = "rbxassetid://1668447688"
SpecialMesh545.Scale = Vector3.new(0.9595881104469299, 0.9595881700515747, 0.9595881700515747)
SpecialMesh545.TextureId = "rbxassetid://2686753922"
SpecialMesh545.MeshType = Enum.MeshType.FileMesh
MeshPart546.Parent = Model543
MeshPart546.CFrame = CFrame.new(2708.93262, 149.757202, 2124.7041, -0.918486476, 0.0603153296, -0.390826017, 0.0498718284, 0.998076618, 0.0368264131, 0.39229545, 0.0143333524, -0.919727683)
MeshPart546.Orientation = Vector3.new(-2.109999895095825, -156.97999572753906, 2.859999895095825)
MeshPart546.Position = Vector3.new(2708.9326171875, 149.7572021484375, 2124.7041015625)
MeshPart546.Rotation = Vector3.new(-177.7100067138672, -23.010000228881836, -176.24000549316406)
MeshPart546.Size = Vector3.new(36.445125579833984, 87.25019836425781, 48.101768493652344)
MeshPart546.Anchored = true
MeshPart546.CanCollide = false
MeshPart546.Material = Enum.Material.Fabric
MeshPart546.TextureID = "rbxassetid://1668393064"
Model547.Name = "Mesh_AlpTrees4"
Model547.Parent = Folder0
Part548.Name = "Mesh"
Part548.Parent = Model547
Part548.CFrame = CFrame.new(2055.04761, 149.074921, 2151.01196, 0.447916061, 0.134301513, 0.883936107, -0.0860514119, 0.990544081, -0.106894217, -0.889927387, -0.0281842239, 0.455236316)
Part548.Orientation = Vector3.new(6.139999866485596, 62.75, -4.960000038146973)
Part548.Position = Vector3.new(2055.047607421875, 149.07492065429688, 2151.011962890625)
Part548.Rotation = Vector3.new(13.210000038146973, 62.119998931884766, -16.690000534057617)
Part548.Color = Color3.new(0.972549, 0.972549, 0.972549)
Part548.Transparency = 0.20000000298023224
Part548.Size = Vector3.new(0.3411868214607239, 0.3411868214607239, 0.3411868214607239)
Part548.Anchored = true
Part548.BottomSurface = Enum.SurfaceType.Smooth
Part548.BrickColor = BrickColor.new("Institutional white")
Part548.CanCollide = false
Part548.Material = Enum.Material.Fabric
Part548.TopSurface = Enum.SurfaceType.Smooth
Part548.brickColor = BrickColor.new("Institutional white")
SpecialMesh549.Parent = Part548
SpecialMesh549.MeshId = "rbxassetid://1668447688"
SpecialMesh549.Scale = Vector3.new(0.9595881104469299, 0.9595881700515747, 0.9595881700515747)
SpecialMesh549.TextureId = "rbxassetid://2686753922"
SpecialMesh549.MeshType = Enum.MeshType.FileMesh
MeshPart550.Parent = Model547
MeshPart550.CFrame = CFrame.new(2056.42578, 141.594894, 2148.33374, 0.447916061, 0.134301513, 0.883936107, -0.0860514119, 0.990544081, -0.106894217, -0.889927387, -0.0281842239, 0.455236316)
MeshPart550.Orientation = Vector3.new(6.139999866485596, 62.75, -4.960000038146973)
MeshPart550.Position = Vector3.new(2056.42578125, 141.5948944091797, 2148.333740234375)
MeshPart550.Rotation = Vector3.new(13.210000038146973, 62.119998931884766, -16.690000534057617)
MeshPart550.Size = Vector3.new(36.445125579833984, 87.25019836425781, 48.101768493652344)
MeshPart550.Anchored = true
MeshPart550.CanCollide = false
MeshPart550.Material = Enum.Material.Fabric
MeshPart550.TextureID = "rbxassetid://1668393064"
Model551.Name = "Mesh_AlpTrees4"
Model551.Parent = Folder0
Part552.Name = "Mesh"
Part552.Parent = Model551
Part552.CFrame = CFrame.new(2662.46289, 155.297424, 2191.98901, 0.000861048698, 0.0606129318, 0.998161137, 0.0142205805, 0.99805969, -0.060619045, -0.999898612, 0.014246624, -2.65240669e-06)
Part552.Orientation = Vector3.new(3.4800000190734863, 90, 0.8199999928474426)
Part552.Position = Vector3.new(2662.462890625, 155.29742431640625, 2191.989013671875)
Part552.Rotation = Vector3.new(90, 86.5199966430664, -89.19000244140625)
Part552.Color = Color3.new(0.972549, 0.972549, 0.972549)
Part552.Transparency = 0.20000000298023224
Part552.Size = Vector3.new(0.3411868214607239, 0.3411868214607239, 0.3411868214607239)
Part552.Anchored = true
Part552.BottomSurface = Enum.SurfaceType.Smooth
Part552.BrickColor = BrickColor.new("Institutional white")
Part552.CanCollide = false
Part552.Material = Enum.Material.Fabric
Part552.TopSurface = Enum.SurfaceType.Smooth
Part552.brickColor = BrickColor.new("Institutional white")
SpecialMesh553.Parent = Part552
SpecialMesh553.MeshId = "rbxassetid://1668447688"
SpecialMesh553.Scale = Vector3.new(0.9595881104469299, 0.9595881700515747, 0.9595881700515747)
SpecialMesh553.TextureId = "rbxassetid://2686753922"
SpecialMesh553.MeshType = Enum.MeshType.FileMesh
MeshPart554.Parent = Model551
MeshPart554.CFrame = CFrame.new(2662.82935, 148.166565, 2188.24097, 0.000861048698, 0.0606129318, 0.998161137, 0.0142205805, 0.99805969, -0.060619045, -0.999898612, 0.014246624, -2.65240669e-06)
MeshPart554.Orientation = Vector3.new(3.4800000190734863, 90, 0.8199999928474426)
MeshPart554.Position = Vector3.new(2662.829345703125, 148.16656494140625, 2188.240966796875)
MeshPart554.Rotation = Vector3.new(90, 86.5199966430664, -89.19000244140625)
MeshPart554.Size = Vector3.new(36.445125579833984, 87.25019836425781, 48.101768493652344)
MeshPart554.Anchored = true
MeshPart554.CanCollide = false
MeshPart554.Material = Enum.Material.Fabric
MeshPart554.TextureID = "rbxassetid://1668393064"
Model555.Name = "Mesh_AlpTrees4"
Model555.Parent = Folder0
Part556.Name = "Mesh"
Part556.Parent = Model555
Part556.CFrame = CFrame.new(2666.90063, 155.069214, 2189.14307, -0.998169541, 0.0604758486, 0.00086209178, 0.0604819953, 0.998067856, 0.0142387562, 7.4505806e-07, 0.0142648276, -0.999898434)
Part556.Orientation = Vector3.new(-0.8199999928474426, 179.9499969482422, 3.4700000286102295)
Part556.Position = Vector3.new(2666.900634765625, 155.0692138671875, 2189.14306640625)
Part556.Rotation = Vector3.new(-179.17999267578125, 0.05000000074505806, -176.52999877929688)
Part556.Color = Color3.new(0.972549, 0.972549, 0.972549)
Part556.Transparency = 0.20000000298023224
Part556.Size = Vector3.new(0.3411868214607239, 0.3411868214607239, 0.3411868214607239)
Part556.Anchored = true
Part556.BottomSurface = Enum.SurfaceType.Smooth
Part556.BrickColor = BrickColor.new("Institutional white")
Part556.CanCollide = false
Part556.Material = Enum.Material.Fabric
Part556.TopSurface = Enum.SurfaceType.Smooth
Part556.brickColor = BrickColor.new("Institutional white")
SpecialMesh557.Parent = Part556
SpecialMesh557.MeshId = "rbxassetid://1668447688"
SpecialMesh557.Scale = Vector3.new(0.9595881104469299, 0.9595881700515747, 0.9595881700515747)
SpecialMesh557.TextureId = "rbxassetid://2686753922"
SpecialMesh557.MeshType = Enum.MeshType.FileMesh
MeshPart558.Parent = Model555
MeshPart558.CFrame = CFrame.new(2662.82935, 148.166565, 2188.24097, -0.998169541, 0.0604758486, 0.00086209178, 0.0604819953, 0.998067856, 0.0142387562, 7.4505806e-07, 0.0142648276, -0.999898434)
MeshPart558.Orientation = Vector3.new(-0.8199999928474426, 179.9499969482422, 3.4700000286102295)
MeshPart558.Position = Vector3.new(2662.829345703125, 148.16656494140625, 2188.240966796875)
MeshPart558.Rotation = Vector3.new(-179.17999267578125, 0.05000000074505806, -176.52999877929688)
MeshPart558.Size = Vector3.new(36.445125579833984, 87.25019836425781, 48.101768493652344)
MeshPart558.Anchored = true
MeshPart558.CanCollide = false
MeshPart558.Material = Enum.Material.Fabric
MeshPart558.TextureID = "rbxassetid://1668393064"
Model559.Name = "Mesh_AlpTrees4"
Model559.Parent = Folder0
Part560.Name = "Mesh"
Part560.Parent = Model559
Part560.CFrame = CFrame.new(2737.4812, 153.083282, 2168.61743, -0.918486476, 0.0603153296, -0.390826017, 0.0498718284, 0.998076618, 0.0368264131, 0.39229545, 0.0143333524, -0.919727683)
Part560.Orientation = Vector3.new(-2.109999895095825, -156.97999572753906, 2.859999895095825)
Part560.Position = Vector3.new(2737.481201171875, 153.08328247070312, 2168.617431640625)
Part560.Rotation = Vector3.new(-177.7100067138672, -23.010000228881836, -176.24000549316406)
Part560.Color = Color3.new(0.972549, 0.972549, 0.972549)
Part560.Transparency = 0.20000000298023224
Part560.Size = Vector3.new(0.3411868214607239, 0.3411868214607239, 0.3411868214607239)
Part560.Anchored = true
Part560.BottomSurface = Enum.SurfaceType.Smooth
Part560.BrickColor = BrickColor.new("Institutional white")
Part560.CanCollide = false
Part560.Material = Enum.Material.Fabric
Part560.TopSurface = Enum.SurfaceType.Smooth
Part560.brickColor = BrickColor.new("Institutional white")
SpecialMesh561.Parent = Part560
SpecialMesh561.MeshId = "rbxassetid://1668447688"
SpecialMesh561.Scale = Vector3.new(0.9595881104469299, 0.9595881700515747, 0.9595881700515747)
SpecialMesh561.TextureId = "rbxassetid://2686753922"
SpecialMesh561.MeshType = Enum.MeshType.FileMesh
MeshPart562.Parent = Model559
MeshPart562.CFrame = CFrame.new(2733.38745, 146.160156, 2169.21069, -0.918486476, 0.0603153296, -0.390826017, 0.0498718284, 0.998076618, 0.0368264131, 0.39229545, 0.0143333524, -0.919727683)
MeshPart562.Orientation = Vector3.new(-2.109999895095825, -156.97999572753906, 2.859999895095825)
MeshPart562.Position = Vector3.new(2733.387451171875, 146.16015625, 2169.210693359375)
MeshPart562.Rotation = Vector3.new(-177.7100067138672, -23.010000228881836, -176.24000549316406)
MeshPart562.Size = Vector3.new(36.445125579833984, 87.25019836425781, 48.101768493652344)
MeshPart562.Anchored = true
MeshPart562.CanCollide = false
MeshPart562.Material = Enum.Material.Fabric
MeshPart562.TextureID = "rbxassetid://1668393064"
Model563.Name = "Mesh_AlpTrees4"
Model563.Parent = Folder0
Part564.Name = "Mesh"
Part564.Parent = Model563
Part564.CFrame = CFrame.new(2387.11499, 154.08136, 2325.94287, 0.265267283, -0.0475583337, 0.963002264, -0.218658522, 0.969793081, 0.108125038, -0.939054251, -0.239250526, 0.246854737)
Part564.Orientation = Vector3.new(-6.210000038146973, 75.62000274658203, -12.710000038146973)
Part564.Position = Vector3.new(2387.114990234375, 154.08135986328125, 2325.94287109375)
Part564.Rotation = Vector3.new(-23.649999618530273, 74.37000274658203, 10.15999984741211)
Part564.Color = Color3.new(0.972549, 0.972549, 0.972549)
Part564.Transparency = 0.20000000298023224
Part564.Size = Vector3.new(0.3411868214607239, 0.3411868214607239, 0.3411868214607239)
Part564.Anchored = true
Part564.BottomSurface = Enum.SurfaceType.Smooth
Part564.BrickColor = BrickColor.new("Institutional white")
Part564.CanCollide = false
Part564.Material = Enum.Material.Fabric
Part564.TopSurface = Enum.SurfaceType.Smooth
Part564.brickColor = BrickColor.new("Institutional white")
SpecialMesh565.Parent = Part564
SpecialMesh565.MeshId = "rbxassetid://1668447688"
SpecialMesh565.Scale = Vector3.new(0.9595881104469299, 0.9595881700515747, 0.9595881700515747)
SpecialMesh565.TextureId = "rbxassetid://2686753922"
SpecialMesh565.MeshType = Enum.MeshType.FileMesh
MeshPart566.Parent = Model563
MeshPart566.CFrame = CFrame.new(2389.19092, 146.438049, 2324.42578, 0.265267283, -0.0475583337, 0.963002264, -0.218658522, 0.969793081, 0.108125038, -0.939054251, -0.239250526, 0.246854737)
MeshPart566.Orientation = Vector3.new(-6.210000038146973, 75.62000274658203, -12.710000038146973)
MeshPart566.Position = Vector3.new(2389.19091796875, 146.43804931640625, 2324.42578125)
MeshPart566.Rotation = Vector3.new(-23.649999618530273, 74.37000274658203, 10.15999984741211)
MeshPart566.Size = Vector3.new(36.445125579833984, 87.25019836425781, 48.101768493652344)
MeshPart566.Anchored = true
MeshPart566.CanCollide = false
MeshPart566.Material = Enum.Material.Fabric
MeshPart566.TextureID = "rbxassetid://1668393064"
Model567.Name = "Mesh_AlpTrees4"
Model567.Parent = Folder0
Part568.Name = "Mesh"
Part568.Parent = Model567
Part568.CFrame = CFrame.new(2621.51074, 155.08136, 2214.09131, 2.568122e-07, -0.110806435, 0.99384284, -0.218658522, 0.969793081, 0.108125038, -0.975802004, -0.217312083, -0.0242290795)
Part568.Orientation = Vector3.new(-6.210000038146973, 91.4000015258789, -12.710000038146973)
Part568.Position = Vector3.new(2621.5107421875, 155.08135986328125, 2214.09130859375)
Part568.Rotation = Vector3.new(-102.62999725341797, 83.63999938964844, 90)
Part568.Color = Color3.new(0.972549, 0.972549, 0.972549)
Part568.Transparency = 0.20000000298023224
Part568.Size = Vector3.new(0.3411868214607239, 0.3411868214607239, 0.3411868214607239)
Part568.Anchored = true
Part568.BottomSurface = Enum.SurfaceType.Smooth
Part568.BrickColor = BrickColor.new("Institutional white")
Part568.CanCollide = false
Part568.Material = Enum.Material.Fabric
Part568.TopSurface = Enum.SurfaceType.Smooth
Part568.brickColor = BrickColor.new("Institutional white")
SpecialMesh569.Parent = Part568
SpecialMesh569.MeshId = "rbxassetid://1668447688"
SpecialMesh569.Scale = Vector3.new(0.9595881104469299, 0.9595881700515747, 0.9595881700515747)
SpecialMesh569.TextureId = "rbxassetid://2686753922"
SpecialMesh569.MeshType = Enum.MeshType.FileMesh
MeshPart570.Parent = Model567
MeshPart570.CFrame = CFrame.new(2623.09619, 147.438049, 2212.06689, 2.568122e-07, -0.110806435, 0.99384284, -0.218658522, 0.969793081, 0.108125038, -0.975802004, -0.217312083, -0.0242290795)
MeshPart570.Orientation = Vector3.new(-6.210000038146973, 91.4000015258789, -12.710000038146973)
MeshPart570.Position = Vector3.new(2623.09619140625, 147.43804931640625, 2212.06689453125)
MeshPart570.Rotation = Vector3.new(-102.62999725341797, 83.63999938964844, 90)
MeshPart570.Size = Vector3.new(36.445125579833984, 87.25019836425781, 48.101768493652344)
MeshPart570.Anchored = true
MeshPart570.CanCollide = false
MeshPart570.Material = Enum.Material.Fabric
MeshPart570.TextureID = "rbxassetid://1668393064"
Model571.Name = "Mesh_AlpTrees4"
Model571.Parent = Folder0
Part572.Name = "Mesh"
Part572.Parent = Model571
Part572.CFrame = CFrame.new(2625.92676, 154.940125, 2211.20605, -0.993827641, -0.110942937, -1.82085205e-06, -0.10825821, 0.969782293, -0.218640909, 0.0242589694, -0.217290998, -0.975806057)
Part572.Orientation = Vector3.new(12.630000114440918, -180, -6.369999885559082)
Part572.Position = Vector3.new(2625.9267578125, 154.94012451171875, 2211.2060546875)
Part572.Rotation = Vector3.new(167.3699951171875, 0, 173.6300048828125)
Part572.Color = Color3.new(0.972549, 0.972549, 0.972549)
Part572.Transparency = 0.20000000298023224
Part572.Size = Vector3.new(0.3411868214607239, 0.3411868214607239, 0.3411868214607239)
Part572.Anchored = true
Part572.BottomSurface = Enum.SurfaceType.Smooth
Part572.BrickColor = BrickColor.new("Institutional white")
Part572.CanCollide = false
Part572.Material = Enum.Material.Fabric
Part572.TopSurface = Enum.SurfaceType.Smooth
Part572.brickColor = BrickColor.new("Institutional white")
SpecialMesh573.Parent = Part572
SpecialMesh573.MeshId = "rbxassetid://1668447688"
SpecialMesh573.Scale = Vector3.new(0.9595881104469299, 0.9595881700515747, 0.9595881700515747)
SpecialMesh573.TextureId = "rbxassetid://2686753922"
SpecialMesh573.MeshType = Enum.MeshType.FileMesh
MeshPart574.Parent = Model571
MeshPart574.CFrame = CFrame.new(2623.09619, 147.438049, 2212.06689, -0.993827641, -0.110942937, -1.82085205e-06, -0.10825821, 0.969782293, -0.218640909, 0.0242589694, -0.217290998, -0.975806057)
MeshPart574.Orientation = Vector3.new(12.630000114440918, -180, -6.369999885559082)
MeshPart574.Position = Vector3.new(2623.09619140625, 147.43804931640625, 2212.06689453125)
MeshPart574.Rotation = Vector3.new(167.3699951171875, 0, 173.6300048828125)
MeshPart574.Size = Vector3.new(36.445125579833984, 87.25019836425781, 48.101768493652344)
MeshPart574.Anchored = true
MeshPart574.CanCollide = false
MeshPart574.Material = Enum.Material.Fabric
MeshPart574.TextureID = "rbxassetid://1668393064"
Model575.Name = "Mesh_AlpTrees4"
Model575.Parent = Folder0
Part576.Name = "Mesh"
Part576.Parent = Model575
Part576.CFrame = CFrame.new(2499.64307, 155.680328, 2264.22925, -0.990540802, 0.0541474633, -0.126084387, 0.0498718284, 0.998076618, 0.0368264131, 0.127835885, 0.030190004, -0.991335809)
Part576.Orientation = Vector3.new(-2.109999895095825, -172.75, 2.859999895095825)
Part576.Position = Vector3.new(2499.64306640625, 155.68032836914062, 2264.229248046875)
Part576.Rotation = Vector3.new(-177.8699951171875, -7.239999771118164, -176.8699951171875)
Part576.Color = Color3.new(0.972549, 0.972549, 0.972549)
Part576.Transparency = 0.20000000298023224
Part576.Size = Vector3.new(0.3411868214607239, 0.3411868214607239, 0.3411868214607239)
Part576.Anchored = true
Part576.BottomSurface = Enum.SurfaceType.Smooth
Part576.BrickColor = BrickColor.new("Institutional white")
Part576.CanCollide = false
Part576.Material = Enum.Material.Fabric
Part576.TopSurface = Enum.SurfaceType.Smooth
Part576.brickColor = BrickColor.new("Institutional white")
SpecialMesh577.Parent = Part576
SpecialMesh577.MeshId = "rbxassetid://1668447688"
SpecialMesh577.Scale = Vector3.new(0.9595881104469299, 0.9595881700515747, 0.9595881700515747)
SpecialMesh577.TextureId = "rbxassetid://2686753922"
SpecialMesh577.MeshType = Enum.MeshType.FileMesh
MeshPart578.Parent = Model575
MeshPart578.CFrame = CFrame.new(2495.54395, 148.757202, 2263.68701, -0.990540802, 0.0541474633, -0.126084387, 0.0498718284, 0.998076618, 0.0368264131, 0.127835885, 0.030190004, -0.991335809)
MeshPart578.Orientation = Vector3.new(-2.109999895095825, -172.75, 2.859999895095825)
MeshPart578.Position = Vector3.new(2495.5439453125, 148.7572021484375, 2263.68701171875)
MeshPart578.Rotation = Vector3.new(-177.8699951171875, -7.239999771118164, -176.8699951171875)
MeshPart578.Size = Vector3.new(36.445125579833984, 87.25019836425781, 48.101768493652344)
MeshPart578.Anchored = true
MeshPart578.CanCollide = false
MeshPart578.Material = Enum.Material.Fabric
MeshPart578.TextureID = "rbxassetid://1668393064"
Model579.Name = "Mesh_AlpTrees4"
Model579.Parent = Folder0
Part580.Name = "Mesh"
Part580.Parent = Model579
Part580.CFrame = CFrame.new(2432.5332, 154.297424, 2315.80566, 0.272646219, 0.0544574335, 0.960572124, 0.0142205805, 0.99805969, -0.060619045, -0.96200937, 0.0301874429, 0.271342725)
Part580.Orientation = Vector3.new(3.4800000190734863, 74.2300033569336, 0.8199999928474426)
Part580.Position = Vector3.new(2432.533203125, 154.29742431640625, 2315.8056640625)
Part580.Rotation = Vector3.new(12.59000015258789, 73.86000061035156, -11.300000190734863)
Part580.Color = Color3.new(0.972549, 0.972549, 0.972549)
Part580.Transparency = 0.20000000298023224
Part580.Size = Vector3.new(0.3411868214607239, 0.3411868214607239, 0.3411868214607239)
Part580.Anchored = true
Part580.BottomSurface = Enum.SurfaceType.Smooth
Part580.BrickColor = BrickColor.new("Institutional white")
Part580.CanCollide = false
Part580.Material = Enum.Material.Fabric
Part580.TopSurface = Enum.SurfaceType.Smooth
Part580.brickColor = BrickColor.new("Institutional white")
SpecialMesh581.Parent = Part580
SpecialMesh581.MeshId = "rbxassetid://1668447688"
SpecialMesh581.Scale = Vector3.new(0.9595881104469299, 0.9595881700515747, 0.9595881700515747)
SpecialMesh581.TextureId = "rbxassetid://2686753922"
SpecialMesh581.MeshType = Enum.MeshType.FileMesh
MeshPart582.Parent = Model579
MeshPart582.CFrame = CFrame.new(2433.90503, 147.166565, 2312.29834, 0.272646219, 0.0544574335, 0.960572124, 0.0142205805, 0.99805969, -0.060619045, -0.96200937, 0.0301874429, 0.271342725)
MeshPart582.Orientation = Vector3.new(3.4800000190734863, 74.2300033569336, 0.8199999928474426)
MeshPart582.Position = Vector3.new(2433.905029296875, 147.16656494140625, 2312.29833984375)
MeshPart582.Rotation = Vector3.new(12.59000015258789, 73.86000061035156, -11.300000190734863)
MeshPart582.Size = Vector3.new(36.445125579833984, 87.25019836425781, 48.101768493652344)
MeshPart582.Anchored = true
MeshPart582.CanCollide = false
MeshPart582.Material = Enum.Material.Fabric
MeshPart582.TextureID = "rbxassetid://1668393064"
Model583.Name = "Mesh_AlpTrees4"
Model583.Parent = Folder0
Part584.Name = "Mesh"
Part584.Parent = Model583
Part584.CFrame = CFrame.new(2479.95776, 153.778992, 2313.646, 0.272646219, 0.0544574335, 0.960572124, 0.0142205805, 0.99805969, -0.060619045, -0.96200937, 0.0301874429, 0.271342725)
Part584.Orientation = Vector3.new(3.4800000190734863, 74.2300033569336, 0.8199999928474426)
Part584.Position = Vector3.new(2479.957763671875, 153.77899169921875, 2313.64599609375)
Part584.Rotation = Vector3.new(12.59000015258789, 73.86000061035156, -11.300000190734863)
Part584.Color = Color3.new(0.972549, 0.972549, 0.972549)
Part584.Transparency = 0.20000000298023224
Part584.Size = Vector3.new(0.3411868214607239, 0.3411868214607239, 0.3411868214607239)
Part584.Anchored = true
Part584.BottomSurface = Enum.SurfaceType.Smooth
Part584.BrickColor = BrickColor.new("Institutional white")
Part584.CanCollide = false
Part584.Material = Enum.Material.Fabric
Part584.TopSurface = Enum.SurfaceType.Smooth
Part584.brickColor = BrickColor.new("Institutional white")
SpecialMesh585.Parent = Part584
SpecialMesh585.MeshId = "rbxassetid://1668447688"
SpecialMesh585.Scale = Vector3.new(0.9595881104469299, 0.9595881700515747, 0.9595881700515747)
SpecialMesh585.TextureId = "rbxassetid://2686753922"
SpecialMesh585.MeshType = Enum.MeshType.FileMesh
MeshPart586.Parent = Model583
MeshPart586.CFrame = CFrame.new(2481.32935, 146.648132, 2310.13867, 0.272646219, 0.0544574335, 0.960572124, 0.0142205805, 0.99805969, -0.060619045, -0.96200937, 0.0301874429, 0.271342725)
MeshPart586.Orientation = Vector3.new(3.4800000190734863, 74.2300033569336, 0.8199999928474426)
MeshPart586.Position = Vector3.new(2481.329345703125, 146.64813232421875, 2310.138671875)
MeshPart586.Rotation = Vector3.new(12.59000015258789, 73.86000061035156, -11.300000190734863)
MeshPart586.Size = Vector3.new(36.445125579833984, 87.25019836425781, 48.101768493652344)
MeshPart586.Anchored = true
MeshPart586.CanCollide = false
MeshPart586.Material = Enum.Material.Fabric
MeshPart586.TextureID = "rbxassetid://1668393064"
Model587.Name = "Mesh_AlpTrees4"
Model587.Parent = Folder0
Part588.Name = "Mesh"
Part588.Parent = Model587
Part588.CFrame = CFrame.new(2734.51172, 153.200104, 2172.97925, -0.39081496, 0.0606346242, 0.918470144, 0.0370073393, 0.998056293, -0.0501418076, -0.91972506, 0.0143939639, -0.392299294)
Part588.Orientation = Vector3.new(2.869999885559082, 113.12999725341797, 2.119999885559082)
Part588.Position = Vector3.new(2734.51171875, 153.20010375976562, 2172.979248046875)
Part588.Rotation = Vector3.new(172.72000122070312, 66.69999694824219, -171.17999267578125)
Part588.Color = Color3.new(0.972549, 0.972549, 0.972549)
Part588.Transparency = 0.20000000298023224
Part588.Size = Vector3.new(0.3411868214607239, 0.3411868214607239, 0.3411868214607239)
Part588.Anchored = true
Part588.BottomSurface = Enum.SurfaceType.Smooth
Part588.BrickColor = BrickColor.new("Institutional white")
Part588.CanCollide = false
Part588.Material = Enum.Material.Fabric
Part588.TopSurface = Enum.SurfaceType.Smooth
Part588.brickColor = BrickColor.new("Institutional white")
SpecialMesh589.Parent = Part588
SpecialMesh589.MeshId = "rbxassetid://1668447688"
SpecialMesh589.Scale = Vector3.new(0.9595881104469299, 0.9595881700515747, 0.9595881700515747)
SpecialMesh589.TextureId = "rbxassetid://2686753922"
SpecialMesh589.MeshType = Enum.MeshType.FileMesh
MeshPart590.Parent = Model587
MeshPart590.CFrame = CFrame.new(2733.38745, 146.160156, 2169.21069, -0.39081496, 0.0606346242, 0.918470144, 0.0370073393, 0.998056293, -0.0501418076, -0.91972506, 0.0143939639, -0.392299294)
MeshPart590.Orientation = Vector3.new(2.869999885559082, 113.12999725341797, 2.119999885559082)
MeshPart590.Position = Vector3.new(2733.387451171875, 146.16015625, 2169.210693359375)
MeshPart590.Rotation = Vector3.new(172.72000122070312, 66.69999694824219, -171.17999267578125)
MeshPart590.Size = Vector3.new(36.445125579833984, 87.25019836425781, 48.101768493652344)
MeshPart590.Anchored = true
MeshPart590.CanCollide = false
MeshPart590.Material = Enum.Material.Fabric
MeshPart590.TextureID = "rbxassetid://1668393064"
Model591.Name = "Mesh_AlpTrees4"
Model591.Parent = Folder0
Part592.Name = "Mesh"
Part592.Parent = Model591
Part592.CFrame = CFrame.new(2485.00195, 153.550781, 2312.11377, -0.960579693, 0.0543205626, 0.272647202, 0.0604819953, 0.998067856, 0.0142387562, -0.271346837, 0.0301676951, -0.962008893)
Part592.Orientation = Vector3.new(-0.8199999928474426, 164.17999267578125, 3.4700000286102295)
Part592.Position = Vector3.new(2485.001953125, 153.55078125, 2312.11376953125)
Part592.Rotation = Vector3.new(-179.14999389648438, 15.819999694824219, -176.75999450683594)
Part592.Color = Color3.new(0.972549, 0.972549, 0.972549)
Part592.Transparency = 0.20000000298023224
Part592.Size = Vector3.new(0.3411868214607239, 0.3411868214607239, 0.3411868214607239)
Part592.Anchored = true
Part592.BottomSurface = Enum.SurfaceType.Smooth
Part592.BrickColor = BrickColor.new("Institutional white")
Part592.CanCollide = false
Part592.Material = Enum.Material.Fabric
Part592.TopSurface = Enum.SurfaceType.Smooth
Part592.brickColor = BrickColor.new("Institutional white")
SpecialMesh593.Parent = Part592
SpecialMesh593.MeshId = "rbxassetid://1668447688"
SpecialMesh593.Scale = Vector3.new(0.9595881104469299, 0.9595881700515747, 0.9595881700515747)
SpecialMesh593.TextureId = "rbxassetid://2686753922"
SpecialMesh593.MeshType = Enum.MeshType.FileMesh
MeshPart594.Parent = Model591
MeshPart594.CFrame = CFrame.new(2481.32935, 146.648132, 2310.13867, -0.960579693, 0.0543205626, 0.272647202, 0.0604819953, 0.998067856, 0.0142387562, -0.271346837, 0.0301676951, -0.962008893)
MeshPart594.Orientation = Vector3.new(-0.8199999928474426, 164.17999267578125, 3.4700000286102295)
MeshPart594.Position = Vector3.new(2481.329345703125, 146.64813232421875, 2310.138671875)
MeshPart594.Rotation = Vector3.new(-179.14999389648438, 15.819999694824219, -176.75999450683594)
MeshPart594.Size = Vector3.new(36.445125579833984, 87.25019836425781, 48.101768493652344)
MeshPart594.Anchored = true
MeshPart594.CanCollide = false
MeshPart594.Material = Enum.Material.Fabric
MeshPart594.TextureID = "rbxassetid://1668393064"
Model595.Name = "?2"
Model595.Parent = Folder0
Part596.Name = "TreeMesh Bottom"
Part596.Parent = Model595
Part596.CFrame = CFrame.new(2167.00903, 112.2547, 2475.34497, -0.292432338, 0, -0.956286192, 0, 1, 0, 0.956286192, 0, -0.292432338)
Part596.Orientation = Vector3.new(0, -107, 0)
Part596.Position = Vector3.new(2167.009033203125, 112.25469970703125, 2475.344970703125)
Part596.Rotation = Vector3.new(-180, -73, -180)
Part596.Size = Vector3.new(8.250000953674316, 0.2499980926513672, 7)
Part596.Anchored = true
Part596.CanCollide = false
Part596.Material = Enum.Material.Fabric
SpecialMesh597.Name = "BarkMesh"
SpecialMesh597.Parent = Part596
SpecialMesh597.MeshId = "rbxassetid://623621260"
SpecialMesh597.Offset = Vector3.new(0, 3.4100000858306885, 0)
SpecialMesh597.TextureId = "rbxassetid://623618671"
SpecialMesh597.MeshType = Enum.MeshType.FileMesh
Part598.Name = "TreeMeshTop"
Part598.Parent = Model595
Part598.CFrame = CFrame.new(2167.00952, 142.394562, 2475.34473, -0.292432338, 0, -0.956286192, 0, 1, 0, 0.956286192, 0, -0.292432338)
Part598.Orientation = Vector3.new(0, -107, 0)
Part598.Position = Vector3.new(2167.009521484375, 142.39456176757812, 2475.3447265625)
Part598.Rotation = Vector3.new(-180, -73, -180)
Part598.Transparency = 0.05000000074505806
Part598.Size = Vector3.new(8.250000953674316, 0.2499980926513672, 7)
Part598.Anchored = true
Part598.CanCollide = false
Part598.Material = Enum.Material.Fabric
SpecialMesh599.Name = "TopTreeMesh"
SpecialMesh599.Parent = Part598
SpecialMesh599.MeshId = "rbxassetid://623621456"
SpecialMesh599.Offset = Vector3.new(0, 3.4100000858306885, 0)
SpecialMesh599.Scale = Vector3.new(1.600000023841858, 1.600000023841858, 1.600000023841858)
SpecialMesh599.TextureId = "rbxassetid://745556120"
SpecialMesh599.MeshType = Enum.MeshType.FileMesh
Part600.Name = "Tree_Collision"
Part600.Parent = Model595
Part600.CFrame = CFrame.new(2162.72119, 125.385193, 2472.5293, -0.295703739, -0.067470789, -0.952894092, 0.0966779888, 0.990267456, -0.100118354, 0.950375021, -0.12172924, -0.286302865)
Part600.Orientation = Vector3.new(5.75, -106.72000122070312, 5.579999923706055)
Part600.Position = Vector3.new(2162.72119140625, 125.38519287109375, 2472.529296875)
Part600.Rotation = Vector3.new(160.72999572753906, -72.33999633789062, 167.14999389648438)
Part600.Transparency = 1
Part600.Size = Vector3.new(1.3500009775161743, 26.749998092651367, 1.5)
Part600.Anchored = true
Part600.Material = Enum.Material.Fabric
Part601.Name = "Tree_Collision"
Part601.Parent = Model595
Part601.CFrame = CFrame.new(2152.58765, 124.380707, 2475.11816, -0.324142277, -0.168349892, -0.930908203, -0.301860809, 0.951003432, -0.0668760687, 0.896555543, 0.259327352, -0.359078705)
Part601.Orientation = Vector3.new(3.8299999237060547, -111.08999633789062, -17.610000610351562)
Part601.Position = Vector3.new(2152.587646484375, 124.38070678710938, 2475.1181640625)
Part601.Rotation = Vector3.new(169.4499969482422, -68.58000183105469, 152.5500030517578)
Part601.Transparency = 1
Part601.Size = Vector3.new(1.3500009775161743, 23.749998092651367, 1.5)
Part601.Anchored = true
Part601.Material = Enum.Material.Fabric
Part602.Name = "Tree_Collision"
Part602.Parent = Model595
Part602.CFrame = CFrame.new(2170.56982, 125.85257, 2457.42456, -0.296835661, -0.128621951, -0.946226716, 0.113945998, 0.979037166, -0.16882731, 0.948105931, -0.157932714, -0.275957197)
Part602.Orientation = Vector3.new(9.720000267028809, -106.26000213623047, 6.639999866485596)
Part602.Position = Vector3.new(2170.56982421875, 125.85256958007812, 2457.424560546875)
Part602.Rotation = Vector3.new(148.5399932861328, -71.12999725341797, 156.57000732421875)
Part602.Transparency = 1
Part602.Size = Vector3.new(1.3500009775161743, 26.749998092651367, 1.5)
Part602.Anchored = true
Part602.Material = Enum.Material.Fabric
Part603.Name = "Tree_Collision"
Part603.Parent = Model595
Part603.CFrame = CFrame.new(2166.53589, 124.082977, 2512.52368, -0.294370979, 0.245002896, -0.923752844, -0.0111709945, 0.965632737, 0.259670377, 0.955625892, 0.0867586657, -0.281517327)
Part603.Orientation = Vector3.new(-15.050000190734863, -106.94999694824219, -0.6600000262260437)
Part603.Position = Vector3.new(2166.535888671875, 124.08297729492188, 2512.523681640625)
Part603.Rotation = Vector3.new(-137.30999755859375, -67.4800033569336, -140.22999572753906)
Part603.Transparency = 1
Part603.Size = Vector3.new(1.3500009775161743, 23.749998092651367, 1.5)
Part603.Anchored = true
Part603.Material = Enum.Material.Fabric
Part604.Name = "Tree_Collision"
Part604.Parent = Model595
Part604.CFrame = CFrame.new(2181.30273, 125.248383, 2471.6416, -0.261505604, 0.264370233, -0.928290427, 0.213534921, 0.953772545, 0.211473107, 0.941285074, -0.142921016, -0.305869132)
Part604.Orientation = Vector3.new(-12.210000038146973, -108.23999786376953, 12.619999885559082)
Part604.Position = Vector3.new(2181.302734375, 125.24838256835938, 2471.6416015625)
Part604.Rotation = Vector3.new(-145.33999633789062, -68.16999816894531, -134.69000244140625)
Part604.Transparency = 1
Part604.Size = Vector3.new(1.3500009775161743, 26.749998092651367, 1.5)
Part604.Anchored = true
Part604.Material = Enum.Material.Fabric
Part605.Name = "Tree_Collision"
Part605.Parent = Model595
Part605.CFrame = CFrame.new(2149.99121, 124.014435, 2461.40381, -0.393032014, -0.249682337, -0.884977162, 0.0883329511, 0.947725713, -0.306615889, 0.915272117, -0.198682517, -0.350431383)
Part605.Orientation = Vector3.new(17.860000610351562, -111.5999984741211, 5.320000171661377)
Part605.Position = Vector3.new(2149.9912109375, 124.01443481445312, 2461.40380859375)
Part605.Rotation = Vector3.new(138.82000732421875, -62.25, 147.57000732421875)
Part605.Transparency = 1
Part605.Size = Vector3.new(1.3500009775161743, 22.749998092651367, 1.5)
Part605.Anchored = true
Part605.Material = Enum.Material.Fabric
Part606.Name = "Tree_Collision"
Part606.Parent = Model595
Part606.CFrame = CFrame.new(2153.24341, 124.887329, 2497.198, -0.32907638, -0.0168994665, -0.944152117, -0.162090987, 0.986010909, 0.0388467722, 0.930287719, 0.165822104, -0.327212155)
Part606.Orientation = Vector3.new(-2.2300000190734863, -109.11000061035156, -9.34000015258789)
Part606.Position = Vector3.new(2153.243408203125, 124.8873291015625, 2497.197998046875)
Part606.Rotation = Vector3.new(-173.22999572753906, -70.76000213623047, 177.05999755859375)
Part606.Transparency = 1
Part606.Size = Vector3.new(1.3500009775161743, 23.749998092651367, 1.5)
Part606.Anchored = true
Part606.Material = Enum.Material.Fabric
Part607.Name = "Tree_Collision"
Part607.Parent = Model595
Part607.CFrame = CFrame.new(2143.13501, 122.86676, 2508.18994, -0.269561708, -0.196306109, -0.942762136, -0.165954873, 0.973824322, -0.155322924, 0.948575437, 0.11458686, -0.295083731)
Part607.Orientation = Vector3.new(8.9399995803833, -107.37999725341797, -9.670000076293945)
Part607.Position = Vector3.new(2143.135009765625, 122.86676025390625, 2508.18994140625)
Part607.Rotation = Vector3.new(152.24000549316406, -70.5199966430664, 143.94000244140625)
Part607.Transparency = 1
Part607.Size = Vector3.new(1.3500009775161743, 20.749998092651367, 1.5)
Part607.Anchored = true
Part607.Material = Enum.Material.Fabric
Part608.Name = "Tree_Collision"
Part608.Parent = Model595
Part608.CFrame = CFrame.new(2188.97192, 123.79306, 2449.45532, -0.28729108, 0.00014064461, -0.957843304, 0.267958015, 0.960084319, -0.0802291036, 0.919599056, -0.279710889, -0.275861323)
Part608.Orientation = Vector3.new(4.599999904632568, -106.06999969482422, 15.59000015258789)
Part608.Position = Vector3.new(2188.971923828125, 123.79306030273438, 2449.455322265625)
Part608.Rotation = Vector3.new(163.77999877929688, -73.30000305175781, -179.97000122070312)
Part608.Transparency = 1
Part608.Size = Vector3.new(1.3500009775161743, 22.749998092651367, 1.5)
Part608.Anchored = true
Part608.Material = Enum.Material.Fabric
Part609.Name = "Tree_Collision"
Part609.Parent = Model595
Part609.CFrame = CFrame.new(2185.4856, 124.643372, 2484.34814, -0.329465032, 0.255064577, -0.909062624, -0.127581984, 0.941961586, 0.310533941, 0.935508251, 0.218290091, -0.277801722)
Part609.Orientation = Vector3.new(-18.09000015258789, -106.98999786376953, -7.710000038146973)
