Part744.Name = "Tree_Collision"
Part744.Parent = Model731
Part744.CFrame = CFrame.new(1852.23865, 237.540894, 2567.50366, -0.748517036, 0.383185089, -0.541202545, 0.494376838, 0.86640209, -0.0703182966, 0.441952467, -0.320191026, -0.837949812)
Part744.Orientation = Vector3.new(4.03000020980835, -147.13999938964844, 29.709999084472656)
Part744.Position = Vector3.new(1852.2386474609375, 237.5408935546875, 2567.503662109375)
Part744.Rotation = Vector3.new(175.1999969482422, -32.77000045776367, -152.88999938964844)
Part744.Transparency = 1
Part744.Size = Vector3.new(1.3500009775161743, 22.749998092651367, 1.5)
Part744.Anchored = true
Part744.Material = Enum.Material.Fabric
Part745.Name = "Tree_Collision"
Part745.Parent = Model731
Part745.CFrame = CFrame.new(1827.31201, 246.709732, 2590.41675, -0.873087704, 0.244530424, -0.421818972, 0.117560133, 0.945197642, 0.304608911, 0.473186702, 0.216359973, -0.853982866)
Part745.Orientation = Vector3.new(-17.729999542236328, -153.7100067138672, 7.090000152587891)
Part745.Position = Vector3.new(1827.31201171875, 246.70973205566406, 2590.416748046875)
Part745.Rotation = Vector3.new(-160.3699951171875, -24.950000762939453, -164.35000610351562)
Part745.Transparency = 1
Part745.Size = Vector3.new(1.3500009775161743, 23.749998092651367, 1.5)
Part745.Anchored = true
Part745.Material = Enum.Material.Fabric
Part746.Name = "Tree_Collision"
Part746.Parent = Model731
Part746.CFrame = CFrame.new(1815.0249, 248.145523, 2584.29663, -0.870882928, 0.133999601, -0.472880185, 0.134864122, 0.990341544, 0.0322600305, 0.472634137, -0.0356797427, -0.880538464)
Part746.Orientation = Vector3.new(-1.850000023841858, -151.75999450683594, 7.75)
Part746.Position = Vector3.new(1815.02490234375, 248.14552307128906, 2584.296630859375)
Part746.Rotation = Vector3.new(-177.89999389648438, -28.219999313354492, -171.25)
Part746.Transparency = 1
Part746.Size = Vector3.new(1.3500009775161743, 23.749998092651367, 1.5)
Part746.Anchored = true
Part746.Material = Enum.Material.Fabric
Part747.Name = "Tree_Collision"
Part747.Parent = Model731
Part747.CFrame = CFrame.new(1851.28162, 235.807053, 2551.58911, -0.788319945, 0.348366946, -0.507149696, 0.400811762, 0.916141927, 0.0062827915, 0.46680814, -0.198317945, -0.861837685)
Part747.Orientation = Vector3.new(-0.36000001430511475, -149.52999877929688, 23.6299991607666)
Part747.Position = Vector3.new(1851.2816162109375, 235.8070526123047, 2551.589111328125)
Part747.Rotation = Vector3.new(-179.5800018310547, -30.469999313354492, -156.16000366210938)
Part747.Transparency = 1
Part747.Size = Vector3.new(1.3500009775161743, 22.749998092651367, 1.5)
Part747.Anchored = true
Part747.Material = Enum.Material.Fabric
Model748.Name = "?2"
Model748.Parent = Folder0
Part749.Name = "TreeMesh Bottom"
Part749.Parent = Model748
Part749.CFrame = CFrame.new(1788.85779, 236.666885, 2545.60571, 0.512444794, 0.210739642, -0.83246541, -0.00354338437, 0.96993494, 0.243358642, 0.858718455, -0.121757507, 0.497781903)
Part749.Orientation = Vector3.new(-14.079999923706055, -59.119998931884766, -0.20999999344348907)
Part749.Position = Vector3.new(1788.8577880859375, 236.66688537597656, 2545.605712890625)
Part749.Rotation = Vector3.new(-26.049999237060547, -56.349998474121094, -22.350000381469727)
Part749.Size = Vector3.new(8.250000953674316, 0.2499980926513672, 7)
Part749.Anchored = true
Part749.CanCollide = false
Part749.Material = Enum.Material.Fabric
SpecialMesh750.Name = "BarkMesh"
SpecialMesh750.Parent = Part749
SpecialMesh750.MeshId = "rbxassetid://623621260"
SpecialMesh750.Offset = Vector3.new(0, 3.4100000858306885, 0)
SpecialMesh750.TextureId = "rbxassetid://623618671"
SpecialMesh750.MeshType = Enum.MeshType.FileMesh
Part751.Name = "TreeMeshTop"
Part751.Parent = Model748
Part751.CFrame = CFrame.new(1795.20996, 265.90036, 2541.9353, 0.512444794, 0.210739642, -0.83246541, -0.00354338437, 0.96993494, 0.243358642, 0.858718455, -0.121757507, 0.497781903)
Part751.Orientation = Vector3.new(-14.079999923706055, -59.119998931884766, -0.20999999344348907)
Part751.Position = Vector3.new(1795.2099609375, 265.9003601074219, 2541.935302734375)
Part751.Rotation = Vector3.new(-26.049999237060547, -56.349998474121094, -22.350000381469727)
Part751.Transparency = 0.05000000074505806
Part751.Size = Vector3.new(8.250000953674316, 0.2499980926513672, 7)
Part751.Anchored = true
Part751.CanCollide = false
Part751.Material = Enum.Material.Fabric
SpecialMesh752.Name = "TopTreeMesh"
SpecialMesh752.Parent = Part751
SpecialMesh752.MeshId = "rbxassetid://623621456"
SpecialMesh752.Offset = Vector3.new(0, 3.4100000858306885, 0)
SpecialMesh752.Scale = Vector3.new(1.600000023841858, 1.600000023841858, 1.600000023841858)
SpecialMesh752.TextureId = "rbxassetid://745556120"
SpecialMesh752.MeshType = Enum.MeshType.FileMesh
Part753.Name = "Tree_Collision"
Part753.Parent = Model748
Part753.CFrame = CFrame.new(1786.7887, 250.605896, 2545.22241, 0.526368141, 0.0758004859, -0.846876979, 0.0914267451, 0.985202432, 0.145006508, 0.845332801, -0.153753281, 0.511645973)
Part753.Orientation = Vector3.new(-8.34000015258789, -58.86000061035156, 5.300000190734863)
Part753.Position = Vector3.new(1786.7886962890625, 250.60589599609375, 2545.222412109375)
Part753.Rotation = Vector3.new(-15.819999694824219, -57.869998931884766, -8.1899995803833)
Part753.Transparency = 1
Part753.Size = Vector3.new(1.3500009775161743, 26.749998092651367, 1.5)
Part753.Anchored = true
Part753.Material = Enum.Material.Fabric
Part754.Name = "Tree_Collision"
Part754.Parent = Model748
Part754.CFrame = CFrame.new(1781.92749, 251.786453, 2554.4624, 0.384527951, 0.281835467, -0.879043043, -0.284528613, 0.942081451, 0.177582368, 0.87817508, 0.181826562, 0.442444026)
Part754.Orientation = Vector3.new(-10.229999542236328, -63.279998779296875, -16.809999465942383)
Part754.Position = Vector3.new(1781.927490234375, 251.7864532470703, 2554.46240234375)
Part754.Rotation = Vector3.new(-21.8700008392334, -61.529998779296875, -36.2400016784668)
Part754.Transparency = 1
Part754.Size = Vector3.new(1.3500009775161743, 23.749998092651367, 1.5)
Part754.Anchored = true
Part754.Material = Enum.Material.Fabric
Part755.Name = "Tree_Collision"
Part755.Parent = Model748
Part755.CFrame = CFrame.new(1780.88049, 250.366806, 2529.25269, 0.527608812, 0.0073638414, -0.849455535, 0.108606443, 0.991171598, 0.0760493577, 0.842516243, -0.132380664, 0.522151113)
Part755.Orientation = Vector3.new(-4.360000133514404, -58.41999816894531, 6.25)
Part755.Position = Vector3.new(1780.8804931640625, 250.36680603027344, 2529.252685546875)
Part755.Rotation = Vector3.new(-8.289999961853027, -58.150001525878906, -0.800000011920929)
Part755.Transparency = 1
Part755.Size = Vector3.new(1.3500009775161743, 26.749998092651367, 1.5)
Part755.Anchored = true
Part755.Material = Enum.Material.Fabric
Part756.Name = "Tree_Collision"
Part756.Parent = Model748
Part756.CFrame = CFrame.new(1818.31494, 245.47728, 2569.62793, 0.508350313, 0.425456583, -0.748710036, -0.0138798198, 0.873365104, 0.486868262, 0.861038566, -0.237107649, 0.44988063)
Part756.Orientation = Vector3.new(-29.1299991607666, -59, -0.9100000262260437)
Part756.Position = Vector3.new(1818.31494140625, 245.47727966308594, 2569.6279296875)
Part756.Rotation = Vector3.new(-47.2599983215332, -48.47999954223633, -39.93000030517578)
Part756.Transparency = 1
Part756.Size = Vector3.new(1.3500009775161743, 23.749998092651367, 1.5)
Part756.Anchored = true
Part756.Material = Enum.Material.Fabric
Part757.Name = "Tree_Collision"
Part757.Parent = Model748
Part757.CFrame = CFrame.new(1798.11646, 246.234406, 2531.12842, 0.566423833, 0.267007291, -0.77966094, 0.197523832, 0.874498069, 0.442986935, 0.800092697, -0.404920012, 0.442596227)
Part757.Orientation = Vector3.new(-26.290000915527344, -60.41999816894531, 12.729999542236328)
Part757.Position = Vector3.new(1798.116455078125, 246.23440551757812, 2531.12841796875)
Part757.Rotation = Vector3.new(-45.029998779296875, -51.22999954223633, -25.239999771118164)
Part757.Transparency = 1
Part757.Size = Vector3.new(1.3500009775161743, 26.749998092651367, 1.5)
Part757.Anchored = true
Part757.Material = Enum.Material.Fabric
Part758.Name = "Tree_Collision"
Part758.Parent = Model748
Part758.CFrame = CFrame.new(1770.11316, 253.05513, 2547.12891, 0.435964555, -0.107355982, -0.89353776, 0.108498558, 0.991887629, -0.0662350878, 0.893399656, -0.0680714026, 0.444075823)
Part758.Orientation = Vector3.new(3.799999952316284, -63.56999969482422, 6.239999771118164)
Part758.Position = Vector3.new(1770.1131591796875, 253.0551300048828, 2547.12890625)
Part758.Rotation = Vector3.new(8.479999542236328, -63.31999969482422, 13.829999923706055)
Part758.Transparency = 1
Part758.Size = Vector3.new(1.3500009775161743, 22.749998092651367, 1.5)
Part758.Anchored = true
Part758.Material = Enum.Material.Fabric
Part759.Name = "Tree_Collision"
Part759.Parent = Model748
Part759.CFrame = CFrame.new(1798.65283, 250.479797, 2568.84082, 0.435536444, 0.318498492, -0.841948032, -0.150332794, 0.947918952, 0.280819148, 0.887534618, 0.00426545739, 0.460731089)
Part759.Orientation = Vector3.new(-16.309999465942383, -61.310001373291016, -9.010000228881836)
Part759.Position = Vector3.new(1798.65283203125, 250.47979736328125, 2568.8408203125)
Part759.Rotation = Vector3.new(-31.360000610351562, -57.349998474121094, -36.18000030517578)
Part759.Transparency = 1
Part759.Size = Vector3.new(1.3500009775161743, 23.749998092651367, 1.5)
Part759.Anchored = true
Part759.Material = Enum.Material.Fabric
Part760.Name = "Tree_Collision"
Part760.Parent = Model748
Part760.CFrame = CFrame.new(1799.75793, 250.042297, 2583.86401, 0.486594588, 0.162414089, -0.858403742, -0.169232309, 0.981484175, 0.0897702426, 0.857085764, 0.1015874, 0.505067647)
Part760.Orientation = Vector3.new(-5.150000095367432, -59.529998779296875, -9.779999732971191)
Part760.Position = Vector3.new(1799.7579345703125, 250.04229736328125, 2583.864013671875)
Part760.Rotation = Vector3.new(-10.079999923706055, -59.13999938964844, -18.459999084472656)
Part760.Transparency = 1
Part760.Size = Vector3.new(1.3500009775161743, 20.749998092651367, 1.5)
Part760.Anchored = true
Part760.Material = Enum.Material.Fabric
Part761.Name = "Tree_Collision"
Part761.Parent = Model748
Part761.CFrame = CFrame.new(1786.49268, 244.699966, 2510.73926, 0.545327187, -0.00274429144, -0.838224649, 0.257901907, 0.952040374, 0.16466707, 0.797568023, -0.305975735, 0.51987803)
Part761.Orientation = Vector3.new(-9.479999542236328, -58.189998626708984, 15.15999984741211)
Part761.Position = Vector3.new(1786.49267578125, 244.69996643066406, 2510.7392578125)
Part761.Rotation = Vector3.new(-17.579999923706055, -56.95000076293945, 0.28999999165534973)
Part761.Transparency = 1
Part761.Size = Vector3.new(1.3500009775161743, 22.749998092651367, 1.5)
Part761.Anchored = true
Part761.Material = Enum.Material.Fabric
Part762.Name = "Tree_Collision"
Part762.Parent = Model748
Part762.CFrame = CFrame.new(1810.01221, 243.731018, 2536.74414, 0.44638595, 0.523448527, -0.725776196, -0.117160268, 0.838272452, 0.532524467, 0.887143016, -0.152678341, 0.435517758)
Part762.Orientation = Vector3.new(-32.18000030517578, -59.029998779296875, -7.960000038146973)
Part762.Position = Vector3.new(1810.01220703125, 243.73101806640625, 2536.744140625)
Part762.Rotation = Vector3.new(-50.720001220703125, -46.529998779296875, -49.540000915527344)
Part762.Transparency = 1
Part762.Size = Vector3.new(1.3500009775161743, 23.749998092651367, 1.5)
Part762.Anchored = true
Part762.Material = Enum.Material.Fabric
Part763.Name = "Tree_Collision"
Part763.Parent = Model748
Part763.CFrame = CFrame.new(1804.15613, 246.078674, 2549.01953, 0.451607108, 0.295269042, -0.84194833, -0.100516103, 0.954487324, 0.280820668, 0.886542261, -0.042190969, 0.460729718)
Part763.Orientation = Vector3.new(-16.309999465942383, -61.310001373291016, -6.010000228881836)
Part763.Position = Vector3.new(1804.1561279296875, 246.07867431640625, 2549.01953125)
Part763.Rotation = Vector3.new(-31.360000610351562, -57.349998474121094, -33.18000030517578)
Part763.Transparency = 1
Part763.Size = Vector3.new(1.3500009775161743, 23.749998092651367, 1.5)
Part763.Anchored = true
Part763.Material = Enum.Material.Fabric
Part764.Name = "Tree_Collision"
Part764.Parent = Model748
Part764.CFrame = CFrame.new(1770.8562, 248.22316, 2511.29517, 0.53651309, 0.127013803, -0.834284604, 0.158417106, 0.955880046, 0.247400701, 0.828895211, -0.264897376, 0.492718101)
Part764.Orientation = Vector3.new(-14.319999694824219, -59.43000030517578, 9.40999984741211)
Part764.Position = Vector3.new(1770.856201171875, 248.22315979003906, 2511.295166015625)
Part764.Rotation = Vector3.new(-26.65999984741211, -56.540000915527344, -13.319999694824219)
Part764.Transparency = 1
Part764.Size = Vector3.new(1.3500009775161743, 22.749998092651367, 1.5)
Part764.Anchored = true
Part764.Material = Enum.Material.Fabric
Model765.Name = "?2"
Model765.Parent = Folder0
Part766.Name = "TreeMesh Bottom"
Part766.Parent = Model765
Part766.CFrame = CFrame.new(1736.00122, 234.544983, 2437.21826, -0.83246541, 0.210739419, -0.5124439, 0.243358552, 0.969932854, 0.00354396552, 0.497781187, -0.121756896, -0.858716011)
Part766.Orientation = Vector3.new(-0.20000000298023224, -149.1699981689453, 14.079999923706055)
Part766.Position = Vector3.new(1736.001220703125, 234.54498291015625, 2437.21826171875)
Part766.Rotation = Vector3.new(-179.75999450683594, -30.829999923706055, -165.7899932861328)
Part766.Size = Vector3.new(8.250000953674316, 0.2499980926513672, 7)
Part766.Anchored = true
Part766.CanCollide = false
Part766.Material = Enum.Material.Fabric
SpecialMesh767.Name = "BarkMesh"
SpecialMesh767.Parent = Part766
SpecialMesh767.MeshId = "rbxassetid://623621260"
SpecialMesh767.Offset = Vector3.new(0, 3.4100000858306885, 0)
SpecialMesh767.TextureId = "rbxassetid://623618671"
SpecialMesh767.MeshType = Enum.MeshType.FileMesh
Part768.Name = "TreeMeshTop"
Part768.Parent = Model765
Part768.CFrame = CFrame.new(1742.35352, 263.778503, 2433.54858, -0.83246541, 0.210739419, -0.5124439, 0.243358552, 0.969932854, 0.00354396552, 0.497781187, -0.121756896, -0.858716011)
Part768.Orientation = Vector3.new(-0.20000000298023224, -149.1699981689453, 14.079999923706055)
Part768.Position = Vector3.new(1742.353515625, 263.77850341796875, 2433.548583984375)
Part768.Rotation = Vector3.new(-179.75999450683594, -30.829999923706055, -165.7899932861328)
Part768.Transparency = 0.05000000074505806
Part768.Size = Vector3.new(8.250000953674316, 0.2499980926513672, 7)
Part768.Anchored = true
Part768.CanCollide = false
Part768.Material = Enum.Material.Fabric
SpecialMesh769.Name = "TopTreeMesh"
SpecialMesh769.Parent = Part768
SpecialMesh769.MeshId = "rbxassetid://623621456"
SpecialMesh769.Offset = Vector3.new(0, 3.4100000858306885, 0)
SpecialMesh769.Scale = Vector3.new(1.600000023841858, 1.600000023841858, 1.600000023841858)
SpecialMesh769.TextureId = "rbxassetid://745556120"
SpecialMesh769.MeshType = Enum.MeshType.FileMesh
Part770.Name = "Tree_Collision"
Part770.Parent = Model765
Part770.CFrame = CFrame.new(1737.44214, 246.948196, 2430.67554, -0.810671628, 0.237862676, -0.535015464, 0.336003333, 0.93732059, -0.0923976079, 0.479501337, -0.254669905, -0.839777291)
Part770.Orientation = Vector3.new(5.300000190734863, -147.5, 19.719999313354492)
Part770.Position = Vector3.new(1737.442138671875, 246.9481964111328, 2430.675537109375)
Part770.Rotation = Vector3.new(173.72000122070312, -32.34000015258789, -163.64999389648438)
Part770.Transparency = 1
Part770.Size = Vector3.new(1.3500009775161743, 26.749998092651367, 1.5)
Part770.Anchored = true
Part770.Material = Enum.Material.Fabric
Part771.Name = "Tree_Collision"
Part771.Parent = Model765
Part771.CFrame = CFrame.new(1728.12537, 247.329086, 2425.83374, -0.880738497, -0.0906503424, -0.464855552, -0.0609005243, 0.995042801, -0.078654401, 0.469679594, -0.0409637168, -0.88188827)
Part771.Orientation = Vector3.new(4.510000228881836, -152.2100067138672, -3.5)
Part771.Position = Vector3.new(1728.1253662109375, 247.32908630371094, 2425.833740234375)
Part771.Rotation = Vector3.new(174.89999389648438, -27.700000762939453, 174.1199951171875)
Part771.Transparency = 1
Part771.Size = Vector3.new(1.3500009775161743, 23.749998092651367, 1.5)
Part771.Anchored = true
Part771.Material = Enum.Material.Fabric
Part772.Name = "Tree_Collision"
Part772.Parent = Model765
Part772.CFrame = CFrame.new(1753.0592, 243.316696, 2424.93799, -0.806396246, 0.214038342, -0.551290393, 0.352311045, 0.922599375, -0.157140806, 0.474984139, -0.320941985, -0.819384158)
Part772.Orientation = Vector3.new(9.039999961853027, -146.07000732421875, 20.899999618530273)
Part772.Position = Vector3.new(1753.0592041015625, 243.3166961669922, 2424.93798828125)
Part772.Rotation = Vector3.new(169.13999938964844, -33.459999084472656, -165.1300048828125)
Part772.Transparency = 1
Part772.Size = Vector3.new(1.3500009775161743, 26.749998092651367, 1.5)
Part772.Anchored = true
Part772.Material = Enum.Material.Fabric
Part773.Name = "Tree_Collision"
Part773.Parent = Model765
Part773.CFrame = CFrame.new(1714.12048, 254.666824, 2462.49268, -0.835814893, 0.327136934, -0.440912068, 0.232514977, 0.938433349, 0.255509764, 0.497351319, 0.111039415, -0.860416174)
Part773.Orientation = Vector3.new(-14.800000190734863, -152.8699951171875, 13.920000076293945)
Part773.Position = Vector3.new(1714.1204833984375, 254.6668243408203, 2462.49267578125)
Part773.Rotation = Vector3.new(-163.4600067138672, -26.15999984741211, -158.6199951171875)
Part773.Transparency = 1
Part773.Size = Vector3.new(1.3500009775161743, 23.749998092651367, 1.5)
Part773.Anchored = true
Part773.Material = Enum.Material.Fabric
Part774.Name = "Tree_Collision"
Part774.Parent = Model765
Part774.CFrame = CFrame.new(1751.61609, 245.224533, 2442.60059, -0.755087495, 0.487266243, -0.438660622, 0.444691598, 0.872273028, 0.203457355, 0.481768012, -0.0414407626, -0.875320733)
Part774.Orientation = Vector3.new(-11.739999771118164, -153.3800048828125, 27.010000228881836)
Part774.Position = Vector3.new(1751.6160888671875, 245.2245330810547, 2442.6005859375)
Part774.Rotation = Vector3.new(-166.91000366210938, -26.020000457763672, -147.1699981689453)
Part774.Transparency = 1
Part774.Size = Vector3.new(1.3500009775161743, 26.749998092651367, 1.5)
Part774.Anchored = true
Part774.Material = Enum.Material.Fabric
Part775.Name = "Tree_Collision"
Part775.Parent = Model765
Part775.CFrame = CFrame.new(1735.00586, 243.990021, 2414.15161, -0.861134291, 0.144978404, -0.487275749, 0.327033818, 0.891813576, -0.312606752, 0.389236569, -0.428549916, -0.815379679)
Part775.Orientation = Vector3.new(18.219999313354492, -149.13999938964844, 20.139999389648438)
Part775.Position = Vector3.new(1735.005859375, 243.99002075195312, 2414.151611328125)
Part775.Rotation = Vector3.new(159.02000427246094, -29.15999984741211, -170.44000244140625)
Part775.Transparency = 1
Part775.Size = Vector3.new(1.3500009775161743, 22.749998092651367, 1.5)
Part775.Anchored = true
Part775.Material = Enum.Material.Fabric
Part776.Name = "Tree_Collision"
Part776.Parent = Model765
Part776.CFrame = CFrame.new(1714.44446, 252.88707, 2442.26929, -0.876701236, 0.0882375315, -0.472882062, 0.0828490257, 0.996042669, 0.0322598368, 0.473855615, -0.0108955353, -0.88053751)
Part776.Orientation = Vector3.new(-1.850000023841858, -151.75999450683594, 4.75)
Part776.Position = Vector3.new(1714.4444580078125, 252.88706970214844, 2442.269287109375)
Part776.Rotation = Vector3.new(-177.89999389648438, -28.219999313354492, -174.25)
Part776.Transparency = 1
Part776.Size = Vector3.new(1.3500009775161743, 23.749998092651367, 1.5)
Part776.Anchored = true
Part776.Material = Enum.Material.Fabric
Part777.Name = "Tree_Collision"
Part777.Parent = Model765
Part777.CFrame = CFrame.new(1699.50098, 254.227646, 2443.6792, -0.845680654, -0.0128125548, -0.533543706, 0.0789019912, 0.985727727, -0.148731887, 0.527832389, -0.167876422, -0.83259511)
Part777.Orientation = Vector3.new(8.550000190734863, -147.35000610351562, 4.579999923706055)
Part777.Position = Vector3.new(1699.5009765625, 254.22764587402344, 2443.67919921875)
Part777.Rotation = Vector3.new(169.8699951171875, -32.25, 179.1300048828125)
Part777.Transparency = 1
Part777.Size = Vector3.new(1.3500009775161743, 20.749998092651367, 1.5)
Part777.Anchored = true
Part777.Material = Enum.Material.Fabric
Part778.Name = "Tree_Collision"
Part778.Parent = Model765
Part778.CFrame = CFrame.new(1771.27258, 238.1008, 2431.82642, -0.748517036, 0.383185089, -0.541202545, 0.494376838, 0.86640209, -0.0703182966, 0.441952467, -0.320191026, -0.837949812)
Part778.Orientation = Vector3.new(4.03000020980835, -147.13999938964844, 29.709999084472656)
Part778.Position = Vector3.new(1771.2725830078125, 238.10079956054688, 2431.826416015625)
Part778.Rotation = Vector3.new(175.1999969482422, -32.77000045776367, -152.88999938964844)
Part778.Transparency = 1
Part778.Size = Vector3.new(1.3500009775161743, 22.749998092651367, 1.5)
Part778.Anchored = true
Part778.Material = Enum.Material.Fabric
Part779.Name = "Tree_Collision"
Part779.Parent = Model765
Part779.CFrame = CFrame.new(1746.34607, 247.269623, 2454.73975, -0.873087704, 0.244530424, -0.421818972, 0.117560133, 0.945197642, 0.304608911, 0.473186702, 0.216359973, -0.853982866)
Part779.Orientation = Vector3.new(-17.729999542236328, -153.7100067138672, 7.090000152587891)
Part779.Position = Vector3.new(1746.3460693359375, 247.26962280273438, 2454.73974609375)
Part779.Rotation = Vector3.new(-160.3699951171875, -24.950000762939453, -164.35000610351562)
Part779.Transparency = 1
Part779.Size = Vector3.new(1.3500009775161743, 23.749998092651367, 1.5)
Part779.Anchored = true
Part779.Material = Enum.Material.Fabric
Part780.Name = "Tree_Collision"
Part780.Parent = Model765
Part780.CFrame = CFrame.new(1734.05872, 248.705353, 2448.61963, -0.870882928, 0.133999601, -0.472880185, 0.134864122, 0.990341544, 0.0322600305, 0.472634137, -0.0356797427, -0.880538464)
Part780.Orientation = Vector3.new(-1.850000023841858, -151.75999450683594, 7.75)
Part780.Position = Vector3.new(1734.0587158203125, 248.70535278320312, 2448.61962890625)
Part780.Rotation = Vector3.new(-177.89999389648438, -28.219999313354492, -171.25)
Part780.Transparency = 1
Part780.Size = Vector3.new(1.3500009775161743, 23.749998092651367, 1.5)
Part780.Anchored = true
Part780.Material = Enum.Material.Fabric
Part781.Name = "Tree_Collision"
Part781.Parent = Model765
Part781.CFrame = CFrame.new(1770.31555, 236.366913, 2415.91187, -0.788319945, 0.348366946, -0.507149696, 0.400811762, 0.916141927, 0.0062827915, 0.46680814, -0.198317945, -0.861837685)
Part781.Orientation = Vector3.new(-0.36000001430511475, -149.52999877929688, 23.6299991607666)
Part781.Position = Vector3.new(1770.3155517578125, 236.36691284179688, 2415.911865234375)
Part781.Rotation = Vector3.new(-179.5800018310547, -30.469999313354492, -156.16000366210938)
Part781.Transparency = 1
Part781.Size = Vector3.new(1.3500009775161743, 22.749998092651367, 1.5)
Part781.Anchored = true
Part781.Material = Enum.Material.Fabric
Model782.Name = "?2"
Model782.Parent = Folder0
Part783.Name = "TreeMesh Bottom"
Part783.Parent = Model782
Part783.CFrame = CFrame.new(1707.8916, 237.226715, 2409.92871, 0.512444794, 0.210739642, -0.83246541, -0.00354338437, 0.96993494, 0.243358642, 0.858718455, -0.121757507, 0.497781903)
Part783.Orientation = Vector3.new(-14.079999923706055, -59.119998931884766, -0.20999999344348907)
Part783.Position = Vector3.new(1707.8916015625, 237.22671508789062, 2409.9287109375)
Part783.Rotation = Vector3.new(-26.049999237060547, -56.349998474121094, -22.350000381469727)
Part783.Size = Vector3.new(8.250000953674316, 0.2499980926513672, 7)
Part783.Anchored = true
Part783.CanCollide = false
Part783.Material = Enum.Material.Fabric
SpecialMesh784.Name = "BarkMesh"
SpecialMesh784.Parent = Part783
SpecialMesh784.MeshId = "rbxassetid://623621260"
SpecialMesh784.Offset = Vector3.new(0, 3.4100000858306885, 0)
SpecialMesh784.TextureId = "rbxassetid://623618671"
SpecialMesh784.MeshType = Enum.MeshType.FileMesh
Part785.Name = "TreeMeshTop"
Part785.Parent = Model782
Part785.CFrame = CFrame.new(1714.24377, 266.460236, 2406.25806, 0.512444794, 0.210739642, -0.83246541, -0.00354338437, 0.96993494, 0.243358642, 0.858718455, -0.121757507, 0.497781903)
Part785.Orientation = Vector3.new(-14.079999923706055, -59.119998931884766, -0.20999999344348907)
Part785.Position = Vector3.new(1714.2437744140625, 266.4602355957031, 2406.258056640625)
Part785.Rotation = Vector3.new(-26.049999237060547, -56.349998474121094, -22.350000381469727)
Part785.Transparency = 0.05000000074505806
Part785.Size = Vector3.new(8.250000953674316, 0.2499980926513672, 7)
Part785.Anchored = true
Part785.CanCollide = false
Part785.Material = Enum.Material.Fabric
SpecialMesh786.Name = "TopTreeMesh"
SpecialMesh786.Parent = Part785
SpecialMesh786.MeshId = "rbxassetid://623621456"
SpecialMesh786.Offset = Vector3.new(0, 3.4100000858306885, 0)
SpecialMesh786.Scale = Vector3.new(1.600000023841858, 1.600000023841858, 1.600000023841858)
SpecialMesh786.TextureId = "rbxassetid://745556120"
SpecialMesh786.MeshType = Enum.MeshType.FileMesh
Part787.Name = "Tree_Collision"
Part787.Parent = Model782
Part787.CFrame = CFrame.new(1705.82251, 251.165756, 2409.54517, 0.526368141, 0.0758004859, -0.846876979, 0.0914267451, 0.985202432, 0.145006508, 0.845332801, -0.153753281, 0.511645973)
Part787.Orientation = Vector3.new(-8.34000015258789, -58.86000061035156, 5.300000190734863)
Part787.Position = Vector3.new(1705.822509765625, 251.16575622558594, 2409.545166015625)
Part787.Rotation = Vector3.new(-15.819999694824219, -57.869998931884766, -8.1899995803833)
Part787.Transparency = 1
Part787.Size = Vector3.new(1.3500009775161743, 26.749998092651367, 1.5)
Part787.Anchored = true
Part787.Material = Enum.Material.Fabric
Part788.Name = "Tree_Collision"
Part788.Parent = Model782
Part788.CFrame = CFrame.new(1700.9613, 252.346313, 2418.7854, 0.384527951, 0.281835467, -0.879043043, -0.284528613, 0.942081451, 0.177582368, 0.87817508, 0.181826562, 0.442444026)
Part788.Orientation = Vector3.new(-10.229999542236328, -63.279998779296875, -16.809999465942383)
Part788.Position = Vector3.new(1700.9613037109375, 252.3463134765625, 2418.785400390625)
Part788.Rotation = Vector3.new(-21.8700008392334, -61.529998779296875, -36.2400016784668)
Part788.Transparency = 1
Part788.Size = Vector3.new(1.3500009775161743, 23.749998092651367, 1.5)
Part788.Anchored = true
Part788.Material = Enum.Material.Fabric
Part789.Name = "Tree_Collision"
Part789.Parent = Model782
Part789.CFrame = CFrame.new(1699.91443, 250.926697, 2393.57568, 0.527608812, 0.0073638414, -0.849455535, 0.108606443, 0.991171598, 0.0760493577, 0.842516243, -0.132380664, 0.522151113)
Part789.Orientation = Vector3.new(-4.360000133514404, -58.41999816894531, 6.25)
Part789.Position = Vector3.new(1699.9144287109375, 250.92669677734375, 2393.57568359375)
Part789.Rotation = Vector3.new(-8.289999961853027, -58.150001525878906, -0.800000011920929)
Part789.Transparency = 1
Part789.Size = Vector3.new(1.3500009775161743, 26.749998092651367, 1.5)
Part789.Anchored = true
Part789.Material = Enum.Material.Fabric
Part790.Name = "Tree_Collision"
Part790.Parent = Model782
Part790.CFrame = CFrame.new(1737.34875, 246.03714, 2433.95068, 0.508350313, 0.425456583, -0.748710036, -0.0138798198, 0.873365104, 0.486868262, 0.861038566, -0.237107649, 0.44988063)
Part790.Orientation = Vector3.new(-29.1299991607666, -59, -0.9100000262260437)
Part790.Position = Vector3.new(1737.3487548828125, 246.03713989257812, 2433.95068359375)
Part790.Rotation = Vector3.new(-47.2599983215332, -48.47999954223633, -39.93000030517578)
Part790.Transparency = 1
Part790.Size = Vector3.new(1.3500009775161743, 23.749998092651367, 1.5)
Part790.Anchored = true
Part790.Material = Enum.Material.Fabric
Part791.Name = "Tree_Collision"
Part791.Parent = Model782
Part791.CFrame = CFrame.new(1717.15027, 246.794296, 2395.45117, 0.566423833, 0.267007291, -0.77966094, 0.197523832, 0.874498069, 0.442986935, 0.800092697, -0.404920012, 0.442596227)
Part791.Orientation = Vector3.new(-26.290000915527344, -60.41999816894531, 12.729999542236328)
Part791.Position = Vector3.new(1717.1502685546875, 246.79429626464844, 2395.451171875)
Part791.Rotation = Vector3.new(-45.029998779296875, -51.22999954223633, -25.239999771118164)
Part791.Transparency = 1
Part791.Size = Vector3.new(1.3500009775161743, 26.749998092651367, 1.5)
Part791.Anchored = true
Part791.Material = Enum.Material.Fabric
Part792.Name = "Tree_Collision"
Part792.Parent = Model782
Part792.CFrame = CFrame.new(1689.14709, 253.615021, 2411.4519, 0.435964555, -0.107355982, -0.89353776, 0.108498558, 0.991887629, -0.0662350878, 0.893399656, -0.0680714026, 0.444075823)
Part792.Orientation = Vector3.new(3.799999952316284, -63.56999969482422, 6.239999771118164)
Part792.Position = Vector3.new(1689.1470947265625, 253.61502075195312, 2411.451904296875)
Part792.Rotation = Vector3.new(8.479999542236328, -63.31999969482422, 13.829999923706055)
Part792.Transparency = 1
Part792.Size = Vector3.new(1.3500009775161743, 22.749998092651367, 1.5)
Part792.Anchored = true
Part792.Material = Enum.Material.Fabric
Part793.Name = "Tree_Collision"
Part793.Parent = Model782
Part793.CFrame = CFrame.new(1717.68665, 251.039627, 2433.16357, 0.435536444, 0.318498492, -0.841948032, -0.150332794, 0.947918952, 0.280819148, 0.887534618, 0.00426545739, 0.460731089)
Part793.Orientation = Vector3.new(-16.309999465942383, -61.310001373291016, -9.010000228881836)
Part793.Position = Vector3.new(1717.6866455078125, 251.0396270751953, 2433.16357421875)
Part793.Rotation = Vector3.new(-31.360000610351562, -57.349998474121094, -36.18000030517578)
Part793.Transparency = 1
Part793.Size = Vector3.new(1.3500009775161743, 23.749998092651367, 1.5)
Part793.Anchored = true
Part793.Material = Enum.Material.Fabric
Part794.Name = "Tree_Collision"
Part794.Parent = Model782
Part794.CFrame = CFrame.new(1718.79187, 250.602188, 2448.18652, 0.486594588, 0.162414089, -0.858403742, -0.169232309, 0.981484175, 0.0897702426, 0.857085764, 0.1015874, 0.505067647)
Part794.Orientation = Vector3.new(-5.150000095367432, -59.529998779296875, -9.779999732971191)
Part794.Position = Vector3.new(1718.7918701171875, 250.60218811035156, 2448.1865234375)
Part794.Rotation = Vector3.new(-10.079999923706055, -59.13999938964844, -18.459999084472656)
Part794.Transparency = 1
Part794.Size = Vector3.new(1.3500009775161743, 20.749998092651367, 1.5)
Part794.Anchored = true
Part794.Material = Enum.Material.Fabric
Part795.Name = "Tree_Collision"
Part795.Parent = Model782
Part795.CFrame = CFrame.new(1705.52661, 245.259827, 2375.06201, 0.545327187, -0.00274429144, -0.838224649, 0.257901907, 0.952040374, 0.16466707, 0.797568023, -0.305975735, 0.51987803)
Part795.Orientation = Vector3.new(-9.479999542236328, -58.189998626708984, 15.15999984741211)
Part795.Position = Vector3.new(1705.526611328125, 245.25982666015625, 2375.06201171875)
Part795.Rotation = Vector3.new(-17.579999923706055, -56.95000076293945, 0.28999999165534973)
Part795.Transparency = 1
Part795.Size = Vector3.new(1.3500009775161743, 22.749998092651367, 1.5)
Part795.Anchored = true
Part795.Material = Enum.Material.Fabric
Part796.Name = "Tree_Collision"
Part796.Parent = Model782
Part796.CFrame = CFrame.new(1729.0459, 244.290878, 2401.06714, 0.44638595, 0.523448527, -0.725776196, -0.117160268, 0.838272452, 0.532524467, 0.887143016, -0.152678341, 0.435517758)
Part796.Orientation = Vector3.new(-32.18000030517578, -59.029998779296875, -7.960000038146973)
Part796.Position = Vector3.new(1729.0458984375, 244.29087829589844, 2401.067138671875)
Part796.Rotation = Vector3.new(-50.720001220703125, -46.529998779296875, -49.540000915527344)
Part796.Transparency = 1
Part796.Size = Vector3.new(1.3500009775161743, 23.749998092651367, 1.5)
Part796.Anchored = true
Part796.Material = Enum.Material.Fabric
Part797.Name = "Tree_Collision"
Part797.Parent = Model782
Part797.CFrame = CFrame.new(1723.18994, 246.638565, 2413.34253, 0.451607108, 0.295269042, -0.84194833, -0.100516103, 0.954487324, 0.280820668, 0.886542261, -0.042190969, 0.460729718)
Part797.Orientation = Vector3.new(-16.309999465942383, -61.310001373291016, -6.010000228881836)
Part797.Position = Vector3.new(1723.18994140625, 246.63856506347656, 2413.342529296875)
Part797.Rotation = Vector3.new(-31.360000610351562, -57.349998474121094, -33.18000030517578)
Part797.Transparency = 1
Part797.Size = Vector3.new(1.3500009775161743, 23.749998092651367, 1.5)
Part797.Anchored = true
Part797.Material = Enum.Material.Fabric
Part798.Name = "Tree_Collision"
Part798.Parent = Model782
Part798.CFrame = CFrame.new(1689.89001, 248.783035, 2375.61792, 0.53651309, 0.127013803, -0.834284604, 0.158417106, 0.955880046, 0.247400701, 0.828895211, -0.264897376, 0.492718101)
Part798.Orientation = Vector3.new(-14.319999694824219, -59.43000030517578, 9.40999984741211)
Part798.Position = Vector3.new(1689.8900146484375, 248.7830352783203, 2375.617919921875)
Part798.Rotation = Vector3.new(-26.65999984741211, -56.540000915527344, -13.319999694824219)
Part798.Transparency = 1
Part798.Size = Vector3.new(1.3500009775161743, 22.749998092651367, 1.5)
Part798.Anchored = true
Part798.Material = Enum.Material.Fabric
Model799.Name = "?2"
Model799.Parent = Folder0
Part800.Name = "TreeMesh Bottom"
Part800.Parent = Model799
Part800.CFrame = CFrame.new(1747.43835, 237.998444, 2489.40161, -0.832466006, 0.210738823, -0.512444556, 0.243358374, 0.969933569, 0.00354325771, 0.497781754, -0.121757507, -0.858716011)
Part800.Orientation = Vector3.new(-0.20000000298023224, -149.1699981689453, 14.079999923706055)
Part800.Position = Vector3.new(1747.4383544921875, 237.99844360351562, 2489.401611328125)
Part800.Rotation = Vector3.new(-179.75999450683594, -30.829999923706055, -165.7899932861328)
Part800.Size = Vector3.new(8.250000953674316, 0.2499980926513672, 7)
Part800.Anchored = true
Part800.CanCollide = false
Part800.Material = Enum.Material.Fabric
SpecialMesh801.Name = "BarkMesh"
SpecialMesh801.Parent = Part800
SpecialMesh801.MeshId = "rbxassetid://623621260"
SpecialMesh801.Offset = Vector3.new(0, 3.4100000858306885, 0)
SpecialMesh801.TextureId = "rbxassetid://623618671"
SpecialMesh801.MeshType = Enum.MeshType.FileMesh
Part802.Name = "TreeMeshTop"
Part802.Parent = Model799
Part802.CFrame = CFrame.new(1753.79114, 267.231934, 2485.73218, -0.832466006, 0.210738823, -0.512444556, 0.243358374, 0.969933569, 0.00354325771, 0.497781754, -0.121757507, -0.858716011)
Part802.Orientation = Vector3.new(-0.20000000298023224, -149.1699981689453, 14.079999923706055)
Part802.Position = Vector3.new(1753.7911376953125, 267.23193359375, 2485.732177734375)
Part802.Rotation = Vector3.new(-179.75999450683594, -30.829999923706055, -165.7899932861328)
Part802.Transparency = 0.05000000074505806
Part802.Size = Vector3.new(8.250000953674316, 0.2499980926513672, 7)
Part802.Anchored = true
Part802.CanCollide = false
Part802.Material = Enum.Material.Fabric
SpecialMesh803.Name = "TopTreeMesh"
SpecialMesh803.Parent = Part802
SpecialMesh803.MeshId = "rbxassetid://623621456"
SpecialMesh803.Offset = Vector3.new(0, 3.4100000858306885, 0)
SpecialMesh803.Scale = Vector3.new(1.600000023841858, 1.600000023841858, 1.600000023841858)
SpecialMesh803.TextureId = "rbxassetid://745556120"
SpecialMesh803.MeshType = Enum.MeshType.FileMesh
Part804.Name = "Tree_Collision"
Part804.Parent = Model799
Part804.CFrame = CFrame.new(1748.88013, 250.401443, 2482.85889, -0.810672283, 0.237863421, -0.535015345, 0.336004436, 0.937321007, -0.092398189, 0.47950086, -0.254670888, -0.839777529)
Part804.Orientation = Vector3.new(5.300000190734863, -147.5, 19.719999313354492)
Part804.Position = Vector3.new(1748.880126953125, 250.4014434814453, 2482.85888671875)
Part804.Rotation = Vector3.new(173.72000122070312, -32.34000015258789, -163.64999389648438)
Part804.Transparency = 1
Part804.Size = Vector3.new(1.3500009775161743, 26.749998092651367, 1.5)
Part804.Anchored = true
Part804.Material = Enum.Material.Fabric
Part805.Name = "Tree_Collision"
Part805.Parent = Model799
Part805.CFrame = CFrame.new(1739.56274, 250.782471, 2478.01709, -0.88073957, -0.0906504616, -0.464855254, -0.0609006919, 0.995043457, -0.0786542147, 0.469679236, -0.0409635231, -0.881888807)
Part805.Orientation = Vector3.new(4.510000228881836, -152.2100067138672, -3.5)
Part805.Position = Vector3.new(1739.562744140625, 250.782470703125, 2478.01708984375)
Part805.Rotation = Vector3.new(174.89999389648438, -27.700000762939453, 174.1199951171875)
Part805.Transparency = 1
Part805.Size = Vector3.new(1.3500009775161743, 23.749998092651367, 1.5)
Part805.Anchored = true
Part805.Material = Enum.Material.Fabric
Part806.Name = "Tree_Collision"
Part806.Parent = Model799
Part806.CFrame = CFrame.new(1764.49707, 246.770035, 2477.12109, -0.8063972, 0.214039236, -0.551290035, 0.352311492, 0.922599912, -0.15714018, 0.474983871, -0.320941508, -0.819384813)
Part806.Orientation = Vector3.new(9.039999961853027, -146.07000732421875, 20.899999618530273)
Part806.Position = Vector3.new(1764.4970703125, 246.77003479003906, 2477.12109375)
Part806.Rotation = Vector3.new(169.13999938964844, -33.459999084472656, -165.1300048828125)
Part806.Transparency = 1
Part806.Size = Vector3.new(1.3500009775161743, 26.749998092651367, 1.5)
Part806.Anchored = true
Part806.Material = Enum.Material.Fabric
Part807.Name = "Tree_Collision"
Part807.Parent = Model799
Part807.CFrame = CFrame.new(1725.55835, 258.120026, 2514.67554, -0.835815787, 0.327137202, -0.440911978, 0.232515484, 0.938434064, 0.255509555, 0.497351199, 0.111038983, -0.860416532)
Part807.Orientation = Vector3.new(-14.800000190734863, -152.8699951171875, 13.920000076293945)
Part807.Position = Vector3.new(1725.558349609375, 258.1200256347656, 2514.675537109375)
Part807.Rotation = Vector3.new(-163.4600067138672, -26.15999984741211, -158.6199951171875)
Part807.Transparency = 1
Part807.Size = Vector3.new(1.3500009775161743, 23.749998092651367, 1.5)
Part807.Anchored = true
Part807.Material = Enum.Material.Fabric
Part808.Name = "Tree_Collision"
Part808.Parent = Model799
Part808.CFrame = CFrame.new(1763.05396, 248.67775, 2494.7832, -0.755087733, 0.487267077, -0.438660711, 0.444692403, 0.872273326, 0.203457639, 0.481768221, -0.0414410159, -0.875320911)
Part808.Orientation = Vector3.new(-11.739999771118164, -153.3800048828125, 27.010000228881836)
Part808.Position = Vector3.new(1763.053955078125, 248.67774963378906, 2494.783203125)
Part808.Rotation = Vector3.new(-166.91000366210938, -26.020000457763672, -147.1699981689453)
Part808.Transparency = 1
Part808.Size = Vector3.new(1.3500009775161743, 26.749998092651367, 1.5)
Part808.Anchored = true
Part808.Material = Enum.Material.Fabric
Part809.Name = "Tree_Collision"
Part809.Parent = Model799
Part809.CFrame = CFrame.new(1746.44373, 247.44339, 2466.33521, -0.861135006, 0.144978389, -0.487275839, 0.327033997, 0.891813934, -0.312607408, 0.389236569, -0.428550452, -0.81537962)
Part809.Orientation = Vector3.new(18.219999313354492, -149.13999938964844, 20.139999389648438)
Part809.Position = Vector3.new(1746.4437255859375, 247.44338989257812, 2466.335205078125)
Part809.Rotation = Vector3.new(159.02000427246094, -29.15999984741211, -170.44000244140625)
Part809.Transparency = 1
Part809.Size = Vector3.new(1.3500009775161743, 22.749998092651367, 1.5)
Part809.Anchored = true
Part809.Material = Enum.Material.Fabric
Part810.Name = "Tree_Collision"
Part810.Parent = Model799
Part810.CFrame = CFrame.new(1725.88245, 256.340363, 2494.45239, -0.876701951, 0.0882378668, -0.47288233, 0.08284951, 0.996043265, 0.0322597623, 0.473855883, -0.0108959004, -0.880537629)
Part810.Orientation = Vector3.new(-1.850000023841858, -151.75999450683594, 4.75)
Part810.Position = Vector3.new(1725.8824462890625, 256.3403625488281, 2494.452392578125)
Part810.Rotation = Vector3.new(-177.89999389648438, -28.219999313354492, -174.25)
Part810.Transparency = 1
Part810.Size = Vector3.new(1.3500009775161743, 23.749998092651367, 1.5)
Part810.Anchored = true
