Model512.Name = "茂み"
Model512.Parent = Folder0
Part513.Name = "TreeMesh Bottom"
Part513.Parent = Model512
Part513.CFrame = CFrame.new(2040.87793, 155.822876, 2529.98145, 0.874465764, 0.080008328, -0.478443593, 0.0715985, 0.954213202, 0.290432245, 0.479774147, -0.288228899, 0.828698337)
Part513.Orientation = Vector3.new(-16.8799991607666, -30, 4.289999961853027)
Part513.Position = Vector3.new(2040.8779296875, 155.8228759765625, 2529.9814453125)
Part513.Rotation = Vector3.new(-19.309999465942383, -28.579999923706055, -5.230000019073486)
Part513.Size = Vector3.new(8.250000953674316, 0.2499980926513672, 7)
Part513.Anchored = true
Part513.CanCollide = false
Part513.Material = Enum.Material.Fabric
SpecialMesh514.Name = "BarkMesh"
SpecialMesh514.Parent = Part513
SpecialMesh514.MeshId = "rbxassetid://623621260"
SpecialMesh514.Offset = Vector3.new(0, 3.4100000858306885, 0)
SpecialMesh514.TextureId = "rbxassetid://623618671"
SpecialMesh514.MeshType = Enum.MeshType.FileMesh
Part515.Name = "TreeMeshTop"
Part515.Parent = Model512
Part515.CFrame = CFrame.new(2043.28931, 184.582367, 2521.29321, 0.874465764, 0.080008328, -0.478443593, 0.0715985, 0.954213202, 0.290432245, 0.479774147, -0.288228899, 0.828698337)
Part515.Orientation = Vector3.new(-16.8799991607666, -30, 4.289999961853027)
Part515.Position = Vector3.new(2043.289306640625, 184.58236694335938, 2521.293212890625)
Part515.Rotation = Vector3.new(-19.309999465942383, -28.579999923706055, -5.230000019073486)
Part515.Transparency = 0.05000000074505806
Part515.Size = Vector3.new(8.250000953674316, 0.2499980926513672, 7)
Part515.Anchored = true
Part515.CanCollide = false
Part515.Material = Enum.Material.Fabric
SpecialMesh516.Name = "TopTreeMesh"
SpecialMesh516.Parent = Part515
SpecialMesh516.MeshId = "rbxassetid://623621456"
SpecialMesh516.Offset = Vector3.new(0, 3.4100000858306885, 0)
SpecialMesh516.Scale = Vector3.new(1.600000023841858, 1.600000023841858, 1.600000023841858)
SpecialMesh516.TextureId = "rbxassetid://745556120"
SpecialMesh516.MeshType = Enum.MeshType.FileMesh
Part517.Name = "Tree_Collision"
Part517.Parent = Model512
Part517.CFrame = CFrame.new(2038.31567, 169.679199, 2529.58691, 0.875769913, -0.0532117523, -0.479786932, 0.164922327, 0.967082977, 0.19378154, 0.453682274, -0.248835653, 0.855717897)
Part517.Orientation = Vector3.new(-11.170000076293945, -29.280000686645508, 9.680000305175781)
Part517.Position = Vector3.new(2038.315673828125, 169.67919921875, 2529.5869140625)
Part517.Rotation = Vector3.new(-12.760000228881836, -28.670000076293945, 3.4800000190734863)
Part517.Transparency = 1
Part517.Size = Vector3.new(1.3500009775161743, 26.749998092651367, 1.5)
Part517.Anchored = true
Part517.Material = Enum.Material.Fabric
Part518.Name = "Tree_Collision"
Part518.Parent = Model512
Part518.CFrame = CFrame.new(2038.71606, 171.704681, 2539.88916, 0.785611749, 0.295250833, -0.543729007, -0.205980107, 0.953474104, 0.22013478, 0.583426535, -0.0609431118, 0.809876204)
Part518.Orientation = Vector3.new(-12.720000267028809, -33.880001068115234, -12.1899995803833)
Part518.Position = Vector3.new(2038.716064453125, 171.70468139648438, 2539.88916015625)
Part518.Rotation = Vector3.new(-15.210000038146973, -32.939998626708984, -20.600000381469727)
Part518.Transparency = 1
Part518.Size = Vector3.new(1.3500009775161743, 23.749998092651367, 1.5)
Part518.Anchored = true
Part518.Material = Enum.Material.Fabric
Part519.Name = "Tree_Collision"
Part519.Parent = Model512
Part519.CFrame = CFrame.new(2025.19092, 168.029327, 2518.8606, 0.874708295, -0.101790138, -0.473839879, 0.181774765, 0.97522682, 0.126058251, 0.449269831, -0.196396336, 0.871541798)
Part519.Orientation = Vector3.new(-7.239999771118164, -28.530000686645508, 10.5600004196167)
Part519.Position = Vector3.new(2025.19091796875, 168.02932739257812, 2518.860595703125)
Part519.Rotation = Vector3.new(-8.229999542236328, -28.280000686645508, 6.639999866485596)
Part519.Transparency = 1
Part519.Size = Vector3.new(1.3500009775161743, 26.749998092651367, 1.5)
Part519.Anchored = true
Part519.Material = Enum.Material.Fabric
Part520.Name = "Tree_Collision"
Part520.Parent = Model512
Part520.CFrame = CFrame.new(2078.02222, 166.638702, 2535.06152, 0.872535825, 0.211393103, -0.440447837, 0.0615294427, 0.846813321, 0.528319418, 0.484660178, -0.488078088, 0.725868046)
Part520.Orientation = Vector3.new(-31.889999389648438, -31.25, 4.159999847412109)
Part520.Position = Vector3.new(2078.022216796875, 166.63870239257812, 2535.0615234375)
Part520.Rotation = Vector3.new(-36.04999923706055, -26.1299991607666, -13.619999885559082)
Part520.Transparency = 1
Part520.Size = Vector3.new(1.3500009775161743, 23.749998092651367, 1.5)
Part520.Anchored = true
Part520.Material = Enum.Material.Fabric
Part521.Name = "Tree_Collision"
Part521.Parent = Model512
Part521.CFrame = CFrame.new(2041.18701, 164.013397, 2512.10181, 0.883148253, -0.00984525587, -0.468990773, 0.266361952, 0.833494902, 0.484084398, 0.386135459, -0.55243957, 0.738721907)
Part521.Orientation = Vector3.new(-28.950000762939453, -32.40999984741211, 17.719999313354492)
Part521.Position = Vector3.new(2041.18701171875, 164.01339721679688, 2512.101806640625)
Part521.Rotation = Vector3.new(-33.2400016784668, -27.969999313354492, 0.6399999856948853)
Part521.Transparency = 1
Part521.Size = Vector3.new(1.3500009775161743, 26.749998092651367, 1.5)
Part521.Anchored = true
Part521.Material = Enum.Material.Fabric
Part522.Name = "Tree_Collision"
Part522.Parent = Model512
Part522.CFrame = CFrame.new(2024.77539, 172.356537, 2539.44751, 0.821195483, -0.168506652, -0.545200408, 0.186606988, 0.982177198, -0.0224918108, 0.539273381, -0.0832680389, 0.838003993)
Part522.Orientation = Vector3.new(1.2899999618530273, -33.04999923706055, 10.760000228881836)
Part522.Position = Vector3.new(2024.775390625, 172.35653686523438, 2539.447509765625)
Part522.Rotation = Vector3.new(1.5399999618530273, -33.040000915527344, 11.600000381469727)
Part522.Transparency = 1
Part522.Size = Vector3.new(1.3500009775161743, 22.749998092651367, 1.5)
Part522.Anchored = true
Part522.Material = Enum.Material.Fabric
Part523.Name = "Tree_Collision"
Part523.Parent = Model512
Part523.CFrame = CFrame.new(2060.44238, 171.628754, 2543.91089, 0.828724861, 0.237343118, -0.506836653, -0.0716945305, 0.94318223, 0.324449211, 0.555045128, -0.232541725, 0.798654675)
Part523.Orientation = Vector3.new(-18.93000030517578, -32.400001525878906, -4.349999904632568)
Part523.Position = Vector3.new(2060.4423828125, 171.62875366210938, 2543.910888671875)
Part523.Rotation = Vector3.new(-22.110000610351562, -30.450000762939453, -15.979999542236328)
Part523.Transparency = 1
Part523.Size = Vector3.new(1.3500009775161743, 23.749998092651367, 1.5)
Part523.Anchored = true
Part523.Material = Enum.Material.Fabric
Part524.Name = "Tree_Collision"
Part524.Parent = Model512
Part524.CFrame = CFrame.new(2068.97192, 172.538879, 2556.30151, 0.858277023, 0.150147781, -0.490730315, -0.0934575573, 0.985981762, 0.138223574, 0.504605055, -0.0727716684, 0.860277951)
Part524.Orientation = Vector3.new(-7.949999809265137, -29.700000762939453, -5.409999847412109)
Part524.Position = Vector3.new(2068.971923828125, 172.53887939453125, 2556.301513671875)
Part524.Rotation = Vector3.new(-9.130000114440918, -29.389999389648438, -9.920000076293945)
Part524.Transparency = 1
Part524.Size = Vector3.new(1.3500009775161743, 20.749998092651367, 1.5)
Part524.Anchored = true
Part524.Material = Enum.Material.Fabric
Part525.Name = "Tree_Collision"
Part525.Parent = Model512
Part525.CFrame = CFrame.new(2020.96069, 160.699249, 2500.56494, 0.861131012, -0.196192071, -0.469001174, 0.326350123, 0.920690358, 0.214067861, 0.38980642, -0.337399095, 0.856862187)
Part525.Orientation = Vector3.new(-12.359999656677246, -28.690000534057617, 19.520000457763672)
Part525.Position = Vector3.new(2020.960693359375, 160.69924926757812, 2500.56494140625)
Part525.Rotation = Vector3.new(-14.029999732971191, -27.969999313354492, 12.829999923706055)
Part525.Transparency = 1
Part525.Size = Vector3.new(1.3500009775161743, 22.749998092651367, 1.5)
Part525.Anchored = true
Part525.Material = Enum.Material.Fabric
Part526.Name = "Tree_Collision"
Part526.Parent = Model512
Part526.CFrame = CFrame.new(2054.38647, 161.977386, 2511.125, 0.836502492, 0.339922279, -0.429786444, -0.0387359224, 0.819055021, 0.572405875, 0.546592116, -0.462170869, 0.698308825)
Part526.Orientation = Vector3.new(-34.91999816894531, -31.610000610351562, -2.7100000381469727)
Part526.Position = Vector3.new(2054.386474609375, 161.97738647460938, 2511.125)
Part526.Rotation = Vector3.new(-39.34000015258789, -25.450000762939453, -22.110000610351562)
Part526.Transparency = 1
Part526.Size = Vector3.new(1.3500009775161743, 23.749998092651367, 1.5)
Part526.Anchored = true
Part526.Material = Enum.Material.Fabric
Part527.Name = "Tree_Collision"
Part527.Parent = Model512
Part527.CFrame = CFrame.new(2055.40723, 165.442169, 2524.44507, 0.84000963, 0.193647489, -0.506837785, -0.022234574, 0.945641339, 0.324450642, 0.542115748, -0.261272341, 0.798653483)
Part527.Orientation = Vector3.new(-18.93000030517578, -32.400001525878906, -1.350000023841858)
Part527.Position = Vector3.new(2055.4072265625, 165.44216918945312, 2524.445068359375)
Part527.Rotation = Vector3.new(-22.110000610351562, -30.450000762939453, -12.979999542236328)
Part527.Transparency = 1
Part527.Size = Vector3.new(1.3500009775161743, 23.749998092651367, 1.5)
Part527.Anchored = true
Part527.Material = Enum.Material.Fabric
Part528.Name = "Tree_Collision"
Part528.Parent = Model512
Part528.CFrame = CFrame.new(2007.59424, 164.320648, 2508.65454, 0.873450875, -0.0636770204, -0.482730597, 0.230121598, 0.927686453, 0.294010013, 0.429100901, -0.36789003, 0.824942052)
Part528.Orientation = Vector3.new(-17.100000381469727, -30.329999923706055, 13.930000305175781)
Part528.Position = Vector3.new(2007.59423828125, 164.32064819335938, 2508.654541015625)
Part528.Rotation = Vector3.new(-19.6200008392334, -28.860000610351562, 4.170000076293945)
Part528.Transparency = 1
Part528.Size = Vector3.new(1.3500009775161743, 22.749998092651367, 1.5)
Part528.Anchored = true
Part528.Material = Enum.Material.Fabric
Model529.Name = "茂み"
Model529.Parent = Folder0
Part530.Name = "TreeMesh Bottom"
Part530.Parent = Model529
Part530.CFrame = CFrame.new(2072.35107, 207.14537, 2660.96558, -0.288685322, 0.159566998, -0.944035053, 0.47777757, 0.878478885, 0.0023829639, 0.829694569, -0.450349867, -0.329840213)
Part530.Orientation = Vector3.new(-0.14000000059604645, -109.26000213623047, 28.540000915527344)
Part530.Position = Vector3.new(2072.35107421875, 207.14537048339844, 2660.965576171875)
Part530.Rotation = Vector3.new(-179.58999633789062, -70.73999786376953, -151.07000732421875)
Part530.Size = Vector3.new(8.250000953674316, 0.2499980926513672, 7)
Part530.Anchored = true
Part530.CanCollide = false
Part530.Material = Enum.Material.Fabric
SpecialMesh531.Name = "BarkMesh"
SpecialMesh531.Parent = Part530
SpecialMesh531.MeshId = "rbxassetid://623621260"
SpecialMesh531.Offset = Vector3.new(0, 3.4100000858306885, 0)
SpecialMesh531.TextureId = "rbxassetid://623618671"
SpecialMesh531.MeshType = Enum.MeshType.FileMesh
Part532.Name = "TreeMeshTop"
Part532.Parent = Model529
Part532.CFrame = CFrame.new(2077.16138, 233.62236, 2647.39185, -0.288685322, 0.159566998, -0.944035053, 0.47777757, 0.878478885, 0.0023829639, 0.829694569, -0.450349867, -0.329840213)
Part532.Orientation = Vector3.new(-0.14000000059604645, -109.26000213623047, 28.540000915527344)
Part532.Position = Vector3.new(2077.161376953125, 233.6223602294922, 2647.391845703125)
Part532.Rotation = Vector3.new(-179.58999633789062, -70.73999786376953, -151.07000732421875)
Part532.Transparency = 0.05000000074505806
Part532.Size = Vector3.new(8.250000953674316, 0.2499980926513672, 7)
Part532.Anchored = true
Part532.CanCollide = false
Part532.Material = Enum.Material.Fabric
SpecialMesh533.Name = "TopTreeMesh"
SpecialMesh533.Parent = Part532
SpecialMesh533.MeshId = "rbxassetid://623621456"
SpecialMesh533.Offset = Vector3.new(0, 3.4100000858306885, 0)
SpecialMesh533.Scale = Vector3.new(1.600000023841858, 1.600000023841858, 1.600000023841858)
SpecialMesh533.TextureId = "rbxassetid://745556120"
SpecialMesh533.MeshType = Enum.MeshType.FileMesh
Part534.Name = "Tree_Collision"
Part534.Parent = Model529
Part534.CFrame = CFrame.new(2070.21362, 218.004562, 2652.23462, -0.276489288, 0.0914075673, -0.956661582, 0.560475409, 0.823977053, -0.0832550526, 0.780656576, -0.559203267, -0.279051274)
Part534.Orientation = Vector3.new(4.78000020980835, -106.26000213623047, 34.220001220703125)
Part534.Position = Vector3.new(2070.213623046875, 218.0045623779297, 2652.234619140625)
Part534.Rotation = Vector3.new(163.38999938964844, -73.06999969482422, -161.7100067138672)
Part534.Transparency = 1
Part534.Size = Vector3.new(1.3500009775161743, 26.749998092651367, 1.5)
Part534.Anchored = true
Part534.Material = Enum.Material.Fabric
Part535.Name = "Tree_Collision"
Part535.Parent = Model529
Part535.CFrame = CFrame.new(2060.04932, 219.74205, 2654.25293, -0.368156374, -0.0144433305, -0.929653347, 0.18985346, 0.977645397, -0.0903728232, 0.91017592, -0.20976828, -0.35718286)
Part535.Orientation = Vector3.new(5.190000057220459, -111.0199966430664, 10.989999771118164)
Part535.Position = Vector3.new(2060.04931640625, 219.74205017089844, 2654.2529296875)
Part535.Rotation = Vector3.new(165.8000030517578, -68.37999725341797, 177.75)
Part535.Transparency = 1
Part535.Size = Vector3.new(1.3500009775161743, 23.749998092651367, 1.5)
Part535.Anchored = true
Part535.Material = Enum.Material.Fabric
Part536.Name = "Tree_Collision"
Part536.Parent = Model529
Part536.CFrame = CFrame.new(2078.03662, 210.409775, 2639.15381, -0.274851203, 0.0292490125, -0.961043358, 0.574770153, 0.806279182, -0.13984035, 0.770778537, -0.59081316, -0.238417119)
Part536.Orientation = Vector3.new(8.039999961853027, -103.93000030517578, 35.47999954223633)
Part536.Position = Vector3.new(2078.03662109375, 210.40977478027344, 2639.15380859375)
Part536.Rotation = Vector3.new(149.61000061035156, -73.94999694824219, -173.92999267578125)
Part536.Transparency = 1
Part536.Size = Vector3.new(1.3500009775161743, 26.749998092651367, 1.5)
Part536.Anchored = true
Part536.Material = Enum.Material.Fabric
Part537.Name = "Tree_Collision"
Part537.Parent = Model529
Part537.CFrame = CFrame.new(2073.77148, 234.564072, 2688.68872, -0.29238224, 0.395947516, -0.870483279, 0.467938721, 0.853077054, 0.230857432, 0.833996177, -0.339833736, -0.434702218)
Part537.Orientation = Vector3.new(-13.350000381469727, -116.54000091552734, 28.75)
Part537.Position = Vector3.new(2073.771484375, 234.56407165527344, 2688.688720703125)
Part537.Rotation = Vector3.new(-152.02999877929688, -60.5099983215332, -126.44000244140625)
Part537.Transparency = 1
Part537.Size = Vector3.new(1.3500009775161743, 23.749998092651367, 1.5)
Part537.Anchored = true
Part537.Material = Enum.Material.Fabric
Part538.Name = "Tree_Collision"
Part538.Parent = Model529
Part538.CFrame = CFrame.new(2088.53467, 214.840927, 2652.85889, -0.224082142, 0.413174063, -0.882653594, 0.654129088, 0.735129178, 0.178052202, 0.722430706, -0.537470281, -0.434996963)
Part538.Orientation = Vector3.new(-10.260000228881836, -116.23999786376953, 41.65999984741211)
Part538.Position = Vector3.new(2088.53466796875, 214.84092712402344, 2652.85888671875)
Part538.Rotation = Vector3.new(-157.74000549316406, -61.959999084472656, -118.47000122070312)
Part538.Transparency = 1
Part538.Size = Vector3.new(1.3500009775161743, 26.749998092651367, 1.5)
Part538.Anchored = true
Part538.Material = Enum.Material.Fabric
Part539.Name = "Tree_Collision"
Part539.Parent = Model529
Part539.CFrame = CFrame.new(2057.42773, 213.532578, 2642.0249, -0.373901695, -0.0952572376, -0.922565222, 0.550951183, 0.77737242, -0.303556979, 0.746092558, -0.621787429, -0.238177866)
Part539.Orientation = Vector3.new(17.670000076293945, -104.4800033569336, 35.33000183105469)
Part539.Position = Vector3.new(2057.427734375, 213.53257751464844, 2642.02490234375)
Part539.Rotation = Vector3.new(128.1199951171875, -67.30000305175781, 165.7100067138672)
Part539.Transparency = 1
Part539.Size = Vector3.new(1.3500009775161743, 22.749998092651367, 1.5)
Part539.Anchored = true
Part539.Material = Enum.Material.Fabric
Part540.Name = "Tree_Collision"
Part540.Parent = Model529
Part540.CFrame = CFrame.new(2060.77759, 230.166428, 2673.72021, -0.35072431, 0.140652224, -0.925857663, 0.328727067, 0.944236577, 0.018919915, 0.876889229, -0.297717929, -0.37740159)
Part540.Orientation = Vector3.new(-1.0800000429153442, -112.18000030517578, 19.200000762939453)
Part540.Position = Vector3.new(2060.777587890625, 230.1664276123047, 2673.72021484375)
Part540.Rotation = Vector3.new(-177.1300048828125, -67.80000305175781, -158.14999389648438)
Part540.Transparency = 1
Part540.Size = Vector3.new(1.3500009775161743, 23.749998092651367, 1.5)
Part540.Anchored = true
Part540.Material = Enum.Material.Fabric
Part541.Name = "Tree_Collision"
Part541.Parent = Model529
Part541.CFrame = CFrame.new(2050.47656, 234.84166, 2683.67676, -0.292589188, -0.0384004638, -0.955468535, 0.325225174, 0.935632646, -0.137194797, 0.899235129, -0.350883007, -0.261266083)
Part541.Orientation = Vector3.new(7.889999866485596, -105.29000091552734, 19.170000076293945)
Part541.Position = Vector3.new(2050.4765625, 234.84165954589844, 2683.6767578125)
Part541.Rotation = Vector3.new(152.3000030517578, -72.83999633789062, 172.52000427246094)
Part541.Transparency = 1
Part541.Size = Vector3.new(1.3500009775161743, 20.749998092651367, 1.5)
Part541.Anchored = true
Part541.Material = Enum.Material.Fabric
Part542.Name = "Tree_Collision"
Part542.Parent = Model529
Part542.CFrame = CFrame.new(2095.87427, 202.352036, 2634.3291, -0.240852773, 0.153336912, -0.958374023, 0.695706487, 0.715790987, -0.0603155941, 0.676746607, -0.681272984, -0.279076487)
Part542.Orientation = Vector3.new(3.4600000381469727, -106.23999786376953, 44.18000030517578)
Part542.Position = Vector3.new(2095.874267578125, 202.35203552246094, 2634.3291015625)
Part542.Rotation = Vector3.new(167.8000030517578, -73.41000366210938, -147.52000427246094)
Part542.Transparency = 1
Part542.Size = Vector3.new(1.3500009775161743, 22.749998092651367, 1.5)
Part542.Anchored = true
Part542.Material = Enum.Material.Fabric
Part543.Name = "Tree_Collision"
Part543.Parent = Model529
Part543.CFrame = CFrame.new(2092.56836, 219.511887, 2664.74268, -0.345602006, 0.402103186, -0.847865105, 0.361479551, 0.890857756, 0.275149226, 0.865965009, -0.211393282, -0.453232765)
Part543.Orientation = Vector3.new(-15.970000267028809, -118.12999725341797, 22.09000015258789)
Part543.Position = Vector3.new(2092.568359375, 219.5118865966797, 2664.74267578125)
Part543.Rotation = Vector3.new(-148.74000549316406, -57.97999954223633, -130.67999267578125)
Part543.Transparency = 1
Part543.Size = Vector3.new(1.3500009775161743, 23.749998092651367, 1.5)
Part543.Anchored = true
Part543.Material = Enum.Material.Fabric
Part544.Name = "Tree_Collision"
Part544.Parent = Model529
Part544.CFrame = CFrame.new(2079.41211, 222.741074, 2667.38306, -0.342884123, 0.158816025, -0.925856829, 0.37769419, 0.925738275, 0.0189203173, 0.860105395, -0.343202442, -0.377403408)
Part544.Orientation = Vector3.new(-1.0800000429153442, -112.18000030517578, 22.200000762939453)
Part544.Position = Vector3.new(2079.412109375, 222.74107360839844, 2667.383056640625)
Part544.Rotation = Vector3.new(-177.1300048828125, -67.80000305175781, -155.14999389648438)
Part544.Transparency = 1
Part544.Size = Vector3.new(1.3500009775161743, 23.749998092651367, 1.5)
Part544.Anchored = true
Part544.Material = Enum.Material.Fabric
Part545.Name = "Tree_Collision"
Part545.Parent = Model529
Part545.CFrame = CFrame.new(2084.70239, 198.827377, 2623.375, -0.262511641, 0.209908396, -0.941822231, 0.616817057, 0.787100196, 0.00350177288, 0.742043018, -0.580011845, -0.336096674)
Part545.Orientation = Vector3.new(-0.20000000298023224, -109.63999938964844, 38.08000183105469)
Part545.Position = Vector3.new(2084.702392578125, 198.82737731933594, 2623.375)
Part545.Rotation = Vector3.new(-179.39999389648438, -70.36000061035156, -141.35000610351562)
Part545.Transparency = 1
Part545.Size = Vector3.new(1.3500009775161743, 22.749998092651367, 1.5)
Part545.Anchored = true
Part545.Material = Enum.Material.Fabric
Model546.Name = "茂み"
Model546.Parent = Folder0
Part547.Name = "TreeMesh Bottom"
Part547.Parent = Model546
Part547.CFrame = CFrame.new(2046.73511, 208.390503, 2691.00781, -0.671054661, 0.0222271513, -0.741075873, 0.0216942318, 0.999711633, 0.0103400433, 0.74109149, -0.00913831592, -0.671342671)
Part547.Orientation = Vector3.new(-0.5899999737739563, -132.1699981689453, 1.2400000095367432)
Part547.Position = Vector3.new(2046.735107421875, 208.3905029296875, 2691.0078125)
Part547.Rotation = Vector3.new(-179.1199951171875, -47.81999969482422, -178.10000610351562)
Part547.Size = Vector3.new(8.250000953674316, 0.2499980926513672, 7)
Part547.Anchored = true
Part547.CanCollide = false
Part547.Material = Enum.Material.Fabric
SpecialMesh548.Name = "BarkMesh"
SpecialMesh548.Parent = Part547
SpecialMesh548.MeshId = "rbxassetid://623621260"
SpecialMesh548.Offset = Vector3.new(0, 3.4100000858306885, 0)
SpecialMesh548.TextureId = "rbxassetid://623618671"
SpecialMesh548.MeshType = Enum.MeshType.FileMesh
Part549.Name = "TreeMeshTop"
Part549.Parent = Model546
Part549.CFrame = CFrame.new(2047.40601, 238.521637, 2690.73242, -0.671054661, 0.0222271513, -0.741075873, 0.0216942318, 0.999711633, 0.0103400433, 0.74109149, -0.00913831592, -0.671342671)
Part549.Orientation = Vector3.new(-0.5899999737739563, -132.1699981689453, 1.2400000095367432)
Part549.Position = Vector3.new(2047.406005859375, 238.52163696289062, 2690.732421875)
Part549.Rotation = Vector3.new(-179.1199951171875, -47.81999969482422, -178.10000610351562)
Part549.Transparency = 0.05000000074505806
Part549.Size = Vector3.new(8.250000953674316, 0.2499980926513672, 7)
Part549.Anchored = true
Part549.CanCollide = false
Part549.Material = Enum.Material.Fabric
SpecialMesh550.Name = "TopTreeMesh"
SpecialMesh550.Parent = Part549
SpecialMesh550.MeshId = "rbxassetid://623621456"
SpecialMesh550.Offset = Vector3.new(0, 3.4100000858306885, 0)
SpecialMesh550.Scale = Vector3.new(1.600000023841858, 1.600000023841858, 1.600000023841858)
SpecialMesh550.TextureId = "rbxassetid://745556120"
SpecialMesh550.MeshType = Enum.MeshType.FileMesh
Part551.Name = "Tree_Collision"
Part551.Parent = Model546
Part551.CFrame = CFrame.new(2044.34351, 221.536896, 2686.51611, -0.6693542, 0.0126899704, -0.742836356, 0.118291892, 0.988919795, -0.0896964893, 0.733466804, -0.147910103, -0.663438261)
Part551.Orientation = Vector3.new(5.150000095367432, -131.77000427246094, 6.820000171661377)
Part551.Position = Vector3.new(2044.343505859375, 221.53689575195312, 2686.51611328125)
Part551.Rotation = Vector3.new(172.3000030517578, -47.970001220703125, -178.91000366210938)
Part551.Transparency = 1
Part551.Size = Vector3.new(1.3500009775161743, 26.749998092651367, 1.5)
Part551.Anchored = true
Part551.Material = Enum.Material.Fabric
Part552.Name = "Tree_Collision"
Part552.Parent = Model546
Part552.CFrame = CFrame.new(2034.05103, 220.743073, 2684.55859, -0.681072593, -0.241420507, -0.691272736, -0.280623227, 0.958057821, -0.0581101179, 0.676307797, 0.15440993, -0.720254481)
Part552.Orientation = Vector3.new(3.3299999237060547, -136.17999267578125, -16.329999923706055)
Part552.Position = Vector3.new(2034.051025390625, 220.74307250976562, 2684.55859375)
Part552.Rotation = Vector3.new(175.38999938964844, -43.72999954223633, 160.47999572753906)
Part552.Transparency = 1
Part552.Size = Vector3.new(1.3500009775161743, 23.749998092651367, 1.5)
Part552.Anchored = true
Part552.Material = Enum.Material.Fabric
Part553.Name = "Tree_Collision"
Part553.Parent = Model546
Part553.CFrame = CFrame.new(2057.87646, 221.6091, 2676.17969, -0.669030309, -0.027509585, -0.74272716, 0.135533378, 0.978043735, -0.158310488, 0.730774224, -0.206578642, -0.650611699)
Part553.Orientation = Vector3.new(9.109999656677246, -131.22000122070312, 7.889999866485596)
Part553.Position = Vector3.new(2057.87646484375, 221.60910034179688, 2676.1796875)
Part553.Rotation = Vector3.new(166.32000732421875, -47.959999084472656, 177.64999389648438)
Part553.Transparency = 1
Part553.Size = Vector3.new(1.3500009775161743, 26.749998092651367, 1.5)
Part553.Anchored = true
Part553.Material = Enum.Material.Fabric
Part554.Name = "Tree_Collision"
Part554.Parent = Model546
Part554.CFrame = CFrame.new(2030.76855, 220.881958, 2724.34619, -0.672776818, 0.20629777, -0.710502923, 0.0105462205, 0.962914944, 0.26960054, 0.739771545, 0.1738877, -0.650001764)
Part554.Orientation = Vector3.new(-15.640000343322754, -132.4499969482422, 0.6299999952316284)
Part554.Position = Vector3.new(2030.7685546875, 220.8819580078125, 2724.34619140625)
Part554.Rotation = Vector3.new(-157.47000122070312, -45.279998779296875, -162.9499969482422)
Part554.Transparency = 1
Part554.Size = Vector3.new(1.3500009775161743, 23.749998092651367, 1.5)
Part554.Anchored = true
Part554.Material = Enum.Material.Fabric
Part555.Name = "Tree_Collision"
Part555.Parent = Model546
Part555.CFrame = CFrame.new(2061.53198, 221.082764, 2693.61646, -0.631947219, 0.321174681, -0.705330729, 0.234399453, 0.946673632, 0.221058667, 0.738715947, -0.0256317407, -0.673530161)
Part555.Orientation = Vector3.new(-12.770000457763672, -133.67999267578125, 13.90999984741211)
Part555.Position = Vector3.new(2061.531982421875, 221.082763671875, 2693.616455078125)
Part555.Rotation = Vector3.new(-161.8300018310547, -44.86000061035156, -153.05999755859375)
Part555.Transparency = 1
Part555.Size = Vector3.new(1.3500009775161743, 26.749998092651367, 1.5)
Part555.Anchored = true
Part555.Material = Enum.Material.Fabric
Part556.Name = "Tree_Collision"
Part556.Parent = Model546
Part556.CFrame = CFrame.new(2037.52173, 220.176025, 2671.0459, -0.742694914, -0.120435424, -0.658712029, 0.110908143, 0.947984159, -0.298372746, 0.660382867, -0.294656157, -0.690705001)
Part556.Orientation = Vector3.new(17.360000610351562, -136.36000061035156, 6.670000076293945)
Part556.Position = Vector3.new(2037.521728515625, 220.176025390625, 2671.0458984375)
Part556.Rotation = Vector3.new(156.63999938964844, -41.20000076293945, 170.7899932861328)
Part556.Transparency = 1
Part556.Size = Vector3.new(1.3500009775161743, 22.749998092651367, 1.5)
Part556.Anchored = true
Part556.Material = Enum.Material.Fabric
Part557.Name = "Tree_Collision"
Part557.Parent = Model546
Part557.CFrame = CFrame.new(2025.27148, 221.630219, 2704.81494, -0.696767569, -0.0638525113, -0.714450598, -0.140216663, 0.988939464, 0.0483619124, 0.703459978, 0.133874834, -0.698013425)
Part557.Orientation = Vector3.new(-2.7699999809265137, -134.3300018310547, -8.069999694824219)
Part557.Position = Vector3.new(2025.271484375, 221.63021850585938, 2704.81494140625)
Part557.Rotation = Vector3.new(-176.0399932861328, -45.599998474121094, 174.75999450683594)
Part557.Transparency = 1
Part557.Size = Vector3.new(1.3500009775161743, 23.749998092651367, 1.5)
Part557.Anchored = true
Part557.Material = Enum.Material.Fabric
Part558.Name = "Tree_Collision"
Part558.Parent = Model546
Part558.CFrame = CFrame.new(2011.40771, 219.969147, 2710.48315, -0.650770247, -0.204696149, -0.731163204, -0.144720599, 0.97876066, -0.14520511, 0.745356262, 0.0113192722, -0.666571259)
Part558.Orientation = Vector3.new(8.350000381469727, -132.35000610351562, -8.40999984741211)
Part558.Position = Vector3.new(2011.40771484375, 219.96914672851562, 2710.483154296875)
Part558.Rotation = Vector3.new(167.7100067138672, -46.97999954223633, 162.5399932861328)
Part558.Transparency = 1
Part558.Size = Vector3.new(1.3500009775161743, 20.749998092651367, 1.5)
Part558.Anchored = true
Part558.Material = Enum.Material.Fabric
Part559.Name = "Tree_Collision"
Part559.Parent = Model546
Part559.CFrame = CFrame.new(2077.86987, 219.110168, 2676.81226, -0.64485389, 0.14034532, -0.751311243, 0.288841486, 0.954847991, -0.0695478544, 0.707626879, -0.261857867, -0.656274319)
Part559.Orientation = Vector3.new(3.990000009536743, -131.13999938964844, 16.829999923706055)
Part559.Position = Vector3.new(2077.869873046875, 219.11016845703125, 2676.812255859375)
Part559.Rotation = Vector3.new(173.9499969482422, -48.70000076293945, -167.72000122070312)
Part559.Transparency = 1
Part559.Size = Vector3.new(1.3500009775161743, 22.749998092651367, 1.5)
Part559.Anchored = true
Part559.Material = Enum.Material.Fabric
Part560.Name = "Tree_Collision"
Part560.Parent = Model546
Part560.CFrame = CFrame.new(2059.90405, 220.635223, 2706.90039, -0.698571563, 0.158974826, -0.697657943, -0.105617538, 0.941418588, 0.320276231, 0.70770365, 0.297420532, -0.640857041)
Part560.Orientation = Vector3.new(-18.68000030517578, -132.57000732421875, -6.400000095367432)
Part560.Position = Vector3.new(2059.904052734375, 220.63522338867188, 2706.900390625)
Part560.Rotation = Vector3.new(-153.4499969482422, -44.2400016784668, -167.17999267578125)
Part560.Transparency = 1
Part560.Size = Vector3.new(1.3500009775161743, 23.749998092651367, 1.5)
Part560.Anchored = true
Part560.Material = Enum.Material.Fabric
Part561.Name = "Tree_Collision"
Part561.Parent = Model546
Part561.CFrame = CFrame.new(2046.27563, 220.466614, 2704.72754, -0.699156046, -0.0272988454, -0.714449108, -0.0882675722, 0.9949224, 0.0483625717, 0.709500909, 0.0968756154, -0.698014915)
Part561.Orientation = Vector3.new(-2.7699999809265137, -134.3300018310547, -5.070000171661377)
Part561.Position = Vector3.new(2046.275634765625, 220.46661376953125, 2704.7275390625)
Part561.Rotation = Vector3.new(-176.0399932861328, -45.599998474121094, 177.75999450683594)
Part561.Transparency = 1
Part561.Size = Vector3.new(1.3500009775161743, 23.749998092651367, 1.5)
Part561.Anchored = true
Part561.Material = Enum.Material.Fabric
Part562.Name = "Tree_Collision"
Part562.Parent = Model546
Part562.CFrame = CFrame.new(2072.44897, 219.147034, 2661.71826, -0.661435008, 0.136845082, -0.737413764, 0.187185362, 0.982219815, 0.0143759772, 0.726269364, -0.128524199, -0.675289214)
Part562.Orientation = Vector3.new(-0.8199999928474426, -132.47999572753906, 10.789999961853027)
Part562.Position = Vector3.new(2072.448974609375, 219.14703369140625, 2661.71826171875)
Part562.Rotation = Vector3.new(-178.77999877929688, -47.5099983215332, -168.30999755859375)
Part562.Transparency = 1
Part562.Size = Vector3.new(1.3500009775161743, 22.749998092651367, 1.5)
Part562.Anchored = true
Part562.Material = Enum.Material.Fabric
Model563.Name = "茂み"
Model563.Parent = Folder0
Part564.Name = "TreeMesh Bottom"
Part564.Parent = Model563
Part564.CFrame = CFrame.new(2252.04395, 112.84845, 2440.38599, 1.00000286, 2.23517418e-08, 4.64253844e-07, 2.23517418e-08, 1.00000286, 9.24311916e-09, 4.64253844e-07, 9.24311916e-09, 1.00000107)
Part564.Position = Vector3.new(2252.0439453125, 112.84844970703125, 2440.385986328125)
Part564.Size = Vector3.new(8.250000953674316, 0.2499980926513672, 7)
Part564.Anchored = true
Part564.CanCollide = false
Part564.Material = Enum.Material.Fabric
SpecialMesh565.Name = "BarkMesh"
SpecialMesh565.Parent = Part564
SpecialMesh565.MeshId = "rbxassetid://623621260"
SpecialMesh565.Offset = Vector3.new(0, 3.4100000858306885, 0)
SpecialMesh565.TextureId = "rbxassetid://623618671"
SpecialMesh565.MeshType = Enum.MeshType.FileMesh
Part566.Name = "TreeMeshTop"
Part566.Parent = Model563
Part566.CFrame = CFrame.new(2252.04321, 142.98848, 2440.38501, 1.00000286, 2.23517418e-08, 4.64253844e-07, 2.23517418e-08, 1.00000286, 9.24311916e-09, 4.64253844e-07, 9.24311916e-09, 1.00000107)
Part566.Position = Vector3.new(2252.043212890625, 142.9884796142578, 2440.385009765625)
Part566.Transparency = 0.05000000074505806
Part566.Size = Vector3.new(8.250000953674316, 0.2499980926513672, 7)
Part566.Anchored = true
Part566.CanCollide = false
Part566.Material = Enum.Material.Fabric
SpecialMesh567.Name = "TopTreeMesh"
SpecialMesh567.Parent = Part566
SpecialMesh567.MeshId = "rbxassetid://623621456"
SpecialMesh567.Offset = Vector3.new(0, 3.4100000858306885, 0)
SpecialMesh567.Scale = Vector3.new(1.600000023841858, 1.600000023841858, 1.600000023841858)
SpecialMesh567.TextureId = "rbxassetid://745556120"
SpecialMesh567.MeshType = Enum.MeshType.FileMesh
Part568.Name = "Tree_Collision"
Part568.Parent = Model563
Part568.CFrame = CFrame.new(2250.60522, 125.978989, 2445.30933, 0.99530679, -0.0966775641, 0.00486913556, 0.0966781974, 0.990270257, -0.100119598, 0.00485846307, 0.100119904, 0.994964659)
Part568.Orientation = Vector3.new(5.75, 0.2800000011920929, 5.579999923706055)
Part568.Position = Vector3.new(2250.605224609375, 125.97898864746094, 2445.309326171875)
Part568.Rotation = Vector3.new(5.75, 0.2800000011920929, 5.550000190734863)
Part568.Transparency = 1
Part568.Size = Vector3.new(1.3500009775161743, 26.749998092651367, 1.5)
Part568.Anchored = true
Part568.Material = Enum.Material.Fabric
Part569.Name = "Tree_Collision"
Part569.Parent = Model563
Part569.CFrame = CFrame.new(2256.04419, 124.974541, 2454.24292, 0.952156246, 0.297222733, -0.0711539611, -0.301861346, 0.951006353, -0.0668761507, 0.0477914177, 0.0851550624, 0.995221913)
Part569.Orientation = Vector3.new(3.8299999237060547, -4.090000152587891, -17.610000610351562)
Part569.Position = Vector3.new(2256.044189453125, 124.97454071044922, 2454.242919921875)
Part569.Rotation = Vector3.new(3.8399999141693115, -4.079999923706055, -17.34000015258789)
Part569.Transparency = 1
Part569.Size = Vector3.new(1.3500009775161743, 23.749998092651367, 1.5)
Part569.Anchored = true
Part569.Material = Enum.Material.Fabric
Part570.Name = "Tree_Collision"
Part570.Parent = Model563
Part570.CFrame = CFrame.new(2233.86499, 126.446419, 2442.22046, 0.993467927, -0.113415956, 0.0128126079, 0.113946237, 0.979040205, -0.16882658, 0.00660446286, 0.169182852, 0.985563695)
Part570.Orientation = Vector3.new(9.720000267028809, 0.7400000095367432, 6.639999866485596)
Part570.Position = Vector3.new(2233.864990234375, 126.44641876220703, 2442.220458984375)
Part570.Rotation = Vector3.new(9.720000267028809, 0.7300000190734863, 6.510000228881836)
Part570.Transparency = 1
Part570.Size = Vector3.new(1.3500009775161743, 26.749998092651367, 1.5)
Part570.Anchored = true
Part570.Material = Enum.Material.Fabric
Part571.Name = "Tree_Collision"
Part571.Parent = Model563
Part571.CFrame = CFrame.new(2287.73608, 124.676804, 2429.96582, 0.999938428, 0.0113195227, 0.00092354248, -0.0111709936, 0.965635598, 0.259670854, 0.00204846309, -0.259663969, 0.965698004)
Part571.Orientation = Vector3.new(-15.050000190734863, 0.05000000074505806, -0.6600000262260437)
Part571.Position = Vector3.new(2287.736083984375, 124.67680358886719, 2429.9658203125)
Part571.Rotation = Vector3.new(-15.050000190734863, 0.05000000074505806, -0.6499999761581421)
Part571.Transparency = 1
Part571.Size = Vector3.new(1.3500009775161743, 23.749998092651367, 1.5)
Part571.Anchored = true
Part571.Material = Enum.Material.Fabric
Part572.Name = "Tree_Collision"
Part572.Parent = Model563
Part572.CFrame = CFrame.new(2244.32275, 125.842201, 2427.80005, 0.976613581, -0.213984117, -0.0210367776, 0.213535368, 0.953775406, 0.211473346, -0.0251865443, -0.211019009, 0.977158606)
Part572.Orientation = Vector3.new(-12.210000038146973, -1.2300000190734863, 12.619999885559082)
Part572.Position = Vector3.new(2244.32275390625, 125.84220123291016, 2427.800048828125)
Part572.Rotation = Vector3.new(-12.210000038146973, -1.2100000381469727, 12.359999656677246)
Part572.Transparency = 1
Part572.Size = Vector3.new(1.3500009775161743, 26.749998092651367, 1.5)
Part572.Anchored = true
Part572.Material = Enum.Material.Fabric
Part573.Name = "Tree_Collision"
Part573.Parent = Model563
Part573.CFrame = CFrame.new(2243.68848, 124.608269, 2460.73657, 0.990200281, -0.116982482, -0.0763174444, 0.0883331299, 0.947728515, -0.306616545, 0.108197406, 0.29686895, 0.948769867)
Part573.Orientation = Vector3.new(17.860000610351562, -4.599999904632568, 5.320000171661377)
Part573.Position = Vector3.new(2243.6884765625, 124.60826873779297, 2460.736572265625)
Part573.Rotation = Vector3.new(17.90999984741211, -4.380000114440918, 6.739999771118164)
Part573.Transparency = 1
Part573.Size = Vector3.new(1.3500009775161743, 22.749998092651367, 1.5)
Part573.Anchored = true
Part573.Material = Enum.Material.Fabric
Part574.Name = "Tree_Collision"
Part574.Parent = Model563
Part574.CFrame = CFrame.new(2276.9668, 125.481194, 2447.15918, 0.985856712, 0.163515627, -0.0368074812, -0.16209127, 0.98601371, 0.0388468467, 0.0426454544, -0.0323309377, 0.998568177)
Part574.Orientation = Vector3.new(-2.2300000190734863, -2.109999895095825, -9.34000015258789)
Part574.Position = Vector3.new(2276.966796875, 125.48119354248047, 2447.1591796875)
Part574.Rotation = Vector3.new(-2.2300000190734863, -2.109999895095825, -9.420000076293945)
Part574.Transparency = 1
Part574.Size = Vector3.new(1.3500009775161743, 23.749998092651367, 1.5)
Part574.Anchored = true
Part574.Material = Enum.Material.Fabric
Part575.Name = "Tree_Collision"
Part575.Parent = Model563
Part575.CFrame = CFrame.new(2290.43506, 123.460602, 2453.61084, 0.985941112, 0.16698432, -0.00649086246, -0.165955186, 0.973827183, -0.155323014, -0.0196145307, 0.154216006, 0.987843513)
Part575.Orientation = Vector3.new(8.9399995803833, -0.3799999952316284, -9.670000076293945)
Part575.Position = Vector3.new(2290.43505859375, 123.46060180664062, 2453.61083984375)
Part575.Rotation = Vector3.new(8.9399995803833, -0.3700000047683716, -9.609999656677246)
Part575.Transparency = 1
Part575.Size = Vector3.new(1.3500009775161743, 20.749998092651367, 1.5)
Part575.Anchored = true
Part575.Material = Enum.Material.Fabric
Part576.Name = "Tree_Collision"
Part576.Parent = Model563
Part576.CFrame = CFrame.new(2220.86304, 124.386864, 2426.95361, 0.963415921, -0.267525017, 0.0163024161, 0.267958283, 0.96008718, -0.080229193, 0.00581244472, 0.0816618428, 0.996644258)
Part576.Orientation = Vector3.new(4.599999904632568, 0.9399999976158142, 15.59000015258789)
Part576.Position = Vector3.new(2220.863037109375, 124.3868637084961, 2426.95361328125)
Part576.Rotation = Vector3.new(4.599999904632568, 0.9300000071525574, 15.520000457763672)
Part576.Transparency = 1
Part576.Size = Vector3.new(1.3500009775161743, 22.749998092651367, 1.5)
Part576.Anchored = true
Part576.Material = Enum.Material.Fabric
Part577.Name = "Tree_Collision"
Part577.Parent = Model563
Part577.CFrame = CFrame.new(2255.25, 125.23719, 2420.08374, 0.990962684, 0.134159088, 0.000180816438, -0.127582192, 0.941964269, 0.310534686, 0.0414914563, -0.307749778, 0.950563371)
Part577.Orientation = Vector3.new(-18.09000015258789, 0.009999999776482582, -7.710000038146973)
Part577.Position = Vector3.new(2255.25, 125.23719024658203, 2420.083740234375)
Part577.Rotation = Vector3.new(-18.09000015258789, 0.009999999776482582, -7.710000038146973)
Part577.Transparency = 1
Part577.Size = Vector3.new(1.3500009775161743, 23.749998092651367, 1.5)
Part577.Anchored = true
Part577.Material = Enum.Material.Fabric
Part578.Name = "Tree_Collision"
Part578.Parent = Model563
Part578.CFrame = CFrame.new(2262.78149, 124.785568, 2431.64038, 0.993063331, 0.111695878, -0.0368088037, -0.110265121, 0.993145585, 0.0388484299, 0.0408964381, -0.0345199443, 0.998568058)
Part578.Orientation = Vector3.new(-2.2300000190734863, -2.109999895095825, -6.340000152587891)
Part578.Position = Vector3.new(2262.781494140625, 124.78556823730469, 2431.640380859375)
Part578.Rotation = Vector3.new(-2.2300000190734863, -2.109999895095825, -6.420000076293945)
Part578.Transparency = 1
Part578.Size = Vector3.new(1.3500009775161743, 23.749998092651367, 1.5)
Part578.Anchored = true
Part578.Material = Enum.Material.Fabric
Part579.Name = "Tree_Collision"
Part579.Parent = Model563
Part579.CFrame = CFrame.new(2213.31543, 124.44117, 2441.10474, 0.986152947, -0.165770769, -0.00529442681, 0.165793359, 0.986154675, 0.00415368844, 0.0045334599, -0.00497406488, 0.999978483)
