Part1024.Name = "TreeMeshTop"
Part1024.Parent = Model1021
Part1024.CFrame = CFrame.new(1164.95166, 387.740997, 3483.80859, 0.658884346, -0.000413584494, -0.752246976, 0.000885321293, 1.00000393, 0.000225621712, 0.752247334, -0.000814706786, 0.658886015)
Part1024.Orientation = Vector3.new(-0.009999999776482582, -48.790000915527344, 0.05000000074505806)
Part1024.Position = Vector3.new(1164.95166015625, 387.7409973144531, 3483.80859375)
Part1024.Rotation = Vector3.new(-0.019999999552965164, -48.790000915527344, 0.03999999910593033)
Part1024.Transparency = 0.05000000074505806
Part1024.Size = Vector3.new(8.250000953674316, 0.2499980926513672, 7)
Part1024.Anchored = true
Part1024.CanCollide = false
Part1024.Material = Enum.Material.Fabric
SpecialMesh1025.Name = "TopTreeMesh"
SpecialMesh1025.Parent = Part1024
SpecialMesh1025.MeshId = "rbxassetid://623621456"
SpecialMesh1025.Offset = Vector3.new(0, 3.4100000858306885, 0)
SpecialMesh1025.Scale = Vector3.new(1.600000023841858, 1.600000023841858, 1.600000023841858)
SpecialMesh1025.TextureId = "rbxassetid://745556120"
SpecialMesh1025.MeshType = Enum.MeshType.FileMesh
Model1026.Name = "茂み"
Model1026.Parent = Folder0
Part1027.Name = "TreeMesh Bottom"
Part1027.Parent = Model1026
Part1027.CFrame = CFrame.new(1197.77563, 357.631897, 3505.40747, -0.75224632, -0.000413970789, -0.658885062, 0.000225205789, 1.00000393, -0.000885431364, 0.658886671, -0.000814515108, -0.752246559)
Part1027.Orientation = Vector3.new(0.05000000074505806, -138.7899932861328, 0.009999999776482582)
Part1027.Position = Vector3.new(1197.775634765625, 357.63189697265625, 3505.407470703125)
Part1027.Rotation = Vector3.new(179.92999267578125, -41.209999084472656, 179.97000122070312)
Part1027.Size = Vector3.new(8.250000953674316, 0.2499980926513672, 7)
Part1027.Anchored = true
Part1027.CanCollide = false
Part1027.Material = Enum.Material.Fabric
SpecialMesh1028.Name = "BarkMesh"
SpecialMesh1028.Parent = Part1027
SpecialMesh1028.MeshId = "rbxassetid://623621260"
SpecialMesh1028.Offset = Vector3.new(0, 3.4100000858306885, 0)
SpecialMesh1028.TextureId = "rbxassetid://623618671"
SpecialMesh1028.MeshType = Enum.MeshType.FileMesh
Part1029.Name = "TreeMeshTop"
Part1029.Parent = Model1026
Part1029.CFrame = CFrame.new(1197.76343, 387.772003, 3505.38281, -0.75224632, -0.000413970789, -0.658885062, 0.000225205789, 1.00000393, -0.000885431364, 0.658886671, -0.000814515108, -0.752246559)
Part1029.Orientation = Vector3.new(0.05000000074505806, -138.7899932861328, 0.009999999776482582)
Part1029.Position = Vector3.new(1197.763427734375, 387.7720031738281, 3505.3828125)
Part1029.Rotation = Vector3.new(179.92999267578125, -41.209999084472656, 179.97000122070312)
Part1029.Transparency = 0.05000000074505806
Part1029.Size = Vector3.new(8.250000953674316, 0.2499980926513672, 7)
Part1029.Anchored = true
Part1029.CanCollide = false
Part1029.Material = Enum.Material.Fabric
SpecialMesh1030.Name = "TopTreeMesh"
SpecialMesh1030.Parent = Part1029
SpecialMesh1030.MeshId = "rbxassetid://623621456"
SpecialMesh1030.Offset = Vector3.new(0, 3.4100000858306885, 0)
SpecialMesh1030.Scale = Vector3.new(1.600000023841858, 1.600000023841858, 1.600000023841858)
SpecialMesh1030.TextureId = "rbxassetid://745556120"
SpecialMesh1030.MeshType = Enum.MeshType.FileMesh
Model1031.Name = "茂み"
Model1031.Parent = Folder0
Part1032.Name = "TreeMesh Bottom"
Part1032.Parent = Model1031
Part1032.CFrame = CFrame.new(1283.87158, 357.140137, 3586.90381, -0.75224632, -0.000413970789, -0.658885062, 0.000225205789, 1.00000393, -0.000885431364, 0.658886671, -0.000814515108, -0.752246559)
Part1032.Orientation = Vector3.new(0.05000000074505806, -138.7899932861328, 0.009999999776482582)
Part1032.Position = Vector3.new(1283.87158203125, 357.14013671875, 3586.90380859375)
Part1032.Rotation = Vector3.new(179.92999267578125, -41.209999084472656, 179.97000122070312)
Part1032.Size = Vector3.new(8.250000953674316, 0.2499980926513672, 7)
Part1032.Anchored = true
Part1032.CanCollide = false
Part1032.Material = Enum.Material.Fabric
SpecialMesh1033.Name = "BarkMesh"
SpecialMesh1033.Parent = Part1032
SpecialMesh1033.MeshId = "rbxassetid://623621260"
SpecialMesh1033.Offset = Vector3.new(0, 3.4100000858306885, 0)
SpecialMesh1033.TextureId = "rbxassetid://623618671"
SpecialMesh1033.MeshType = Enum.MeshType.FileMesh
Part1034.Name = "TreeMeshTop"
Part1034.Parent = Model1031
Part1034.CFrame = CFrame.new(1283.85938, 387.280243, 3586.87915, -0.75224632, -0.000413970789, -0.658885062, 0.000225205789, 1.00000393, -0.000885431364, 0.658886671, -0.000814515108, -0.752246559)
Part1034.Orientation = Vector3.new(0.05000000074505806, -138.7899932861328, 0.009999999776482582)
Part1034.Position = Vector3.new(1283.859375, 387.2802429199219, 3586.879150390625)
Part1034.Rotation = Vector3.new(179.92999267578125, -41.209999084472656, 179.97000122070312)
Part1034.Transparency = 0.05000000074505806
Part1034.Size = Vector3.new(8.250000953674316, 0.2499980926513672, 7)
Part1034.Anchored = true
Part1034.CanCollide = false
Part1034.Material = Enum.Material.Fabric
SpecialMesh1035.Name = "TopTreeMesh"
SpecialMesh1035.Parent = Part1034
SpecialMesh1035.MeshId = "rbxassetid://623621456"
SpecialMesh1035.Offset = Vector3.new(0, 3.4100000858306885, 0)
SpecialMesh1035.Scale = Vector3.new(1.600000023841858, 1.600000023841858, 1.600000023841858)
SpecialMesh1035.TextureId = "rbxassetid://745556120"
SpecialMesh1035.MeshType = Enum.MeshType.FileMesh
Model1036.Name = "茂み"
Model1036.Parent = Folder0
Part1037.Name = "TreeMesh Bottom"
Part1037.Parent = Model1036
Part1037.CFrame = CFrame.new(1373.72852, 357.145325, 3506.83521, -0.658884346, -0.00114824821, 0.752246201, -0.000885321293, 1.0000037, 0.000751008571, -0.752247334, -0.000171221109, -0.658886433)
Part1037.Orientation = Vector3.new(-0.03999999910593033, 131.2100067138672, -0.05000000074505806)
Part1037.Position = Vector3.new(1373.728515625, 357.14532470703125, 3506.835205078125)
Part1037.Rotation = Vector3.new(-179.92999267578125, 48.790000915527344, 179.89999389648438)
Part1037.Size = Vector3.new(8.250000953674316, 0.2499980926513672, 7)
Part1037.Anchored = true
Part1037.CanCollide = false
Part1037.Material = Enum.Material.Fabric
SpecialMesh1038.Name = "BarkMesh"
SpecialMesh1038.Parent = Part1037
SpecialMesh1038.MeshId = "rbxassetid://623621260"
SpecialMesh1038.Offset = Vector3.new(0, 3.4100000858306885, 0)
SpecialMesh1038.TextureId = "rbxassetid://623618671"
SpecialMesh1038.MeshType = Enum.MeshType.FileMesh
Part1039.Name = "TreeMeshTop"
Part1039.Parent = Model1036
Part1039.CFrame = CFrame.new(1373.6936, 387.2854, 3506.83032, -0.658884346, -0.00114824821, 0.752246201, -0.000885321293, 1.0000037, 0.000751008571, -0.752247334, -0.000171221109, -0.658886433)
Part1039.Orientation = Vector3.new(-0.03999999910593033, 131.2100067138672, -0.05000000074505806)
Part1039.Position = Vector3.new(1373.693603515625, 387.285400390625, 3506.830322265625)
Part1039.Rotation = Vector3.new(-179.92999267578125, 48.790000915527344, 179.89999389648438)
Part1039.Transparency = 0.05000000074505806
Part1039.Size = Vector3.new(8.250000953674316, 0.2499980926513672, 7)
Part1039.Anchored = true
Part1039.CanCollide = false
Part1039.Material = Enum.Material.Fabric
SpecialMesh1040.Name = "TopTreeMesh"
SpecialMesh1040.Parent = Part1039
SpecialMesh1040.MeshId = "rbxassetid://623621456"
SpecialMesh1040.Offset = Vector3.new(0, 3.4100000858306885, 0)
SpecialMesh1040.Scale = Vector3.new(1.600000023841858, 1.600000023841858, 1.600000023841858)
SpecialMesh1040.TextureId = "rbxassetid://745556120"
SpecialMesh1040.MeshType = Enum.MeshType.FileMesh
Model1041.Name = "茂み"
Model1041.Parent = Folder0
Part1042.Name = "TreeMesh Bottom"
Part1042.Parent = Model1041
Part1042.CFrame = CFrame.new(1335.49463, 357.051636, 3452.12573, -0.75224632, -0.000414692506, -0.658885062, 0.000225205789, 1.00000393, -0.000886526715, 0.658886671, -0.000815339095, -0.752246559)
Part1042.Orientation = Vector3.new(0.05000000074505806, -138.7899932861328, 0.009999999776482582)
Part1042.Position = Vector3.new(1335.49462890625, 357.0516357421875, 3452.125732421875)
Part1042.Rotation = Vector3.new(179.92999267578125, -41.209999084472656, 179.97000122070312)
Part1042.Size = Vector3.new(8.250000953674316, 0.2499980926513672, 7)
Part1042.Anchored = true
Part1042.CanCollide = false
Part1042.Material = Enum.Material.Fabric
SpecialMesh1043.Name = "BarkMesh"
SpecialMesh1043.Parent = Part1042
SpecialMesh1043.MeshId = "rbxassetid://623621260"
SpecialMesh1043.Offset = Vector3.new(0, 3.4100000858306885, 0)
SpecialMesh1043.TextureId = "rbxassetid://623618671"
SpecialMesh1043.MeshType = Enum.MeshType.FileMesh
Part1044.Name = "TreeMeshTop"
Part1044.Parent = Model1041
Part1044.CFrame = CFrame.new(1335.48267, 387.191742, 3452.10107, -0.75224632, -0.000414692506, -0.658885062, 0.000225205789, 1.00000393, -0.000886526715, 0.658886671, -0.000815339095, -0.752246559)
Part1044.Orientation = Vector3.new(0.05000000074505806, -138.7899932861328, 0.009999999776482582)
Part1044.Position = Vector3.new(1335.482666015625, 387.1917419433594, 3452.10107421875)
Part1044.Rotation = Vector3.new(179.92999267578125, -41.209999084472656, 179.97000122070312)
Part1044.Transparency = 0.05000000074505806
Part1044.Size = Vector3.new(8.250000953674316, 0.2499980926513672, 7)
Part1044.Anchored = true
Part1044.CanCollide = false
Part1044.Material = Enum.Material.Fabric
SpecialMesh1045.Name = "TopTreeMesh"
SpecialMesh1045.Parent = Part1044
SpecialMesh1045.MeshId = "rbxassetid://623621456"
SpecialMesh1045.Offset = Vector3.new(0, 3.4100000858306885, 0)
SpecialMesh1045.Scale = Vector3.new(1.600000023841858, 1.600000023841858, 1.600000023841858)
SpecialMesh1045.TextureId = "rbxassetid://745556120"
SpecialMesh1045.MeshType = Enum.MeshType.FileMesh
Model1046.Name = "茂み"
Model1046.Parent = Folder0
Part1047.Name = "TreeMesh Bottom"
Part1047.Parent = Model1046
Part1047.CFrame = CFrame.new(1276.29541, 357.567352, 3386.31934, 0.658884346, -0.000413584494, -0.752246976, 0.000885321293, 1.00000393, 0.000225621712, 0.752247334, -0.000814706786, 0.658886015)
Part1047.Orientation = Vector3.new(-0.009999999776482582, -48.790000915527344, 0.05000000074505806)
Part1047.Position = Vector3.new(1276.29541015625, 357.5673522949219, 3386.3193359375)
Part1047.Rotation = Vector3.new(-0.019999999552965164, -48.790000915527344, 0.03999999910593033)
Part1047.Size = Vector3.new(8.250000953674316, 0.2499980926513672, 7)
Part1047.Anchored = true
Part1047.CanCollide = false
Part1047.Material = Enum.Material.Fabric
SpecialMesh1048.Name = "BarkMesh"
SpecialMesh1048.Parent = Part1047
SpecialMesh1048.MeshId = "rbxassetid://623621260"
SpecialMesh1048.Offset = Vector3.new(0, 3.4100000858306885, 0)
SpecialMesh1048.TextureId = "rbxassetid://623618671"
SpecialMesh1048.MeshType = Enum.MeshType.FileMesh
Part1049.Name = "TreeMeshTop"
Part1049.Parent = Model1046
Part1049.CFrame = CFrame.new(1276.28369, 387.707611, 3386.2937, 0.658884346, -0.000413584494, -0.752246976, 0.000885321293, 1.00000393, 0.000225621712, 0.752247334, -0.000814706786, 0.658886015)
Part1049.Orientation = Vector3.new(-0.009999999776482582, -48.790000915527344, 0.05000000074505806)
Part1049.Position = Vector3.new(1276.28369140625, 387.7076110839844, 3386.293701171875)
Part1049.Rotation = Vector3.new(-0.019999999552965164, -48.790000915527344, 0.03999999910593033)
Part1049.Transparency = 0.05000000074505806
Part1049.Size = Vector3.new(8.250000953674316, 0.2499980926513672, 7)
Part1049.Anchored = true
Part1049.CanCollide = false
Part1049.Material = Enum.Material.Fabric
SpecialMesh1050.Name = "TopTreeMesh"
SpecialMesh1050.Parent = Part1049
SpecialMesh1050.MeshId = "rbxassetid://623621456"
SpecialMesh1050.Offset = Vector3.new(0, 3.4100000858306885, 0)
SpecialMesh1050.Scale = Vector3.new(1.600000023841858, 1.600000023841858, 1.600000023841858)
SpecialMesh1050.TextureId = "rbxassetid://745556120"
SpecialMesh1050.MeshType = Enum.MeshType.FileMesh
Model1051.Name = "茂み"
Model1051.Parent = Folder0
Part1052.Name = "TreeMesh Bottom"
Part1052.Parent = Model1051
Part1052.CFrame = CFrame.new(1309.10767, 357.598511, 3407.89258, -0.75224632, -0.000413970789, -0.658885062, 0.000225205789, 1.00000393, -0.000885431364, 0.658886671, -0.000814515108, -0.752246559)
Part1052.Orientation = Vector3.new(0.05000000074505806, -138.7899932861328, 0.009999999776482582)
Part1052.Position = Vector3.new(1309.107666015625, 357.5985107421875, 3407.892578125)
Part1052.Rotation = Vector3.new(179.92999267578125, -41.209999084472656, 179.97000122070312)
Part1052.Size = Vector3.new(8.250000953674316, 0.2499980926513672, 7)
Part1052.Anchored = true
Part1052.CanCollide = false
Part1052.Material = Enum.Material.Fabric
SpecialMesh1053.Name = "BarkMesh"
SpecialMesh1053.Parent = Part1052
SpecialMesh1053.MeshId = "rbxassetid://623621260"
SpecialMesh1053.Offset = Vector3.new(0, 3.4100000858306885, 0)
SpecialMesh1053.TextureId = "rbxassetid://623618671"
SpecialMesh1053.MeshType = Enum.MeshType.FileMesh
Part1054.Name = "TreeMeshTop"
Part1054.Parent = Model1051
Part1054.CFrame = CFrame.new(1309.09546, 387.738617, 3407.86792, -0.75224632, -0.000413970789, -0.658885062, 0.000225205789, 1.00000393, -0.000885431364, 0.658886671, -0.000814515108, -0.752246559)
Part1054.Orientation = Vector3.new(0.05000000074505806, -138.7899932861328, 0.009999999776482582)
Part1054.Position = Vector3.new(1309.095458984375, 387.7386169433594, 3407.867919921875)
Part1054.Rotation = Vector3.new(179.92999267578125, -41.209999084472656, 179.97000122070312)
Part1054.Transparency = 0.05000000074505806
Part1054.Size = Vector3.new(8.250000953674316, 0.2499980926513672, 7)
Part1054.Anchored = true
Part1054.CanCollide = false
Part1054.Material = Enum.Material.Fabric
SpecialMesh1055.Name = "TopTreeMesh"
SpecialMesh1055.Parent = Part1054
SpecialMesh1055.MeshId = "rbxassetid://623621456"
SpecialMesh1055.Offset = Vector3.new(0, 3.4100000858306885, 0)
SpecialMesh1055.Scale = Vector3.new(1.600000023841858, 1.600000023841858, 1.600000023841858)
SpecialMesh1055.TextureId = "rbxassetid://745556120"
SpecialMesh1055.MeshType = Enum.MeshType.FileMesh
Model1056.Name = "茂み"
Model1056.Parent = Folder0
Part1057.Name = "TreeMesh Bottom"
Part1057.Parent = Model1056
Part1057.CFrame = CFrame.new(1395.20361, 357.10675, 3489.38892, -0.75224632, -0.000413970789, -0.658885062, 0.000225205789, 1.00000393, -0.000885431364, 0.658886671, -0.000814515108, -0.752246559)
Part1057.Orientation = Vector3.new(0.05000000074505806, -138.7899932861328, 0.009999999776482582)
Part1057.Position = Vector3.new(1395.20361328125, 357.10675048828125, 3489.388916015625)
Part1057.Rotation = Vector3.new(179.92999267578125, -41.209999084472656, 179.97000122070312)
Part1057.Size = Vector3.new(8.250000953674316, 0.2499980926513672, 7)
Part1057.Anchored = true
Part1057.CanCollide = false
Part1057.Material = Enum.Material.Fabric
SpecialMesh1058.Name = "BarkMesh"
SpecialMesh1058.Parent = Part1057
SpecialMesh1058.MeshId = "rbxassetid://623621260"
SpecialMesh1058.Offset = Vector3.new(0, 3.4100000858306885, 0)
SpecialMesh1058.TextureId = "rbxassetid://623618671"
SpecialMesh1058.MeshType = Enum.MeshType.FileMesh
Part1059.Name = "TreeMeshTop"
Part1059.Parent = Model1056
Part1059.CFrame = CFrame.new(1395.19141, 387.246857, 3489.36426, -0.75224632, -0.000413970789, -0.658885062, 0.000225205789, 1.00000393, -0.000885431364, 0.658886671, -0.000814515108, -0.752246559)
Part1059.Orientation = Vector3.new(0.05000000074505806, -138.7899932861328, 0.009999999776482582)
Part1059.Position = Vector3.new(1395.19140625, 387.2468566894531, 3489.3642578125)
Part1059.Rotation = Vector3.new(179.92999267578125, -41.209999084472656, 179.97000122070312)
Part1059.Transparency = 0.05000000074505806
Part1059.Size = Vector3.new(8.250000953674316, 0.2499980926513672, 7)
Part1059.Anchored = true
Part1059.CanCollide = false
Part1059.Material = Enum.Material.Fabric
SpecialMesh1060.Name = "TopTreeMesh"
SpecialMesh1060.Parent = Part1059
SpecialMesh1060.MeshId = "rbxassetid://623621456"
SpecialMesh1060.Offset = Vector3.new(0, 3.4100000858306885, 0)
SpecialMesh1060.Scale = Vector3.new(1.600000023841858, 1.600000023841858, 1.600000023841858)
SpecialMesh1060.TextureId = "rbxassetid://745556120"
SpecialMesh1060.MeshType = Enum.MeshType.FileMesh
Model1061.Name = "茂み"
Model1061.Parent = Folder0
Part1062.Name = "TreeMesh Bottom"
Part1062.Parent = Model1061
Part1062.CFrame = CFrame.new(1569.2157, 357.325073, 3628.15332, -0.85385704, -0.000921886472, 0.52051121, -0.000777175534, 1.00000453, 0.000496220076, -0.520512521, 1.90995488e-05, -0.853858471)
Part1062.Orientation = Vector3.new(-0.029999999329447746, 148.6300048828125, -0.03999999910593033)
Part1062.Position = Vector3.new(1569.2156982421875, 357.3250732421875, 3628.1533203125)
Part1062.Rotation = Vector3.new(-179.97000122070312, 31.3700008392334, 179.94000244140625)
Part1062.Size = Vector3.new(8.250000953674316, 0.2499980926513672, 7)
Part1062.Anchored = true
Part1062.CanCollide = false
Part1062.Material = Enum.Material.Fabric
SpecialMesh1063.Name = "BarkMesh"
SpecialMesh1063.Parent = Part1062
SpecialMesh1063.MeshId = "rbxassetid://623621260"
SpecialMesh1063.Offset = Vector3.new(0, 3.4100000858306885, 0)
SpecialMesh1063.TextureId = "rbxassetid://623618671"
SpecialMesh1063.MeshType = Enum.MeshType.FileMesh
Part1064.Name = "TreeMeshTop"
Part1064.Parent = Model1061
Part1064.CFrame = CFrame.new(1569.18762, 387.465179, 3628.1543, -0.85385704, -0.000921886472, 0.52051121, -0.000777175534, 1.00000453, 0.000496220076, -0.520512521, 1.90995488e-05, -0.853858471)
Part1064.Orientation = Vector3.new(-0.029999999329447746, 148.6300048828125, -0.03999999910593033)
Part1064.Position = Vector3.new(1569.1876220703125, 387.4651794433594, 3628.154296875)
Part1064.Rotation = Vector3.new(-179.97000122070312, 31.3700008392334, 179.94000244140625)
Part1064.Transparency = 0.05000000074505806
Part1064.Size = Vector3.new(8.250000953674316, 0.2499980926513672, 7)
Part1064.Anchored = true
Part1064.CanCollide = false
Part1064.Material = Enum.Material.Fabric
SpecialMesh1065.Name = "TopTreeMesh"
SpecialMesh1065.Parent = Part1064
SpecialMesh1065.MeshId = "rbxassetid://623621456"
SpecialMesh1065.Offset = Vector3.new(0, 3.4100000858306885, 0)
SpecialMesh1065.Scale = Vector3.new(1.600000023841858, 1.600000023841858, 1.600000023841858)
SpecialMesh1065.TextureId = "rbxassetid://745556120"
SpecialMesh1065.MeshType = Enum.MeshType.FileMesh
Model1066.Name = "茂み"
Model1066.Parent = Folder0
Part1067.Name = "TreeMesh Bottom"
Part1067.Parent = Model1066
Part1067.CFrame = CFrame.new(1516.3573, 357.236694, 3587.39795, -0.520511031, -0.000414787879, -0.853857517, 0.000479994778, 1.00000441, -0.000778380665, 0.85385859, -0.000815072621, -0.520511568)
Part1067.Orientation = Vector3.new(0.03999999910593033, -121.37000274658203, 0.029999999329447746)
Part1067.Position = Vector3.new(1516.3572998046875, 357.2366943359375, 3587.39794921875)
Part1067.Rotation = Vector3.new(179.91000366210938, -58.630001068115234, 179.9499969482422)
Part1067.Size = Vector3.new(8.250000953674316, 0.2499980926513672, 7)
Part1067.Anchored = true
Part1067.CanCollide = false
Part1067.Material = Enum.Material.Fabric
SpecialMesh1068.Name = "BarkMesh"
SpecialMesh1068.Parent = Part1067
SpecialMesh1068.MeshId = "rbxassetid://623621260"
SpecialMesh1068.Offset = Vector3.new(0, 3.4100000858306885, 0)
SpecialMesh1068.TextureId = "rbxassetid://623618671"
SpecialMesh1068.MeshType = Enum.MeshType.FileMesh
Part1069.Name = "TreeMeshTop"
Part1069.Parent = Model1066
Part1069.CFrame = CFrame.new(1516.34558, 387.376801, 3587.37305, -0.520511031, -0.000414787879, -0.853857517, 0.000479994778, 1.00000441, -0.000778380665, 0.85385859, -0.000815072621, -0.520511568)
Part1069.Orientation = Vector3.new(0.03999999910593033, -121.37000274658203, 0.029999999329447746)
Part1069.Position = Vector3.new(1516.3455810546875, 387.3768005371094, 3587.373046875)
Part1069.Rotation = Vector3.new(179.91000366210938, -58.630001068115234, 179.9499969482422)
Part1069.Transparency = 0.05000000074505806
Part1069.Size = Vector3.new(8.250000953674316, 0.2499980926513672, 7)
Part1069.Anchored = true
Part1069.CanCollide = false
Part1069.Material = Enum.Material.Fabric
SpecialMesh1070.Name = "TopTreeMesh"
SpecialMesh1070.Parent = Part1069
SpecialMesh1070.MeshId = "rbxassetid://623621456"
SpecialMesh1070.Offset = Vector3.new(0, 3.4100000858306885, 0)
SpecialMesh1070.Scale = Vector3.new(1.600000023841858, 1.600000023841858, 1.600000023841858)
SpecialMesh1070.TextureId = "rbxassetid://745556120"
SpecialMesh1070.MeshType = Enum.MeshType.FileMesh
Model1071.Name = "茂み"
Model1071.Parent = Folder0
Part1072.Name = "TreeMesh Bottom"
Part1072.Parent = Model1071
Part1072.CFrame = CFrame.new(1440.17371, 357.762299, 3542.33057, 0.85385704, -0.000413541391, -0.520511806, 0.000777175534, 1.00000441, 0.000480410818, 0.520512521, -0.000814801024, 0.853858232)
Part1072.Orientation = Vector3.new(-0.029999999329447746, -31.3700008392334, 0.03999999910593033)
Part1072.Position = Vector3.new(1440.1737060546875, 357.7622985839844, 3542.33056640625)
Part1072.Rotation = Vector3.new(-0.029999999329447746, -31.3700008392334, 0.029999999329447746)
Part1072.Size = Vector3.new(8.250000953674316, 0.2499980926513672, 7)
Part1072.Anchored = true
Part1072.CanCollide = false
Part1072.Material = Enum.Material.Fabric
SpecialMesh1073.Name = "BarkMesh"
SpecialMesh1073.Parent = Part1072
SpecialMesh1073.MeshId = "rbxassetid://623621260"
SpecialMesh1073.Offset = Vector3.new(0, 3.4100000858306885, 0)
SpecialMesh1073.TextureId = "rbxassetid://623618671"
SpecialMesh1073.MeshType = Enum.MeshType.FileMesh
Part1074.Name = "TreeMeshTop"
Part1074.Parent = Model1071
Part1074.CFrame = CFrame.new(1440.16199, 387.902557, 3542.30469, 0.85385704, -0.000413541391, -0.520511806, 0.000777175534, 1.00000441, 0.000480410818, 0.520512521, -0.000814801024, 0.853858232)
Part1074.Orientation = Vector3.new(-0.029999999329447746, -31.3700008392334, 0.03999999910593033)
Part1074.Position = Vector3.new(1440.1619873046875, 387.9025573730469, 3542.3046875)
Part1074.Rotation = Vector3.new(-0.029999999329447746, -31.3700008392334, 0.029999999329447746)
Part1074.Transparency = 0.05000000074505806
Part1074.Size = Vector3.new(8.250000953674316, 0.2499980926513672, 7)
Part1074.Anchored = true
Part1074.CanCollide = false
Part1074.Material = Enum.Material.Fabric
SpecialMesh1075.Name = "TopTreeMesh"
SpecialMesh1075.Parent = Part1074
SpecialMesh1075.MeshId = "rbxassetid://623621456"
SpecialMesh1075.Offset = Vector3.new(0, 3.4100000858306885, 0)
SpecialMesh1075.Scale = Vector3.new(1.600000023841858, 1.600000023841858, 1.600000023841858)
SpecialMesh1075.TextureId = "rbxassetid://745556120"
SpecialMesh1075.MeshType = Enum.MeshType.FileMesh
Model1076.Name = "茂み"
Model1076.Parent = Folder0
Part1077.Name = "TreeMesh Bottom"
Part1077.Parent = Model1076
Part1077.CFrame = CFrame.new(1477.93933, 357.786682, 3553.09229, -0.520511031, -0.000413852627, -0.853857517, 0.000479994778, 1.00000441, -0.000777285313, 0.85385859, -0.000814502477, -0.520511568)
Part1077.Orientation = Vector3.new(0.03999999910593033, -121.37000274658203, 0.029999999329447746)
Part1077.Position = Vector3.new(1477.9393310546875, 357.78668212890625, 3553.09228515625)
Part1077.Rotation = Vector3.new(179.91000366210938, -58.630001068115234, 179.9499969482422)
Part1077.Size = Vector3.new(8.250000953674316, 0.2499980926513672, 7)
Part1077.Anchored = true
Part1077.CanCollide = false
Part1077.Material = Enum.Material.Fabric
SpecialMesh1078.Name = "BarkMesh"
SpecialMesh1078.Parent = Part1077
SpecialMesh1078.MeshId = "rbxassetid://623621260"
SpecialMesh1078.Offset = Vector3.new(0, 3.4100000858306885, 0)
SpecialMesh1078.TextureId = "rbxassetid://623618671"
SpecialMesh1078.MeshType = Enum.MeshType.FileMesh
Part1079.Name = "TreeMeshTop"
Part1079.Parent = Model1076
Part1079.CFrame = CFrame.new(1477.92712, 387.926788, 3553.06738, -0.520511031, -0.000413852627, -0.853857517, 0.000479994778, 1.00000441, -0.000777285313, 0.85385859, -0.000814502477, -0.520511568)
Part1079.Orientation = Vector3.new(0.03999999910593033, -121.37000274658203, 0.029999999329447746)
Part1079.Position = Vector3.new(1477.9271240234375, 387.9267883300781, 3553.0673828125)
Part1079.Rotation = Vector3.new(179.91000366210938, -58.630001068115234, 179.9499969482422)
Part1079.Transparency = 0.05000000074505806
Part1079.Size = Vector3.new(8.250000953674316, 0.2499980926513672, 7)
Part1079.Anchored = true
Part1079.CanCollide = false
Part1079.Material = Enum.Material.Fabric
SpecialMesh1080.Name = "TopTreeMesh"
SpecialMesh1080.Parent = Part1079
SpecialMesh1080.MeshId = "rbxassetid://623621456"
SpecialMesh1080.Offset = Vector3.new(0, 3.4100000858306885, 0)
SpecialMesh1080.Scale = Vector3.new(1.600000023841858, 1.600000023841858, 1.600000023841858)
SpecialMesh1080.TextureId = "rbxassetid://745556120"
SpecialMesh1080.MeshType = Enum.MeshType.FileMesh
Model1081.Name = "茂み"
Model1081.Parent = Folder0
Part1082.Name = "TreeMesh Bottom"
Part1082.Parent = Model1081
Part1082.CFrame = CFrame.new(1584.48328, 357.279327, 3605.07861, -0.520511031, -0.000413852627, -0.853857517, 0.000479994778, 1.00000441, -0.000777285313, 0.85385859, -0.000814502477, -0.520511568)
Part1082.Orientation = Vector3.new(0.03999999910593033, -121.37000274658203, 0.029999999329447746)
Part1082.Position = Vector3.new(1584.4832763671875, 357.2793273925781, 3605.07861328125)
Part1082.Rotation = Vector3.new(179.91000366210938, -58.630001068115234, 179.9499969482422)
Part1082.Size = Vector3.new(8.250000953674316, 0.2499980926513672, 7)
Part1082.Anchored = true
Part1082.CanCollide = false
Part1082.Material = Enum.Material.Fabric
SpecialMesh1083.Name = "BarkMesh"
SpecialMesh1083.Parent = Part1082
SpecialMesh1083.MeshId = "rbxassetid://623621260"
SpecialMesh1083.Offset = Vector3.new(0, 3.4100000858306885, 0)
SpecialMesh1083.TextureId = "rbxassetid://623618671"
SpecialMesh1083.MeshType = Enum.MeshType.FileMesh
Part1084.Name = "TreeMeshTop"
Part1084.Parent = Model1081
Part1084.CFrame = CFrame.new(1584.47107, 387.419434, 3605.05371, -0.520511031, -0.000413852627, -0.853857517, 0.000479994778, 1.00000441, -0.000777285313, 0.85385859, -0.000814502477, -0.520511568)
Part1084.Orientation = Vector3.new(0.03999999910593033, -121.37000274658203, 0.029999999329447746)
Part1084.Position = Vector3.new(1584.4710693359375, 387.41943359375, 3605.0537109375)
Part1084.Rotation = Vector3.new(179.91000366210938, -58.630001068115234, 179.9499969482422)
Part1084.Transparency = 0.05000000074505806
Part1084.Size = Vector3.new(8.250000953674316, 0.2499980926513672, 7)
Part1084.Anchored = true
Part1084.CanCollide = false
Part1084.Material = Enum.Material.Fabric
SpecialMesh1085.Name = "TopTreeMesh"
SpecialMesh1085.Parent = Part1084
SpecialMesh1085.MeshId = "rbxassetid://623621456"
SpecialMesh1085.Offset = Vector3.new(0, 3.4100000858306885, 0)
SpecialMesh1085.Scale = Vector3.new(1.600000023841858, 1.600000023841858, 1.600000023841858)
SpecialMesh1085.TextureId = "rbxassetid://745556120"
SpecialMesh1085.MeshType = Enum.MeshType.FileMesh
Model1086.Name = "茂み"
Model1086.Parent = Folder0
Part1087.Name = "TreeMesh Bottom"
Part1087.Parent = Model1086
Part1087.CFrame = CFrame.new(1164.69043, 356.971558, 3275.87891, -0.0581899881, 0.00015999371, -0.998305678, -0.000460039621, 1.00000119, 0.000187081416, 0.998306096, 0.00047014677, -0.0581901968)
Part1087.Orientation = Vector3.new(-0.009999999776482582, -93.33999633789062, -0.029999999329447746)
Part1087.Position = Vector3.new(1164.6904296875, 356.9715576171875, 3275.87890625)
Part1087.Rotation = Vector3.new(-179.82000732421875, -86.66000366210938, -179.83999633789062)
Part1087.Size = Vector3.new(8.250000953674316, 0.2499980926513672, 7)
Part1087.Anchored = true
Part1087.CanCollide = false
Part1087.Material = Enum.Material.Fabric
SpecialMesh1088.Name = "BarkMesh"
SpecialMesh1088.Parent = Part1087
SpecialMesh1088.MeshId = "rbxassetid://623621260"
SpecialMesh1088.Offset = Vector3.new(0, 3.4100000858306885, 0)
SpecialMesh1088.TextureId = "rbxassetid://623618671"
SpecialMesh1088.MeshType = Enum.MeshType.FileMesh
Part1089.Name = "TreeMeshTop"
Part1089.Parent = Model1086
Part1089.CFrame = CFrame.new(1164.6958, 387.111694, 3275.89307, -0.0581899881, 0.00015999371, -0.998305678, -0.000460039621, 1.00000119, 0.000187081416, 0.998306096, 0.00047014677, -0.0581901968)
Part1089.Orientation = Vector3.new(-0.009999999776482582, -93.33999633789062, -0.029999999329447746)
Part1089.Position = Vector3.new(1164.69580078125, 387.1116943359375, 3275.89306640625)
Part1089.Rotation = Vector3.new(-179.82000732421875, -86.66000366210938, -179.83999633789062)
Part1089.Transparency = 0.05000000074505806
Part1089.Size = Vector3.new(8.250000953674316, 0.2499980926513672, 7)
Part1089.Anchored = true
Part1089.CanCollide = false
Part1089.Material = Enum.Material.Fabric
SpecialMesh1090.Name = "TopTreeMesh"
SpecialMesh1090.Parent = Part1089
SpecialMesh1090.MeshId = "rbxassetid://623621456"
SpecialMesh1090.Offset = Vector3.new(0, 3.4100000858306885, 0)
SpecialMesh1090.Scale = Vector3.new(1.600000023841858, 1.600000023841858, 1.600000023841858)
SpecialMesh1090.TextureId = "rbxassetid://745556120"
SpecialMesh1090.MeshType = Enum.MeshType.FileMesh
Model1091.Name = "茂み"
Model1091.Parent = Folder0
Part1092.Name = "TreeMesh Bottom"
Part1092.Parent = Model1091
Part1092.CFrame = CFrame.new(1153.5564, 356.901947, 3341.6897, 0.998305619, -0.000814572209, -0.0581867993, 0.000789049722, 1.00000095, -0.000461602758, 0.0581874847, 0.000414908427, 0.998306215)
Part1092.Orientation = Vector3.new(0.029999999329447746, -3.3399999141693115, 0.05000000074505806)
Part1092.Position = Vector3.new(1153.556396484375, 356.9019470214844, 3341.689697265625)
Part1092.Rotation = Vector3.new(0.029999999329447746, -3.3399999141693115, 0.05000000074505806)
Part1092.Size = Vector3.new(8.250000953674316, 0.2499980926513672, 7)
Part1092.Anchored = true
Part1092.CanCollide = false
Part1092.Material = Enum.Material.Fabric
SpecialMesh1093.Name = "BarkMesh"
SpecialMesh1093.Parent = Part1092
SpecialMesh1093.MeshId = "rbxassetid://623621260"
SpecialMesh1093.Offset = Vector3.new(0, 3.4100000858306885, 0)
SpecialMesh1093.TextureId = "rbxassetid://623618671"
SpecialMesh1093.MeshType = Enum.MeshType.FileMesh
Part1094.Name = "TreeMeshTop"
Part1094.Parent = Model1091
Part1094.CFrame = CFrame.new(1153.53101, 387.042114, 3341.70142, 0.998305619, -0.000814572209, -0.0581867993, 0.000789049722, 1.00000095, -0.000461602758, 0.0581874847, 0.000414908427, 0.998306215)
Part1094.Orientation = Vector3.new(0.029999999329447746, -3.3399999141693115, 0.05000000074505806)
Part1094.Position = Vector3.new(1153.531005859375, 387.0421142578125, 3341.701416015625)
Part1094.Rotation = Vector3.new(0.029999999329447746, -3.3399999141693115, 0.05000000074505806)
Part1094.Transparency = 0.05000000074505806
Part1094.Size = Vector3.new(8.250000953674316, 0.2499980926513672, 7)
Part1094.Anchored = true
Part1094.CanCollide = false
Part1094.Material = Enum.Material.Fabric
SpecialMesh1095.Name = "TopTreeMesh"
SpecialMesh1095.Parent = Part1094
SpecialMesh1095.MeshId = "rbxassetid://623621456"
SpecialMesh1095.Offset = Vector3.new(0, 3.4100000858306885, 0)
SpecialMesh1095.Scale = Vector3.new(1.600000023841858, 1.600000023841858, 1.600000023841858)
SpecialMesh1095.TextureId = "rbxassetid://745556120"
SpecialMesh1095.MeshType = Enum.MeshType.FileMesh
Model1096.Name = "茂み"
Model1096.Parent = Folder0
Part1097.Name = "TreeMesh Bottom"
Part1097.Parent = Model1096
Part1097.CFrame = CFrame.new(1149.57739, 357.455994, 3430.11572, 0.0581899881, -0.000814882049, 0.99830544, 0.000460039621, 1.00000083, 0.000789449841, -0.998306096, 0.000413322065, 0.0581907332)
Part1097.Orientation = Vector3.new(-0.05000000074505806, 86.66000366210938, 0.029999999329447746)
Part1097.Position = Vector3.new(1149.577392578125, 357.45599365234375, 3430.11572265625)
Part1097.Rotation = Vector3.new(-0.7799999713897705, 86.66000366210938, 0.800000011920929)
Part1097.Size = Vector3.new(8.250000953674316, 0.2499980926513672, 7)
Part1097.Anchored = true
Part1097.CanCollide = false
Part1097.Material = Enum.Material.Fabric
SpecialMesh1098.Name = "BarkMesh"
SpecialMesh1098.Parent = Part1097
SpecialMesh1098.MeshId = "rbxassetid://623621260"
SpecialMesh1098.Offset = Vector3.new(0, 3.4100000858306885, 0)
SpecialMesh1098.TextureId = "rbxassetid://623618671"
SpecialMesh1098.MeshType = Enum.MeshType.FileMesh
Part1099.Name = "TreeMeshTop"
Part1099.Parent = Model1096
Part1099.CFrame = CFrame.new(1149.55151, 387.596283, 3430.12817, 0.0581899881, -0.000814882049, 0.99830544, 0.000460039621, 1.00000083, 0.000789449841, -0.998306096, 0.000413322065, 0.0581907332)
Part1099.Orientation = Vector3.new(-0.05000000074505806, 86.66000366210938, 0.029999999329447746)
Part1099.Position = Vector3.new(1149.551513671875, 387.5962829589844, 3430.128173828125)
Part1099.Rotation = Vector3.new(-0.7799999713897705, 86.66000366210938, 0.800000011920929)
Part1099.Transparency = 0.05000000074505806
Part1099.Size = Vector3.new(8.250000953674316, 0.2499980926513672, 7)
Part1099.Anchored = true
Part1099.CanCollide = false
Part1099.Material = Enum.Material.Fabric
SpecialMesh1100.Name = "TopTreeMesh"
SpecialMesh1100.Parent = Part1099
SpecialMesh1100.MeshId = "rbxassetid://623621456"
SpecialMesh1100.Offset = Vector3.new(0, 3.4100000858306885, 0)
SpecialMesh1100.Scale = Vector3.new(1.600000023841858, 1.600000023841858, 1.600000023841858)
SpecialMesh1100.TextureId = "rbxassetid://745556120"
SpecialMesh1100.MeshType = Enum.MeshType.FileMesh
Model1101.Name = "茂み"
Model1101.Parent = Folder0
Part1102.Name = "TreeMesh Bottom"
Part1102.Parent = Model1101
Part1102.CFrame = CFrame.new(1141.32886, 357.465149, 3391.72266, 0.998305619, -0.0008145225, -0.0581867993, 0.000789049722, 1.00000083, -0.000460748968, 0.0581874847, 0.000414056034, 0.998306215)
Part1102.Orientation = Vector3.new(0.029999999329447746, -3.3399999141693115, 0.05000000074505806)
Part1102.Position = Vector3.new(1141.328857421875, 357.46514892578125, 3391.72265625)
Part1102.Rotation = Vector3.new(0.029999999329447746, -3.3399999141693115, 0.05000000074505806)
Part1102.Size = Vector3.new(8.250000953674316, 0.2499980926513672, 7)
Part1102.Anchored = true
Part1102.CanCollide = false
Part1102.Material = Enum.Material.Fabric
SpecialMesh1103.Name = "BarkMesh"
SpecialMesh1103.Parent = Part1102
SpecialMesh1103.MeshId = "rbxassetid://623621260"
SpecialMesh1103.Offset = Vector3.new(0, 3.4100000858306885, 0)
SpecialMesh1103.TextureId = "rbxassetid://623618671"
SpecialMesh1103.MeshType = Enum.MeshType.FileMesh
Part1104.Name = "TreeMeshTop"
Part1104.Parent = Model1101
Part1104.CFrame = CFrame.new(1141.30396, 387.605255, 3391.73511, 0.998305619, -0.0008145225, -0.0581867993, 0.000789049722, 1.00000083, -0.000460748968, 0.0581874847, 0.000414056034, 0.998306215)
Part1104.Orientation = Vector3.new(0.029999999329447746, -3.3399999141693115, 0.05000000074505806)
Part1104.Position = Vector3.new(1141.303955078125, 387.6052551269531, 3391.735107421875)
Part1104.Rotation = Vector3.new(0.029999999329447746, -3.3399999141693115, 0.05000000074505806)
Part1104.Transparency = 0.05000000074505806
Part1104.Size = Vector3.new(8.250000953674316, 0.2499980926513672, 7)
Part1104.Anchored = true
Part1104.CanCollide = false
Part1104.Material = Enum.Material.Fabric
SpecialMesh1105.Name = "TopTreeMesh"
SpecialMesh1105.Parent = Part1104
SpecialMesh1105.MeshId = "rbxassetid://623621456"
SpecialMesh1105.Offset = Vector3.new(0, 3.4100000858306885, 0)
SpecialMesh1105.Scale = Vector3.new(1.600000023841858, 1.600000023841858, 1.600000023841858)
SpecialMesh1105.TextureId = "rbxassetid://745556120"
SpecialMesh1105.MeshType = Enum.MeshType.FileMesh
Model1106.Name = "茂み"
Model1106.Parent = Folder0
Part1107.Name = "TreeMesh Bottom"
Part1107.Parent = Model1106
Part1107.CFrame = CFrame.new(1137.14771, 356.916931, 3273.24634, 0.998305619, -0.0008145225, -0.0581867993, 0.000789049722, 1.00000083, -0.000460748968, 0.0581874847, 0.000414056034, 0.998306215)
Part1107.Orientation = Vector3.new(0.029999999329447746, -3.3399999141693115, 0.05000000074505806)
Part1107.Position = Vector3.new(1137.147705078125, 356.91693115234375, 3273.246337890625)
Part1107.Rotation = Vector3.new(0.029999999329447746, -3.3399999141693115, 0.05000000074505806)
Part1107.Size = Vector3.new(8.250000953674316, 0.2499980926513672, 7)
Part1107.Anchored = true
Part1107.CanCollide = false
Part1107.Material = Enum.Material.Fabric
SpecialMesh1108.Name = "BarkMesh"
SpecialMesh1108.Parent = Part1107
SpecialMesh1108.MeshId = "rbxassetid://623621260"
SpecialMesh1108.Offset = Vector3.new(0, 3.4100000858306885, 0)
SpecialMesh1108.TextureId = "rbxassetid://623618671"
SpecialMesh1108.MeshType = Enum.MeshType.FileMesh
Part1109.Name = "TreeMeshTop"
Part1109.Parent = Model1106
Part1109.CFrame = CFrame.new(1137.1228, 387.057068, 3273.25854, 0.998305619, -0.0008145225, -0.0581867993, 0.000789049722, 1.00000083, -0.000460748968, 0.0581874847, 0.000414056034, 0.998306215)
Part1109.Orientation = Vector3.new(0.029999999329447746, -3.3399999141693115, 0.05000000074505806)
Part1109.Position = Vector3.new(1137.122802734375, 387.05706787109375, 3273.258544921875)
Part1109.Rotation = Vector3.new(0.029999999329447746, -3.3399999141693115, 0.05000000074505806)
Part1109.Transparency = 0.05000000074505806
Part1109.Size = Vector3.new(8.250000953674316, 0.2499980926513672, 7)
Part1109.Anchored = true
Part1109.CanCollide = false
Part1109.Material = Enum.Material.Fabric
SpecialMesh1110.Name = "TopTreeMesh"
SpecialMesh1110.Parent = Part1109
SpecialMesh1110.MeshId = "rbxassetid://623621456"
SpecialMesh1110.Offset = Vector3.new(0, 3.4100000858306885, 0)
SpecialMesh1110.Scale = Vector3.new(1.600000023841858, 1.600000023841858, 1.600000023841858)
SpecialMesh1110.TextureId = "rbxassetid://745556120"
SpecialMesh1110.MeshType = Enum.MeshType.FileMesh
Model1111.Name = "茂み"
Model1111.Parent = Folder0
Part1112.Name = "TreeMesh Bottom"
Part1112.Parent = Model1111
Part1112.CFrame = CFrame.new(1370.604, 357.176514, 3186.02002, -0.535153329, 1.03091397e-05, -0.844754994, -0.000785163313, 0.999999642, 0.000509605568, 0.844754636, 0.000935987744, -0.535153091)
Part1112.Orientation = Vector3.new(-0.029999999329447746, -122.3499984741211, -0.03999999910593033)
Part1112.Position = Vector3.new(1370.60400390625, 357.176513671875, 3186.02001953125)
Part1112.Rotation = Vector3.new(-179.9499969482422, -57.650001525878906, -180)
Part1112.Size = Vector3.new(8.250000953674316, 0.2499980926513672, 7)
Part1112.Anchored = true
Part1112.CanCollide = false
Part1112.Material = Enum.Material.Fabric
SpecialMesh1113.Name = "BarkMesh"
SpecialMesh1113.Parent = Part1112
SpecialMesh1113.MeshId = "rbxassetid://623621260"
SpecialMesh1113.Offset = Vector3.new(0, 3.4100000858306885, 0)
SpecialMesh1113.TextureId = "rbxassetid://623618671"
SpecialMesh1113.MeshType = Enum.MeshType.FileMesh
Part1114.Name = "TreeMeshTop"
Part1114.Parent = Model1111
Part1114.CFrame = CFrame.new(1370.60486, 387.316742, 3186.04858, -0.535153329, 1.03091397e-05, -0.844754994, -0.000785163313, 0.999999642, 0.000509605568, 0.844754636, 0.000935987744, -0.535153091)
Part1114.Orientation = Vector3.new(-0.029999999329447746, -122.3499984741211, -0.03999999910593033)
Part1114.Position = Vector3.new(1370.6048583984375, 387.3167419433594, 3186.048583984375)
Part1114.Rotation = Vector3.new(-179.9499969482422, -57.650001525878906, -180)
Part1114.Transparency = 0.05000000074505806
Part1114.Size = Vector3.new(8.250000953674316, 0.2499980926513672, 7)
Part1114.Anchored = true
Part1114.CanCollide = false
Part1114.Material = Enum.Material.Fabric
SpecialMesh1115.Name = "TopTreeMesh"
SpecialMesh1115.Parent = Part1114
SpecialMesh1115.MeshId = "rbxassetid://623621456"
SpecialMesh1115.Offset = Vector3.new(0, 3.4100000858306885, 0)
SpecialMesh1115.Scale = Vector3.new(1.600000023841858, 1.600000023841858, 1.600000023841858)
SpecialMesh1115.TextureId = "rbxassetid://745556120"
SpecialMesh1115.MeshType = Enum.MeshType.FileMesh
Model1116.Name = "茂み"
Model1116.Parent = Folder0
