Part714.Name = "Tree_Collision"
Part714.Parent = Model699
Part714.CFrame = CFrame.new(2099.69531, 124.785492, 2321.75293, -0.329511881, 0.000346414745, -0.9441517, -0.110265993, 0.99314332, 0.0388475694, 0.937691212, 0.116908506, -0.327213734)
Part714.Orientation = Vector3.new(-2.2300000190734863, -109.11000061035156, -6.340000152587891)
Part714.Position = Vector3.new(2099.6953125, 124.78549194335938, 2321.7529296875)
Part714.Rotation = Vector3.new(-173.22999572753906, -70.76000213623047, -179.94000244140625)
Part714.Transparency = 1
Part714.Size = Vector3.new(1.3500009775161743, 23.749998092651367, 1.5)
Part714.Anchored = true
Part714.Material = Enum.Material.Fabric
Part715.Name = "Tree_Collision"
Part715.Parent = Model699
Part715.CFrame = CFrame.new(2105.11084, 124.441109, 2271.68164, -0.292717308, 0.0532321185, -0.954716504, 0.165792659, 0.986152649, 0.0041526733, 0.941716969, -0.15706937, -0.297488868)
Part715.Orientation = Vector3.new(-0.23999999463558197, -107.30999755859375, 9.539999961853027)
Part715.Position = Vector3.new(2105.11083984375, 124.44110870361328, 2271.681640625)
Part715.Rotation = Vector3.new(-179.1999969482422, -72.69000244140625, -169.69000244140625)
Part715.Transparency = 1
Part715.Size = Vector3.new(1.3500009775161743, 22.749998092651367, 1.5)
Part715.Anchored = true
Part715.Material = Enum.Material.Fabric
Part716.Name = "waterfallsound"
Part716.Parent = Folder0
Part716.CFrame = CFrame.new(2982.70996, 466.347839, 3620.86914, 0.735781252, 0.182766035, 0.652090847, 0, 0.962894797, -0.269877166, -0.677219272, 0.198570594, 0.708479881)
Part716.Orientation = Vector3.new(15.65999984741211, 42.630001068115234, 0)
Part716.Position = Vector3.new(2982.7099609375, 466.34783935546875, 3620.869140625)
Part716.Rotation = Vector3.new(20.850000381469727, 40.70000076293945, -13.949999809265137)
Part716.Transparency = 1
Part716.Size = Vector3.new(29, 32, 19)
Part716.Anchored = true
Part716.BottomSurface = Enum.SurfaceType.Smooth
Part716.CanCollide = false
Part716.TopSurface = Enum.SurfaceType.Smooth
Sound717.Name = "waterfall perfect loop"
Sound717.Parent = Part716
Sound717.Looped = true
Sound717.PlayOnRemove = true
Sound717.Playing = true
Sound717.SoundId = "rbxassetid://1989859039"
Model718.Name = "茂み"
Model718.Parent = Folder0
Part719.Name = "TreeMesh Bottom"
Part719.Parent = Model718
Part719.CFrame = CFrame.new(2312.40918, 112.84845, 2356.28369, -1.16067838e-07, 4.35276888e-07, -1.00000024, 6.46105436e-09, 1.00000072, 4.39700671e-07, 1.00000072, 6.37676223e-09, 1.16068705e-07)
Part719.Orientation = Vector3.new(0, -90, 0)
Part719.Position = Vector3.new(2312.4091796875, 112.84844970703125, 2356.28369140625)
Part719.Rotation = Vector3.new(0, -90, 0)
Part719.Size = Vector3.new(8.250000953674316, 0.2499980926513672, 7)
Part719.Anchored = true
Part719.CanCollide = false
Part719.Material = Enum.Material.Fabric
SpecialMesh720.Name = "BarkMesh"
SpecialMesh720.Parent = Part719
SpecialMesh720.MeshId = "rbxassetid://623621260"
SpecialMesh720.Offset = Vector3.new(0, 3.4100000858306885, 0)
SpecialMesh720.TextureId = "rbxassetid://623618671"
SpecialMesh720.MeshType = Enum.MeshType.FileMesh
Part721.Name = "TreeMeshTop"
Part721.Parent = Model718
Part721.CFrame = CFrame.new(2312.40967, 142.988342, 2356.28296, -1.16067838e-07, 4.35276888e-07, -1.00000024, 6.46105436e-09, 1.00000072, 4.39700671e-07, 1.00000072, 6.37676223e-09, 1.16068705e-07)
Part721.Orientation = Vector3.new(0, -90, 0)
Part721.Position = Vector3.new(2312.40966796875, 142.98834228515625, 2356.282958984375)
Part721.Rotation = Vector3.new(0, -90, 0)
Part721.Transparency = 0.05000000074505806
Part721.Size = Vector3.new(8.250000953674316, 0.2499980926513672, 7)
Part721.Anchored = true
Part721.CanCollide = false
Part721.Material = Enum.Material.Fabric
SpecialMesh722.Name = "TopTreeMesh"
SpecialMesh722.Parent = Part721
SpecialMesh722.MeshId = "rbxassetid://623621456"
SpecialMesh722.Offset = Vector3.new(0, 3.4100000858306885, 0)
SpecialMesh722.Scale = Vector3.new(1.600000023841858, 1.600000023841858, 1.600000023841858)
SpecialMesh722.TextureId = "rbxassetid://745556120"
SpecialMesh722.MeshType = Enum.MeshType.FileMesh
Part723.Name = "Tree_Collision"
Part723.Parent = Model718
Part723.CFrame = CFrame.new(2307.48535, 125.978935, 2354.84497, -0.0048575257, -0.100119092, -0.994963944, 0.0966772735, 0.99026823, -0.100118592, 0.995304644, -0.0966766626, 0.00486921752)
Part723.Orientation = Vector3.new(5.75, -89.72000122070312, 5.579999923706055)
Part723.Position = Vector3.new(2307.4853515625, 125.97893524169922, 2354.844970703125)
Part723.Rotation = Vector3.new(87.22000122070312, -84.25, 92.77999877929688)
Part723.Transparency = 1
Part723.Size = Vector3.new(1.3500009775161743, 26.749998092651367, 1.5)
Part723.Anchored = true
Part723.Material = Enum.Material.Fabric
Part724.Name = "Tree_Collision"
Part724.Parent = Model718
Part724.CFrame = CFrame.new(2298.55176, 124.97448, 2360.28394, -0.0477903374, -0.0851546898, -0.995221198, -0.301860869, 0.951004326, -0.0668760166, 0.95215416, 0.297222257, -0.0711534321)
Part724.Orientation = Vector3.new(3.8299999237060547, -94.08999633789062, -17.610000610351562)
Part724.Position = Vector3.new(2298.5517578125, 124.97447967529297, 2360.283935546875)
Part724.Rotation = Vector3.new(136.77000427246094, -84.4000015258789, 119.30000305175781)
Part724.Transparency = 1
Part724.Size = Vector3.new(1.3500009775161743, 23.749998092651367, 1.5)
Part724.Anchored = true
Part724.Material = Enum.Material.Fabric
Part725.Name = "Tree_Collision"
Part725.Parent = Model718
Part725.CFrame = CFrame.new(2310.57422, 126.446365, 2338.10498, -0.00660338951, -0.169184193, -0.985562623, 0.113945588, 0.979037941, -0.168827593, 0.993465781, -0.113415271, 0.0128130494)
Part725.Orientation = Vector3.new(9.720000267028809, -89.26000213623047, 6.639999866485596)
Part725.Position = Vector3.new(2310.57421875, 126.44636535644531, 2338.10498046875)
Part725.Rotation = Vector3.new(85.66000366210938, -80.25, 92.23999786376953)
Part725.Transparency = 1
Part725.Size = Vector3.new(1.3500009775161743, 26.749998092651367, 1.5)
Part725.Anchored = true
Part725.Material = Enum.Material.Fabric
Part726.Name = "Tree_Collision"
Part726.Parent = Model718
Part726.CFrame = CFrame.new(2322.82886, 124.67675, 2391.97583, -0.00204720744, 0.259664088, -0.96569705, -0.0111710001, 0.965633392, 0.259670645, 0.999936223, 0.0113193523, 0.000924083055)
Part726.Orientation = Vector3.new(-15.050000190734863, -89.94999694824219, -0.6600000262260437)
Part726.Position = Vector3.new(2322.828857421875, 124.67675018310547, 2391.975830078125)
Part726.Rotation = Vector3.new(-89.80000305175781, -74.94999694824219, -90.44999694824219)
Part726.Transparency = 1
Part726.Size = Vector3.new(1.3500009775161743, 23.749998092651367, 1.5)
Part726.Anchored = true
Part726.Material = Enum.Material.Fabric
Part727.Name = "Tree_Collision"
Part727.Parent = Model718
Part727.CFrame = CFrame.new(2324.99487, 125.842125, 2348.5625, 0.0251873694, 0.211018577, -0.977157712, 0.213534802, 0.953773439, 0.21147278, 0.976611495, -0.213983625, -0.0210365355)
Part727.Orientation = Vector3.new(-12.210000038146973, -91.2300033569336, 12.619999885559082)
Part727.Position = Vector3.new(2324.994873046875, 125.84212493896484, 2348.5625)
Part727.Rotation = Vector3.new(-95.68000030517578, -77.7300033569336, -83.19000244140625)
Part727.Transparency = 1
Part727.Size = Vector3.new(1.3500009775161743, 26.749998092651367, 1.5)
Part727.Anchored = true
Part727.Material = Enum.Material.Fabric
Part728.Name = "Tree_Collision"
Part728.Parent = Model718
Part728.CFrame = CFrame.new(2292.05811, 124.608223, 2347.92847, -0.108196393, -0.296868533, -0.948769331, 0.0883334056, 0.947726488, -0.306615651, 0.990198135, -0.116982602, -0.0763169453)
Part728.Orientation = Vector3.new(17.860000610351562, -94.5999984741211, 5.320000171661377)
Part728.Position = Vector3.new(2292.05810546875, 124.60822296142578, 2347.928466796875)
Part728.Rotation = Vector3.new(103.9800033569336, -71.58000183105469, 110.0199966430664)
Part728.Transparency = 1
Part728.Size = Vector3.new(1.3500009775161743, 22.749998092651367, 1.5)
Part728.Anchored = true
Part728.Material = Enum.Material.Fabric
Part729.Name = "Tree_Collision"
Part729.Parent = Model718
Part729.CFrame = CFrame.new(2305.6355, 125.481125, 2381.20654, -0.0426448397, 0.0323310904, -0.998567283, -0.162091792, 0.986011505, 0.0388468653, 0.985854506, 0.163516149, -0.0368074588)
Part729.Orientation = Vector3.new(-2.2300000190734863, -92.11000061035156, -9.34000015258789)
Part729.Position = Vector3.new(2305.635498046875, 125.48112487792969, 2381.20654296875)
Part729.Rotation = Vector3.new(-133.4600067138672, -86.93000030517578, -142.8300018310547)
Part729.Transparency = 1
Part729.Size = Vector3.new(1.3500009775161743, 23.749998092651367, 1.5)
Part729.Anchored = true
Part729.Material = Enum.Material.Fabric
Part730.Name = "Tree_Collision"
Part730.Parent = Model718
Part730.CFrame = CFrame.new(2299.18359, 123.460571, 2394.67456, 0.0196159538, -0.154216066, -0.987842739, -0.165954933, 0.973825097, -0.155323118, 0.985939026, 0.166984186, -0.00649017608)
Part730.Orientation = Vector3.new(8.9399995803833, -90.37999725341797, -9.670000076293945)
Part730.Position = Vector3.new(2299.18359375, 123.4605712890625, 2394.674560546875)
Part730.Rotation = Vector3.new(92.38999938964844, -81.05999755859375, 82.75)
Part730.Transparency = 1
Part730.Size = Vector3.new(1.3500009775161743, 20.749998092651367, 1.5)
Part730.Anchored = true
Part730.Material = Enum.Material.Fabric
Part731.Name = "Tree_Collision"
Part731.Parent = Model718
Part731.CFrame = CFrame.new(2325.84131, 124.38681, 2325.10303, -0.00581178907, -0.0816625729, -0.996643364, 0.267958373, 0.960084915, -0.0802296177, 0.963413835, -0.267525107, 0.0163025837)
Part731.Orientation = Vector3.new(4.599999904632568, -89.05999755859375, 15.59000015258789)
Part731.Position = Vector3.new(2325.84130859375, 124.38681030273438, 2325.10302734375)
Part731.Rotation = Vector3.new(78.51000213623047, -85.30000305175781, 94.06999969482422)
Part731.Transparency = 1
Part731.Size = Vector3.new(1.3500009775161743, 22.749998092651367, 1.5)
Part731.Anchored = true
Part731.Material = Enum.Material.Fabric
Part732.Name = "Tree_Collision"
Part732.Parent = Model718
Part732.CFrame = CFrame.new(2332.71094, 125.237122, 2359.48999, -0.0414905101, 0.307749301, -0.950562656, -0.127581537, 0.941962481, 0.310533643, 0.990960658, 0.134158343, 0.000180852643)
Part732.Orientation = Vector3.new(-18.09000015258789, -89.98999786376953, -7.710000038146973)
Part732.Position = Vector3.new(2332.7109375, 125.23712158203125, 2359.489990234375)
Part732.Rotation = Vector3.new(-89.97000122070312, -71.91000366210938, -97.68000030517578)
Part732.Transparency = 1
Part732.Size = Vector3.new(1.3500009775161743, 23.749998092651367, 1.5)
Part732.Anchored = true
Part732.Material = Enum.Material.Fabric
Part733.Name = "Tree_Collision"
Part733.Parent = Model718
Part733.CFrame = CFrame.new(2321.1543, 124.785492, 2367.02148, -0.0408964343, 0.0345191024, -0.998567164, -0.110265993, 0.99314332, 0.0388475694, 0.993061125, 0.11169669, -0.0368094966)
Part733.Orientation = Vector3.new(-2.2300000190734863, -92.11000061035156, -6.340000152587891)
Part733.Position = Vector3.new(2321.154296875, 124.78549194335938, 2367.021484375)
Part733.Rotation = Vector3.new(-133.4600067138672, -86.93000030517578, -139.8300018310547)
Part733.Transparency = 1
Part733.Size = Vector3.new(1.3500009775161743, 23.749998092651367, 1.5)
Part733.Anchored = true
Part733.Material = Enum.Material.Fabric
Part734.Name = "Tree_Collision"
Part734.Parent = Model718
Part734.CFrame = CFrame.new(2311.69043, 124.441109, 2317.55542, -0.00453302171, 0.00497297943, -0.999977648, 0.165792659, 0.986152649, 0.0041526733, 0.98615098, -0.165770069, -0.00529450132)
Part734.Orientation = Vector3.new(-0.23999999463558197, -90.30000305175781, 9.539999961853027)
Part734.Position = Vector3.new(2311.6904296875, 124.44110870361328, 2317.555419921875)
Part734.Rotation = Vector3.new(-141.88999938964844, -89.62000274658203, -132.35000610351562)
Part734.Transparency = 1
Part734.Size = Vector3.new(1.3500009775161743, 22.749998092651367, 1.5)
Part734.Anchored = true
Part734.Material = Enum.Material.Fabric
Model735.Name = "茂み"
Model735.Parent = Folder0
Part736.Name = "TreeMesh Bottom"
Part736.Parent = Model735
Part736.CFrame = CFrame.new(2245.04639, 158.407288, 2626.43701, 0.874465764, 0.080008328, -0.478443593, 0.0715985, 0.954213202, 0.290432245, 0.479774147, -0.288228899, 0.828698337)
Part736.Orientation = Vector3.new(-16.8799991607666, -30, 4.289999961853027)
Part736.Position = Vector3.new(2245.04638671875, 158.40728759765625, 2626.43701171875)
Part736.Rotation = Vector3.new(-19.309999465942383, -28.579999923706055, -5.230000019073486)
Part736.Size = Vector3.new(8.250000953674316, 0.2499980926513672, 7)
Part736.Anchored = true
Part736.CanCollide = false
Part736.Material = Enum.Material.Fabric
SpecialMesh737.Name = "BarkMesh"
SpecialMesh737.Parent = Part736
SpecialMesh737.MeshId = "rbxassetid://623621260"
SpecialMesh737.Offset = Vector3.new(0, 3.4100000858306885, 0)
SpecialMesh737.TextureId = "rbxassetid://623618671"
SpecialMesh737.MeshType = Enum.MeshType.FileMesh
Part738.Name = "TreeMeshTop"
Part738.Parent = Model735
Part738.CFrame = CFrame.new(2247.45776, 187.166779, 2617.74878, 0.874465764, 0.080008328, -0.478443593, 0.0715985, 0.954213202, 0.290432245, 0.479774147, -0.288228899, 0.828698337)
Part738.Orientation = Vector3.new(-16.8799991607666, -30, 4.289999961853027)
Part738.Position = Vector3.new(2247.457763671875, 187.16677856445312, 2617.748779296875)
Part738.Rotation = Vector3.new(-19.309999465942383, -28.579999923706055, -5.230000019073486)
Part738.Transparency = 0.05000000074505806
Part738.Size = Vector3.new(8.250000953674316, 0.2499980926513672, 7)
Part738.Anchored = true
Part738.CanCollide = false
Part738.Material = Enum.Material.Fabric
SpecialMesh739.Name = "TopTreeMesh"
SpecialMesh739.Parent = Part738
SpecialMesh739.MeshId = "rbxassetid://623621456"
SpecialMesh739.Offset = Vector3.new(0, 3.4100000858306885, 0)
SpecialMesh739.Scale = Vector3.new(1.600000023841858, 1.600000023841858, 1.600000023841858)
SpecialMesh739.TextureId = "rbxassetid://745556120"
SpecialMesh739.MeshType = Enum.MeshType.FileMesh
Part740.Name = "Tree_Collision"
Part740.Parent = Model735
Part740.CFrame = CFrame.new(2242.48413, 172.263611, 2626.04248, 0.875769913, -0.0532117523, -0.479786932, 0.164922327, 0.967082977, 0.19378154, 0.453682274, -0.248835653, 0.855717897)
Part740.Orientation = Vector3.new(-11.170000076293945, -29.280000686645508, 9.680000305175781)
Part740.Position = Vector3.new(2242.484130859375, 172.26361083984375, 2626.04248046875)
Part740.Rotation = Vector3.new(-12.760000228881836, -28.670000076293945, 3.4800000190734863)
Part740.Transparency = 1
Part740.Size = Vector3.new(1.3500009775161743, 26.749998092651367, 1.5)
Part740.Anchored = true
Part740.Material = Enum.Material.Fabric
Part741.Name = "Tree_Collision"
Part741.Parent = Model735
Part741.CFrame = CFrame.new(2242.88452, 174.289093, 2636.34473, 0.785611749, 0.295250833, -0.543729007, -0.205980107, 0.953474104, 0.22013478, 0.583426535, -0.0609431118, 0.809876204)
Part741.Orientation = Vector3.new(-12.720000267028809, -33.880001068115234, -12.1899995803833)
Part741.Position = Vector3.new(2242.884521484375, 174.28909301757812, 2636.3447265625)
Part741.Rotation = Vector3.new(-15.210000038146973, -32.939998626708984, -20.600000381469727)
Part741.Transparency = 1
Part741.Size = Vector3.new(1.3500009775161743, 23.749998092651367, 1.5)
Part741.Anchored = true
Part741.Material = Enum.Material.Fabric
Part742.Name = "Tree_Collision"
Part742.Parent = Model735
Part742.CFrame = CFrame.new(2229.35938, 170.613739, 2615.31616, 0.874708295, -0.101790138, -0.473839879, 0.181774765, 0.97522682, 0.126058251, 0.449269831, -0.196396336, 0.871541798)
Part742.Orientation = Vector3.new(-7.239999771118164, -28.530000686645508, 10.5600004196167)
Part742.Position = Vector3.new(2229.359375, 170.61373901367188, 2615.316162109375)
Part742.Rotation = Vector3.new(-8.229999542236328, -28.280000686645508, 6.639999866485596)
Part742.Transparency = 1
Part742.Size = Vector3.new(1.3500009775161743, 26.749998092651367, 1.5)
Part742.Anchored = true
Part742.Material = Enum.Material.Fabric
Part743.Name = "Tree_Collision"
Part743.Parent = Model735
Part743.CFrame = CFrame.new(2282.19067, 169.223114, 2631.51709, 0.872535825, 0.211393103, -0.440447837, 0.0615294427, 0.846813321, 0.528319418, 0.484660178, -0.488078088, 0.725868046)
Part743.Orientation = Vector3.new(-31.889999389648438, -31.25, 4.159999847412109)
Part743.Position = Vector3.new(2282.190673828125, 169.22311401367188, 2631.51708984375)
Part743.Rotation = Vector3.new(-36.04999923706055, -26.1299991607666, -13.619999885559082)
Part743.Transparency = 1
Part743.Size = Vector3.new(1.3500009775161743, 23.749998092651367, 1.5)
Part743.Anchored = true
Part743.Material = Enum.Material.Fabric
Part744.Name = "Tree_Collision"
Part744.Parent = Model735
Part744.CFrame = CFrame.new(2245.35547, 166.597809, 2608.55737, 0.883148253, -0.00984525587, -0.468990773, 0.266361952, 0.833494902, 0.484084398, 0.386135459, -0.55243957, 0.738721907)
Part744.Orientation = Vector3.new(-28.950000762939453, -32.40999984741211, 17.719999313354492)
Part744.Position = Vector3.new(2245.35546875, 166.59780883789062, 2608.557373046875)
Part744.Rotation = Vector3.new(-33.2400016784668, -27.969999313354492, 0.6399999856948853)
Part744.Transparency = 1
Part744.Size = Vector3.new(1.3500009775161743, 26.749998092651367, 1.5)
Part744.Anchored = true
Part744.Material = Enum.Material.Fabric
Part745.Name = "Tree_Collision"
Part745.Parent = Model735
Part745.CFrame = CFrame.new(2228.94385, 174.940948, 2635.90308, 0.821195483, -0.168506652, -0.545200408, 0.186606988, 0.982177198, -0.0224918108, 0.539273381, -0.0832680389, 0.838003993)
Part745.Orientation = Vector3.new(1.2899999618530273, -33.04999923706055, 10.760000228881836)
Part745.Position = Vector3.new(2228.94384765625, 174.94094848632812, 2635.903076171875)
Part745.Rotation = Vector3.new(1.5399999618530273, -33.040000915527344, 11.600000381469727)
Part745.Transparency = 1
Part745.Size = Vector3.new(1.3500009775161743, 22.749998092651367, 1.5)
Part745.Anchored = true
Part745.Material = Enum.Material.Fabric
Part746.Name = "Tree_Collision"
Part746.Parent = Model735
Part746.CFrame = CFrame.new(2264.61084, 174.213165, 2640.36646, 0.828724861, 0.237343118, -0.506836653, -0.0716945305, 0.94318223, 0.324449211, 0.555045128, -0.232541725, 0.798654675)
Part746.Orientation = Vector3.new(-18.93000030517578, -32.400001525878906, -4.349999904632568)
Part746.Position = Vector3.new(2264.61083984375, 174.21316528320312, 2640.366455078125)
Part746.Rotation = Vector3.new(-22.110000610351562, -30.450000762939453, -15.979999542236328)
Part746.Transparency = 1
Part746.Size = Vector3.new(1.3500009775161743, 23.749998092651367, 1.5)
Part746.Anchored = true
Part746.Material = Enum.Material.Fabric
Part747.Name = "Tree_Collision"
Part747.Parent = Model735
Part747.CFrame = CFrame.new(2273.14038, 175.123291, 2652.75708, 0.858277023, 0.150147781, -0.490730315, -0.0934575573, 0.985981762, 0.138223574, 0.504605055, -0.0727716684, 0.860277951)
Part747.Orientation = Vector3.new(-7.949999809265137, -29.700000762939453, -5.409999847412109)
Part747.Position = Vector3.new(2273.140380859375, 175.123291015625, 2652.757080078125)
Part747.Rotation = Vector3.new(-9.130000114440918, -29.389999389648438, -9.920000076293945)
Part747.Transparency = 1
Part747.Size = Vector3.new(1.3500009775161743, 20.749998092651367, 1.5)
Part747.Anchored = true
Part747.Material = Enum.Material.Fabric
Part748.Name = "Tree_Collision"
Part748.Parent = Model735
Part748.CFrame = CFrame.new(2225.12915, 163.283661, 2597.02051, 0.861131012, -0.196192071, -0.469001174, 0.326350123, 0.920690358, 0.214067861, 0.38980642, -0.337399095, 0.856862187)
Part748.Orientation = Vector3.new(-12.359999656677246, -28.690000534057617, 19.520000457763672)
Part748.Position = Vector3.new(2225.129150390625, 163.28366088867188, 2597.0205078125)
Part748.Rotation = Vector3.new(-14.029999732971191, -27.969999313354492, 12.829999923706055)
Part748.Transparency = 1
Part748.Size = Vector3.new(1.3500009775161743, 22.749998092651367, 1.5)
Part748.Anchored = true
Part748.Material = Enum.Material.Fabric
Part749.Name = "Tree_Collision"
Part749.Parent = Model735
Part749.CFrame = CFrame.new(2258.55493, 164.561798, 2607.58057, 0.836502492, 0.339922279, -0.429786444, -0.0387359224, 0.819055021, 0.572405875, 0.546592116, -0.462170869, 0.698308825)
Part749.Orientation = Vector3.new(-34.91999816894531, -31.610000610351562, -2.7100000381469727)
Part749.Position = Vector3.new(2258.554931640625, 164.56179809570312, 2607.58056640625)
Part749.Rotation = Vector3.new(-39.34000015258789, -25.450000762939453, -22.110000610351562)
Part749.Transparency = 1
Part749.Size = Vector3.new(1.3500009775161743, 23.749998092651367, 1.5)
Part749.Anchored = true
Part749.Material = Enum.Material.Fabric
Part750.Name = "Tree_Collision"
Part750.Parent = Model735
Part750.CFrame = CFrame.new(2259.57568, 168.026581, 2620.90063, 0.84000963, 0.193647489, -0.506837785, -0.022234574, 0.945641339, 0.324450642, 0.542115748, -0.261272341, 0.798653483)
Part750.Orientation = Vector3.new(-18.93000030517578, -32.400001525878906, -1.350000023841858)
Part750.Position = Vector3.new(2259.57568359375, 168.02658081054688, 2620.900634765625)
Part750.Rotation = Vector3.new(-22.110000610351562, -30.450000762939453, -12.979999542236328)
Part750.Transparency = 1
Part750.Size = Vector3.new(1.3500009775161743, 23.749998092651367, 1.5)
Part750.Anchored = true
Part750.Material = Enum.Material.Fabric
Part751.Name = "Tree_Collision"
Part751.Parent = Model735
Part751.CFrame = CFrame.new(2211.7627, 166.90506, 2605.11011, 0.873450875, -0.0636770204, -0.482730597, 0.230121598, 0.927686453, 0.294010013, 0.429100901, -0.36789003, 0.824942052)
Part751.Orientation = Vector3.new(-17.100000381469727, -30.329999923706055, 13.930000305175781)
Part751.Position = Vector3.new(2211.7626953125, 166.90505981445312, 2605.110107421875)
Part751.Rotation = Vector3.new(-19.6200008392334, -28.860000610351562, 4.170000076293945)
Part751.Transparency = 1
Part751.Size = Vector3.new(1.3500009775161743, 22.749998092651367, 1.5)
Part751.Anchored = true
Part751.Material = Enum.Material.Fabric
Model752.Name = "茂み"
Model752.Parent = Folder0
Part753.Name = "TreeMesh Bottom"
Part753.Parent = Model752
Part753.CFrame = CFrame.new(2071.95532, 112.84845, 2382.56079, -0.292432666, 4.14384488e-07, -0.95628649, 6.46105436e-09, 1.00000072, 4.39700671e-07, 0.956286788, 1.33387047e-07, -0.292432278)
Part753.Orientation = Vector3.new(0, -107, 0)
Part753.Position = Vector3.new(2071.955322265625, 112.84844970703125, 2382.560791015625)
Part753.Rotation = Vector3.new(-180, -73, -180)
Part753.Size = Vector3.new(8.250000953674316, 0.2499980926513672, 7)
Part753.Anchored = true
Part753.CanCollide = false
Part753.Material = Enum.Material.Fabric
SpecialMesh754.Name = "BarkMesh"
SpecialMesh754.Parent = Part753
SpecialMesh754.MeshId = "rbxassetid://623621260"
SpecialMesh754.Offset = Vector3.new(0, 3.4100000858306885, 0)
SpecialMesh754.TextureId = "rbxassetid://623618671"
SpecialMesh754.MeshType = Enum.MeshType.FileMesh
Part755.Name = "TreeMeshTop"
Part755.Parent = Model752
Part755.CFrame = CFrame.new(2071.95605, 142.988342, 2382.5603, -0.292432666, 4.14384488e-07, -0.95628649, 6.46105436e-09, 1.00000072, 4.39700671e-07, 0.956286788, 1.33387047e-07, -0.292432278)
Part755.Orientation = Vector3.new(0, -107, 0)
Part755.Position = Vector3.new(2071.9560546875, 142.98834228515625, 2382.560302734375)
Part755.Rotation = Vector3.new(-180, -73, -180)
Part755.Transparency = 0.05000000074505806
Part755.Size = Vector3.new(8.250000953674316, 0.2499980926513672, 7)
Part755.Anchored = true
Part755.CanCollide = false
Part755.Material = Enum.Material.Fabric
SpecialMesh756.Name = "TopTreeMesh"
SpecialMesh756.Parent = Part755
SpecialMesh756.MeshId = "rbxassetid://623621456"
SpecialMesh756.Offset = Vector3.new(0, 3.4100000858306885, 0)
SpecialMesh756.Scale = Vector3.new(1.600000023841858, 1.600000023841858, 1.600000023841858)
SpecialMesh756.TextureId = "rbxassetid://745556120"
SpecialMesh756.MeshType = Enum.MeshType.FileMesh
Part757.Name = "Tree_Collision"
Part757.Parent = Model752
Part757.CFrame = CFrame.new(2067.66748, 125.978935, 2379.74536, -0.295704454, -0.0674711168, -0.952894151, 0.0966772735, 0.99026823, -0.100118592, 0.950375617, -0.121728621, -0.286303252)
Part757.Orientation = Vector3.new(5.75, -106.72000122070312, 5.579999923706055)
Part757.Position = Vector3.new(2067.66748046875, 125.97893524169922, 2379.745361328125)
Part757.Rotation = Vector3.new(160.72999572753906, -72.33999633789062, 167.14999389648438)
Part757.Transparency = 1
Part757.Size = Vector3.new(1.3500009775161743, 26.749998092651367, 1.5)
Part757.Anchored = true
Part757.Material = Enum.Material.Fabric
Part758.Name = "Tree_Collision"
Part758.Parent = Model752
Part758.CFrame = CFrame.new(2057.53394, 124.97448, 2382.33398, -0.32414189, -0.168349653, -0.93090874, -0.301860869, 0.951004326, -0.0668760166, 0.896556437, 0.259327561, -0.359077901)
Part758.Orientation = Vector3.new(3.8299999237060547, -111.08999633789062, -17.610000610351562)
Part758.Position = Vector3.new(2057.533935546875, 124.97447967529297, 2382.333984375)
Part758.Rotation = Vector3.new(169.4499969482422, -68.58000183105469, 152.5500030517578)
Part758.Transparency = 1
Part758.Size = Vector3.new(1.3500009775161743, 23.749998092651367, 1.5)
Part758.Anchored = true
Part758.Material = Enum.Material.Fabric
Part759.Name = "Tree_Collision"
Part759.Parent = Model752
Part759.CFrame = CFrame.new(2075.5166, 126.446365, 2364.64038, -0.296836257, -0.128622219, -0.946226835, 0.113945588, 0.979037941, -0.168827593, 0.948106527, -0.157932386, -0.275957465)
Part759.Orientation = Vector3.new(9.720000267028809, -106.26000213623047, 6.639999866485596)
Part759.Position = Vector3.new(2075.5166015625, 126.44636535644531, 2364.640380859375)
Part759.Rotation = Vector3.new(148.5399932861328, -71.12999725341797, 156.57000732421875)
Part759.Transparency = 1
Part759.Size = Vector3.new(1.3500009775161743, 26.749998092651367, 1.5)
Part759.Anchored = true
Part759.Material = Enum.Material.Fabric
Part760.Name = "Tree_Collision"
Part760.Parent = Model752
Part760.CFrame = CFrame.new(2071.48193, 124.67675, 2419.73999, -0.294371396, 0.245003045, -0.923753023, -0.0111710001, 0.965633392, 0.259670645, 0.955626547, 0.0867587179, -0.281517357)
Part760.Orientation = Vector3.new(-15.050000190734863, -106.94999694824219, -0.6600000262260437)
Part760.Position = Vector3.new(2071.48193359375, 124.67675018310547, 2419.739990234375)
Part760.Rotation = Vector3.new(-137.30999755859375, -67.4800033569336, -140.22999572753906)
Part760.Transparency = 1
Part760.Size = Vector3.new(1.3500009775161743, 23.749998092651367, 1.5)
Part760.Anchored = true
Part760.Material = Enum.Material.Fabric
Part761.Name = "Tree_Collision"
Part761.Parent = Model752
Part761.CFrame = CFrame.new(2086.24878, 125.842125, 2378.85791, -0.261506468, 0.264369875, -0.928290665, 0.213534802, 0.953773439, 0.21147278, 0.94128567, -0.142920926, -0.30586946)
Part761.Orientation = Vector3.new(-12.210000038146973, -108.23999786376953, 12.619999885559082)
Part761.Position = Vector3.new(2086.248779296875, 125.84212493896484, 2378.85791015625)
Part761.Rotation = Vector3.new(-145.33999633789062, -68.16999816894531, -134.69000244140625)
Part761.Transparency = 1
Part761.Size = Vector3.new(1.3500009775161743, 26.749998092651367, 1.5)
Part761.Anchored = true
Part761.Material = Enum.Material.Fabric
Part762.Name = "Tree_Collision"
Part762.Parent = Model752
Part762.CFrame = CFrame.new(2054.93726, 124.608223, 2368.61963, -0.39303267, -0.249681801, -0.88497746, 0.0883334056, 0.947726488, -0.306615651, 0.915272713, -0.1986828, -0.350431681)
Part762.Orientation = Vector3.new(17.860000610351562, -111.5999984741211, 5.320000171661377)
Part762.Position = Vector3.new(2054.937255859375, 124.60822296142578, 2368.61962890625)
Part762.Rotation = Vector3.new(138.82000732421875, -62.25, 147.57000732421875)
Part762.Transparency = 1
Part762.Size = Vector3.new(1.3500009775161743, 22.749998092651367, 1.5)
Part762.Anchored = true
Part762.Material = Enum.Material.Fabric
Part763.Name = "Tree_Collision"
Part763.Parent = Model752
Part763.CFrame = CFrame.new(2058.18945, 125.481125, 2404.41357, -0.329076409, -0.0168996342, -0.944152415, -0.162091792, 0.986011505, 0.0388468653, 0.930288315, 0.165822893, -0.327211857)
Part763.Orientation = Vector3.new(-2.2300000190734863, -109.11000061035156, -9.34000015258789)
Part763.Position = Vector3.new(2058.189453125, 125.48112487792969, 2404.41357421875)
Part763.Rotation = Vector3.new(-173.22999572753906, -70.76000213623047, 177.05999755859375)
Part763.Transparency = 1
Part763.Size = Vector3.new(1.3500009775161743, 23.749998092651367, 1.5)
Part763.Anchored = true
Part763.Material = Enum.Material.Fabric
Part764.Name = "Tree_Collision"
Part764.Parent = Model752
Part764.CFrame = CFrame.new(2048.0813, 123.460571, 2415.40601, -0.269561976, -0.196306258, -0.942762434, -0.165954933, 0.973825097, -0.155323118, 0.948576212, 0.114586905, -0.295083612)
Part764.Orientation = Vector3.new(8.9399995803833, -107.37999725341797, -9.670000076293945)
Part764.Position = Vector3.new(2048.081298828125, 123.4605712890625, 2415.406005859375)
Part764.Rotation = Vector3.new(152.24000549316406, -70.5199966430664, 143.94000244140625)
Part764.Transparency = 1
Part764.Size = Vector3.new(1.3500009775161743, 20.749998092651367, 1.5)
Part764.Anchored = true
Part764.Material = Enum.Material.Fabric
Part765.Name = "Tree_Collision"
Part765.Parent = Model752
Part765.CFrame = CFrame.new(2093.9187, 124.38681, 2356.67114, -0.28729111, 0.000140197575, -0.957843721, 0.267958373, 0.960084915, -0.0802296177, 0.919599771, -0.279711336, -0.275860816)
Part765.Orientation = Vector3.new(4.599999904632568, -106.06999969482422, 15.59000015258789)
Part765.Position = Vector3.new(2093.918701171875, 124.38681030273438, 2356.671142578125)
Part765.Rotation = Vector3.new(163.77999877929688, -73.30000305175781, -179.97000122070312)
Part765.Transparency = 1
Part765.Size = Vector3.new(1.3500009775161743, 22.749998092651367, 1.5)
Part765.Anchored = true
Part765.Material = Enum.Material.Fabric
Part766.Name = "Tree_Collision"
Part766.Parent = Model752
Part766.CFrame = CFrame.new(2090.43213, 125.237122, 2391.56396, -0.329465747, 0.255064189, -0.909062803, -0.127581537, 0.941962481, 0.310533643, 0.935508788, 0.218289614, -0.277802318)
Part766.Orientation = Vector3.new(-18.09000015258789, -106.98999786376953, -7.710000038146973)
Part766.Position = Vector3.new(2090.43212890625, 125.23712158203125, 2391.56396484375)
Part766.Rotation = Vector3.new(-131.82000732421875, -65.37999725341797, -142.25)
Part766.Transparency = 1
Part766.Size = Vector3.new(1.3500009775161743, 23.749998092651367, 1.5)
Part766.Anchored = true
Part766.Material = Enum.Material.Fabric
Part767.Name = "Tree_Collision"
Part767.Parent = Model752
Part767.CFrame = CFrame.new(2077.17798, 124.785492, 2395.38696, -0.329511881, 0.000346414745, -0.9441517, -0.110265993, 0.99314332, 0.0388475694, 0.937691212, 0.116908506, -0.327213734)
Part767.Orientation = Vector3.new(-2.2300000190734863, -109.11000061035156, -6.340000152587891)
Part767.Position = Vector3.new(2077.177978515625, 124.78549194335938, 2395.386962890625)
Part767.Rotation = Vector3.new(-173.22999572753906, -70.76000213623047, -179.94000244140625)
Part767.Transparency = 1
Part767.Size = Vector3.new(1.3500009775161743, 23.749998092651367, 1.5)
Part767.Anchored = true
Part767.Material = Enum.Material.Fabric
Part768.Name = "Tree_Collision"
Part768.Parent = Model752
Part768.CFrame = CFrame.new(2082.59351, 124.441109, 2345.31567, -0.292717308, 0.0532321185, -0.954716504, 0.165792659, 0.986152649, 0.0041526733, 0.941716969, -0.15706937, -0.297488868)
Part768.Orientation = Vector3.new(-0.23999999463558197, -107.30999755859375, 9.539999961853027)
Part768.Position = Vector3.new(2082.593505859375, 124.44110870361328, 2345.315673828125)
Part768.Rotation = Vector3.new(-179.1999969482422, -72.69000244140625, -169.69000244140625)
Part768.Transparency = 1
Part768.Size = Vector3.new(1.3500009775161743, 22.749998092651367, 1.5)
Part768.Anchored = true
Part768.Material = Enum.Material.Fabric
Model769.Name = "茂み"
Model769.Parent = Folder0
Part770.Name = "TreeMesh Bottom"
Part770.Parent = Model769
Part770.CFrame = CFrame.new(2011.64551, 112.84845, 2450.35645, 0.956288815, 1.86716758e-08, -0.292432219, 2.23517418e-08, 1.00000286, 9.24311916e-09, 0.292433619, 1.53754396e-08, 0.956287324)
Part770.Orientation = Vector3.new(0, -17, 0)
Part770.Position = Vector3.new(2011.6455078125, 112.84844970703125, 2450.3564453125)
Part770.Rotation = Vector3.new(0, -17, 0)
Part770.Size = Vector3.new(8.250000953674316, 0.2499980926513672, 7)
Part770.Anchored = true
Part770.CanCollide = false
Part770.Material = Enum.Material.Fabric
SpecialMesh771.Name = "BarkMesh"
SpecialMesh771.Parent = Part770
SpecialMesh771.MeshId = "rbxassetid://623621260"
SpecialMesh771.Offset = Vector3.new(0, 3.4100000858306885, 0)
SpecialMesh771.TextureId = "rbxassetid://623618671"
SpecialMesh771.MeshType = Enum.MeshType.FileMesh
Part772.Name = "TreeMeshTop"
Part772.Parent = Model769
Part772.CFrame = CFrame.new(2011.64526, 142.98848, 2450.35522, 0.956288815, 1.86716758e-08, -0.292432219, 2.23517418e-08, 1.00000286, 9.24311916e-09, 0.292433619, 1.53754396e-08, 0.956287324)
Part772.Orientation = Vector3.new(0, -17, 0)
Part772.Position = Vector3.new(2011.645263671875, 142.9884796142578, 2450.355224609375)
Part772.Rotation = Vector3.new(0, -17, 0)
Part772.Transparency = 0.05000000074505806
Part772.Size = Vector3.new(8.250000953674316, 0.2499980926513672, 7)
Part772.Anchored = true
Part772.CanCollide = false
Part772.Material = Enum.Material.Fabric
SpecialMesh773.Name = "TopTreeMesh"
SpecialMesh773.Parent = Part772
SpecialMesh773.MeshId = "rbxassetid://623621456"
SpecialMesh773.Offset = Vector3.new(0, 3.4100000858306885, 0)
SpecialMesh773.Scale = Vector3.new(1.600000023841858, 1.600000023841858, 1.600000023841858)
SpecialMesh773.TextureId = "rbxassetid://745556120"
SpecialMesh773.MeshType = Enum.MeshType.FileMesh
Part774.Name = "Tree_Collision"
Part774.Parent = Model769
Part774.CFrame = CFrame.new(2008.82983, 125.978989, 2454.6438, 0.950377345, -0.121729717, -0.28630355, 0.0966781974, 0.990270257, -0.100119598, 0.295705974, 0.0674716383, 0.952894866)
Part774.Orientation = Vector3.new(5.75, -16.719999313354492, 5.579999923706055)
Part774.Position = Vector3.new(2008.829833984375, 125.97898864746094, 2454.643798828125)
Part774.Rotation = Vector3.new(6, -16.639999389648438, 7.300000190734863)
Part774.Transparency = 1
Part774.Size = Vector3.new(1.3500009775161743, 26.749998092651367, 1.5)
Part774.Anchored = true
Part774.Material = Enum.Material.Fabric
Part775.Name = "Tree_Collision"
Part775.Parent = Model769
Part775.CFrame = CFrame.new(2011.4187, 124.974541, 2464.77759, 0.896558106, 0.259327888, -0.359078616, -0.301861346, 0.951006353, -0.0668761507, 0.324143559, 0.16835016, 0.930909216)
Part775.Orientation = Vector3.new(3.8299999237060547, -21.09000015258789, -17.610000610351562)
Part775.Position = Vector3.new(2011.418701171875, 124.97454071044922, 2464.777587890625)
Part775.Rotation = Vector3.new(4.110000133514404, -21.040000915527344, -16.1299991607666)
Part775.Transparency = 1
Part775.Size = Vector3.new(1.3500009775161743, 23.749998092651367, 1.5)
Part775.Anchored = true
Part775.Material = Enum.Material.Fabric
Part776.Name = "Tree_Collision"
Part776.Parent = Model769
Part776.CFrame = CFrame.new(1993.72473, 126.446419, 2446.79443, 0.948108315, -0.157932654, -0.27595818, 0.113946237, 0.979040205, -0.16882658, 0.296837926, 0.128620729, 0.946227789)
Part776.Orientation = Vector3.new(9.720000267028809, -16.260000228881836, 6.639999866485596)
Part776.Position = Vector3.new(1993.7247314453125, 126.44641876220703, 2446.79443359375)
Part776.Rotation = Vector3.new(10.119999885559082, -16.020000457763672, 9.460000038146973)
Part776.Transparency = 1
Part776.Size = Vector3.new(1.3500009775161743, 26.749998092651367, 1.5)
Part776.Anchored = true
Part776.Material = Enum.Material.Fabric
Part777.Name = "Tree_Collision"
Part777.Parent = Model769
Part777.CFrame = CFrame.new(2048.82446, 124.676804, 2450.82935, 0.955628276, 0.0867588446, -0.281518161, -0.0111709936, 0.965635598, 0.259670854, 0.294373244, -0.245002881, 0.923753738)
Part777.Orientation = Vector3.new(-15.050000190734863, -16.950000762939453, -0.6600000262260437)
Part777.Position = Vector3.new(2048.824462890625, 124.67680358886719, 2450.829345703125)
Part777.Rotation = Vector3.new(-15.699999809265137, -16.350000381469727, -5.190000057220459)
Part777.Transparency = 1
Part777.Size = Vector3.new(1.3500009775161743, 23.749998092651367, 1.5)
Part777.Anchored = true
Part777.Material = Enum.Material.Fabric
Part778.Name = "Tree_Collision"
Part778.Parent = Model769
Part778.CFrame = CFrame.new(2007.94238, 125.842201, 2436.06274, 0.941287458, -0.142921284, -0.305869967, 0.213535368, 0.953775406, 0.211473346, 0.261507839, -0.264370441, 0.92829144)
Part778.Orientation = Vector3.new(-12.210000038146973, -18.239999771118164, 12.619999885559082)
Part778.Position = Vector3.new(2007.9423828125, 125.84220123291016, 2436.062744140625)
Part778.Rotation = Vector3.new(-12.829999923706055, -17.809999465942383, 8.630000114440918)
Part778.Transparency = 1
Part778.Size = Vector3.new(1.3500009775161743, 26.749998092651367, 1.5)
Part778.Anchored = true
Part778.Material = Enum.Material.Fabric
Part779.Name = "Tree_Collision"
Part779.Parent = Model769
Part779.CFrame = CFrame.new(1997.7041, 124.608269, 2467.37402, 0.915274441, -0.198682815, -0.350432307, 0.0883331299, 0.947728515, -0.306616545, 0.393034279, 0.249682218, 0.884977818)
Part779.Orientation = Vector3.new(17.860000610351562, -21.600000381469727, 5.320000171661377)
Part779.Position = Vector3.new(1997.7041015625, 124.60826873779297, 2467.3740234375)
Part779.Rotation = Vector3.new(19.110000610351562, -20.510000228881836, 12.25)
Part779.Transparency = 1
Part779.Size = Vector3.new(1.3500009775161743, 22.749998092651367, 1.5)
Part779.Anchored = true
Part779.Material = Enum.Material.Fabric
Part780.Name = "Tree_Collision"
Part780.Parent = Model769
Part780.CFrame = CFrame.new(2033.49805, 125.481194, 2464.12183, 0.930290282, 0.165822342, -0.327212095, -0.16209127, 0.98601371, 0.0388468467, 0.329077631, 0.0168996267, 0.944153249)
Part780.Orientation = Vector3.new(-2.2300000190734863, -19.110000610351562, -9.34000015258789)
Part780.Position = Vector3.new(2033.498046875, 125.48119354248047, 2464.121826171875)
Part780.Rotation = Vector3.new(-2.359999895095825, -19.100000381469727, -10.109999656677246)
Part780.Transparency = 1
Part780.Size = Vector3.new(1.3500009775161743, 23.749998092651367, 1.5)
Part780.Anchored = true
Part780.Material = Enum.Material.Fabric
Part781.Name = "Tree_Collision"
Part781.Parent = Model769
Part781.CFrame = CFrame.new(2044.49097, 123.460602, 2474.22998, 0.948577821, 0.114587046, -0.295084506, -0.165955186, 0.973827183, -0.155323014, 0.269563973, 0.196306244, 0.942763031)
Part781.Orientation = Vector3.new(8.9399995803833, -17.3799991607666, -9.670000076293945)
Part781.Position = Vector3.new(2044.490966796875, 123.46060180664062, 2474.22998046875)
Part781.Rotation = Vector3.new(9.359999656677246, -17.15999984741211, -6.889999866485596)
Part781.Transparency = 1
Part781.Size = Vector3.new(1.3500009775161743, 20.749998092651367, 1.5)
Part781.Anchored = true
Part781.Material = Enum.Material.Fabric
Part782.Name = "Tree_Collision"
Part782.Parent = Model769
Part782.CFrame = CFrame.new(1985.75562, 124.386864, 2428.39307, 0.919601619, -0.279711038, -0.275861233, 0.267958283, 0.96008718, -0.080229193, 0.287292331, -0.000140875578, 0.957844496)
