Part946.Name = "Tree_Collision"
Part946.Parent = Model935
Part946.CFrame = CFrame.new(2626.97974, 223.274796, 2943.27393, 0.850285709, 0.110974401, 0.514489174, -0.165755823, 0.984238386, 0.061642725, -0.499539196, -0.13769348, 0.855278492)
Part946.Orientation = Vector3.new(-3.5299999713897705, 31.030000686645508, -9.5600004196167)
Part946.Position = Vector3.new(2626.979736328125, 223.27479553222656, 2943.27392578125)
Part946.Rotation = Vector3.new(-4.119999885559082, 30.959999084472656, -7.440000057220459)
Part946.Transparency = 1
Part946.Size = Vector3.new(1.3500009775161743, 23.749998092651367, 1.5)
Part946.Anchored = true
Part946.Material = Enum.Material.Fabric
Part947.Name = "Tree_Collision"
Part947.Parent = Model935
Part947.CFrame = CFrame.new(2641.80029, 221.337082, 2941.35889, 0.816367865, 0.215915829, 0.535653055, -0.171029687, 0.976266623, -0.132862628, -0.551627338, 0.0168522149, 0.833920598)
Part947.Orientation = Vector3.new(7.639999866485596, 32.709999084472656, -9.9399995803833)
Part947.Position = Vector3.new(2641.80029296875, 221.3370819091797, 2941.35888671875)
Part947.Rotation = Vector3.new(9.050000190734863, 32.38999938964844, -14.8100004196167)
Part947.Transparency = 1
Part947.Size = Vector3.new(1.3500009775161743, 20.749998092651367, 1.5)
Part947.Anchored = true
Part947.Material = Enum.Material.Fabric
Part948.Name = "Tree_Collision"
Part948.Parent = Model935
Part948.CFrame = CFrame.new(2568.9624, 221.988861, 2957.04004, 0.807747304, -0.18749845, 0.558917642, 0.263447821, 0.962946594, -0.0576976538, -0.527389646, 0.193850726, 0.827213645)
Part948.Orientation = Vector3.new(3.309999942779541, 34.04999923706055, 15.300000190734863)
Part948.Position = Vector3.new(2568.96240234375, 221.98886108398438, 2957.0400390625)
Part948.Rotation = Vector3.new(3.990000009536743, 33.97999954223633, 13.069999694824219)
Part948.Transparency = 1
Part948.Size = Vector3.new(1.3500009775161743, 22.749998092651367, 1.5)
Part948.Anchored = true
Part948.Material = Enum.Material.Fabric
Part949.Name = "Tree_Collision"
Part949.Parent = Model935
Part949.CFrame = CFrame.new(2593.99951, 222.520157, 2932.47949, 0.853640437, -0.0637352616, 0.516948879, -0.13130635, 0.934098125, 0.331992984, -0.504040658, -0.351281255, 0.789014995)
Part949.Orientation = Vector3.new(-19.389999389648438, 33.22999954223633, -8)
Part949.Position = Vector3.new(2593.99951171875, 222.52015686035156, 2932.4794921875)
Part949.Rotation = Vector3.new(-22.81999969482422, 31.1299991607666, 4.269999980926514)
Part949.Transparency = 1
Part949.Size = Vector3.new(1.3500009775161743, 23.749998092651367, 1.5)
Part949.Anchored = true
Part949.Material = Enum.Material.Fabric
Part950.Name = "Tree_Collision"
Part950.Parent = Model935
Part950.CFrame = CFrame.new(2606.62524, 222.294891, 2938.04785, 0.85492909, 0.0663220137, 0.514487982, -0.114017889, 0.991564453, 0.061643105, -0.506059766, -0.11136131, 0.855279088)
Part950.Orientation = Vector3.new(-3.5299999713897705, 31.030000686645508, -6.559999942779541)
Part950.Position = Vector3.new(2606.625244140625, 222.29489135742188, 2938.0478515625)
Part950.Rotation = Vector3.new(-4.119999885559082, 30.959999084472656, -4.440000057220459)
Part950.Transparency = 1
Part950.Size = Vector3.new(1.3500009775161743, 23.749998092651367, 1.5)
Part950.Anchored = true
Part950.Material = Enum.Material.Fabric
Part951.Name = "Tree_Collision"
Part951.Parent = Model935
Part951.CFrame = CFrame.new(2570.37305, 222.399658, 2973.01074, 0.826949537, -0.149841934, 0.541942835, 0.161173671, 0.98656106, 0.0268399343, -0.538681388, 0.0651516467, 0.839986801)
Part951.Orientation = Vector3.new(-1.5399999618530273, 32.83000183105469, 9.279999732971191)
Part951.Position = Vector3.new(2570.373046875, 222.399658203125, 2973.0107421875)
Part951.Rotation = Vector3.new(-1.8300000429153442, 32.81999969482422, 10.270000457763672)
Part951.Transparency = 1
Part951.Size = Vector3.new(1.3500009775161743, 22.749998092651367, 1.5)
Part951.Anchored = true
Part951.Material = Enum.Material.Fabric
Model952.Name = "?2"
Model952.Parent = Folder0
Part953.Name = "TreeMesh Bottom"
Part953.Parent = Model952
Part953.CFrame = CFrame.new(2594.37549, 208.93042, 2876.82275, 0.837466359, -0.00841495302, 0.546424448, -0.00474184565, 0.999731898, 0.0226634014, -0.546468675, -0.0215708893, 0.837201834)
Part953.Orientation = Vector3.new(-1.2999999523162842, 33.130001068115234, -0.27000001072883606)
Part953.Position = Vector3.new(2594.37548828125, 208.930419921875, 2876.82275390625)
Part953.Rotation = Vector3.new(-1.5499999523162842, 33.119998931884766, 0.5799999833106995)
Part953.Size = Vector3.new(8.250000953674316, 0.2499980926513672, 7)
Part953.Anchored = true
Part953.CanCollide = false
Part953.Material = Enum.Material.Fabric
SpecialMesh954.Name = "BarkMesh"
SpecialMesh954.Parent = Part953
SpecialMesh954.MeshId = "rbxassetid://623621260"
SpecialMesh954.Offset = Vector3.new(0, 3.4100000858306885, 0)
SpecialMesh954.TextureId = "rbxassetid://623618671"
SpecialMesh954.MeshType = Enum.MeshType.FileMesh
Part955.Name = "TreeMeshTop"
Part955.Parent = Model952
Part955.CFrame = CFrame.new(2594.12109, 239.062317, 2876.17236, 0.837466359, -0.00841495302, 0.546424448, -0.00474184565, 0.999731898, 0.0226634014, -0.546468675, -0.0215708893, 0.837201834)
Part955.Orientation = Vector3.new(-1.2999999523162842, 33.130001068115234, -0.27000001072883606)
Part955.Position = Vector3.new(2594.12109375, 239.06231689453125, 2876.17236328125)
Part955.Rotation = Vector3.new(-1.5499999523162842, 33.119998931884766, 0.5799999833106995)
Part955.Transparency = 0.05000000074505806
Part955.Size = Vector3.new(8.250000953674316, 0.2499980926513672, 7)
Part955.Anchored = true
Part955.CanCollide = false
Part955.Material = Enum.Material.Fabric
SpecialMesh956.Name = "TopTreeMesh"
SpecialMesh956.Parent = Part955
SpecialMesh956.MeshId = "rbxassetid://623621456"
SpecialMesh956.Offset = Vector3.new(0, 3.4100000858306885, 0)
SpecialMesh956.Scale = Vector3.new(1.600000023841858, 1.600000023841858, 1.600000023841858)
SpecialMesh956.TextureId = "rbxassetid://745556120"
SpecialMesh956.MeshType = Enum.MeshType.FileMesh
Part957.Name = "Tree_Collision"
Part957.Parent = Model952
Part957.CFrame = CFrame.new(2595.75073, 222.175797, 2881.44751, 0.835374355, -0.0345888212, 0.548592329, 0.092041418, 0.992729604, -0.077565223, -0.54192096, 0.115289211, 0.832484424)
Part957.Orientation = Vector3.new(4.449999809265137, 33.380001068115234, 5.300000190734863)
Part957.Position = Vector3.new(2595.750732421875, 222.17579650878906, 2881.447509765625)
Part957.Rotation = Vector3.new(5.320000171661377, 33.27000045776367, 2.369999885559082)
Part957.Transparency = 1
Part957.Size = Vector3.new(1.3500009775161743, 26.749998092651367, 1.5)
Part957.Anchored = true
Part957.Material = Enum.Material.Fabric
Part958.Name = "Tree_Collision"
Part958.Parent = Model952
Part958.CFrame = CFrame.new(2605.1958, 221.348343, 2885.97632, 0.82605052, 0.287440687, 0.484787166, -0.305210918, 0.951269269, -0.0439655408, -0.473800659, -0.111644529, 0.873526573)
Part958.Orientation = Vector3.new(2.5199999809265137, 29.030000686645508, -17.790000915527344)
Part958.Position = Vector3.new(2605.19580078125, 221.3483428955078, 2885.976318359375)
Part958.Rotation = Vector3.new(2.880000114440918, 29, -19.190000534057617)
Part958.Transparency = 1
Part958.Size = Vector3.new(1.3500009775161743, 23.749998092651367, 1.5)
Part958.Anchored = true
Part958.Material = Enum.Material.Fabric
Part959.Name = "Tree_Collision"
Part959.Parent = Model952
Part959.CFrame = CFrame.new(2580.03979, 222.652527, 2887.99951, 0.834643304, -0.0107731, 0.550685763, 0.109352499, 0.983147025, -0.146505997, -0.539826751, 0.182499126, 0.821755052)
Part959.Orientation = Vector3.new(8.420000076293945, 33.83000183105469, 6.349999904632568)
Part959.Position = Vector3.new(2580.039794921875, 222.65252685546875, 2887.99951171875)
Part959.Rotation = Vector3.new(10.109999656677246, 33.40999984741211, 0.7400000095367432)
Part959.Transparency = 1
Part959.Size = Vector3.new(1.3500009775161743, 26.749998092651367, 1.5)
Part959.Anchored = true
Part959.Material = Enum.Material.Fabric
Part960.Name = "Tree_Collision"
Part960.Parent = Model952
Part960.CFrame = CFrame.new(2618.47339, 220.350189, 2848.33911, 0.838625193, -0.140532479, 0.526268721, -0.015863603, 0.959435225, 0.281482548, -0.544478178, -0.244406804, 0.802377164)
Part960.Orientation = Vector3.new(-16.350000381469727, 33.2599983215332, -0.949999988079071)
Part960.Position = Vector3.new(2618.473388671875, 220.35018920898438, 2848.339111328125)
Part960.Rotation = Vector3.new(-19.329999923706055, 31.75, 9.510000228881836)
Part960.Transparency = 1
Part960.Size = Vector3.new(1.3500009775161743, 23.749998092651367, 1.5)
Part960.Anchored = true
Part960.Material = Enum.Material.Fabric
Part961.Name = "Tree_Collision"
Part961.Parent = Model952
Part961.CFrame = CFrame.new(2580.92285, 221.672028, 2870.2251, 0.802318513, -0.302534759, 0.514546275, 0.208274096, 0.94974941, 0.233662248, -0.559380949, -0.0803048834, 0.825011611)
Part961.Orientation = Vector3.new(-13.510000228881836, 31.950000762939453, 12.369999885559082)
Part961.Position = Vector3.new(2580.9228515625, 221.67202758789062, 2870.22509765625)
Part961.Rotation = Vector3.new(-15.8100004196167, 30.969999313354492, 20.65999984741211)
Part961.Transparency = 1
Part961.Size = Vector3.new(1.3500009775161743, 26.749998092651367, 1.5)
Part961.Anchored = true
Part961.Material = Enum.Material.Fabric
Part962.Name = "Tree_Collision"
Part962.Parent = Model952
Part962.CFrame = CFrame.new(2598.3999, 221.187897, 2898.17285, 0.887634397, 0.0562728867, 0.457098395, 0.0860659108, 0.954754472, -0.28466922, -0.452435941, 0.292022735, 0.842629731)
Part962.Orientation = Vector3.new(16.540000915527344, 28.479999542236328, 5.150000095367432)
Part962.Position = Vector3.new(2598.39990234375, 221.18789672851562, 2898.1728515625)
Part962.Rotation = Vector3.new(18.670000076293945, 27.200000762939453, -3.630000114440918)
Part962.Transparency = 1
Part962.Size = Vector3.new(1.3500009775161743, 22.749998092651367, 1.5)
Part962.Anchored = true
Part962.Material = Enum.Material.Fabric
Part963.Name = "Tree_Collision"
Part963.Parent = Model952
Part963.CFrame = CFrame.new(2618.84326, 221.595108, 2868.60132, 0.850285709, 0.110974401, 0.514489174, -0.165755823, 0.984238386, 0.061642725, -0.499539196, -0.13769348, 0.855278492)
Part963.Orientation = Vector3.new(-3.5299999713897705, 31.030000686645508, -9.5600004196167)
Part963.Position = Vector3.new(2618.84326171875, 221.59510803222656, 2868.601318359375)
Part963.Rotation = Vector3.new(-4.119999885559082, 30.959999084472656, -7.440000057220459)
Part963.Transparency = 1
Part963.Size = Vector3.new(1.3500009775161743, 23.749998092651367, 1.5)
Part963.Anchored = true
Part963.Material = Enum.Material.Fabric
Part964.Name = "Tree_Collision"
Part964.Parent = Model952
Part964.CFrame = CFrame.new(2633.66455, 219.657349, 2866.68604, 0.816367865, 0.215915829, 0.535653055, -0.171029687, 0.976266623, -0.132862628, -0.551627338, 0.0168522149, 0.833920598)
Part964.Orientation = Vector3.new(7.639999866485596, 32.709999084472656, -9.9399995803833)
Part964.Position = Vector3.new(2633.66455078125, 219.6573486328125, 2866.68603515625)
Part964.Rotation = Vector3.new(9.050000190734863, 32.38999938964844, -14.8100004196167)
Part964.Transparency = 1
Part964.Size = Vector3.new(1.3500009775161743, 20.749998092651367, 1.5)
Part964.Anchored = true
Part964.Material = Enum.Material.Fabric
Part965.Name = "Tree_Collision"
Part965.Parent = Model952
Part965.CFrame = CFrame.new(2560.82568, 220.309158, 2882.36719, 0.807747304, -0.18749845, 0.558917642, 0.263447821, 0.962946594, -0.0576976538, -0.527389646, 0.193850726, 0.827213645)
Part965.Orientation = Vector3.new(3.309999942779541, 34.04999923706055, 15.300000190734863)
Part965.Position = Vector3.new(2560.82568359375, 220.3091583251953, 2882.3671875)
Part965.Rotation = Vector3.new(3.990000009536743, 33.97999954223633, 13.069999694824219)
Part965.Transparency = 1
Part965.Size = Vector3.new(1.3500009775161743, 22.749998092651367, 1.5)
Part965.Anchored = true
Part965.Material = Enum.Material.Fabric
Part966.Name = "Tree_Collision"
Part966.Parent = Model952
Part966.CFrame = CFrame.new(2585.86304, 220.840469, 2857.80664, 0.853640437, -0.0637352616, 0.516948879, -0.13130635, 0.934098125, 0.331992984, -0.504040658, -0.351281255, 0.789014995)
Part966.Orientation = Vector3.new(-19.389999389648438, 33.22999954223633, -8)
Part966.Position = Vector3.new(2585.863037109375, 220.84046936035156, 2857.806640625)
Part966.Rotation = Vector3.new(-22.81999969482422, 31.1299991607666, 4.269999980926514)
Part966.Transparency = 1
Part966.Size = Vector3.new(1.3500009775161743, 23.749998092651367, 1.5)
Part966.Anchored = true
Part966.Material = Enum.Material.Fabric
Part967.Name = "Tree_Collision"
Part967.Parent = Model952
Part967.CFrame = CFrame.new(2598.4895, 220.615158, 2863.37524, 0.85492909, 0.0663220137, 0.514487982, -0.114017889, 0.991564453, 0.061643105, -0.506059766, -0.11136131, 0.855279088)
Part967.Orientation = Vector3.new(-3.5299999713897705, 31.030000686645508, -6.559999942779541)
Part967.Position = Vector3.new(2598.489501953125, 220.6151580810547, 2863.375244140625)
Part967.Rotation = Vector3.new(-4.119999885559082, 30.959999084472656, -4.440000057220459)
Part967.Transparency = 1
Part967.Size = Vector3.new(1.3500009775161743, 23.749998092651367, 1.5)
Part967.Anchored = true
Part967.Material = Enum.Material.Fabric
Part968.Name = "Tree_Collision"
Part968.Parent = Model952
Part968.CFrame = CFrame.new(2562.23682, 220.71994, 2898.33813, 0.826949537, -0.149841934, 0.541942835, 0.161173671, 0.98656106, 0.0268399343, -0.538681388, 0.0651516467, 0.839986801)
Part968.Orientation = Vector3.new(-1.5399999618530273, 32.83000183105469, 9.279999732971191)
Part968.Position = Vector3.new(2562.23681640625, 220.71994018554688, 2898.338134765625)
Part968.Rotation = Vector3.new(-1.8300000429153442, 32.81999969482422, 10.270000457763672)
Part968.Transparency = 1
Part968.Size = Vector3.new(1.3500009775161743, 22.749998092651367, 1.5)
Part968.Anchored = true
Part968.Material = Enum.Material.Fabric
Model969.Name = "?2"
Model969.Parent = Folder0
Part970.Name = "TreeMesh Bottom"
Part970.Parent = Model969
Part970.CFrame = CFrame.new(2582.52173, 209.017014, 2882.34375, 0.837466359, -0.00841495302, 0.546424448, -0.00474184565, 0.999731898, 0.0226634014, -0.546468675, -0.0215708893, 0.837201834)
Part970.Orientation = Vector3.new(-1.2999999523162842, 33.130001068115234, -0.27000001072883606)
Part970.Position = Vector3.new(2582.521728515625, 209.0170135498047, 2882.34375)
Part970.Rotation = Vector3.new(-1.5499999523162842, 33.119998931884766, 0.5799999833106995)
Part970.Size = Vector3.new(8.250000953674316, 0.2499980926513672, 7)
Part970.Anchored = true
Part970.CanCollide = false
Part970.Material = Enum.Material.Fabric
SpecialMesh971.Name = "BarkMesh"
SpecialMesh971.Parent = Part970
SpecialMesh971.MeshId = "rbxassetid://623621260"
SpecialMesh971.Offset = Vector3.new(0, 3.4100000858306885, 0)
SpecialMesh971.TextureId = "rbxassetid://623618671"
SpecialMesh971.MeshType = Enum.MeshType.FileMesh
Part972.Name = "TreeMeshTop"
Part972.Parent = Model969
Part972.CFrame = CFrame.new(2582.26709, 239.148926, 2881.69336, 0.837466359, -0.00841495302, 0.546424448, -0.00474184565, 0.999731898, 0.0226634014, -0.546468675, -0.0215708893, 0.837201834)
Part972.Orientation = Vector3.new(-1.2999999523162842, 33.130001068115234, -0.27000001072883606)
Part972.Position = Vector3.new(2582.26708984375, 239.14892578125, 2881.693359375)
Part972.Rotation = Vector3.new(-1.5499999523162842, 33.119998931884766, 0.5799999833106995)
Part972.Transparency = 0.05000000074505806
Part972.Size = Vector3.new(8.250000953674316, 0.2499980926513672, 7)
Part972.Anchored = true
Part972.CanCollide = false
Part972.Material = Enum.Material.Fabric
SpecialMesh973.Name = "TopTreeMesh"
SpecialMesh973.Parent = Part972
SpecialMesh973.MeshId = "rbxassetid://623621456"
SpecialMesh973.Offset = Vector3.new(0, 3.4100000858306885, 0)
SpecialMesh973.Scale = Vector3.new(1.600000023841858, 1.600000023841858, 1.600000023841858)
SpecialMesh973.TextureId = "rbxassetid://745556120"
SpecialMesh973.MeshType = Enum.MeshType.FileMesh
Part974.Name = "Tree_Collision"
Part974.Parent = Model969
Part974.CFrame = CFrame.new(2583.89697, 222.262421, 2886.96826, 0.835374355, -0.0345888212, 0.548592329, 0.092041418, 0.992729604, -0.077565223, -0.54192096, 0.115289211, 0.832484424)
Part974.Orientation = Vector3.new(4.449999809265137, 33.380001068115234, 5.300000190734863)
Part974.Position = Vector3.new(2583.89697265625, 222.26242065429688, 2886.96826171875)
Part974.Rotation = Vector3.new(5.320000171661377, 33.27000045776367, 2.369999885559082)
Part974.Transparency = 1
Part974.Size = Vector3.new(1.3500009775161743, 26.749998092651367, 1.5)
Part974.Anchored = true
Part974.Material = Enum.Material.Fabric
Part975.Name = "Tree_Collision"
Part975.Parent = Model969
Part975.CFrame = CFrame.new(2593.3418, 221.434937, 2891.49756, 0.82605052, 0.287440687, 0.484787166, -0.305210918, 0.951269269, -0.0439655408, -0.473800659, -0.111644529, 0.873526573)
Part975.Orientation = Vector3.new(2.5199999809265137, 29.030000686645508, -17.790000915527344)
Part975.Position = Vector3.new(2593.341796875, 221.4349365234375, 2891.49755859375)
Part975.Rotation = Vector3.new(2.880000114440918, 29, -19.190000534057617)
Part975.Transparency = 1
Part975.Size = Vector3.new(1.3500009775161743, 23.749998092651367, 1.5)
Part975.Anchored = true
Part975.Material = Enum.Material.Fabric
Part976.Name = "Tree_Collision"
Part976.Parent = Model969
Part976.CFrame = CFrame.new(2568.18604, 222.739136, 2893.521, 0.834643304, -0.0107731, 0.550685763, 0.109352499, 0.983147025, -0.146505997, -0.539826751, 0.182499126, 0.821755052)
Part976.Orientation = Vector3.new(8.420000076293945, 33.83000183105469, 6.349999904632568)
Part976.Position = Vector3.new(2568.18603515625, 222.7391357421875, 2893.52099609375)
Part976.Rotation = Vector3.new(10.109999656677246, 33.40999984741211, 0.7400000095367432)
Part976.Transparency = 1
Part976.Size = Vector3.new(1.3500009775161743, 26.749998092651367, 1.5)
Part976.Anchored = true
Part976.Material = Enum.Material.Fabric
Part977.Name = "Tree_Collision"
Part977.Parent = Model969
Part977.CFrame = CFrame.new(2606.61938, 220.436783, 2853.86035, 0.838625193, -0.140532479, 0.526268721, -0.015863603, 0.959435225, 0.281482548, -0.544478178, -0.244406804, 0.802377164)
Part977.Orientation = Vector3.new(-16.350000381469727, 33.2599983215332, -0.949999988079071)
Part977.Position = Vector3.new(2606.619384765625, 220.43678283691406, 2853.8603515625)
Part977.Rotation = Vector3.new(-19.329999923706055, 31.75, 9.510000228881836)
Part977.Transparency = 1
Part977.Size = Vector3.new(1.3500009775161743, 23.749998092651367, 1.5)
Part977.Anchored = true
Part977.Material = Enum.Material.Fabric
Part978.Name = "Tree_Collision"
Part978.Parent = Model969
Part978.CFrame = CFrame.new(2569.06885, 221.758606, 2875.74609, 0.802318513, -0.302534759, 0.514546275, 0.208274096, 0.94974941, 0.233662248, -0.559380949, -0.0803048834, 0.825011611)
Part978.Orientation = Vector3.new(-13.510000228881836, 31.950000762939453, 12.369999885559082)
Part978.Position = Vector3.new(2569.06884765625, 221.75860595703125, 2875.74609375)
Part978.Rotation = Vector3.new(-15.8100004196167, 30.969999313354492, 20.65999984741211)
Part978.Transparency = 1
Part978.Size = Vector3.new(1.3500009775161743, 26.749998092651367, 1.5)
Part978.Anchored = true
Part978.Material = Enum.Material.Fabric
Part979.Name = "Tree_Collision"
Part979.Parent = Model969
Part979.CFrame = CFrame.new(2586.54614, 221.274521, 2903.69385, 0.887634397, 0.0562728867, 0.457098395, 0.0860659108, 0.954754472, -0.28466922, -0.452435941, 0.292022735, 0.842629731)
Part979.Orientation = Vector3.new(16.540000915527344, 28.479999542236328, 5.150000095367432)
Part979.Position = Vector3.new(2586.546142578125, 221.27452087402344, 2903.69384765625)
Part979.Rotation = Vector3.new(18.670000076293945, 27.200000762939453, -3.630000114440918)
Part979.Transparency = 1
Part979.Size = Vector3.new(1.3500009775161743, 22.749998092651367, 1.5)
Part979.Anchored = true
Part979.Material = Enum.Material.Fabric
Part980.Name = "Tree_Collision"
Part980.Parent = Model969
Part980.CFrame = CFrame.new(2606.98926, 221.681686, 2874.12207, 0.850285709, 0.110974401, 0.514489174, -0.165755823, 0.984238386, 0.061642725, -0.499539196, -0.13769348, 0.855278492)
Part980.Orientation = Vector3.new(-3.5299999713897705, 31.030000686645508, -9.5600004196167)
Part980.Position = Vector3.new(2606.9892578125, 221.6816864013672, 2874.1220703125)
Part980.Rotation = Vector3.new(-4.119999885559082, 30.959999084472656, -7.440000057220459)
Part980.Transparency = 1
Part980.Size = Vector3.new(1.3500009775161743, 23.749998092651367, 1.5)
Part980.Anchored = true
Part980.Material = Enum.Material.Fabric
Part981.Name = "Tree_Collision"
Part981.Parent = Model969
Part981.CFrame = CFrame.new(2621.81079, 219.744003, 2872.20776, 0.816367865, 0.215915829, 0.535653055, -0.171029687, 0.976266623, -0.132862628, -0.551627338, 0.0168522149, 0.833920598)
Part981.Orientation = Vector3.new(7.639999866485596, 32.709999084472656, -9.9399995803833)
Part981.Position = Vector3.new(2621.810791015625, 219.74400329589844, 2872.207763671875)
Part981.Rotation = Vector3.new(9.050000190734863, 32.38999938964844, -14.8100004196167)
Part981.Transparency = 1
Part981.Size = Vector3.new(1.3500009775161743, 20.749998092651367, 1.5)
Part981.Anchored = true
Part981.Material = Enum.Material.Fabric
Part982.Name = "Tree_Collision"
Part982.Parent = Model969
Part982.CFrame = CFrame.new(2548.97241, 220.395767, 2887.88916, 0.807747304, -0.18749845, 0.558917642, 0.263447821, 0.962946594, -0.0576976538, -0.527389646, 0.193850726, 0.827213645)
Part982.Orientation = Vector3.new(3.309999942779541, 34.04999923706055, 15.300000190734863)
Part982.Position = Vector3.new(2548.972412109375, 220.39576721191406, 2887.88916015625)
Part982.Rotation = Vector3.new(3.990000009536743, 33.97999954223633, 13.069999694824219)
Part982.Transparency = 1
Part982.Size = Vector3.new(1.3500009775161743, 22.749998092651367, 1.5)
Part982.Anchored = true
Part982.Material = Enum.Material.Fabric
Part983.Name = "Tree_Collision"
Part983.Parent = Model969
Part983.CFrame = CFrame.new(2574.00928, 220.927078, 2863.32812, 0.853640437, -0.0637352616, 0.516948879, -0.13130635, 0.934098125, 0.331992984, -0.504040658, -0.351281255, 0.789014995)
Part983.Orientation = Vector3.new(-19.389999389648438, 33.22999954223633, -8)
Part983.Position = Vector3.new(2574.00927734375, 220.9270782470703, 2863.328125)
Part983.Rotation = Vector3.new(-22.81999969482422, 31.1299991607666, 4.269999980926514)
Part983.Transparency = 1
Part983.Size = Vector3.new(1.3500009775161743, 23.749998092651367, 1.5)
Part983.Anchored = true
Part983.Material = Enum.Material.Fabric
Part984.Name = "Tree_Collision"
Part984.Parent = Model969
Part984.CFrame = CFrame.new(2586.63525, 220.701797, 2868.89673, 0.85492909, 0.0663220137, 0.514487982, -0.114017889, 0.991564453, 0.061643105, -0.506059766, -0.11136131, 0.855279088)
Part984.Orientation = Vector3.new(-3.5299999713897705, 31.030000686645508, -6.559999942779541)
Part984.Position = Vector3.new(2586.63525390625, 220.70179748535156, 2868.896728515625)
Part984.Rotation = Vector3.new(-4.119999885559082, 30.959999084472656, -4.440000057220459)
Part984.Transparency = 1
Part984.Size = Vector3.new(1.3500009775161743, 23.749998092651367, 1.5)
Part984.Anchored = true
Part984.Material = Enum.Material.Fabric
Part985.Name = "Tree_Collision"
Part985.Parent = Model969
Part985.CFrame = CFrame.new(2550.38232, 220.806564, 2903.85962, 0.826949537, -0.149841934, 0.541942835, 0.161173671, 0.98656106, 0.0268399343, -0.538681388, 0.0651516467, 0.839986801)
Part985.Orientation = Vector3.new(-1.5399999618530273, 32.83000183105469, 9.279999732971191)
Part985.Position = Vector3.new(2550.38232421875, 220.8065643310547, 2903.859619140625)
Part985.Rotation = Vector3.new(-1.8300000429153442, 32.81999969482422, 10.270000457763672)
Part985.Transparency = 1
Part985.Size = Vector3.new(1.3500009775161743, 22.749998092651367, 1.5)
Part985.Anchored = true
Part985.Material = Enum.Material.Fabric
Model986.Name = "?2"
Model986.Parent = Folder0
Part987.Name = "TreeMesh Bottom"
Part987.Parent = Model986
Part987.CFrame = CFrame.new(2762.0708, 215.92276, 2406.57129, -0.989697456, 0.0146361645, -0.142424524, 0.00891601294, 0.999130964, 0.0407183282, 0.142896697, 0.0390289687, -0.988967836)
Part987.Orientation = Vector3.new(-2.3299999237060547, -171.80999755859375, 0.5099999904632568)
Part987.Position = Vector3.new(2762.07080078125, 215.92276000976562, 2406.5712890625)
Part987.Rotation = Vector3.new(-177.63999938964844, -8.1899995803833, -179.14999389648438)
Part987.Size = Vector3.new(8.250000953674316, 0.2499980926513672, 7)
Part987.Anchored = true
Part987.CanCollide = false
Part987.Material = Enum.Material.Fabric
SpecialMesh988.Name = "BarkMesh"
SpecialMesh988.Parent = Part987
SpecialMesh988.MeshId = "rbxassetid://623621260"
SpecialMesh988.Offset = Vector3.new(0, 3.4100000858306885, 0)
SpecialMesh988.TextureId = "rbxassetid://623618671"
SpecialMesh988.MeshType = Enum.MeshType.FileMesh
Part989.Name = "TreeMeshTop"
Part989.Parent = Model986
Part989.CFrame = CFrame.new(2762.5127, 246.036392, 2407.74902, -0.989697456, 0.0146361645, -0.142424524, 0.00891601294, 0.999130964, 0.0407183282, 0.142896697, 0.0390289687, -0.988967836)
Part989.Orientation = Vector3.new(-2.3299999237060547, -171.80999755859375, 0.5099999904632568)
Part989.Position = Vector3.new(2762.5126953125, 246.03639221191406, 2407.7490234375)
Part989.Rotation = Vector3.new(-177.63999938964844, -8.1899995803833, -179.14999389648438)
Part989.Transparency = 0.05000000074505806
Part989.Size = Vector3.new(8.250000953674316, 0.2499980926513672, 7)
Part989.Anchored = true
Part989.CanCollide = false
Part989.Material = Enum.Material.Fabric
SpecialMesh990.Name = "TopTreeMesh"
SpecialMesh990.Parent = Part989
SpecialMesh990.MeshId = "rbxassetid://623621456"
SpecialMesh990.Offset = Vector3.new(0, 3.4100000858306885, 0)
SpecialMesh990.Scale = Vector3.new(1.600000023841858, 1.600000023841858, 1.600000023841858)
SpecialMesh990.TextureId = "rbxassetid://745556120"
SpecialMesh990.MeshType = Enum.MeshType.FileMesh
Part991.Name = "Tree_Collision"
Part991.Parent = Model986
Part991.CFrame = CFrame.new(2762.98438, 229.229477, 2402.00879, -0.984326541, 0.095914118, -0.147991851, 0.105664678, 0.992621541, -0.0594773069, 0.141195163, -0.0741826147, -0.987198532)
Part991.Orientation = Vector3.new(3.4100000858306885, -171.47000122070312, 6.079999923706055)
Part991.Position = Vector3.new(2762.984375, 229.22947692871094, 2402.0087890625)
Part991.Rotation = Vector3.new(176.5500030517578, -8.510000228881836, -174.42999267578125)
Part991.Transparency = 1
Part991.Size = Vector3.new(1.3500009775161743, 26.749998092651367, 1.5)
Part991.Anchored = true
Part991.Material = Enum.Material.Fabric
Part992.Name = "Tree_Collision"
Part992.Parent = Model986
Part992.CFrame = CFrame.new(2756.31519, 228.638184, 2393.91187, -0.953570426, -0.29236266, -0.0723025575, -0.291156471, 0.956296325, -0.0269304253, 0.0770161226, -0.00462869555, -0.997019112)
Part992.Orientation = Vector3.new(1.5399999618530273, -175.85000610351562, -16.93000030517578)
Part992.Position = Vector3.new(2756.315185546875, 228.63818359375, 2393.911865234375)
Part992.Rotation = Vector3.new(178.4499969482422, -4.150000095367432, 162.9499969482422)
Part992.Transparency = 1
Part992.Size = Vector3.new(1.3500009775161743, 23.749998092651367, 1.5)
Part992.Anchored = true
Part992.Material = Enum.Material.Fabric
Part993.Name = "Tree_Collision"
Part993.Parent = Model986
Part993.CFrame = CFrame.new(2780.00049, 229.421432, 2402.69067, -0.982503176, 0.102476798, -0.155518711, 0.122969858, 0.984064043, -0.128438264, 0.139878422, -0.145315111, -0.979447603)
Part993.Orientation = Vector3.new(7.380000114440918, -170.97999572753906, 7.119999885559082)
Part993.Position = Vector3.new(2780.00048828125, 229.4214324951172, 2402.690673828125)
Part993.Rotation = Vector3.new(172.52999877929688, -8.949999809265137, -174.0500030517578)
Part993.Transparency = 1
Part993.Size = Vector3.new(1.3500009775161743, 26.749998092651367, 1.5)
Part993.Anchored = true
Part993.Material = Enum.Material.Fabric
Part994.Name = "Tree_Collision"
Part994.Parent = Model986
Part994.CFrame = CFrame.new(2728.40283, 227.634705, 2422.43848, -0.99008882, 0.0399129018, -0.134652361, -0.00216300739, 0.954320073, 0.298778623, 0.140426576, 0.296108633, -0.944775105)
Part994.Orientation = Vector3.new(-17.3799991607666, -171.88999938964844, -0.12999999523162842)
Part994.Position = Vector3.new(2728.40283203125, 227.63470458984375, 2422.4384765625)
Part994.Rotation = Vector3.new(-162.4499969482422, -7.739999771118164, -177.69000244140625)
Part994.Transparency = 1
Part994.Size = Vector3.new(1.3500009775161743, 23.749998092651367, 1.5)
Part994.Anchored = true
Part994.Material = Enum.Material.Fabric
Part995.Name = "Tree_Collision"
Part995.Parent = Model986
Part995.CFrame = CFrame.new(2771.69482, 228.323868, 2418.42261, -0.959837437, 0.255789638, -0.115255803, 0.221027255, 0.942443192, 0.25089398, 0.172798127, 0.21534273, -0.961128652)
Part995.Orientation = Vector3.new(-14.529999732971191, -173.16000366210938, 13.199999809265137)
Part995.Position = Vector3.new(2771.69482421875, 228.32386779785156, 2418.422607421875)
Part995.Rotation = Vector3.new(-165.3699951171875, -6.619999885559082, -165.0800018310547)
Part995.Transparency = 1
Part995.Size = Vector3.new(1.3500009775161743, 26.749998092651367, 1.5)
Part995.Anchored = true
Part995.Material = Enum.Material.Fabric
Part996.Name = "Tree_Collision"
Part996.Parent = Model986
Part996.CFrame = CFrame.new(2767.61328, 228.426453, 2385.71021, -0.994113088, 0.0873643383, -0.0640837401, 0.101488091, 0.957945228, -0.268404722, 0.0379397161, -0.273328394, -0.961172283)
Part996.Orientation = Vector3.new(15.569999694824219, -176.19000244140625, 6.050000190734863)
Part996.Position = Vector3.new(2767.61328125, 228.42645263671875, 2385.710205078125)
Part996.Rotation = Vector3.new(164.39999389648438, -3.6700000762939453, -174.97999572753906)
Part996.Transparency = 1
Part996.Size = Vector3.new(1.3500009775161743, 22.749998092651367, 1.5)
Part996.Anchored = true
Part996.Material = Enum.Material.Fabric
Part997.Name = "Tree_Collision"
Part997.Parent = Model986
Part997.CFrame = CFrame.new(2736.62476, 229.04245, 2403.92822, -0.984143436, -0.142791852, -0.105223909, -0.15142107, 0.985295892, 0.0791444108, 0.0923754945, 0.0938225836, -0.991294146)
Part997.Orientation = Vector3.new(-4.539999961853027, -173.94000244140625, -8.739999771118164)
Part997.Position = Vector3.new(2736.624755859375, 229.04244995117188, 2403.92822265625)
Part997.Rotation = Vector3.new(-175.44000244140625, -6.039999961853027, 171.74000549316406)
Part997.Transparency = 1
Part997.Size = Vector3.new(1.3500009775161743, 23.749998092651367, 1.5)
Part997.Anchored = true
Part997.Material = Enum.Material.Fabric
Part998.Name = "Tree_Collision"
Part998.Parent = Model986
Part998.CFrame = CFrame.new(2722.34619, 227.406464, 2399.39258, -0.975416124, -0.172973156, -0.136542454, -0.15781641, 0.98074615, -0.115026958, 0.153810054, -0.0906505138, -0.983933389)
Part998.Orientation = Vector3.new(6.610000133514404, -172.10000610351562, -9.140000343322754)
Part998.Position = Vector3.new(2722.34619140625, 227.40646362304688, 2399.392578125)
Part998.Rotation = Vector3.new(173.3300018310547, -7.849999904632568, 169.94000244140625)
Part998.Transparency = 1
Part998.Size = Vector3.new(1.3500009775161743, 20.749998092651367, 1.5)
Part998.Anchored = true
Part998.Material = Enum.Material.Fabric
Part999.Name = "Tree_Collision"
Part999.Parent = Model986
Part999.CFrame = CFrame.new(2795.01245, 226.626114, 2415.85034, -0.95039469, 0.267185569, -0.15925391, 0.276547283, 0.960190952, -0.0394332893, 0.142378151, -0.0815184265, -0.986449897)
Part999.Orientation = Vector3.new(2.259999990463257, -170.8300018310547, 16.06999969482422)
Part999.Position = Vector3.new(2795.012451171875, 226.62611389160156, 2415.850341796875)
Part999.Rotation = Vector3.new(177.7100067138672, -9.15999984741211, -164.3000030517578)
Part999.Transparency = 1
Part999.Size = Vector3.new(1.3500009775161743, 22.749998092651367, 1.5)
Part999.Anchored = true
Part999.Material = Enum.Material.Fabric
Part1000.Name = "Tree_Collision"
Part1000.Parent = Model986
Part1000.CFrame = CFrame.new(2761.97046, 227.502563, 2427.59229, -0.988527119, -0.075156562, -0.13101764, -0.116944656, 0.92980659, 0.348975152, 0.0955932885, 0.360293239, -0.92792815)
Part1000.Orientation = Vector3.new(-20.420000076293945, -171.9600067138672, -7.170000076293945)
Part1000.Position = Vector3.new(2761.970458984375, 227.5025634765625, 2427.59228515625)
Part1000.Rotation = Vector3.new(-159.38999938964844, -7.53000020980835, 175.64999389648438)
Part1000.Transparency = 1
Part1000.Size = Vector3.new(1.3500009775161743, 23.749998092651367, 1.5)
Part1000.Anchored = true
Part1000.Material = Enum.Material.Fabric
Part1001.Name = "Tree_Collision"
Part1001.Parent = Model986
Part1001.CFrame = CFrame.new(2752.86377, 227.58902, 2417.22217, -0.990267813, -0.0910917968, -0.105223052, -0.0996488929, 0.991870046, 0.0791449472, 0.097158134, 0.0888600498, -0.991294205)
Part1001.Orientation = Vector3.new(-4.539999961853027, -173.94000244140625, -5.739999771118164)
Part1001.Position = Vector3.new(2752.86376953125, 227.58901977539062, 2417.22216796875)
Part1001.Rotation = Vector3.new(-175.44000244140625, -6.039999961853027, 174.74000549316406)
Part1001.Transparency = 1
Part1001.Size = Vector3.new(1.3500009775161743, 23.749998092651367, 1.5)
Part1001.Anchored = true
Part1001.Material = Enum.Material.Fabric
Part1002.Name = "Tree_Collision"
Part1002.Parent = Model986
Part1002.CFrame = CFrame.new(2800.46802, 227.189301, 2400.7793, -0.974210203, 0.179200903, -0.13711901, 0.174622491, 0.983614862, 0.0448200144, 0.142904088, 0.0197200514, -0.98954016)
Part1002.Orientation = Vector3.new(-2.569999933242798, -172.11000061035156, 10.069999694824219)
Part1002.Position = Vector3.new(2800.468017578125, 227.18930053710938, 2400.779296875)
Part1002.Rotation = Vector3.new(-177.41000366210938, -7.880000114440918, -169.5800018310547)
Part1002.Transparency = 1
Part1002.Size = Vector3.new(1.3500009775161743, 22.749998092651367, 1.5)
Part1002.Anchored = true
Part1002.Material = Enum.Material.Fabric
Model1003.Name = "?2"
Model1003.Parent = Folder0
Part1004.Name = "TreeMesh Bottom"
Part1004.Parent = Model1003
Part1004.CFrame = CFrame.new(2746.36597, 159.210953, 2301.33643, -0.989697456, 0.0146361645, -0.142424524, 0.00891601294, 0.999130964, 0.0407183282, 0.142896697, 0.0390289687, -0.988967836)
Part1004.Orientation = Vector3.new(-2.3299999237060547, -171.80999755859375, 0.5099999904632568)
Part1004.Position = Vector3.new(2746.365966796875, 159.21095275878906, 2301.33642578125)
Part1004.Rotation = Vector3.new(-177.63999938964844, -8.1899995803833, -179.14999389648438)
Part1004.Size = Vector3.new(8.250000953674316, 0.2499980926513672, 7)
Part1004.Anchored = true
Part1004.CanCollide = false
Part1004.Material = Enum.Material.Fabric
SpecialMesh1005.Name = "BarkMesh"
SpecialMesh1005.Parent = Part1004
SpecialMesh1005.MeshId = "rbxassetid://623621260"
SpecialMesh1005.Offset = Vector3.new(0, 3.4100000858306885, 0)
SpecialMesh1005.TextureId = "rbxassetid://623618671"
SpecialMesh1005.MeshType = Enum.MeshType.FileMesh
Part1006.Name = "TreeMeshTop"
Part1006.Parent = Model1003
Part1006.CFrame = CFrame.new(2746.80737, 189.32457, 2302.51416, -0.989697456, 0.0146361645, -0.142424524, 0.00891601294, 0.999130964, 0.0407183282, 0.142896697, 0.0390289687, -0.988967836)
Part1006.Orientation = Vector3.new(-2.3299999237060547, -171.80999755859375, 0.5099999904632568)
Part1006.Position = Vector3.new(2746.807373046875, 189.32456970214844, 2302.51416015625)
Part1006.Rotation = Vector3.new(-177.63999938964844, -8.1899995803833, -179.14999389648438)
Part1006.Transparency = 0.05000000074505806
Part1006.Size = Vector3.new(8.250000953674316, 0.2499980926513672, 7)
Part1006.Anchored = true
Part1006.CanCollide = false
Part1006.Material = Enum.Material.Fabric
SpecialMesh1007.Name = "TopTreeMesh"
SpecialMesh1007.Parent = Part1006
SpecialMesh1007.MeshId = "rbxassetid://623621456"
SpecialMesh1007.Offset = Vector3.new(0, 3.4100000858306885, 0)
SpecialMesh1007.Scale = Vector3.new(1.600000023841858, 1.600000023841858, 1.600000023841858)
SpecialMesh1007.TextureId = "rbxassetid://745556120"
SpecialMesh1007.MeshType = Enum.MeshType.FileMesh
Part1008.Name = "Tree_Collision"
Part1008.Parent = Model1003
Part1008.CFrame = CFrame.new(2747.27954, 172.51767, 2296.77417, -0.984326541, 0.095914118, -0.147991851, 0.105664678, 0.992621541, -0.0594773069, 0.141195163, -0.0741826147, -0.987198532)
Part1008.Orientation = Vector3.new(3.4100000858306885, -171.47000122070312, 6.079999923706055)
Part1008.Position = Vector3.new(2747.279541015625, 172.51766967773438, 2296.774169921875)
Part1008.Rotation = Vector3.new(176.5500030517578, -8.510000228881836, -174.42999267578125)
Part1008.Transparency = 1
Part1008.Size = Vector3.new(1.3500009775161743, 26.749998092651367, 1.5)
Part1008.Anchored = true
Part1008.Material = Enum.Material.Fabric
Part1009.Name = "Tree_Collision"
Part1009.Parent = Model1003
Part1009.CFrame = CFrame.new(2740.61011, 171.926376, 2288.677, -0.953570426, -0.29236266, -0.0723025575, -0.291156471, 0.956296325, -0.0269304253, 0.0770161226, -0.00462869555, -0.997019112)
Part1009.Orientation = Vector3.new(1.5399999618530273, -175.85000610351562, -16.93000030517578)
Part1009.Position = Vector3.new(2740.610107421875, 171.92637634277344, 2288.677001953125)
Part1009.Rotation = Vector3.new(178.4499969482422, -4.150000095367432, 162.9499969482422)
Part1009.Transparency = 1
Part1009.Size = Vector3.new(1.3500009775161743, 23.749998092651367, 1.5)
Part1009.Anchored = true
Part1009.Material = Enum.Material.Fabric
Part1010.Name = "Tree_Collision"
Part1010.Parent = Model1003
Part1010.CFrame = CFrame.new(2764.29541, 172.709641, 2297.45605, -0.982503176, 0.102476798, -0.155518711, 0.122969858, 0.984064043, -0.128438264, 0.139878422, -0.145315111, -0.979447603)
Part1010.Orientation = Vector3.new(7.380000114440918, -170.97999572753906, 7.119999885559082)
Part1010.Position = Vector3.new(2764.29541015625, 172.7096405029297, 2297.4560546875)
Part1010.Rotation = Vector3.new(172.52999877929688, -8.949999809265137, -174.0500030517578)
Part1010.Transparency = 1
Part1010.Size = Vector3.new(1.3500009775161743, 26.749998092651367, 1.5)
Part1010.Anchored = true
Part1010.Material = Enum.Material.Fabric
Part1011.Name = "Tree_Collision"
Part1011.Parent = Model1003
Part1011.CFrame = CFrame.new(2712.69751, 170.922897, 2317.20361, -0.99008882, 0.0399129018, -0.134652361, -0.00216300739, 0.954320073, 0.298778623, 0.140426576, 0.296108633, -0.944775105)
Part1011.Orientation = Vector3.new(-17.3799991607666, -171.88999938964844, -0.12999999523162842)
Part1011.Position = Vector3.new(2712.697509765625, 170.9228973388672, 2317.20361328125)
Part1011.Rotation = Vector3.new(-162.4499969482422, -7.739999771118164, -177.69000244140625)
Part1011.Transparency = 1
Part1011.Size = Vector3.new(1.3500009775161743, 23.749998092651367, 1.5)
Part1011.Anchored = true
Part1011.Material = Enum.Material.Fabric
Part1012.Name = "Tree_Collision"
Part1012.Parent = Model1003
Part1012.CFrame = CFrame.new(2755.98975, 171.612045, 2313.18774, -0.959837437, 0.255789638, -0.115255803, 0.221027255, 0.942443192, 0.25089398, 0.172798127, 0.21534273, -0.961128652)
Part1012.Orientation = Vector3.new(-14.529999732971191, -173.16000366210938, 13.199999809265137)
Part1012.Position = Vector3.new(2755.98974609375, 171.61204528808594, 2313.187744140625)
Part1012.Rotation = Vector3.new(-165.3699951171875, -6.619999885559082, -165.0800018310547)
Part1012.Transparency = 1
