SpecialMesh1160.Name = "TopTreeMesh"
SpecialMesh1160.Parent = Part1159
SpecialMesh1160.MeshId = "rbxassetid://623621456"
SpecialMesh1160.Offset = Vector3.new(0, 3.4100000858306885, 0)
SpecialMesh1160.Scale = Vector3.new(1.600000023841858, 1.600000023841858, 1.600000023841858)
SpecialMesh1160.TextureId = "rbxassetid://745556120"
SpecialMesh1160.MeshType = Enum.MeshType.FileMesh
Model1161.Name = "茂み"
Model1161.Parent = Folder0
Part1162.Name = "TreeMesh Bottom"
Part1162.Parent = Model1161
Part1162.CFrame = CFrame.new(1181.79919, 339.102509, 3629.69458, -0.658884346, -0.00114824821, 0.752246201, -0.000885321293, 1.0000037, 0.000751008571, -0.752247334, -0.000171221109, -0.658886433)
Part1162.Orientation = Vector3.new(-0.03999999910593033, 131.2100067138672, -0.05000000074505806)
Part1162.Position = Vector3.new(1181.7991943359375, 339.1025085449219, 3629.694580078125)
Part1162.Rotation = Vector3.new(-179.92999267578125, 48.790000915527344, 179.89999389648438)
Part1162.Size = Vector3.new(8.250000953674316, 0.2499980926513672, 7)
Part1162.Anchored = true
Part1162.CanCollide = false
Part1162.Material = Enum.Material.Fabric
SpecialMesh1163.Name = "BarkMesh"
SpecialMesh1163.Parent = Part1162
SpecialMesh1163.MeshId = "rbxassetid://623621260"
SpecialMesh1163.Offset = Vector3.new(0, 3.4100000858306885, 0)
SpecialMesh1163.TextureId = "rbxassetid://623618671"
SpecialMesh1163.MeshType = Enum.MeshType.FileMesh
Part1164.Name = "TreeMeshTop"
Part1164.Parent = Model1161
Part1164.CFrame = CFrame.new(1181.76428, 369.242584, 3629.6897, -0.658884346, -0.00114824821, 0.752246201, -0.000885321293, 1.0000037, 0.000751008571, -0.752247334, -0.000171221109, -0.658886433)
Part1164.Orientation = Vector3.new(-0.03999999910593033, 131.2100067138672, -0.05000000074505806)
Part1164.Position = Vector3.new(1181.7642822265625, 369.2425842285156, 3629.689697265625)
Part1164.Rotation = Vector3.new(-179.92999267578125, 48.790000915527344, 179.89999389648438)
Part1164.Transparency = 0.05000000074505806
Part1164.Size = Vector3.new(8.250000953674316, 0.2499980926513672, 7)
Part1164.Anchored = true
Part1164.CanCollide = false
Part1164.Material = Enum.Material.Fabric
SpecialMesh1165.Name = "TopTreeMesh"
SpecialMesh1165.Parent = Part1164
SpecialMesh1165.MeshId = "rbxassetid://623621456"
SpecialMesh1165.Offset = Vector3.new(0, 3.4100000858306885, 0)
SpecialMesh1165.Scale = Vector3.new(1.600000023841858, 1.600000023841858, 1.600000023841858)
SpecialMesh1165.TextureId = "rbxassetid://745556120"
SpecialMesh1165.MeshType = Enum.MeshType.FileMesh
Model1166.Name = "茂み"
Model1166.Parent = Folder0
Part1167.Name = "TreeMesh Bottom"
Part1167.Parent = Model1166
Part1167.CFrame = CFrame.new(1395.22046, 339.288361, 3749.36499, -0.837375879, -0.000947397959, 0.546630323, -0.000791638682, 1.00000381, 0.000520459667, -0.546631694, 3.0142719e-06, -0.837377608)
Part1167.Orientation = Vector3.new(-0.029999999329447746, 146.86000061035156, -0.05000000074505806)
Part1167.Position = Vector3.new(1395.220458984375, 339.2883605957031, 3749.364990234375)
Part1167.Rotation = Vector3.new(-179.9600067138672, 33.13999938964844, 179.94000244140625)
Part1167.Size = Vector3.new(8.250000953674316, 0.2499980926513672, 7)
Part1167.Anchored = true
Part1167.CanCollide = false
Part1167.Material = Enum.Material.Fabric
SpecialMesh1168.Name = "BarkMesh"
SpecialMesh1168.Parent = Part1167
SpecialMesh1168.MeshId = "rbxassetid://623621260"
SpecialMesh1168.Offset = Vector3.new(0, 3.4100000858306885, 0)
SpecialMesh1168.TextureId = "rbxassetid://623618671"
SpecialMesh1168.MeshType = Enum.MeshType.FileMesh
Part1169.Name = "TreeMeshTop"
Part1169.Parent = Model1166
Part1169.CFrame = CFrame.new(1395.19165, 369.428406, 3749.36548, -0.837375879, -0.000947397959, 0.546630323, -0.000791638682, 1.00000381, 0.000520459667, -0.546631694, 3.0142719e-06, -0.837377608)
Part1169.Orientation = Vector3.new(-0.029999999329447746, 146.86000061035156, -0.05000000074505806)
Part1169.Position = Vector3.new(1395.191650390625, 369.42840576171875, 3749.365478515625)
Part1169.Rotation = Vector3.new(-179.9600067138672, 33.13999938964844, 179.94000244140625)
Part1169.Transparency = 0.05000000074505806
Part1169.Size = Vector3.new(8.250000953674316, 0.2499980926513672, 7)
Part1169.Anchored = true
Part1169.CanCollide = false
Part1169.Material = Enum.Material.Fabric
SpecialMesh1170.Name = "TopTreeMesh"
SpecialMesh1170.Parent = Part1169
SpecialMesh1170.MeshId = "rbxassetid://623621456"
SpecialMesh1170.Offset = Vector3.new(0, 3.4100000858306885, 0)
SpecialMesh1170.Scale = Vector3.new(1.600000023841858, 1.600000023841858, 1.600000023841858)
SpecialMesh1170.TextureId = "rbxassetid://745556120"
SpecialMesh1170.MeshType = Enum.MeshType.FileMesh
Model1171.Name = "茂み"
Model1171.Parent = Folder0
Part1172.Name = "TreeMesh Bottom"
Part1172.Parent = Model1171
Part1172.CFrame = CFrame.new(1343.64624, 339.199219, 3706.99683, -0.546630144, -0.000414781622, -0.837376356, 0.000455754576, 1.00000381, -0.000792843872, 0.837377727, -0.00081510056, -0.5466308)
Part1172.Orientation = Vector3.new(0.05000000074505806, -123.13999938964844, 0.029999999329447746)
Part1172.Position = Vector3.new(1343.646240234375, 339.19921875, 3706.996826171875)
Part1172.Rotation = Vector3.new(179.9199981689453, -56.86000061035156, 179.9600067138672)
Part1172.Size = Vector3.new(8.250000953674316, 0.2499980926513672, 7)
Part1172.Anchored = true
Part1172.CanCollide = false
Part1172.Material = Enum.Material.Fabric
SpecialMesh1173.Name = "BarkMesh"
SpecialMesh1173.Parent = Part1172
SpecialMesh1173.MeshId = "rbxassetid://623621260"
SpecialMesh1173.Offset = Vector3.new(0, 3.4100000858306885, 0)
SpecialMesh1173.TextureId = "rbxassetid://623618671"
SpecialMesh1173.MeshType = Enum.MeshType.FileMesh
Part1174.Name = "TreeMeshTop"
Part1174.Parent = Model1171
Part1174.CFrame = CFrame.new(1343.63428, 369.339294, 3706.97192, -0.546630144, -0.000414781622, -0.837376356, 0.000455754576, 1.00000381, -0.000792843872, 0.837377727, -0.00081510056, -0.5466308)
Part1174.Orientation = Vector3.new(0.05000000074505806, -123.13999938964844, 0.029999999329447746)
Part1174.Position = Vector3.new(1343.63427734375, 369.33929443359375, 3706.971923828125)
Part1174.Rotation = Vector3.new(179.9199981689453, -56.86000061035156, 179.9600067138672)
Part1174.Transparency = 0.05000000074505806
Part1174.Size = Vector3.new(8.250000953674316, 0.2499980926513672, 7)
Part1174.Anchored = true
Part1174.CanCollide = false
Part1174.Material = Enum.Material.Fabric
SpecialMesh1175.Name = "TopTreeMesh"
SpecialMesh1175.Parent = Part1174
SpecialMesh1175.MeshId = "rbxassetid://623621456"
SpecialMesh1175.Offset = Vector3.new(0, 3.4100000858306885, 0)
SpecialMesh1175.Scale = Vector3.new(1.600000023841858, 1.600000023841858, 1.600000023841858)
SpecialMesh1175.TextureId = "rbxassetid://745556120"
SpecialMesh1175.MeshType = Enum.MeshType.FileMesh
Model1176.Name = "茂み"
Model1176.Parent = Folder0
Part1177.Name = "TreeMesh Bottom"
Part1177.Parent = Model1176
Part1177.CFrame = CFrame.new(1268.89062, 339.72345, 3659.59839, 0.837375879, -0.000413544127, -0.546630979, 0.000791638682, 1.00000381, 0.000456170616, 0.546631694, -0.000814790546, 0.83737725)
Part1177.Orientation = Vector3.new(-0.029999999329447746, -33.13999938964844, 0.05000000074505806)
Part1177.Position = Vector3.new(1268.890625, 339.72344970703125, 3659.598388671875)
Part1177.Rotation = Vector3.new(-0.029999999329447746, -33.13999938964844, 0.029999999329447746)
Part1177.Size = Vector3.new(8.250000953674316, 0.2499980926513672, 7)
Part1177.Anchored = true
Part1177.CanCollide = false
Part1177.Material = Enum.Material.Fabric
SpecialMesh1178.Name = "BarkMesh"
SpecialMesh1178.Parent = Part1177
SpecialMesh1178.MeshId = "rbxassetid://623621260"
SpecialMesh1178.Offset = Vector3.new(0, 3.4100000858306885, 0)
SpecialMesh1178.TextureId = "rbxassetid://623618671"
SpecialMesh1178.MeshType = Enum.MeshType.FileMesh
Part1179.Name = "TreeMeshTop"
Part1179.Parent = Model1176
Part1179.CFrame = CFrame.new(1268.87842, 369.863678, 3659.57251, 0.837375879, -0.000413544127, -0.546630979, 0.000791638682, 1.00000381, 0.000456170616, 0.546631694, -0.000814790546, 0.83737725)
Part1179.Orientation = Vector3.new(-0.029999999329447746, -33.13999938964844, 0.05000000074505806)
Part1179.Position = Vector3.new(1268.87841796875, 369.8636779785156, 3659.572509765625)
Part1179.Rotation = Vector3.new(-0.029999999329447746, -33.13999938964844, 0.029999999329447746)
Part1179.Transparency = 0.05000000074505806
Part1179.Size = Vector3.new(8.250000953674316, 0.2499980926513672, 7)
Part1179.Anchored = true
Part1179.CanCollide = false
Part1179.Material = Enum.Material.Fabric
SpecialMesh1180.Name = "TopTreeMesh"
SpecialMesh1180.Parent = Part1179
SpecialMesh1180.MeshId = "rbxassetid://623621456"
SpecialMesh1180.Offset = Vector3.new(0, 3.4100000858306885, 0)
SpecialMesh1180.Scale = Vector3.new(1.600000023841858, 1.600000023841858, 1.600000023841858)
SpecialMesh1180.TextureId = "rbxassetid://745556120"
SpecialMesh1180.MeshType = Enum.MeshType.FileMesh
Model1181.Name = "茂み"
Model1181.Parent = Folder0
Part1182.Name = "TreeMesh Bottom"
Part1182.Parent = Model1181
Part1182.CFrame = CFrame.new(1306.30591, 339.748688, 3671.52124, -0.546630144, -0.000413864385, -0.837376356, 0.000455754576, 1.00000381, -0.00079174852, 0.837377727, -0.000814501778, -0.5466308)
Part1182.Orientation = Vector3.new(0.05000000074505806, -123.13999938964844, 0.029999999329447746)
Part1182.Position = Vector3.new(1306.305908203125, 339.7486877441406, 3671.521240234375)
Part1182.Rotation = Vector3.new(179.9199981689453, -56.86000061035156, 179.9600067138672)
Part1182.Size = Vector3.new(8.250000953674316, 0.2499980926513672, 7)
Part1182.Anchored = true
Part1182.CanCollide = false
Part1182.Material = Enum.Material.Fabric
SpecialMesh1183.Name = "BarkMesh"
SpecialMesh1183.Parent = Part1182
SpecialMesh1183.MeshId = "rbxassetid://623621260"
SpecialMesh1183.Offset = Vector3.new(0, 3.4100000858306885, 0)
SpecialMesh1183.TextureId = "rbxassetid://623618671"
SpecialMesh1183.MeshType = Enum.MeshType.FileMesh
Part1184.Name = "TreeMeshTop"
Part1184.Parent = Model1181
Part1184.CFrame = CFrame.new(1306.2937, 369.888763, 3671.49634, -0.546630144, -0.000413864385, -0.837376356, 0.000455754576, 1.00000381, -0.00079174852, 0.837377727, -0.000814501778, -0.5466308)
Part1184.Orientation = Vector3.new(0.05000000074505806, -123.13999938964844, 0.029999999329447746)
Part1184.Position = Vector3.new(1306.293701171875, 369.8887634277344, 3671.496337890625)
Part1184.Rotation = Vector3.new(179.9199981689453, -56.86000061035156, 179.9600067138672)
Part1184.Transparency = 0.05000000074505806
Part1184.Size = Vector3.new(8.250000953674316, 0.2499980926513672, 7)
Part1184.Anchored = true
Part1184.CanCollide = false
Part1184.Material = Enum.Material.Fabric
SpecialMesh1185.Name = "TopTreeMesh"
SpecialMesh1185.Parent = Part1184
SpecialMesh1185.MeshId = "rbxassetid://623621456"
SpecialMesh1185.Offset = Vector3.new(0, 3.4100000858306885, 0)
SpecialMesh1185.Scale = Vector3.new(1.600000023841858, 1.600000023841858, 1.600000023841858)
SpecialMesh1185.TextureId = "rbxassetid://745556120"
SpecialMesh1185.MeshType = Enum.MeshType.FileMesh
Model1186.Name = "茂み"
Model1186.Parent = Folder0
Part1187.Name = "TreeMesh Bottom"
Part1187.Parent = Model1186
Part1187.CFrame = CFrame.new(1143.56543, 339.00882, 3574.98511, -0.75224632, -0.000414692506, -0.658885062, 0.000225205789, 1.00000393, -0.000886526715, 0.658886671, -0.000815339095, -0.752246559)
Part1187.Orientation = Vector3.new(0.05000000074505806, -138.7899932861328, 0.009999999776482582)
Part1187.Position = Vector3.new(1143.5654296875, 339.0088195800781, 3574.985107421875)
Part1187.Rotation = Vector3.new(179.92999267578125, -41.209999084472656, 179.97000122070312)
Part1187.Size = Vector3.new(8.250000953674316, 0.2499980926513672, 7)
Part1187.Anchored = true
Part1187.CanCollide = false
Part1187.Material = Enum.Material.Fabric
SpecialMesh1188.Name = "BarkMesh"
SpecialMesh1188.Parent = Part1187
SpecialMesh1188.MeshId = "rbxassetid://623621260"
SpecialMesh1188.Offset = Vector3.new(0, 3.4100000858306885, 0)
SpecialMesh1188.TextureId = "rbxassetid://623618671"
SpecialMesh1188.MeshType = Enum.MeshType.FileMesh
Part1189.Name = "TreeMeshTop"
Part1189.Parent = Model1186
Part1189.CFrame = CFrame.new(1143.55347, 369.148926, 3574.96045, -0.75224632, -0.000414692506, -0.658885062, 0.000225205789, 1.00000393, -0.000886526715, 0.658886671, -0.000815339095, -0.752246559)
Part1189.Orientation = Vector3.new(0.05000000074505806, -138.7899932861328, 0.009999999776482582)
Part1189.Position = Vector3.new(1143.553466796875, 369.14892578125, 3574.96044921875)
Part1189.Rotation = Vector3.new(179.92999267578125, -41.209999084472656, 179.97000122070312)
Part1189.Transparency = 0.05000000074505806
Part1189.Size = Vector3.new(8.250000953674316, 0.2499980926513672, 7)
Part1189.Anchored = true
Part1189.CanCollide = false
Part1189.Material = Enum.Material.Fabric
SpecialMesh1190.Name = "TopTreeMesh"
SpecialMesh1190.Parent = Part1189
SpecialMesh1190.MeshId = "rbxassetid://623621456"
SpecialMesh1190.Offset = Vector3.new(0, 3.4100000858306885, 0)
SpecialMesh1190.Scale = Vector3.new(1.600000023841858, 1.600000023841858, 1.600000023841858)
SpecialMesh1190.TextureId = "rbxassetid://745556120"
SpecialMesh1190.MeshType = Enum.MeshType.FileMesh
Model1191.Name = "茂み"
Model1191.Parent = Folder0
Part1192.Name = "TreeMesh Bottom"
Part1192.Parent = Model1191
Part1192.CFrame = CFrame.new(1203.27441, 339.063934, 3612.24829, -0.75224632, -0.000413970789, -0.658885062, 0.000225205789, 1.00000393, -0.000885431364, 0.658886671, -0.000814515108, -0.752246559)
Part1192.Orientation = Vector3.new(0.05000000074505806, -138.7899932861328, 0.009999999776482582)
Part1192.Position = Vector3.new(1203.2744140625, 339.0639343261719, 3612.248291015625)
Part1192.Rotation = Vector3.new(179.92999267578125, -41.209999084472656, 179.97000122070312)
Part1192.Size = Vector3.new(8.250000953674316, 0.2499980926513672, 7)
Part1192.Anchored = true
Part1192.CanCollide = false
Part1192.Material = Enum.Material.Fabric
SpecialMesh1193.Name = "BarkMesh"
SpecialMesh1193.Parent = Part1192
SpecialMesh1193.MeshId = "rbxassetid://623621260"
SpecialMesh1193.Offset = Vector3.new(0, 3.4100000858306885, 0)
SpecialMesh1193.TextureId = "rbxassetid://623618671"
SpecialMesh1193.MeshType = Enum.MeshType.FileMesh
Part1194.Name = "TreeMeshTop"
Part1194.Parent = Model1191
Part1194.CFrame = CFrame.new(1203.26221, 369.204041, 3612.22363, -0.75224632, -0.000413970789, -0.658885062, 0.000225205789, 1.00000393, -0.000885431364, 0.658886671, -0.000814515108, -0.752246559)
Part1194.Orientation = Vector3.new(0.05000000074505806, -138.7899932861328, 0.009999999776482582)
Part1194.Position = Vector3.new(1203.26220703125, 369.20404052734375, 3612.2236328125)
Part1194.Rotation = Vector3.new(179.92999267578125, -41.209999084472656, 179.97000122070312)
Part1194.Transparency = 0.05000000074505806
Part1194.Size = Vector3.new(8.250000953674316, 0.2499980926513672, 7)
Part1194.Anchored = true
Part1194.CanCollide = false
Part1194.Material = Enum.Material.Fabric
SpecialMesh1195.Name = "TopTreeMesh"
SpecialMesh1195.Parent = Part1194
SpecialMesh1195.MeshId = "rbxassetid://623621456"
SpecialMesh1195.Offset = Vector3.new(0, 3.4100000858306885, 0)
SpecialMesh1195.Scale = Vector3.new(1.600000023841858, 1.600000023841858, 1.600000023841858)
SpecialMesh1195.TextureId = "rbxassetid://745556120"
SpecialMesh1195.MeshType = Enum.MeshType.FileMesh
Model1196.Name = "茂み"
Model1196.Parent = Folder0
Part1197.Name = "TreeMesh Bottom"
Part1197.Parent = Model1196
Part1197.CFrame = CFrame.new(1411.1936, 339.243317, 3726.77271, -0.546630144, -0.000413864385, -0.837376356, 0.000455754576, 1.00000381, -0.00079174852, 0.837377727, -0.000814501778, -0.5466308)
Part1197.Orientation = Vector3.new(0.05000000074505806, -123.13999938964844, 0.029999999329447746)
Part1197.Position = Vector3.new(1411.193603515625, 339.2433166503906, 3726.772705078125)
Part1197.Rotation = Vector3.new(179.9199981689453, -56.86000061035156, 179.9600067138672)
Part1197.Size = Vector3.new(8.250000953674316, 0.2499980926513672, 7)
Part1197.Anchored = true
Part1197.CanCollide = false
Part1197.Material = Enum.Material.Fabric
SpecialMesh1198.Name = "BarkMesh"
SpecialMesh1198.Parent = Part1197
SpecialMesh1198.MeshId = "rbxassetid://623621260"
SpecialMesh1198.Offset = Vector3.new(0, 3.4100000858306885, 0)
SpecialMesh1198.TextureId = "rbxassetid://623618671"
SpecialMesh1198.MeshType = Enum.MeshType.FileMesh
Part1199.Name = "TreeMeshTop"
Part1199.Parent = Model1196
Part1199.CFrame = CFrame.new(1411.1814, 369.383392, 3726.7478, -0.546630144, -0.000413864385, -0.837376356, 0.000455754576, 1.00000381, -0.00079174852, 0.837377727, -0.000814501778, -0.5466308)
Part1199.Orientation = Vector3.new(0.05000000074505806, -123.13999938964844, 0.029999999329447746)
Part1199.Position = Vector3.new(1411.181396484375, 369.3833923339844, 3726.747802734375)
Part1199.Rotation = Vector3.new(179.9199981689453, -56.86000061035156, 179.9600067138672)
Part1199.Transparency = 0.05000000074505806
Part1199.Size = Vector3.new(8.250000953674316, 0.2499980926513672, 7)
Part1199.Anchored = true
Part1199.CanCollide = false
Part1199.Material = Enum.Material.Fabric
SpecialMesh1200.Name = "TopTreeMesh"
SpecialMesh1200.Parent = Part1199
SpecialMesh1200.MeshId = "rbxassetid://623621456"
SpecialMesh1200.Offset = Vector3.new(0, 3.4100000858306885, 0)
SpecialMesh1200.Scale = Vector3.new(1.600000023841858, 1.600000023841858, 1.600000023841858)
SpecialMesh1200.TextureId = "rbxassetid://745556120"
SpecialMesh1200.MeshType = Enum.MeshType.FileMesh
Model1201.Name = "茂み"
Model1201.Parent = Folder0
Part1202.Name = "TreeMesh Bottom"
Part1202.Parent = Model1201
Part1202.CFrame = CFrame.new(1117.17847, 339.555695, 3530.75195, -0.75224632, -0.000413970789, -0.658885062, 0.000225205789, 1.00000393, -0.000885431364, 0.658886671, -0.000814515108, -0.752246559)
Part1202.Orientation = Vector3.new(0.05000000074505806, -138.7899932861328, 0.009999999776482582)
Part1202.Position = Vector3.new(1117.178466796875, 339.5556945800781, 3530.751953125)
Part1202.Rotation = Vector3.new(179.92999267578125, -41.209999084472656, 179.97000122070312)
Part1202.Size = Vector3.new(8.250000953674316, 0.2499980926513672, 7)
Part1202.Anchored = true
Part1202.CanCollide = false
Part1202.Material = Enum.Material.Fabric
SpecialMesh1203.Name = "BarkMesh"
SpecialMesh1203.Parent = Part1202
SpecialMesh1203.MeshId = "rbxassetid://623621260"
SpecialMesh1203.Offset = Vector3.new(0, 3.4100000858306885, 0)
SpecialMesh1203.TextureId = "rbxassetid://623618671"
SpecialMesh1203.MeshType = Enum.MeshType.FileMesh
Part1204.Name = "TreeMeshTop"
Part1204.Parent = Model1201
Part1204.CFrame = CFrame.new(1117.16626, 369.695801, 3530.72729, -0.75224632, -0.000413970789, -0.658885062, 0.000225205789, 1.00000393, -0.000885431364, 0.658886671, -0.000814515108, -0.752246559)
Part1204.Orientation = Vector3.new(0.05000000074505806, -138.7899932861328, 0.009999999776482582)
Part1204.Position = Vector3.new(1117.166259765625, 369.69580078125, 3530.727294921875)
Part1204.Rotation = Vector3.new(179.92999267578125, -41.209999084472656, 179.97000122070312)
Part1204.Transparency = 0.05000000074505806
Part1204.Size = Vector3.new(8.250000953674316, 0.2499980926513672, 7)
Part1204.Anchored = true
Part1204.CanCollide = false
Part1204.Material = Enum.Material.Fabric
SpecialMesh1205.Name = "TopTreeMesh"
SpecialMesh1205.Parent = Part1204
SpecialMesh1205.MeshId = "rbxassetid://623621456"
SpecialMesh1205.Offset = Vector3.new(0, 3.4100000858306885, 0)
SpecialMesh1205.Scale = Vector3.new(1.600000023841858, 1.600000023841858, 1.600000023841858)
SpecialMesh1205.TextureId = "rbxassetid://745556120"
SpecialMesh1205.MeshType = Enum.MeshType.FileMesh
Model1206.Name = "茂み"
Model1206.Parent = Folder0
Part1207.Name = "TreeMesh Bottom"
Part1207.Parent = Model1206
Part1207.CFrame = CFrame.new(1084.36621, 339.524536, 3509.17871, 0.658884346, -0.000413584494, -0.752246976, 0.000885321293, 1.00000393, 0.000225621712, 0.752247334, -0.000814706786, 0.658886015)
Part1207.Orientation = Vector3.new(-0.009999999776482582, -48.790000915527344, 0.05000000074505806)
Part1207.Position = Vector3.new(1084.3662109375, 339.5245361328125, 3509.1787109375)
Part1207.Rotation = Vector3.new(-0.019999999552965164, -48.790000915527344, 0.03999999910593033)
Part1207.Size = Vector3.new(8.250000953674316, 0.2499980926513672, 7)
Part1207.Anchored = true
Part1207.CanCollide = false
Part1207.Material = Enum.Material.Fabric
SpecialMesh1208.Name = "BarkMesh"
SpecialMesh1208.Parent = Part1207
SpecialMesh1208.MeshId = "rbxassetid://623621260"
SpecialMesh1208.Offset = Vector3.new(0, 3.4100000858306885, 0)
SpecialMesh1208.TextureId = "rbxassetid://623618671"
SpecialMesh1208.MeshType = Enum.MeshType.FileMesh
Part1209.Name = "TreeMeshTop"
Part1209.Parent = Model1206
Part1209.CFrame = CFrame.new(1084.35449, 369.664795, 3509.15308, 0.658884346, -0.000413584494, -0.752246976, 0.000885321293, 1.00000393, 0.000225621712, 0.752247334, -0.000814706786, 0.658886015)
Part1209.Orientation = Vector3.new(-0.009999999776482582, -48.790000915527344, 0.05000000074505806)
Part1209.Position = Vector3.new(1084.3544921875, 369.664794921875, 3509.153076171875)
Part1209.Rotation = Vector3.new(-0.019999999552965164, -48.790000915527344, 0.03999999910593033)
Part1209.Transparency = 0.05000000074505806
Part1209.Size = Vector3.new(8.250000953674316, 0.2499980926513672, 7)
Part1209.Anchored = true
Part1209.CanCollide = false
Part1209.Material = Enum.Material.Fabric
SpecialMesh1210.Name = "TopTreeMesh"
SpecialMesh1210.Parent = Part1209
SpecialMesh1210.MeshId = "rbxassetid://623621456"
SpecialMesh1210.Offset = Vector3.new(0, 3.4100000858306885, 0)
SpecialMesh1210.Scale = Vector3.new(1.600000023841858, 1.600000023841858, 1.600000023841858)
SpecialMesh1210.TextureId = "rbxassetid://745556120"
SpecialMesh1210.MeshType = Enum.MeshType.FileMesh
Model1211.Name = "茂み"
Model1211.Parent = Folder0
Part1212.Name = "TreeMesh Bottom"
Part1212.Parent = Model1211
Part1212.CFrame = CFrame.new(1068.98022, 339.379791, 3455.46021, 0.0581899881, -0.000814882049, 0.99830544, 0.000460039621, 1.00000083, 0.000789449841, -0.998306096, 0.000413322065, 0.0581907332)
Part1212.Orientation = Vector3.new(-0.05000000074505806, 86.66000366210938, 0.029999999329447746)
Part1212.Position = Vector3.new(1068.980224609375, 339.3797912597656, 3455.460205078125)
Part1212.Rotation = Vector3.new(-0.7799999713897705, 86.66000366210938, 0.800000011920929)
Part1212.Size = Vector3.new(8.250000953674316, 0.2499980926513672, 7)
Part1212.Anchored = true
Part1212.CanCollide = false
Part1212.Material = Enum.Material.Fabric
SpecialMesh1213.Name = "BarkMesh"
SpecialMesh1213.Parent = Part1212
SpecialMesh1213.MeshId = "rbxassetid://623621260"
SpecialMesh1213.Offset = Vector3.new(0, 3.4100000858306885, 0)
SpecialMesh1213.TextureId = "rbxassetid://623618671"
SpecialMesh1213.MeshType = Enum.MeshType.FileMesh
Part1214.Name = "TreeMeshTop"
Part1214.Parent = Model1211
Part1214.CFrame = CFrame.new(1068.95435, 369.520081, 3455.47266, 0.0581899881, -0.000814882049, 0.99830544, 0.000460039621, 1.00000083, 0.000789449841, -0.998306096, 0.000413322065, 0.0581907332)
Part1214.Orientation = Vector3.new(-0.05000000074505806, 86.66000366210938, 0.029999999329447746)
Part1214.Position = Vector3.new(1068.954345703125, 369.52008056640625, 3455.47265625)
Part1214.Rotation = Vector3.new(-0.7799999713897705, 86.66000366210938, 0.800000011920929)
Part1214.Transparency = 0.05000000074505806
Part1214.Size = Vector3.new(8.250000953674316, 0.2499980926513672, 7)
Part1214.Anchored = true
Part1214.CanCollide = false
Part1214.Material = Enum.Material.Fabric
SpecialMesh1215.Name = "TopTreeMesh"
SpecialMesh1215.Parent = Part1214
SpecialMesh1215.MeshId = "rbxassetid://623621456"
SpecialMesh1215.Offset = Vector3.new(0, 3.4100000858306885, 0)
SpecialMesh1215.Scale = Vector3.new(1.600000023841858, 1.600000023841858, 1.600000023841858)
SpecialMesh1215.TextureId = "rbxassetid://745556120"
SpecialMesh1215.MeshType = Enum.MeshType.FileMesh
Model1216.Name = "茂み"
Model1216.Parent = Folder0
Part1217.Name = "TreeMesh Bottom"
Part1217.Parent = Model1216
Part1217.CFrame = CFrame.new(1060.73169, 339.388947, 3417.06714, 0.998305619, -0.0008145225, -0.0581867993, 0.000789049722, 1.00000083, -0.000460748968, 0.0581874847, 0.000414056034, 0.998306215)
Part1217.Orientation = Vector3.new(0.029999999329447746, -3.3399999141693115, 0.05000000074505806)
Part1217.Position = Vector3.new(1060.731689453125, 339.3889465332031, 3417.067138671875)
Part1217.Rotation = Vector3.new(0.029999999329447746, -3.3399999141693115, 0.05000000074505806)
Part1217.Size = Vector3.new(8.250000953674316, 0.2499980926513672, 7)
Part1217.Anchored = true
Part1217.CanCollide = false
Part1217.Material = Enum.Material.Fabric
SpecialMesh1218.Name = "BarkMesh"
SpecialMesh1218.Parent = Part1217
SpecialMesh1218.MeshId = "rbxassetid://623621260"
SpecialMesh1218.Offset = Vector3.new(0, 3.4100000858306885, 0)
SpecialMesh1218.TextureId = "rbxassetid://623618671"
SpecialMesh1218.MeshType = Enum.MeshType.FileMesh
Part1219.Name = "TreeMeshTop"
Part1219.Parent = Model1216
Part1219.CFrame = CFrame.new(1060.70679, 369.529053, 3417.07959, 0.998305619, -0.0008145225, -0.0581867993, 0.000789049722, 1.00000083, -0.000460748968, 0.0581874847, 0.000414056034, 0.998306215)
Part1219.Orientation = Vector3.new(0.029999999329447746, -3.3399999141693115, 0.05000000074505806)
Part1219.Position = Vector3.new(1060.706787109375, 369.529052734375, 3417.07958984375)
Part1219.Rotation = Vector3.new(0.029999999329447746, -3.3399999141693115, 0.05000000074505806)
Part1219.Transparency = 0.05000000074505806
Part1219.Size = Vector3.new(8.250000953674316, 0.2499980926513672, 7)
Part1219.Anchored = true
Part1219.CanCollide = false
Part1219.Material = Enum.Material.Fabric
SpecialMesh1220.Name = "TopTreeMesh"
SpecialMesh1220.Parent = Part1219
SpecialMesh1220.MeshId = "rbxassetid://623621456"
SpecialMesh1220.Offset = Vector3.new(0, 3.4100000858306885, 0)
SpecialMesh1220.Scale = Vector3.new(1.600000023841858, 1.600000023841858, 1.600000023841858)
SpecialMesh1220.TextureId = "rbxassetid://745556120"
SpecialMesh1220.MeshType = Enum.MeshType.FileMesh
Model1221.Name = "茂み"
Model1221.Parent = Folder0
Part1222.Name = "TreeMesh Bottom"
Part1222.Parent = Model1221
Part1222.CFrame = CFrame.new(1092.99866, 339.476135, 3269.87378, 0.535154402, -0.000814620173, 0.844755054, 0.000785164884, 1.00000453, 0.000466923462, -0.844756365, 0.000413396978, 0.535155952)
Part1222.Orientation = Vector3.new(-0.029999999329447746, 57.650001525878906, 0.03999999910593033)
Part1222.Position = Vector3.new(1092.9986572265625, 339.47613525390625, 3269.873779296875)
Part1222.Rotation = Vector3.new(-0.05000000074505806, 57.650001525878906, 0.09000000357627869)
Part1222.Size = Vector3.new(8.250000953674316, 0.2499980926513672, 7)
Part1222.Anchored = true
Part1222.CanCollide = false
Part1222.Material = Enum.Material.Fabric
SpecialMesh1223.Name = "BarkMesh"
SpecialMesh1223.Parent = Part1222
SpecialMesh1223.MeshId = "rbxassetid://623621260"
SpecialMesh1223.Offset = Vector3.new(0, 3.4100000858306885, 0)
SpecialMesh1223.TextureId = "rbxassetid://623618671"
SpecialMesh1223.MeshType = Enum.MeshType.FileMesh
Part1224.Name = "TreeMeshTop"
Part1224.Parent = Model1221
Part1224.CFrame = CFrame.new(1092.97302, 369.616516, 3269.8855, 0.535154402, -0.000814620173, 0.844755054, 0.000785164884, 1.00000453, 0.000466923462, -0.844756365, 0.000413396978, 0.535155952)
Part1224.Orientation = Vector3.new(-0.029999999329447746, 57.650001525878906, 0.03999999910593033)
Part1224.Position = Vector3.new(1092.9730224609375, 369.61651611328125, 3269.885498046875)
Part1224.Rotation = Vector3.new(-0.05000000074505806, 57.650001525878906, 0.09000000357627869)
Part1224.Transparency = 0.05000000074505806
Part1224.Size = Vector3.new(8.250000953674316, 0.2499980926513672, 7)
Part1224.Anchored = true
Part1224.CanCollide = false
Part1224.Material = Enum.Material.Fabric
SpecialMesh1225.Name = "TopTreeMesh"
SpecialMesh1225.Parent = Part1224
SpecialMesh1225.MeshId = "rbxassetid://623621456"
SpecialMesh1225.Offset = Vector3.new(0, 3.4100000858306885, 0)
SpecialMesh1225.Scale = Vector3.new(1.600000023841858, 1.600000023841858, 1.600000023841858)
SpecialMesh1225.TextureId = "rbxassetid://745556120"
SpecialMesh1225.MeshType = Enum.MeshType.FileMesh
Model1226.Name = "茂み"
Model1226.Parent = Folder0
Part1227.Name = "TreeMesh Bottom"
Part1227.Parent = Model1226
Part1227.CFrame = CFrame.new(928.437927, 336.681793, 3163.34595, -0.44769609, 5.85279049e-05, -0.89418596, -0.0007343631, 1.00000107, 0.000433131761, 0.894186437, 0.000850568525, -0.447695792)
Part1227.Orientation = Vector3.new(-0.019999999552965164, -116.5999984741211, -0.03999999910593033)
Part1227.Position = Vector3.new(928.4379272460938, 336.6817932128906, 3163.345947265625)
Part1227.Rotation = Vector3.new(-179.94000244140625, -63.400001525878906, -179.99000549316406)
Part1227.Size = Vector3.new(8.611300468444824, 0.26094648241996765, 7.306557655334473)
Part1227.Anchored = true
Part1227.CanCollide = false
Part1227.Material = Enum.Material.Fabric
SpecialMesh1228.Name = "BarkMesh"
SpecialMesh1228.Parent = Part1227
SpecialMesh1228.MeshId = "rbxassetid://623621260"
SpecialMesh1228.Offset = Vector3.new(0, 3.5593373775482178, 0)
SpecialMesh1228.Scale = Vector3.new(1.0437939167022705, 1.0437939167022705, 1.0437939167022705)
SpecialMesh1228.TextureId = "rbxassetid://623618671"
SpecialMesh1228.MeshType = Enum.MeshType.FileMesh
Part1229.Name = "TreeMeshTop"
Part1229.Parent = Model1226
Part1229.CFrame = CFrame.new(928.440247, 368.141876, 3163.37256, -0.44769609, 5.85279049e-05, -0.89418596, -0.0007343631, 1.00000107, 0.000433131761, 0.894186437, 0.000850568525, -0.447695792)
Part1229.Orientation = Vector3.new(-0.019999999552965164, -116.5999984741211, -0.03999999910593033)
Part1229.Position = Vector3.new(928.4402465820312, 368.1418762207031, 3163.37255859375)
Part1229.Rotation = Vector3.new(-179.94000244140625, -63.400001525878906, -179.99000549316406)
Part1229.Transparency = 0.05000000074505806
Part1229.Size = Vector3.new(8.611300468444824, 0.26094648241996765, 7.306557655334473)
Part1229.Anchored = true
Part1229.CanCollide = false
Part1229.Material = Enum.Material.Fabric
SpecialMesh1230.Name = "TopTreeMesh"
SpecialMesh1230.Parent = Part1229
SpecialMesh1230.MeshId = "rbxassetid://623621456"
SpecialMesh1230.Offset = Vector3.new(0, 3.5593373775482178, 0)
SpecialMesh1230.Scale = Vector3.new(1.6700702905654907, 1.6700702905654907, 1.6700702905654907)
SpecialMesh1230.TextureId = "rbxassetid://745556120"
SpecialMesh1230.MeshType = Enum.MeshType.FileMesh
Model1231.Name = "茂み"
Model1231.Parent = Folder0
Part1232.Name = "TreeMesh Bottom"
Part1232.Parent = Model1231
Part1232.CFrame = CFrame.new(949.900208, 337.295319, 3136.95386, 0.825254619, -0.000814457133, 0.564760268, 0.000905692345, 0.999999642, 0.000118687458, -0.564760149, 0.000413551694, 0.825255036)
Part1232.Orientation = Vector3.new(-0.009999999776482582, 34.38999938964844, 0.05000000074505806)
Part1232.Position = Vector3.new(949.9002075195312, 337.2953186035156, 3136.953857421875)
Part1232.Rotation = Vector3.new(-0.009999999776482582, 34.38999938964844, 0.05999999865889549)
Part1232.Size = Vector3.new(8.611300468444824, 0.26094648241996765, 7.306557655334473)
Part1232.Anchored = true
Part1232.CanCollide = false
Part1232.Material = Enum.Material.Fabric
SpecialMesh1233.Name = "BarkMesh"
SpecialMesh1233.Parent = Part1232
SpecialMesh1233.MeshId = "rbxassetid://623621260"
SpecialMesh1233.Offset = Vector3.new(0, 3.5593373775482178, 0)
SpecialMesh1233.Scale = Vector3.new(1.0437939167022705, 1.0437939167022705, 1.0437939167022705)
SpecialMesh1233.TextureId = "rbxassetid://623618671"
SpecialMesh1233.MeshType = Enum.MeshType.FileMesh
Part1234.Name = "TreeMeshTop"
Part1234.Parent = Model1231
Part1234.CFrame = CFrame.new(949.87384, 368.755646, 3136.96582, 0.825254619, -0.000814457133, 0.564760268, 0.000905692345, 0.999999642, 0.000118687458, -0.564760149, 0.000413551694, 0.825255036)
Part1234.Orientation = Vector3.new(-0.009999999776482582, 34.38999938964844, 0.05000000074505806)
Part1234.Position = Vector3.new(949.8738403320312, 368.7556457519531, 3136.9658203125)
Part1234.Rotation = Vector3.new(-0.009999999776482582, 34.38999938964844, 0.05999999865889549)
Part1234.Transparency = 0.05000000074505806
Part1234.Size = Vector3.new(8.611300468444824, 0.26094648241996765, 7.306557655334473)
Part1234.Anchored = true
Part1234.CanCollide = false
Part1234.Material = Enum.Material.Fabric
SpecialMesh1235.Name = "TopTreeMesh"
SpecialMesh1235.Parent = Part1234
SpecialMesh1235.MeshId = "rbxassetid://623621456"
SpecialMesh1235.Offset = Vector3.new(0, 3.5593373775482178, 0)
SpecialMesh1235.Scale = Vector3.new(1.6700702905654907, 1.6700702905654907, 1.6700702905654907)
SpecialMesh1235.TextureId = "rbxassetid://745556120"
SpecialMesh1235.MeshType = Enum.MeshType.FileMesh
Model1236.Name = "茂み"
Model1236.Parent = Folder0
Part1237.Name = "TreeMesh Bottom"
Part1237.Parent = Model1236
Part1237.CFrame = CFrame.new(990.848694, 355.488312, 3158.39282, 0.894187033, -0.000814631232, -0.447693229, 0.000543000177, 1.00000095, -0.000735073234, 0.447693586, 0.000414195936, 0.894187808)
Part1237.Orientation = Vector3.new(0.03999999910593033, -26.600000381469727, 0.029999999329447746)
Part1237.Position = Vector3.new(990.8486938476562, 355.4883117675781, 3158.392822265625)
Part1237.Rotation = Vector3.new(0.05000000074505806, -26.600000381469727, 0.05000000074505806)
Part1237.Size = Vector3.new(8.611300468444824, 0.26094648241996765, 7.306557655334473)
Part1237.Anchored = true
Part1237.CanCollide = false
Part1237.Material = Enum.Material.Fabric
SpecialMesh1238.Name = "BarkMesh"
SpecialMesh1238.Parent = Part1237
SpecialMesh1238.MeshId = "rbxassetid://623621260"
SpecialMesh1238.Offset = Vector3.new(0, 3.5593373775482178, 0)
SpecialMesh1238.Scale = Vector3.new(1.0437939167022705, 1.0437939167022705, 1.0437939167022705)
SpecialMesh1238.TextureId = "rbxassetid://623618671"
SpecialMesh1238.MeshType = Enum.MeshType.FileMesh
Part1239.Name = "TreeMeshTop"
Part1239.Parent = Model1236
Part1239.CFrame = CFrame.new(990.822876, 386.948395, 3158.40552, 0.894187033, -0.000814631232, -0.447693229, 0.000543000177, 1.00000095, -0.000735073234, 0.447693586, 0.000414195936, 0.894187808)
Part1239.Orientation = Vector3.new(0.03999999910593033, -26.600000381469727, 0.029999999329447746)
Part1239.Position = Vector3.new(990.8228759765625, 386.9483947753906, 3158.405517578125)
Part1239.Rotation = Vector3.new(0.05000000074505806, -26.600000381469727, 0.05000000074505806)
Part1239.Transparency = 0.05000000074505806
Part1239.Size = Vector3.new(8.611300468444824, 0.26094648241996765, 7.306557655334473)
Part1239.Anchored = true
Part1239.CanCollide = false
Part1239.Material = Enum.Material.Fabric
SpecialMesh1240.Name = "TopTreeMesh"
SpecialMesh1240.Parent = Part1239
SpecialMesh1240.MeshId = "rbxassetid://623621456"
SpecialMesh1240.Offset = Vector3.new(0, 3.5593373775482178, 0)
SpecialMesh1240.Scale = Vector3.new(1.6700702905654907, 1.6700702905654907, 1.6700702905654907)
SpecialMesh1240.TextureId = "rbxassetid://745556120"
SpecialMesh1240.MeshType = Enum.MeshType.FileMesh
Model1241.Name = "茂み"
Model1241.Parent = Folder0
Part1242.Name = "TreeMesh Bottom"
Part1242.Parent = Model1241
Part1242.CFrame = CFrame.new(1016.17603, 355.537903, 3172.27002, -0.44769609, 5.85279049e-05, -0.89418596, -0.0007343631, 1.00000107, 0.000433131761, 0.894186437, 0.000850568525, -0.447695792)
Part1242.Orientation = Vector3.new(-0.019999999552965164, -116.5999984741211, -0.03999999910593033)
Part1242.Position = Vector3.new(1016.176025390625, 355.53790283203125, 3172.27001953125)
Part1242.Rotation = Vector3.new(-179.94000244140625, -63.400001525878906, -179.99000549316406)
Part1242.Size = Vector3.new(8.611300468444824, 0.26094648241996765, 7.306557655334473)
Part1242.Anchored = true
Part1242.CanCollide = false
Part1242.Material = Enum.Material.Fabric
SpecialMesh1243.Name = "BarkMesh"
SpecialMesh1243.Parent = Part1242
SpecialMesh1243.MeshId = "rbxassetid://623621260"
SpecialMesh1243.Offset = Vector3.new(0, 3.5593373775482178, 0)
SpecialMesh1243.Scale = Vector3.new(1.0437939167022705, 1.0437939167022705, 1.0437939167022705)
SpecialMesh1243.TextureId = "rbxassetid://623618671"
SpecialMesh1243.MeshType = Enum.MeshType.FileMesh
Part1244.Name = "TreeMeshTop"
Part1244.Parent = Model1241
Part1244.CFrame = CFrame.new(1016.17834, 386.997986, 3172.29736, -0.44769609, 5.85279049e-05, -0.89418596, -0.0007343631, 1.00000107, 0.000433131761, 0.894186437, 0.000850568525, -0.447695792)
Part1244.Orientation = Vector3.new(-0.019999999552965164, -116.5999984741211, -0.03999999910593033)
Part1244.Position = Vector3.new(1016.1783447265625, 386.99798583984375, 3172.29736328125)
Part1244.Rotation = Vector3.new(-179.94000244140625, -63.400001525878906, -179.99000549316406)
Part1244.Transparency = 0.05000000074505806
Part1244.Size = Vector3.new(8.611300468444824, 0.26094648241996765, 7.306557655334473)
Part1244.Anchored = true
Part1244.CanCollide = false
Part1244.Material = Enum.Material.Fabric
SpecialMesh1245.Name = "TopTreeMesh"
SpecialMesh1245.Parent = Part1244
SpecialMesh1245.MeshId = "rbxassetid://623621456"
SpecialMesh1245.Offset = Vector3.new(0, 3.5593373775482178, 0)
SpecialMesh1245.Scale = Vector3.new(1.6700702905654907, 1.6700702905654907, 1.6700702905654907)
SpecialMesh1245.TextureId = "rbxassetid://745556120"
SpecialMesh1245.MeshType = Enum.MeshType.FileMesh
Model1246.Name = "茂み"
Model1246.Parent = Folder0
Part1247.Name = "TreeMesh Bottom"
Part1247.Parent = Model1246
Part1247.CFrame = CFrame.new(1037.63806, 356.151398, 3145.87842, 0.825254619, -0.000814457133, 0.564760268, 0.000905692345, 0.999999642, 0.000118687458, -0.564760149, 0.000413551694, 0.825255036)
Part1247.Orientation = Vector3.new(-0.009999999776482582, 34.38999938964844, 0.05000000074505806)
Part1247.Position = Vector3.new(1037.6380615234375, 356.1513977050781, 3145.87841796875)
Part1247.Rotation = Vector3.new(-0.009999999776482582, 34.38999938964844, 0.05999999865889549)
Part1247.Size = Vector3.new(8.611300468444824, 0.26094648241996765, 7.306557655334473)
Part1247.Anchored = true
Part1247.CanCollide = false
Part1247.Material = Enum.Material.Fabric
SpecialMesh1248.Name = "BarkMesh"
SpecialMesh1248.Parent = Part1247
SpecialMesh1248.MeshId = "rbxassetid://623621260"
SpecialMesh1248.Offset = Vector3.new(0, 3.5593373775482178, 0)
SpecialMesh1248.Scale = Vector3.new(1.0437939167022705, 1.0437939167022705, 1.0437939167022705)
SpecialMesh1248.TextureId = "rbxassetid://623618671"
SpecialMesh1248.MeshType = Enum.MeshType.FileMesh
Part1249.Name = "TreeMeshTop"
Part1249.Parent = Model1246
Part1249.CFrame = CFrame.new(1037.61182, 387.611786, 3145.89014, 0.825254619, -0.000814457133, 0.564760268, 0.000905692345, 0.999999642, 0.000118687458, -0.564760149, 0.000413551694, 0.825255036)
Part1249.Orientation = Vector3.new(-0.009999999776482582, 34.38999938964844, 0.05000000074505806)
Part1249.Position = Vector3.new(1037.61181640625, 387.6117858886719, 3145.89013671875)
Part1249.Rotation = Vector3.new(-0.009999999776482582, 34.38999938964844, 0.05999999865889549)
Part1249.Transparency = 0.05000000074505806
Part1249.Size = Vector3.new(8.611300468444824, 0.26094648241996765, 7.306557655334473)
Part1249.Anchored = true
Part1249.CanCollide = false
Part1249.Material = Enum.Material.Fabric
SpecialMesh1250.Name = "TopTreeMesh"
SpecialMesh1250.Parent = Part1249
SpecialMesh1250.MeshId = "rbxassetid://623621456"
SpecialMesh1250.Offset = Vector3.new(0, 3.5593373775482178, 0)
SpecialMesh1250.Scale = Vector3.new(1.6700702905654907, 1.6700702905654907, 1.6700702905654907)
SpecialMesh1250.TextureId = "rbxassetid://745556120"
SpecialMesh1250.MeshType = Enum.MeshType.FileMesh
Model1251.Name = "茂み"
Model1251.Parent = Folder0
Part1252.Name = "TreeMesh Bottom"
Part1252.Parent = Model1251
