Sound963.Name = "waterfall perfect loop"
Sound963.Parent = Part962
Sound963.Looped = true
Sound963.PlayOnRemove = true
Sound963.Playing = true
Sound963.SoundId = "rbxassetid://1989859039"
Model964.Name = "??"
Model964.Parent = Folder0
Part965.Name = "TreeMesh Bottom"
Part965.Parent = Model964
Part965.CFrame = CFrame.new(1928.10681, 209.254425, 2561.9707, -0.858435512, 0.022226328, -0.512443125, 0.0237691887, 0.999712348, 0.00354315573, 0.512373686, -0.00913876668, -0.858714938)
Part965.Orientation = Vector3.new(-0.20000000298023224, -149.1699981689453, 1.3600000143051147)
Part965.Position = Vector3.new(1928.1068115234375, 209.25442504882812, 2561.970703125)
Part965.Rotation = Vector3.new(-179.75999450683594, -30.829999923706055, -178.52000427246094)
Part965.Size = Vector3.new(8.250000953674316, 0.2499980926513672, 7)
Part965.Anchored = true
Part965.CanCollide = false
Part965.Material = Enum.Material.Fabric
SpecialMesh966.Name = "BarkMesh"
SpecialMesh966.Parent = Part965
SpecialMesh966.MeshId = "rbxassetid://623621260"
SpecialMesh966.Offset = Vector3.new(0, 3.4100000858306885, 0)
SpecialMesh966.TextureId = "rbxassetid://623618671"
SpecialMesh966.MeshType = Enum.MeshType.FileMesh
Part967.Name = "TreeMeshTop"
Part967.Parent = Model964
Part967.CFrame = CFrame.new(1928.77795, 239.38562, 2561.6958, -0.858435512, 0.022226328, -0.512443125, 0.0237691887, 0.999712348, 0.00354315573, 0.512373686, -0.00913876668, -0.858714938)
Part967.Orientation = Vector3.new(-0.20000000298023224, -149.1699981689453, 1.3600000143051147)
Part967.Position = Vector3.new(1928.7779541015625, 239.3856201171875, 2561.69580078125)
Part967.Rotation = Vector3.new(-179.75999450683594, -30.829999923706055, -178.52000427246094)
Part967.Transparency = 0.05000000074505806
Part967.Size = Vector3.new(8.250000953674316, 0.2499980926513672, 7)
Part967.Anchored = true
Part967.CanCollide = false
Part967.Material = Enum.Material.Fabric
SpecialMesh968.Name = "TopTreeMesh"
SpecialMesh968.Parent = Part967
SpecialMesh968.MeshId = "rbxassetid://623621456"
SpecialMesh968.Offset = Vector3.new(0, 3.4100000858306885, 0)
SpecialMesh968.Scale = Vector3.new(1.600000023841858, 1.600000023841858, 1.600000023841858)
SpecialMesh968.TextureId = "rbxassetid://745556120"
SpecialMesh968.MeshType = Enum.MeshType.FileMesh
Part969.Name = "Tree_Collision"
Part969.Parent = Model964
Part969.CFrame = CFrame.new(1927.11084, 222.36438, 2556.88574, -0.854744911, 0.0536964424, -0.516266763, 0.120325431, 0.988039374, -0.0964487642, 0.504912078, -0.144558817, -0.85098058)
Part969.Orientation = Vector3.new(5.53000020980835, -148.75999450683594, 6.940000057220459)
Part969.Position = Vector3.new(1927.11083984375, 222.3643798828125, 2556.8857421875)
Part969.Rotation = Vector3.new(173.52999877929688, -31.079999923706055, -176.41000366210938)
Part969.Transparency = 1
Part969.Size = Vector3.new(1.3500009775161743, 26.749998092651367, 1.5)
Part969.Anchored = true
Part969.Material = Enum.Material.Fabric
Part970.Name = "Tree_Collision"
Part970.Parent = Model964
Part970.CFrame = CFrame.new(1917.84155, 221.521149, 2552.01025, -0.848561943, -0.277645111, -0.45039916, -0.278972328, 0.958096445, -0.0650210828, 0.449577898, 0.0704744458, -0.890457392)
Part970.Orientation = Vector3.new(3.7300000190734863, -153.1699981689453, -16.229999542236328)
Part970.Position = Vector3.new(1917.841552734375, 221.52114868164062, 2552.01025390625)
Part970.Rotation = Vector3.new(175.82000732421875, -26.770000457763672, 161.8800048828125)
Part970.Transparency = 1
Part970.Size = Vector3.new(1.3500009775161743, 23.749998092651367, 1.5)
Part970.Anchored = true
Part970.Material = Enum.Material.Fabric
Part971.Name = "Tree_Collision"
Part971.Parent = Model964
Part971.CFrame = CFrame.new(1943.07434, 222.422821, 2550.95679, -0.853677154, 0.032424055, -0.519795477, 0.137550518, 0.976659298, -0.164981127, 0.502312899, -0.212338328, -0.838209748)
Part971.Orientation = Vector3.new(9.5, -148.1999969482422, 8.020000457763672)
Part971.Position = Vector3.new(1943.0743408203125, 222.42282104492188, 2550.956787109375)
Part971.Rotation = Vector3.new(168.8699951171875, -31.31999969482422, -177.82000732421875)
Part971.Transparency = 1
Part971.Size = Vector3.new(1.3500009775161743, 26.749998092651367, 1.5)
Part971.Anchored = true
Part971.Material = Enum.Material.Fabric
Part972.Name = "Tree_Collision"
Part972.Parent = Model964
Part972.CFrame = CFrame.new(1903.07031, 221.890747, 2589.09766, -0.859677792, 0.144809037, -0.489885688, 0.0126078194, 0.964703918, 0.26303941, 0.510684252, 0.219952196, -0.831158221)
Part972.Orientation = Vector3.new(-15.25, -149.47999572753906, 0.75)
Part972.Position = Vector3.new(1903.0703125, 221.8907470703125, 2589.09765625)
Part972.Rotation = Vector3.new(-162.44000244140625, -29.329999923706055, -170.44000244140625)
Part972.Transparency = 1
Part972.Size = Vector3.new(1.3500009775161743, 23.749998092651367, 1.5)
Part972.Anchored = true
Part972.Material = Enum.Material.Fabric
Part973.Name = "Tree_Collision"
Part973.Parent = Model964
Part973.CFrame = CFrame.new(1941.47351, 222.016235, 2568.70337, -0.820703983, 0.313025802, -0.477978319, 0.236598089, 0.947664142, 0.214374468, 0.520066917, 0.0628489479, -0.851810932)
Part973.Orientation = Vector3.new(-12.380000114440918, -150.6999969482422, 14.020000457763672)
Part973.Position = Vector3.new(1941.4735107421875, 222.0162353515625, 2568.703369140625)
Part973.Rotation = Vector3.new(-165.8699951171875, -28.549999237060547, -159.1199951171875)
Part973.Transparency = 1
Part973.Size = Vector3.new(1.3500009775161743, 26.749998092651367, 1.5)
Part973.Anchored = true
Part973.Material = Enum.Material.Fabric
Part974.Name = "Tree_Collision"
Part974.Parent = Model964
Part974.CFrame = CFrame.new(1925.1123, 220.884308, 2540.10693, -0.903501749, -0.0306413174, -0.427491665, 0.112227857, 0.945724189, -0.304979682, 0.413633645, -0.323525488, -0.85102284)
Part974.Orientation = Vector3.new(17.760000228881836, -153.3300018310547, 6.769999980926514)
Part974.Position = Vector3.new(1925.1123046875, 220.88430786132812, 2540.10693359375)
Part974.Rotation = Vector3.new(160.27999877929688, -25.309999465942383, 178.05999755859375)
Part974.Transparency = 1
Part974.Size = Vector3.new(1.3500009775161743, 22.749998092651367, 1.5)
Part974.Anchored = true
Part974.Material = Enum.Material.Fabric
Part975.Name = "Tree_Collision"
Part975.Parent = Model964
Part975.CFrame = CFrame.new(1903.52234, 222.499878, 2568.80835, -0.871747851, -0.101883955, -0.479248166, -0.138460219, 0.989499271, 0.041499082, 0.469986975, 0.10253337, -0.876698732)
Part975.Orientation = Vector3.new(-2.380000114440918, -151.33999633789062, -7.96999979019165)
Part975.Position = Vector3.new(1903.5223388671875, 222.4998779296875, 2568.808349609375)
Part975.Rotation = Vector3.new(-177.2899932861328, -28.639999389648438, 173.3300018310547)
Part975.Transparency = 1
Part975.Size = Vector3.new(1.3500009775161743, 23.749998092651367, 1.5)
Part975.Anchored = true
Part975.Material = Enum.Material.Fabric
Part976.Name = "Tree_Collision"
Part976.Parent = Model964
Part976.CFrame = CFrame.new(1888.60986, 220.822876, 2570.18774, -0.840001345, -0.200726748, -0.504093349, -0.142541096, 0.978059828, -0.151932105, 0.52352947, -0.0557689741, -0.850181341)
Part976.Orientation = Vector3.new(8.739999771118164, -149.33999633789062, -8.289999961853027)
Part976.Position = Vector3.new(1888.60986328125, 220.8228759765625, 2570.187744140625)
Part976.Rotation = Vector3.new(169.8699951171875, -30.270000457763672, 166.55999755859375)
Part976.Transparency = 1
Part976.Size = Vector3.new(1.3500009775161743, 20.749998092651367, 1.5)
Part976.Anchored = true
Part976.Material = Enum.Material.Fabric
Part977.Name = "Tree_Collision"
Part977.Parent = Model964
Part977.CFrame = CFrame.new(1962.01355, 220.000702, 2557.42358, -0.824050605, 0.209145084, -0.526500165, 0.290801108, 0.95373863, -0.0762868673, 0.486187696, -0.21597065, -0.846746504)
Part977.Orientation = Vector3.new(4.380000114440918, -148.1300048828125, 16.959999084472656)
Part977.Position = Vector3.new(1962.0135498046875, 220.00070190429688, 2557.423583984375)
Part977.Rotation = Vector3.new(174.85000610351562, -31.770000457763672, -165.75999450683594)
Part977.Transparency = 1
Part977.Size = Vector3.new(1.3500009775161743, 22.749998092651367, 1.5)
Part977.Anchored = true
Part977.Material = Enum.Material.Fabric
Part978.Name = "Tree_Collision"
Part978.Parent = Model964
Part978.CFrame = CFrame.new(1936.03394, 221.643799, 2580.93408, -0.87477237, 0.0634743422, -0.480362058, -0.103843525, 0.943788886, 0.313817173, 0.473278999, 0.324400425, -0.819007158)
Part978.Orientation = Vector3.new(-18.290000915527344, -149.61000061035156, -6.28000020980835)
Part978.Position = Vector3.new(1936.033935546875, 221.643798828125, 2580.93408203125)
Part978.Rotation = Vector3.new(-159.02999877929688, -28.709999084472656, -175.85000610351562)
Part978.Transparency = 1
Part978.Size = Vector3.new(1.3500009775161743, 23.749998092651367, 1.5)
Part978.Anchored = true
Part978.Material = Enum.Material.Fabric
Part979.Name = "Tree_Collision"
Part979.Parent = Model964
Part979.CFrame = CFrame.new(1923.63647, 221.412292, 2574.87305, -0.875886202, -0.0561199635, -0.479246736, -0.086483933, 0.99538964, 0.0415003337, 0.474707514, 0.0777965784, -0.876699388)
Part979.Orientation = Vector3.new(-2.380000114440918, -151.33999633789062, -4.96999979019165)
Part979.Position = Vector3.new(1923.636474609375, 221.41229248046875, 2574.873046875)
Part979.Rotation = Vector3.new(-177.2899932861328, -28.639999389648438, 176.3300018310547)
Part979.Transparency = 1
Part979.Size = Vector3.new(1.3500009775161743, 23.749998092651367, 1.5)
Part979.Anchored = true
Part979.Material = Enum.Material.Fabric
Part980.Name = "Tree_Collision"
Part980.Parent = Model964
Part980.CFrame = CFrame.new(1961.24207, 219.925751, 2541.40405, -0.845184326, 0.166770875, -0.507793605, 0.189201668, 0.981910288, 0.00756953657, 0.499869227, -0.0896776095, -0.8614465)
Part980.Orientation = Vector3.new(-0.4300000071525574, -149.47999572753906, 10.90999984741211)
Part980.Position = Vector3.new(1961.2420654296875, 219.92575073242188, 2541.404052734375)
Part980.Rotation = Vector3.new(-179.5, -30.520000457763672, -168.83999633789062)
Part980.Transparency = 1
Part980.Size = Vector3.new(1.3500009775161743, 22.749998092651367, 1.5)
Part980.Anchored = true
Part980.Material = Enum.Material.Fabric
Model981.Name = "??"
Model981.Parent = Folder0
Part982.Name = "TreeMesh Bottom"
Part982.Parent = Model981
Part982.CFrame = CFrame.new(2430.44067, 112.2547, 2345.21484, 0, 0, -1, 0, 1, 0, 1, 0, 0)
Part982.Orientation = Vector3.new(0, -90, 0)
Part982.Position = Vector3.new(2430.440673828125, 112.25469970703125, 2345.21484375)
Part982.Rotation = Vector3.new(0, -90, 0)
Part982.Size = Vector3.new(8.250000953674316, 0.2499980926513672, 7)
Part982.Anchored = true
Part982.CanCollide = false
Part982.Material = Enum.Material.Fabric
SpecialMesh983.Name = "BarkMesh"
SpecialMesh983.Parent = Part982
SpecialMesh983.MeshId = "rbxassetid://623621260"
SpecialMesh983.Offset = Vector3.new(0, 3.4100000858306885, 0)
SpecialMesh983.TextureId = "rbxassetid://623618671"
SpecialMesh983.MeshType = Enum.MeshType.FileMesh
Part984.Name = "TreeMeshTop"
Part984.Parent = Model981
Part984.CFrame = CFrame.new(2430.44116, 142.394562, 2345.21436, 0, 0, -1, 0, 1, 0, 1, 0, 0)
Part984.Orientation = Vector3.new(0, -90, 0)
Part984.Position = Vector3.new(2430.441162109375, 142.39456176757812, 2345.21435546875)
Part984.Rotation = Vector3.new(0, -90, 0)
Part984.Transparency = 0.05000000074505806
Part984.Size = Vector3.new(8.250000953674316, 0.2499980926513672, 7)
Part984.Anchored = true
Part984.CanCollide = false
Part984.Material = Enum.Material.Fabric
SpecialMesh985.Name = "TopTreeMesh"
SpecialMesh985.Parent = Part984
SpecialMesh985.MeshId = "rbxassetid://623621456"
SpecialMesh985.Offset = Vector3.new(0, 3.4100000858306885, 0)
SpecialMesh985.Scale = Vector3.new(1.600000023841858, 1.600000023841858, 1.600000023841858)
SpecialMesh985.TextureId = "rbxassetid://745556120"
SpecialMesh985.MeshType = Enum.MeshType.FileMesh
Part986.Name = "Tree_Collision"
Part986.Parent = Model981
Part986.CFrame = CFrame.new(2425.51709, 125.385193, 2343.77612, -0.0048569995, -0.100118957, -0.994963706, 0.0966779888, 0.990267456, -0.100118354, 0.995303869, -0.0966773555, 0.00486957096)
Part986.Orientation = Vector3.new(5.75, -89.72000122070312, 5.579999923706055)
Part986.Position = Vector3.new(2425.51708984375, 125.38519287109375, 2343.776123046875)
Part986.Rotation = Vector3.new(87.22000122070312, -84.25, 92.77999877929688)
Part986.Transparency = 1
Part986.Size = Vector3.new(1.3500009775161743, 26.749998092651367, 1.5)
Part986.Anchored = true
Part986.Material = Enum.Material.Fabric
Part987.Name = "Tree_Collision"
Part987.Parent = Model981
Part987.CFrame = CFrame.new(2416.5835, 124.380707, 2349.21509, -0.0477909707, -0.0851549804, -0.9952209, -0.301860809, 0.951003432, -0.0668760687, 0.952153385, 0.297222137, -0.0711543262)
Part987.Orientation = Vector3.new(3.8299999237060547, -94.08999633789062, -17.610000610351562)
Part987.Position = Vector3.new(2416.58349609375, 124.38070678710938, 2349.215087890625)
Part987.Rotation = Vector3.new(136.77999877929688, -84.4000015258789, 119.30000305175781)
Part987.Transparency = 1
Part987.Size = Vector3.new(1.3500009775161743, 23.749998092651367, 1.5)
Part987.Anchored = true
Part987.Material = Enum.Material.Fabric
Part988.Name = "Tree_Collision"
Part988.Parent = Model981
Part988.CFrame = CFrame.new(2428.60547, 125.85257, 2327.03638, -0.00660300022, -0.169184044, -0.985562444, 0.113945998, 0.979037166, -0.16882731, 0.993465006, -0.113415666, 0.0128132617)
Part988.Orientation = Vector3.new(9.720000267028809, -89.26000213623047, 6.639999866485596)
Part988.Position = Vector3.new(2428.60546875, 125.85256958007812, 2327.036376953125)
Part988.Rotation = Vector3.new(85.66000366210938, -80.25, 92.23999786376953)
Part988.Transparency = 1
Part988.Size = Vector3.new(1.3500009775161743, 26.749998092651367, 1.5)
Part988.Anchored = true
Part988.Material = Enum.Material.Fabric
Part989.Name = "Tree_Collision"
Part989.Parent = Model981
Part989.CFrame = CFrame.new(2440.86035, 124.082977, 2380.90649, -0.00204699906, 0.259663939, -0.965696871, -0.0111709945, 0.965632737, 0.259670377, 0.999935508, 0.0113193402, 0.000924055232)
Part989.Orientation = Vector3.new(-15.050000190734863, -89.94999694824219, -0.6600000262260437)
Part989.Position = Vector3.new(2440.8603515625, 124.08297729492188, 2380.906494140625)
Part989.Rotation = Vector3.new(-89.80000305175781, -74.94999694824219, -90.44999694824219)
Part989.Transparency = 1
Part989.Size = Vector3.new(1.3500009775161743, 23.749998092651367, 1.5)
Part989.Anchored = true
Part989.Material = Enum.Material.Fabric
Part990.Name = "Tree_Collision"
Part990.Parent = Model981
Part990.CFrame = CFrame.new(2443.02661, 125.248383, 2337.49316, 0.0251879916, 0.21101889, -0.977157354, 0.213534921, 0.953772545, 0.211473107, 0.976610661, -0.213983819, -0.021036284)
Part990.Orientation = Vector3.new(-12.210000038146973, -91.2300033569336, 12.619999885559082)
Part990.Position = Vector3.new(2443.026611328125, 125.24838256835938, 2337.4931640625)
Part990.Rotation = Vector3.new(-95.68000030517578, -77.7300033569336, -83.19000244140625)
Part990.Transparency = 1
Part990.Size = Vector3.new(1.3500009775161743, 26.749998092651367, 1.5)
Part990.Anchored = true
Part990.Material = Enum.Material.Fabric
Part991.Name = "Tree_Collision"
Part991.Parent = Model981
Part991.CFrame = CFrame.new(2410.08984, 124.014435, 2336.85962, -0.108195931, -0.29686898, -0.948768914, 0.0883329511, 0.947725713, -0.306615889, 0.99019742, -0.116982155, -0.0763167515)
Part991.Orientation = Vector3.new(17.860000610351562, -94.5999984741211, 5.320000171661377)
Part991.Position = Vector3.new(2410.08984375, 124.01443481445312, 2336.859619140625)
Part991.Rotation = Vector3.new(103.9800033569336, -71.58000183105469, 110.0199966430664)
Part991.Transparency = 1
Part991.Size = Vector3.new(1.3500009775161743, 22.749998092651367, 1.5)
Part991.Anchored = true
Part991.Material = Enum.Material.Fabric
Part992.Name = "Tree_Collision"
Part992.Parent = Model981
Part992.CFrame = CFrame.new(2423.66748, 124.887329, 2370.13794, -0.0426449962, 0.0323310196, -0.998567104, -0.162090987, 0.986010909, 0.0388467722, 0.98585391, 0.163515344, -0.0368078649)
Part992.Orientation = Vector3.new(-2.2300000190734863, -92.11000061035156, -9.34000015258789)
Part992.Position = Vector3.new(2423.66748046875, 124.8873291015625, 2370.137939453125)
Part992.Rotation = Vector3.new(-133.4600067138672, -86.93000030517578, -142.8300018310547)
Part992.Transparency = 1
Part992.Size = Vector3.new(1.3500009775161743, 23.749998092651367, 1.5)
Part992.Anchored = true
Part992.Material = Enum.Material.Fabric
Part993.Name = "Tree_Collision"
Part993.Parent = Model981
Part993.CFrame = CFrame.new(2417.21533, 122.86676, 2383.60571, 0.0196159836, -0.154215917, -0.9878425, -0.165954873, 0.973824322, -0.155322924, 0.985938191, 0.166984096, -0.00649036048)
Part993.Orientation = Vector3.new(8.9399995803833, -90.37999725341797, -9.670000076293945)
Part993.Position = Vector3.new(2417.21533203125, 122.86676025390625, 2383.605712890625)
Part993.Rotation = Vector3.new(92.38999938964844, -81.05999755859375, 82.75)
Part993.Transparency = 1
Part993.Size = Vector3.new(1.3500009775161743, 20.749998092651367, 1.5)
Part993.Anchored = true
Part993.Material = Enum.Material.Fabric
Part994.Name = "Tree_Collision"
Part994.Parent = Model981
Part994.CFrame = CFrame.new(2443.87256, 123.79306, 2314.03418, -0.00581200048, -0.0816620216, -0.996643126, 0.267958015, 0.960084319, -0.0802291036, 0.963413119, -0.267524809, 0.0163019821)
Part994.Orientation = Vector3.new(4.599999904632568, -89.05999755859375, 15.59000015258789)
Part994.Position = Vector3.new(2443.87255859375, 123.79306030273438, 2314.0341796875)
Part994.Rotation = Vector3.new(78.51000213623047, -85.30000305175781, 94.06999969482422)
Part994.Transparency = 1
Part994.Size = Vector3.new(1.3500009775161743, 22.749998092651367, 1.5)
Part994.Anchored = true
Part994.Material = Enum.Material.Fabric
Part995.Name = "Tree_Collision"
Part995.Parent = Model981
Part995.CFrame = CFrame.new(2450.74243, 124.643372, 2348.42114, -0.041489996, 0.307749838, -0.950562298, -0.127581984, 0.941961586, 0.310533941, 0.990959883, 0.134158686, 0.000181352181)
Part995.Orientation = Vector3.new(-18.09000015258789, -89.98999786376953, -7.710000038146973)
Part995.Position = Vector3.new(2450.742431640625, 124.64337158203125, 2348.421142578125)
Part995.Rotation = Vector3.new(-89.97000122070312, -71.91000366210938, -97.68000030517578)
Part995.Transparency = 1
Part995.Size = Vector3.new(1.3500009775161743, 23.749998092651367, 1.5)
Part995.Anchored = true
Part995.Material = Enum.Material.Fabric
Part996.Name = "Tree_Collision"
Part996.Parent = Model981
Part996.CFrame = CFrame.new(2439.18652, 124.191742, 2355.95239, -0.0408959724, 0.0345189683, -0.998566985, -0.110265933, 0.993142724, 0.0388473608, 0.99306041, 0.111696616, -0.0368092693)
Part996.Orientation = Vector3.new(-2.2300000190734863, -92.11000061035156, -6.340000152587891)
Part996.Position = Vector3.new(2439.1865234375, 124.19174194335938, 2355.952392578125)
Part996.Rotation = Vector3.new(-133.4600067138672, -86.93000030517578, -139.8300018310547)
Part996.Transparency = 1
Part996.Size = Vector3.new(1.3500009775161743, 23.749998092651367, 1.5)
Part996.Anchored = true
Part996.Material = Enum.Material.Fabric
Part997.Name = "Tree_Collision"
Part997.Parent = Model981
Part997.CFrame = CFrame.new(2429.72217, 123.847382, 2306.48657, -0.0045329961, 0.00497300131, -0.999977469, 0.165792868, 0.986151934, 0.00415268959, 0.986150146, -0.165770322, -0.00529471133)
Part997.Orientation = Vector3.new(-0.23999999463558197, -90.30000305175781, 9.539999961853027)
Part997.Position = Vector3.new(2429.72216796875, 123.84738159179688, 2306.486572265625)
Part997.Rotation = Vector3.new(-141.88999938964844, -89.62000274658203, -132.35000610351562)
Part997.Transparency = 1
Part997.Size = Vector3.new(1.3500009775161743, 22.749998092651367, 1.5)
Part997.Anchored = true
Part997.Material = Enum.Material.Fabric
Model998.Name = "??"
Model998.Parent = Folder0
Part999.Name = "TreeMesh Bottom"
Part999.Parent = Model998
Part999.CFrame = CFrame.new(2152.09326, 112.268372, 2520.61133, -0.956286788, -0.000285571878, 0.292432159, 1.39407392e-08, 1.00000024, 0.000976553303, -0.292432666, 0.000933861476, -0.956286013)
Part999.Orientation = Vector3.new(-0.05999999865889549, 163, 0)
Part999.Position = Vector3.new(2152.09326171875, 112.26837158203125, 2520.611328125)
Part999.Rotation = Vector3.new(-179.94000244140625, 17, 179.97999572753906)
Part999.Size = Vector3.new(8.250000953674316, 0.2499980926513672, 7)
Part999.Anchored = true
Part999.CanCollide = false
Part999.Material = Enum.Material.Fabric
SpecialMesh1000.Name = "BarkMesh"
SpecialMesh1000.Parent = Part999
SpecialMesh1000.MeshId = "rbxassetid://623621260"
SpecialMesh1000.Offset = Vector3.new(0, 3.4100000858306885, 0)
SpecialMesh1000.TextureId = "rbxassetid://623618671"
SpecialMesh1000.MeshType = Enum.MeshType.FileMesh
Part1001.Name = "TreeMeshTop"
Part1001.Parent = Model998
Part1001.CFrame = CFrame.new(2152.08521, 142.408234, 2520.64038, -0.956286788, -0.000285571878, 0.292432159, 1.39407392e-08, 1.00000024, 0.000976553303, -0.292432666, 0.000933861476, -0.956286013)
Part1001.Orientation = Vector3.new(-0.05999999865889549, 163, 0)
Part1001.Position = Vector3.new(2152.085205078125, 142.40823364257812, 2520.640380859375)
Part1001.Rotation = Vector3.new(-179.94000244140625, 17, 179.97999572753906)
Part1001.Transparency = 0.05000000074505806
Part1001.Size = Vector3.new(8.250000953674316, 0.2499980926513672, 7)
Part1001.Anchored = true
Part1001.CanCollide = false
Part1001.Material = Enum.Material.Fabric
SpecialMesh1002.Name = "TopTreeMesh"
SpecialMesh1002.Parent = Part1001
SpecialMesh1002.MeshId = "rbxassetid://623621456"
SpecialMesh1002.Offset = Vector3.new(0, 3.4100000858306885, 0)
SpecialMesh1002.Scale = Vector3.new(1.600000023841858, 1.600000023841858, 1.600000023841858)
SpecialMesh1002.TextureId = "rbxassetid://745556120"
SpecialMesh1002.MeshType = Enum.MeshType.FileMesh
Part1003.Name = "Tree_Collision"
Part1003.Parent = Model998
Part1003.CFrame = CFrame.new(2154.90552, 125.403656, 2516.33594, -0.950403273, 0.121446371, 0.286331624, 0.0966824368, 0.990365505, -0.0991472453, -0.295614183, -0.0665465146, -0.952987134)
Part1003.Orientation = Vector3.new(5.690000057220459, 163.27999877929688, 5.579999923706055)
Part1003.Position = Vector3.new(2154.905517578125, 125.40365600585938, 2516.3359375)
Part1003.Rotation = Vector3.new(174.05999755859375, 16.639999389648438, -172.72000122070312)
Part1003.Transparency = 1
Part1003.Size = Vector3.new(1.3500009775161743, 26.749998092651367, 1.5)
Part1003.Anchored = true
Part1003.Material = Enum.Material.Fabric
Part1004.Name = "Tree_Collision"
Part1004.Parent = Model998
Part1004.CFrame = CFrame.new(2152.31714, 124.407928, 2506.20142, -0.89647001, -0.259599358, 0.359097302, -0.301814318, 0.95108676, -0.0659041703, -0.324424118, -0.167461827, -0.93097055)
Part1004.Orientation = Vector3.new(3.7799999713897705, 158.91000366210938, -17.610000610351562)
Part1004.Position = Vector3.new(2152.317138671875, 124.40792846679688, 2506.201416015625)
Part1004.Rotation = Vector3.new(175.9499969482422, 21.040000915527344, 163.85000610351562)
Part1004.Transparency = 1
Part1004.Size = Vector3.new(1.3500009775161743, 23.749998092651367, 1.5)
Part1004.Anchored = true
Part1004.Material = Enum.Material.Fabric
Part1005.Name = "Tree_Collision"
Part1005.Parent = Model998
Part1005.CFrame = CFrame.new(2170.01001, 125.868073, 2524.1853, -0.948139131, 0.157652825, 0.276005507, 0.113952123, 0.979202509, -0.167864636, -0.296729833, -0.127707452, -0.946384192)
Part1005.Orientation = Vector3.new(9.65999984741211, 163.74000549316406, 6.639999866485596)
Part1005.Position = Vector3.new(2170.010009765625, 125.86807250976562, 2524.185302734375)
Part1005.Rotation = Vector3.new(169.94000244140625, 16.020000457763672, -170.55999755859375)
Part1005.Transparency = 1
Part1005.Size = Vector3.new(1.3500009775161743, 26.749998092651367, 1.5)
Part1005.Anchored = true
Part1005.Material = Enum.Material.Fabric
Part1006.Name = "Tree_Collision"
Part1006.Parent = Model998
Part1006.CFrame = CFrame.new(2114.91138, 124.086487, 2520.14917, -0.955623329, -0.0870343596, 0.281443298, -0.011168967, 0.965379417, 0.260613233, -0.294381976, 0.245904371, -0.923510253)
Part1006.Orientation = Vector3.new(-15.109999656677246, 163.0500030517578, -0.6600000262260437)
Part1006.Position = Vector3.new(2114.911376953125, 124.08648681640625, 2520.149169921875)
Part1006.Rotation = Vector3.new(-164.24000549316406, 16.350000381469727, 174.8000030517578)
Part1006.Transparency = 1
Part1006.Size = Vector3.new(1.3500009775161743, 23.749998092651367, 1.5)
Part1006.Anchored = true
Part1006.Material = Enum.Material.Fabric
Part1007.Name = "Tree_Collision"
Part1007.Parent = Model998
Part1007.CFrame = CFrame.new(2155.79297, 125.249756, 2534.91699, -0.941346705, 0.142648876, 0.305808425, 0.213510305, 0.953566611, 0.212427095, -0.261306435, 0.265260637, -0.928092897)
Part1007.Orientation = Vector3.new(-12.260000228881836, 161.75999450683594, 12.619999885559082)
Part1007.Position = Vector3.new(2155.79296875, 125.249755859375, 2534.9169921875)
Part1007.Rotation = Vector3.new(-167.11000061035156, 17.809999465942383, -171.3800048828125)
Part1007.Transparency = 1
Part1007.Size = Vector3.new(1.3500009775161743, 26.749998092651367, 1.5)
Part1007.Anchored = true
Part1007.Material = Enum.Material.Fabric
Part1008.Name = "Tree_Collision"
Part1008.Parent = Model998
Part1008.CFrame = CFrame.new(2166.03149, 124.048004, 2503.60425, -0.915298045, 0.198412195, 0.350518644, 0.0884389803, 0.948015571, -0.305689424, -0.39294982, -0.248797104, -0.885263205)
Part1008.Orientation = Vector3.new(17.799999237060547, 158.39999389648438, 5.329999923706055)
Part1008.Position = Vector3.new(2166.031494140625, 124.04800415039062, 2503.604248046875)
Part1008.Rotation = Vector3.new(160.9499969482422, 20.520000457763672, -167.77000427246094)
Part1008.Transparency = 1
Part1008.Size = Vector3.new(1.3500009775161743, 22.749998092651367, 1.5)
Part1008.Anchored = true
Part1008.Material = Enum.Material.Fabric
Part1009.Name = "Tree_Collision"
Part1009.Parent = Model998
Part1009.CFrame = CFrame.new(2130.2373, 124.907654, 2506.85742, -0.930241942, -0.166104108, 0.327200592, -0.162049666, 0.985979378, 0.0398220047, -0.329227805, -0.0159787014, -0.944115579)
Part1009.Orientation = Vector3.new(-2.2799999713897705, 160.88999938964844, -9.329999923706055)
Part1009.Position = Vector3.new(2130.2373046875, 124.90765380859375, 2506.857421875)
Part1009.Rotation = Vector3.new(-177.5800018310547, 19.100000381469727, 169.8800048828125)
Part1009.Transparency = 1
Part1009.Size = Vector3.new(1.3500009775161743, 23.749998092651367, 1.5)
Part1009.Anchored = true
Part1009.Material = Enum.Material.Fabric
Part1010.Name = "Tree_Collision"
Part1010.Parent = Model998
Part1010.CFrame = CFrame.new(2119.24536, 122.893402, 2496.74731, -0.948528886, -0.114864871, 0.295127422, -0.165973723, 0.973975122, -0.154358238, -0.26971665, -0.195396498, -0.942907095)
Part1010.Orientation = Vector3.new(8.880000114440918, 162.6199951171875, -9.670000076293945)
Part1010.Position = Vector3.new(2119.245361328125, 122.89340209960938, 2496.747314453125)
Part1010.Rotation = Vector3.new(170.6999969482422, 17.170000076293945, 173.10000610351562)
Part1010.Transparency = 1
Part1010.Size = Vector3.new(1.3500009775161743, 20.749998092651367, 1.5)
Part1010.Anchored = true
Part1010.Material = Enum.Material.Fabric
Part1011.Name = "Tree_Collision"
Part1011.Parent = Model998
Part1011.CFrame = CFrame.new(2177.97974, 123.79361, 2542.58521, -0.919676244, 0.279437006, 0.275883764, 0.267963856, 0.960164189, -0.0792559832, -0.287040859, 0.00103714317, -0.957918286)
Part1011.Orientation = Vector3.new(4.550000190734863, 163.92999267578125, 15.59000015258789)
Part1011.Position = Vector3.new(2177.979736328125, 123.79360961914062, 2542.585205078125)
Part1011.Rotation = Vector3.new(175.27000427246094, 16.010000228881836, -163.10000610351562)
Part1011.Transparency = 1
Part1011.Size = Vector3.new(1.3500009775161743, 22.749998092651367, 1.5)
Part1011.Anchored = true
Part1011.Material = Enum.Material.Fabric
Part1012.Name = "Tree_Collision"
Part1012.Parent = Model998
Part1012.CFrame = CFrame.new(2143.08667, 124.637207, 2539.09961, -0.935472369, -0.218559027, 0.27771306, -0.127541363, 0.941661239, 0.311462075, -0.329584718, 0.255943954, -0.908772349)
Part1012.Orientation = Vector3.new(-18.149999618530273, 163.00999450683594, -7.710000038146973)
Part1012.Position = Vector3.new(2143.086669921875, 124.63720703125, 2539.099609375)
Part1012.Rotation = Vector3.new(-161.0800018310547, 16.1200008392334, 166.85000610351562)
Part1012.Transparency = 1
Part1012.Size = Vector3.new(1.3500009775161743, 23.749998092651367, 1.5)
Part1012.Anchored = true
Part1012.Material = Enum.Material.Fabric
Part1013.Name = "Tree_Collision"
Part1013.Parent = Model998
Part1013.CFrame = CFrame.new(2139.2644, 124.196869, 2525.84546, -0.9376598, -0.117191873, 0.327201992, -0.110225655, 0.993108928, 0.0398228765, -0.329614341, 0.00127419829, -0.944115162)
Part1013.Orientation = Vector3.new(-2.2799999713897705, 160.88999938964844, -6.329999923706055)
Part1013.Position = Vector3.new(2139.264404296875, 124.19686889648438, 2525.845458984375)
Part1013.Rotation = Vector3.new(-177.5800018310547, 19.100000381469727, 172.8800048828125)
Part1013.Transparency = 1
Part1013.Size = Vector3.new(1.3500009775161743, 23.749998092651367, 1.5)
Part1013.Anchored = true
Part1013.Material = Enum.Material.Fabric
Part1014.Name = "Tree_Collision"
Part1014.Parent = Model998
Part1014.CFrame = CFrame.new(2189.33569, 123.861725, 2531.26025, -0.941764116, 0.156787738, 0.297487766, 0.165797085, 0.986147106, 0.00512951612, -0.292562634, 0.0541534275, -0.954712093)
Part1014.Orientation = Vector3.new(-0.28999999165534973, 162.69000244140625, 9.539999961853027)
Part1014.Position = Vector3.new(2189.335693359375, 123.86172485351562, 2531.26025390625)
Part1014.Rotation = Vector3.new(-179.69000244140625, 17.309999465942383, -170.5500030517578)
Part1014.Transparency = 1
Part1014.Size = Vector3.new(1.3500009775161743, 22.749998092651367, 1.5)
Part1014.Anchored = true
Part1014.Material = Enum.Material.Fabric
Model1015.Name = "??"
Model1015.Parent = Folder0
Part1016.Name = "TreeMesh Bottom"
Part1016.Parent = Model1015
Part1016.CFrame = CFrame.new(1888.62561, 209.999451, 2482.46533, 0.512443423, 0.022226885, -0.858434975, -0.00354350242, 0.999713778, 0.023769537, 0.858717322, -0.00913860928, 0.512373865)
Part1016.Orientation = Vector3.new(-1.3600000143051147, -59.16999816894531, -0.20000000298023224)
Part1016.Position = Vector3.new(1888.6256103515625, 209.99945068359375, 2482.46533203125)
Part1016.Rotation = Vector3.new(-2.6600000858306885, -59.13999938964844, -2.4800000190734863)
Part1016.Size = Vector3.new(8.250000953674316, 0.2499980926513672, 7)
Part1016.Anchored = true
Part1016.CanCollide = false
Part1016.Material = Enum.Material.Fabric
SpecialMesh1017.Name = "BarkMesh"
SpecialMesh1017.Parent = Part1016
SpecialMesh1017.MeshId = "rbxassetid://623621260"
SpecialMesh1017.Offset = Vector3.new(0, 3.4100000858306885, 0)
SpecialMesh1017.TextureId = "rbxassetid://623618671"
SpecialMesh1017.MeshType = Enum.MeshType.FileMesh
Part1018.Name = "TreeMeshTop"
Part1018.Parent = Model1015
Part1018.CFrame = CFrame.new(1889.29614, 240.130737, 2482.18896, 0.512443423, 0.022226885, -0.858434975, -0.00354350242, 0.999713778, 0.023769537, 0.858717322, -0.00913860928, 0.512373865)
Part1018.Orientation = Vector3.new(-1.3600000143051147, -59.16999816894531, -0.20000000298023224)
Part1018.Position = Vector3.new(1889.296142578125, 240.1307373046875, 2482.18896484375)
Part1018.Rotation = Vector3.new(-2.6600000858306885, -59.13999938964844, -2.4800000190734863)
Part1018.Transparency = 0.05000000074505806
Part1018.Size = Vector3.new(8.250000953674316, 0.2499980926513672, 7)
Part1018.Anchored = true
Part1018.CanCollide = false
Part1018.Material = Enum.Material.Fabric
SpecialMesh1019.Name = "TopTreeMesh"
SpecialMesh1019.Parent = Part1018
SpecialMesh1019.MeshId = "rbxassetid://623621456"
SpecialMesh1019.Offset = Vector3.new(0, 3.4100000858306885, 0)
SpecialMesh1019.Scale = Vector3.new(1.600000023841858, 1.600000023841858, 1.600000023841858)
SpecialMesh1019.TextureId = "rbxassetid://745556120"
SpecialMesh1019.MeshType = Enum.MeshType.FileMesh
Part1020.Name = "Tree_Collision"
Part1020.Parent = Model1015
Part1020.CFrame = CFrame.new(1883.95349, 223.248322, 2483.63257, 0.508015573, -0.113477483, -0.85384196, 0.0932388306, 0.992706299, -0.0764580891, 0.85629034, -0.0407694057, 0.514889121)
Part1020.Orientation = Vector3.new(4.389999866485596, -58.90999984741211, 5.369999885559082)
Part1020.Position = Vector3.new(1883.9534912109375, 223.24832153320312, 2483.632568359375)
Part1020.Rotation = Vector3.new(8.449999809265137, -58.630001068115234, 12.59000015258789)
Part1020.Transparency = 1
Part1020.Size = Vector3.new(1.3500009775161743, 26.749998092651367, 1.5)
Part1020.Anchored = true
Part1020.Material = Enum.Material.Fabric
Part1021.Name = "Tree_Collision"
Part1021.Parent = Model1015
Part1021.CFrame = CFrame.new(1879.04944, 222.437225, 2492.88965, 0.440190077, 0.100347325, -0.892281353, -0.30401212, 0.951702178, -0.0429487526, 0.84487617, 0.290169775, 0.449434876)
Part1021.Orientation = Vector3.new(2.4600000381469727, -63.27000045776367, -17.719999313354492)
Part1021.Position = Vector3.new(1879.0494384765625, 222.43722534179688, 2492.8896484375)
Part1021.Rotation = Vector3.new(5.460000038146973, -63.15999984741211, -12.84000015258789)
Part1021.Transparency = 1
Part1021.Size = Vector3.new(1.3500009775161743, 23.749998092651367, 1.5)
Part1021.Anchored = true
Part1021.Material = Enum.Material.Fabric
Part1022.Name = "Tree_Collision"
Part1022.Parent = Model1015
Part1022.CFrame = CFrame.new(1878.03735, 223.701508, 2467.67041, 0.505958319, -0.181590572, -0.8432284, 0.110549897, 0.983180404, -0.145396829, 0.855448127, -0.0196543112, 0.517521322)
Part1022.Orientation = Vector3.new(8.359999656677246, -58.459999084472656, 6.420000076293945)
Part1022.Position = Vector3.new(1878.037353515625, 223.70150756835938, 2467.67041015625)
Part1022.Rotation = Vector3.new(15.6899995803833, -57.47999954223633, 19.739999771118164)
Part1022.Transparency = 1
Part1022.Size = Vector3.new(1.3500009775161743, 26.749998092651367, 1.5)
Part1022.Anchored = true
Part1022.Material = Enum.Material.Fabric
Part1023.Name = "Tree_Collision"
Part1023.Parent = Model1015
Part1023.CFrame = CFrame.new(1916.12354, 221.450226, 2507.66748, 0.51040411, 0.250168055, -0.822743297, -0.0146623822, 0.959144235, 0.282546669, 0.859813511, -0.132149115, 0.493217468)
Part1023.Orientation = Vector3.new(-16.40999984741211, -59.060001373291016, -0.8799999952316284)
Part1023.Position = Vector3.new(1916.12353515625, 221.45022583007812, 2507.66748046875)
Part1023.Rotation = Vector3.new(-29.809999465942383, -55.36000061035156, -26.110000610351562)
Part1023.Transparency = 1
Part1023.Size = Vector3.new(1.3500009775161743, 23.749998092651367, 1.5)
Part1023.Anchored = true
Part1023.Material = Enum.Material.Fabric
Part1024.Name = "Tree_Collision"
Part1024.Parent = Model1015
Part1024.CFrame = CFrame.new(1895.76172, 222.717621, 2469.26758, 0.526825428, 0.0926907733, -0.844906211, 0.209414303, 0.949242115, 0.234713331, 0.823776066, -0.300587893, 0.480672359)
Part1024.Orientation = Vector3.new(-13.569999694824219, -60.36000061035156, 12.4399995803833)
Part1024.Position = Vector3.new(1895.76171875, 222.71762084960938, 2469.267578125)
Part1024.Rotation = Vector3.new(-26.030000686645508, -57.65999984741211, -9.979999542236328)
Part1024.Transparency = 1
Part1024.Size = Vector3.new(1.3500009775161743, 26.749998092651367, 1.5)
Part1024.Anchored = true
Part1024.Material = Enum.Material.Fabric
Part1025.Name = "Tree_Collision"
Part1025.Parent = Model1015
Part1025.CFrame = CFrame.new(1867.13574, 222.269196, 2485.60986, 0.416503638, -0.293724269, -0.860379934, 0.0873705894, 0.954925418, -0.283705682, 0.904929757, 0.0429921001, 0.423391104)
Part1025.Orientation = Vector3.new(16.479999542236328, -63.79999923706055, 5.230000019073486)
Part1025.Position = Vector3.new(1867.1357421875, 222.26919555664062, 2485.60986328125)
Part1025.Rotation = Vector3.new(33.83000183105469, -59.36000061035156, 35.189998626708984)
Part1025.Transparency = 1
Part1025.Size = Vector3.new(1.3500009775161743, 22.749998092651367, 1.5)
Part1025.Anchored = true
Part1025.Material = Enum.Material.Fabric
Part1026.Name = "Tree_Collision"
Part1026.Parent = Model1015
Part1026.CFrame = CFrame.new(1895.86328, 222.701202, 2507.22168, 0.464983791, 0.133462265, -0.875203371, -0.164524138, 0.984380782, 0.0627015159, 0.869901299, 0.114836961, 0.479677081)
Part1026.Orientation = Vector3.new(-3.5899999141693115, -61.27000045776367, -9.489999771118164)
Part1026.Position = Vector3.new(1895.86328125, 222.70120239257812, 2507.2216796875)
Part1026.Rotation = Vector3.new(-7.449999809265137, -61.06999969482422, -16.010000228881836)
Part1026.Transparency = 1
Part1026.Size = Vector3.new(1.3500009775161743, 23.749998092651367, 1.5)
Part1026.Anchored = true
Part1026.Material = Enum.Material.Fabric
Part1027.Name = "Tree_Collision"
Part1027.Parent = Model1015
Part1027.CFrame = CFrame.new(1897.18176, 220.786835, 2522.11133, 0.518387198, -0.02516938, -0.854777277, -0.169867143, 0.976619482, -0.131774545, 0.838108778, 0.213508546, 0.501989961)
Part1027.Orientation = Vector3.new(7.570000171661377, -59.58000183105469, -9.869999885559082)
Part1027.Position = Vector3.new(1897.1817626953125, 220.78683471679688, 2522.111328125)
Part1027.Rotation = Vector3.new(14.710000038146973, -58.7400016784668, 2.7799999713897705)
Part1027.Transparency = 1
Part1027.Size = Vector3.new(1.3500009775161743, 20.749998092651367, 1.5)
Part1027.Anchored = true
Part1027.Material = Enum.Material.Fabric
Part1028.Name = "Tree_Collision"
Part1028.Parent = Model1015
Part1028.CFrame = CFrame.new(1884.43433, 221.325714, 2448.70215, 0.49466151, -0.185852796, -0.848982811, 0.264605045, 0.962698579, -0.0565740205, 0.827828765, -0.196660191, 0.525385737)
Part1028.Orientation = Vector3.new(3.240000009536743, -58.25, 15.369999885559082)
Part1028.Position = Vector3.new(1884.434326171875, 221.32571411132812, 2448.7021484375)
Part1028.Rotation = Vector3.new(6.150000095367432, -58.099998474121094, 20.59000015258789)
Part1028.Transparency = 1
Part1028.Size = Vector3.new(1.3500009775161743, 22.749998092651367, 1.5)
Part1028.Anchored = true
Part1028.Material = Enum.Material.Fabric
Part1029.Name = "Tree_Collision"
Part1029.Parent = Model1015
Part1029.CFrame = CFrame.new(1907.9718, 221.890656, 2474.70264, 0.469357878, 0.353868663, -0.809001386, -0.130070582, 0.933901489, 0.333038718, 0.87337923, -0.0510865003, 0.484360307)
Part1029.Orientation = Vector3.new(-19.450000762939453, -59.09000015258789, -7.929999828338623)
Part1029.Position = Vector3.new(1907.9718017578125, 221.89065551757812, 2474.70263671875)
Part1029.Rotation = Vector3.new(-34.5099983215332, -54, -37.0099983215332)
Part1029.Transparency = 1
Part1029.Size = Vector3.new(1.3500009775161743, 23.749998092651367, 1.5)
Part1029.Anchored = true
Part1029.Material = Enum.Material.Fabric
Part1030.Name = "Tree_Collision"
Part1030.Parent = Model1015
Part1030.CFrame = CFrame.new(1901.90076, 221.687164, 2487.0957, 0.471329987, 0.108945273, -0.875204027, -0.112780094, 0.991642118, 0.0627031028, 0.874719977, 0.0691518262, 0.479675889)
Part1030.Orientation = Vector3.new(-3.5899999141693115, -61.27000045776367, -6.489999771118164)
Part1030.Position = Vector3.new(1901.9007568359375, 221.68716430664062, 2487.095703125)
Part1030.Rotation = Vector3.new(-7.449999809265137, -61.06999969482422, -13.020000457763672)
Part1030.Transparency = 1
