Part1146.Name = "Tree_Collision"
Part1146.Parent = Model1139
Part1146.CFrame = CFrame.new(2270.73901, 220.279526, 3134.46777, 0.109449439, -0.159879088, -0.981050193, 0.119919375, 0.981894493, -0.146638021, 0.986732066, -0.101597495, 0.126640394)
Part1146.Orientation = Vector3.new(8.430000305175781, -82.63999938964844, 6.960000038146973)
Part1146.Position = Vector3.new(2270.739013671875, 220.27952575683594, 3134.4677734375)
Part1146.Rotation = Vector3.new(49.189998626708984, -78.83000183105469, 55.61000061035156)
Part1146.Transparency = 1
Part1146.Size = Vector3.new(1.3500009775161743, 26.749998092651367, 1.5)
Part1146.Anchored = true
Part1146.Material = Enum.Material.Fabric
Part1147.Name = "Tree_Collision"
Part1147.Parent = Model1139
Part1147.CFrame = CFrame.new(2289.02979, 218.553604, 3186.60107, 0.112015106, 0.280025035, -0.953435242, -0.00522680441, 0.959626377, 0.281229347, 0.993692756, -0.0265185162, 0.108956292)
Part1147.Orientation = Vector3.new(-16.329999923706055, -83.4800033569336, -0.3100000023841858)
Part1147.Position = Vector3.new(2289.02978515625, 218.55360412597656, 3186.60107421875)
Part1147.Rotation = Vector3.new(-68.81999969482422, -72.44999694824219, -68.19999694824219)
Part1147.Transparency = 1
Part1147.Size = Vector3.new(1.3500009775161743, 23.749998092651367, 1.5)
Part1147.Anchored = true
Part1147.Material = Enum.Material.Fabric
Part1148.Name = "Tree_Collision"
Part1148.Parent = Model1139
Part1148.CFrame = CFrame.new(2286.24414, 219.414215, 3143.21558, 0.141246766, 0.20570308, -0.968367457, 0.21867013, 0.947530508, 0.233172223, 0.96552211, -0.24468784, 0.0888544992)
Part1148.Orientation = Vector3.new(-13.479999542236328, -84.76000213623047, 13)
Part1148.Position = Vector3.new(2286.244140625, 219.41421508789062, 3143.215576171875)
Part1148.Rotation = Vector3.new(-69.13999938964844, -75.55000305175781, -55.52000045776367)
Part1148.Transparency = 1
Part1148.Size = Vector3.new(1.3500009775161743, 26.749998092651367, 1.5)
Part1148.Anchored = true
Part1148.Material = Enum.Material.Fabric
Part1149.Name = "Tree_Collision"
Part1149.Parent = Model1139
Part1149.CFrame = CFrame.new(2253.4314, 218.914368, 3146.35571, 0.00762094744, -0.287780941, -0.95766598, 0.096569635, 0.953429341, -0.285739303, 0.995297134, -0.0903038457, 0.03505693)
Part1149.Orientation = Vector3.new(16.600000381469727, -87.9000015258789, 5.78000020980835)
Part1149.Position = Vector3.new(2253.431396484375, 218.91436767578125, 3146.355712890625)
Part1149.Rotation = Vector3.new(83.01000213623047, -73.2699966430664, 88.4800033569336)
Part1149.Transparency = 1
Part1149.Size = Vector3.new(1.3500009775161743, 22.749998092651367, 1.5)
Part1149.Anchored = true
Part1149.Material = Enum.Material.Fabric
Part1150.Name = "Tree_Collision"
Part1150.Parent = Model1139
Part1150.CFrame = CFrame.new(2270.73901, 219.679291, 3177.85864, 0.0668283552, 0.072070688, -0.995158136, -0.155279785, 0.98598671, 0.0609788969, 0.985607505, 0.150452822, 0.0770829916)
Part1150.Orientation = Vector3.new(-3.5, -85.56999969482422, -8.949999809265137)
Part1150.Position = Vector3.new(2270.739013671875, 219.67929077148438, 3177.858642578125)
Part1150.Rotation = Vector3.new(-38.349998474121094, -84.36000061035156, -47.15999984741211)
Part1150.Transparency = 1
Part1150.Size = Vector3.new(1.3500009775161743, 23.749998092651367, 1.5)
Part1150.Anchored = true
Part1150.Material = Enum.Material.Fabric
Part1151.Name = "Tree_Collision"
Part1151.Parent = Model1139
Part1151.CFrame = CFrame.new(2265.82739, 217.883087, 3191.99121, 0.128592819, -0.11307662, -0.985229731, -0.160535589, 0.978001058, -0.133200184, 0.978617609, 0.175292984, 0.107611075)
Part1151.Orientation = Vector3.new(7.650000095367432, -83.7699966430664, -9.319999694824219)
Part1151.Position = Vector3.new(2265.827392578125, 217.88308715820312, 3191.9912109375)
Part1151.Rotation = Vector3.new(51.06999969482422, -80.13999938964844, 41.33000183105469)
Part1151.Transparency = 1
Part1151.Size = Vector3.new(1.3500009775161743, 20.749998092651367, 1.5)
Part1151.Anchored = true
Part1151.Material = Enum.Material.Fabric
Part1152.Name = "Tree_Collision"
Part1152.Parent = Model1139
Part1152.CFrame = CFrame.new(2284.37207, 217.802032, 3119.82617, 0.110123001, -0.0909745693, -0.989745796, 0.273694843, 0.960078537, -0.0577952862, 0.955491543, -0.264523715, 0.130626023)
Part1152.Orientation = Vector3.new(3.309999942779541, -82.4800033569336, 15.90999984741211)
Part1152.Position = Vector3.new(2284.3720703125, 217.80203247070312, 3119.826171875)
Part1152.Rotation = Vector3.new(23.8700008392334, -81.79000091552734, 39.560001373291016)
Part1152.Transparency = 1
Part1152.Size = Vector3.new(1.3500009775161743, 22.749998092651367, 1.5)
Part1152.Anchored = true
Part1152.Material = Enum.Material.Fabric
Part1153.Name = "Tree_Collision"
Part1153.Parent = Model1139
Part1153.CFrame = CFrame.new(2295.14355, 218.701019, 3153.1958, 0.06930314, 0.341314137, -0.937390924, -0.120775543, 0.935609162, 0.331736147, 0.99025774, 0.0902235433, 0.106063038)
Part1153.Orientation = Vector3.new(-19.3700008392334, -83.54000091552734, -7.360000133514404)
Part1153.Position = Vector3.new(2295.1435546875, 218.70101928710938, 3153.19580078125)
Part1153.Rotation = Vector3.new(-72.2699966430664, -69.62000274658203, -78.5199966430664)
Part1153.Transparency = 1
Part1153.Size = Vector3.new(1.3500009775161743, 23.749998092651367, 1.5)
Part1153.Anchored = true
Part1153.Material = Enum.Material.Fabric
Part1154.Name = "Tree_Collision"
Part1154.Parent = Model1139
Part1154.CFrame = CFrame.new(2284.51685, 218.552719, 3162.00098, 0.0705070943, 0.0684751347, -0.995158195, -0.103464939, 0.992762089, 0.0609797537, 0.992130995, 0.0986644849, 0.0770815238)
Part1154.Orientation = Vector3.new(-3.5, -85.56999969482422, -5.949999809265137)
Part1154.Position = Vector3.new(2284.516845703125, 218.55271911621094, 3162.0009765625)
Part1154.Rotation = Vector3.new(-38.349998474121094, -84.36000061035156, -44.15999984741211)
Part1154.Transparency = 1
Part1154.Size = Vector3.new(1.3500009775161743, 23.749998092651367, 1.5)
Part1154.Anchored = true
Part1154.Material = Enum.Material.Fabric
Part1155.Name = "Tree_Collision"
Part1155.Parent = Model1139
Part1155.CFrame = CFrame.new(2269.45581, 218.128677, 3113.94238, 0.111787938, 0.00726542436, -0.993705571, 0.171662718, 0.984799027, 0.0265116822, 0.978792846, -0.173545882, 0.108841456)
Part1155.Orientation = Vector3.new(-1.5199999809265137, -83.75, 9.890000343322754)
Part1155.Position = Vector3.new(2269.455810546875, 218.12867736816406, 3113.9423828125)
Part1155.Rotation = Vector3.new(-13.6899995803833, -83.56999969482422, -3.7200000286102295)
Part1155.Transparency = 1
Part1155.Size = Vector3.new(1.3500009775161743, 22.749998092651367, 1.5)
Part1155.Anchored = true
Part1155.Material = Enum.Material.Fabric
Model1156.Name = "?2"
Model1156.Parent = Folder0
Part1157.Name = "TreeMesh Bottom"
Part1157.Parent = Model1156
Part1157.CFrame = CFrame.new(2164.2063, 204.249023, 3005.75146, -0.60787791, 0.0660233796, 0.791280925, 0.0460158512, 0.997791469, -0.0479040332, -0.792696118, 0.00729165738, -0.609573483)
Part1157.Orientation = Vector3.new(2.75, 127.61000061035156, 2.640000104904175)
Part1157.Position = Vector3.new(2164.206298828125, 204.2490234375, 3005.75146484375)
Part1157.Rotation = Vector3.new(175.50999450683594, 52.310001373291016, -173.8000030517578)
Part1157.Size = Vector3.new(8.250000953674316, 0.2499980926513672, 7)
Part1157.Anchored = true
Part1157.CanCollide = false
Part1157.Material = Enum.Material.Fabric
SpecialMesh1158.Name = "BarkMesh"
SpecialMesh1158.Parent = Part1157
SpecialMesh1158.MeshId = "rbxassetid://623621260"
SpecialMesh1158.Offset = Vector3.new(0, 3.4100000858306885, 0)
SpecialMesh1158.TextureId = "rbxassetid://623618671"
SpecialMesh1158.MeshType = Enum.MeshType.FileMesh
Part1159.Name = "TreeMeshTop"
Part1159.Parent = Model1156
Part1159.CFrame = CFrame.new(2166.19604, 234.322723, 3005.97266, -0.60787791, 0.0660233796, 0.791280925, 0.0460158512, 0.997791469, -0.0479040332, -0.792696118, 0.00729165738, -0.609573483)
Part1159.Orientation = Vector3.new(2.75, 127.61000061035156, 2.640000104904175)
Part1159.Position = Vector3.new(2166.196044921875, 234.32272338867188, 3005.97265625)
Part1159.Rotation = Vector3.new(175.50999450683594, 52.310001373291016, -173.8000030517578)
Part1159.Transparency = 0.05000000074505806
Part1159.Size = Vector3.new(8.250000953674316, 0.2499980926513672, 7)
Part1159.Anchored = true
Part1159.CanCollide = false
Part1159.Material = Enum.Material.Fabric
SpecialMesh1160.Name = "TopTreeMesh"
SpecialMesh1160.Parent = Part1159
SpecialMesh1160.MeshId = "rbxassetid://623621456"
SpecialMesh1160.Offset = Vector3.new(0, 3.4100000858306885, 0)
SpecialMesh1160.Scale = Vector3.new(1.600000023841858, 1.600000023841858, 1.600000023841858)
SpecialMesh1160.TextureId = "rbxassetid://745556120"
SpecialMesh1160.MeshType = Enum.MeshType.FileMesh
Part1161.Name = "Tree_Collision"
Part1161.Parent = Model1156
Part1161.CFrame = CFrame.new(2169.84302, 217.048599, 3003.98657, -0.59479636, 0.203370988, 0.777725935, 0.142031595, 0.978835642, -0.147335842, -0.791229606, 0.0228268337, -0.611093044)
Part1161.Orientation = Vector3.new(8.470000267028809, 128.16000366210938, 8.260000228881836)
Part1161.Position = Vector3.new(2169.843017578125, 217.04859924316406, 3003.986572265625)
Part1161.Rotation = Vector3.new(166.44000244140625, 51.04999923706055, -161.1199951171875)
Part1161.Transparency = 1
Part1161.Size = Vector3.new(1.3500009775161743, 26.749998092651367, 1.5)
Part1161.Anchored = true
Part1161.Material = Enum.Material.Fabric
Part1162.Name = "Tree_Collision"
Part1162.Parent = Model1156
Part1162.CFrame = CFrame.new(2173.54028, 215.868698, 2994.22192, -0.560906827, -0.0505043454, 0.82633698, -0.259667277, 0.958501577, -0.117676765, -0.786102057, -0.280578405, -0.550744355)
Part1162.Orientation = Vector3.new(6.760000228881836, 123.68000030517578, -15.15999984741211)
Part1162.Position = Vector3.new(2173.540283203125, 215.8686981201172, 2994.221923828125)
Part1162.Rotation = Vector3.new(167.94000244140625, 55.720001220703125, 174.85000610351562)
Part1162.Transparency = 1
Part1162.Size = Vector3.new(1.3500009775161743, 23.749998092651367, 1.5)
Part1162.Anchored = true
Part1162.Material = Enum.Material.Fabric
Part1163.Name = "Tree_Collision"
Part1163.Parent = Model1156
Part1163.CFrame = CFrame.new(2177.60645, 216.89267, 3019.14355, -0.591156721, 0.267452508, 0.760922432, 0.159092978, 0.963551879, -0.215075105, -0.790710509, -0.00608568452, -0.612160027)
Part1163.Orientation = Vector3.new(12.420000076293945, 128.82000732421875, 9.380000114440918)
Part1163.Position = Vector3.new(2177.6064453125, 216.89266967773438, 3019.1435546875)
Part1163.Rotation = Vector3.new(160.63999938964844, 49.54999923706055, -155.66000366210938)
Part1163.Transparency = 1
Part1163.Size = Vector3.new(1.3500009775161743, 26.749998092651367, 1.5)
Part1163.Anchored = true
Part1163.Material = Enum.Material.Fabric
Part1164.Name = "Tree_Collision"
Part1164.Parent = Model1156
Part1164.CFrame = CFrame.new(2135.04541, 218.192932, 2983.89673, -0.606955826, -0.148593381, 0.780720592, 0.034769509, 0.976459682, 0.212878987, -0.793974698, 0.156353384, -0.587501347)
Part1164.Orientation = Vector3.new(-12.289999961853027, 126.95999908447266, 2.0399999618530273)
Part1164.Position = Vector3.new(2135.04541015625, 218.19293212890625, 2983.896728515625)
Part1164.Rotation = Vector3.new(-160.0800018310547, 51.33000183105469, 166.24000549316406)
Part1164.Transparency = 1
Part1164.Size = Vector3.new(1.3500009775161743, 23.749998092651367, 1.5)
Part1164.Anchored = true
Part1164.Material = Enum.Material.Fabric
Part1165.Name = "Tree_Collision"
Part1165.Parent = Model1156
Part1165.CFrame = CFrame.new(2159.79858, 217.461792, 3019.63916, -0.599491775, 0.0260713119, 0.799956262, 0.259209007, 0.951928198, 0.163228512, -0.757245243, 0.305210024, -0.577431023)
Part1165.Orientation = Vector3.new(-9.390000343322754, 125.81999969482422, 15.229999542236328)
Part1165.Position = Vector3.new(2159.798583984375, 217.4617919921875, 3019.63916015625)
Part1165.Rotation = Vector3.new(-164.22000122070312, 53.130001068115234, -177.50999450683594)
Part1165.Transparency = 1
Part1165.Size = Vector3.new(1.3500009775161743, 26.749998092651367, 1.5)
Part1165.Anchored = true
Part1165.Material = Enum.Material.Fabric
Part1166.Name = "Tree_Collision"
Part1166.Parent = Model1156
Part1166.CFrame = CFrame.new(2186.16455, 214.623611, 3000.05566, -0.510473311, 0.36858955, 0.776890397, 0.128519669, 0.926028371, -0.354900181, -0.850235105, -0.0813213587, -0.520083785)
Part1166.Orientation = Vector3.new(20.790000915527344, 123.80000305175781, 7.900000095367432)
Part1166.Position = Vector3.new(2186.16455078125, 214.6236114501953, 3000.0556640625)
Part1166.Rotation = Vector3.new(145.69000244140625, 50.97999954223633, -144.1699981689453)
Part1166.Transparency = 1
Part1166.Size = Vector3.new(1.3500009775161743, 22.749998092651367, 1.5)
Part1166.Anchored = true
Part1166.Material = Enum.Material.Fabric
Part1167.Name = "Tree_Collision"
Part1167.Parent = Model1156
Part1167.CFrame = CFrame.new(2155.24951, 217.676376, 2981.95947, -0.576236367, -0.0598805696, 0.815086544, -0.118410036, 0.992906451, -0.0107674068, -0.808659852, -0.102718994, -0.579239249)
Part1167.Orientation = Vector3.new(0.6200000047683716, 125.4000015258789, -6.800000190734863)
Part1167.Position = Vector3.new(2155.24951171875, 217.67637634277344, 2981.95947265625)
Part1167.Rotation = Vector3.new(178.94000244140625, 54.599998474121094, 174.07000732421875)
Part1167.Transparency = 1
Part1167.Size = Vector3.new(1.3500009775161743, 23.749998092651367, 1.5)
Part1167.Anchored = true
Part1167.Material = Enum.Material.Fabric
Part1168.Name = "Tree_Collision"
Part1168.Parent = Model1156
Part1168.CFrame = CFrame.new(2152.03418, 215.970932, 2967.33496, -0.625807881, 0.0848172754, 0.775351882, -0.119279332, 0.971970141, -0.202599406, -0.770802736, -0.219271749, -0.598149717)
Part1168.Orientation = Vector3.new(11.6899995803833, 127.6500015258789, -7)
Part1168.Position = Vector3.new(2152.0341796875, 215.97093200683594, 2967.3349609375)
Part1168.Rotation = Vector3.new(161.2899932861328, 50.84000015258789, -172.27999877929688)
Part1168.Transparency = 1
Part1168.Size = Vector3.new(1.3500009775161743, 20.749998092651367, 1.5)
Part1168.Anchored = true
Part1168.Material = Enum.Material.Fabric
Part1169.Name = "Tree_Collision"
Part1169.Parent = Model1156
Part1169.CFrame = CFrame.new(2173.2937, 214.970627, 3038.74097, -0.56334722, 0.290625632, 0.773418844, 0.311418831, 0.941742301, -0.127043054, -0.765283167, 0.169287831, -0.621034086)
Part1169.Orientation = Vector3.new(7.300000190734863, 128.75999450683594, 18.299999237060547)
Part1169.Position = Vector3.new(2173.293701171875, 214.9706268310547, 3038.740966796875)
Part1169.Rotation = Vector3.new(168.44000244140625, 50.65999984741211, -152.7100067138672)
Part1169.Transparency = 1
Part1169.Size = Vector3.new(1.3500009775161743, 22.749998092651367, 1.5)
Part1169.Anchored = true
Part1169.Material = Enum.Material.Fabric
Part1170.Name = "Tree_Collision"
Part1170.Parent = Model1156
Part1170.CFrame = CFrame.new(2147.01001, 217.730591, 3015.67651, -0.577975333, -0.262877226, 0.772554278, -0.0836869776, 0.960796893, 0.264321387, -0.811751842, 0.088118501, -0.577316284)
Part1170.Orientation = Vector3.new(-15.329999923706055, 126.7699966430664, -4.980000019073486)
Part1170.Position = Vector3.new(2147.010009765625, 217.7305908203125, 3015.676513671875)
Part1170.Rotation = Vector3.new(-155.39999389648438, 50.58000183105469, 155.5399932861328)
Part1170.Transparency = 1
Part1170.Size = Vector3.new(1.3500009775161743, 23.749998092651367, 1.5)
Part1170.Anchored = true
Part1170.Material = Enum.Material.Fabric
Part1171.Name = "Tree_Collision"
Part1171.Parent = Model1156
Part1171.CFrame = CFrame.new(2151.54639, 217.072952, 3002.65845, -0.578579843, -0.0296415854, 0.81508702, -0.0662835389, 0.997742712, -0.0107665043, -0.812928021, -0.0602561235, -0.579238594)
Part1171.Orientation = Vector3.new(0.6200000047683716, 125.4000015258789, -3.799999952316284)
Part1171.Position = Vector3.new(2151.54638671875, 217.0729522705078, 3002.658447265625)
Part1171.Rotation = Vector3.new(178.94000244140625, 54.599998474121094, 177.07000732421875)
Part1171.Transparency = 1
Part1171.Size = Vector3.new(1.3500009775161743, 23.749998092651367, 1.5)
Part1171.Anchored = true
Part1171.Material = Enum.Material.Fabric
Part1172.Name = "Tree_Collision"
Part1172.Parent = Model1156
Part1172.CFrame = CFrame.new(2189.08276, 213.999634, 3036.09814, -0.584925175, 0.161940679, 0.794756472, 0.210587859, 0.976584136, -0.0440016389, -0.783272207, 0.141628385, -0.605331361)
Part1172.Orientation = Vector3.new(2.5199999809265137, 127.29000091552734, 12.170000076293945)
Part1172.Position = Vector3.new(2189.082763671875, 213.9996337890625, 3036.09814453125)
Part1172.Rotation = Vector3.new(175.83999633789062, 52.630001068115234, -164.52000427246094)
Part1172.Transparency = 1
Part1172.Size = Vector3.new(1.3500009775161743, 22.749998092651367, 1.5)
Part1172.Anchored = true
Part1172.Material = Enum.Material.Fabric
Model1173.Name = "?2"
Model1173.Parent = Folder0
Part1174.Name = "TreeMesh Bottom"
Part1174.Parent = Model1173
Part1174.CFrame = CFrame.new(2345.13965, 205.40097, 3165.49023, 0.114296794, 0.021571463, -0.993212461, 0.00589565327, 0.999731898, 0.0223915186, 0.993429184, -0.0084149139, 0.114138976)
Part1174.Orientation = Vector3.new(-1.2799999713897705, -83.44000244140625, 0.3400000035762787)
Part1174.Position = Vector3.new(2345.1396484375, 205.40097045898438, 3165.490234375)
Part1174.Rotation = Vector3.new(-11.100000381469727, -83.31999969482422, -10.6899995803833)
Part1174.Size = Vector3.new(8.250000953674316, 0.2499980926513672, 7)
Part1174.Anchored = true
Part1174.CanCollide = false
Part1174.Material = Enum.Material.Fabric
SpecialMesh1175.Name = "BarkMesh"
SpecialMesh1175.Parent = Part1174
SpecialMesh1175.MeshId = "rbxassetid://623621260"
SpecialMesh1175.Offset = Vector3.new(0, 3.4100000858306885, 0)
SpecialMesh1175.TextureId = "rbxassetid://623618671"
SpecialMesh1175.MeshType = Enum.MeshType.FileMesh
Part1176.Name = "TreeMeshTop"
Part1176.Parent = Model1173
Part1176.CFrame = CFrame.new(2345.79028, 235.532867, 3165.2356, 0.114296794, 0.021571463, -0.993212461, 0.00589565327, 0.999731898, 0.0223915186, 0.993429184, -0.0084149139, 0.114138976)
Part1176.Orientation = Vector3.new(-1.2799999713897705, -83.44000244140625, 0.3400000035762787)
Part1176.Position = Vector3.new(2345.790283203125, 235.53286743164062, 3165.235595703125)
Part1176.Rotation = Vector3.new(-11.100000381469727, -83.31999969482422, -10.6899995803833)
Part1176.Transparency = 0.05000000074505806
Part1176.Size = Vector3.new(8.250000953674316, 0.2499980926513672, 7)
Part1176.Anchored = true
Part1176.CanCollide = false
Part1176.Material = Enum.Material.Fabric
SpecialMesh1177.Name = "TopTreeMesh"
SpecialMesh1177.Parent = Part1176
SpecialMesh1177.MeshId = "rbxassetid://623621456"
SpecialMesh1177.Offset = Vector3.new(0, 3.4100000858306885, 0)
SpecialMesh1177.Scale = Vector3.new(1.600000023841858, 1.600000023841858, 1.600000023841858)
SpecialMesh1177.TextureId = "rbxassetid://745556120"
SpecialMesh1177.MeshType = Enum.MeshType.FileMesh
Part1178.Name = "Tree_Collision"
Part1178.Parent = Model1173
Part1178.CFrame = CFrame.new(2340.36816, 218.62973, 3164.5127, 0.111021109, -0.0891281664, -0.989813387, 0.102627888, 0.991673887, -0.077784583, 0.988504827, -0.0929467157, 0.119243771)
Part1178.Orientation = Vector3.new(4.460000038146973, -83.12999725341797, 5.909999847412109)
Part1178.Position = Vector3.new(2340.3681640625, 218.62973022460938, 3164.5126953125)
Part1178.Rotation = Vector3.new(33.119998931884766, -81.80999755859375, 38.7599983215332)
Part1178.Transparency = 1
Part1178.Size = Vector3.new(1.3500009775161743, 26.749998092651367, 1.5)
Part1178.Anchored = true
Part1178.Material = Enum.Material.Fabric
Part1179.Name = "Tree_Collision"
Part1179.Parent = Model1173
Part1179.CFrame = CFrame.new(2332.09497, 217.857666, 3170.94385, 0.0548506416, -0.0300907847, -0.998041093, -0.295094758, 0.95440805, -0.0449931622, 0.95389235, 0.296984524, 0.0434702635)
Part1179.Orientation = Vector3.new(2.5799999237060547, -87.51000213623047, -17.18000030517578)
Part1179.Position = Vector3.new(2332.094970703125, 217.857666015625, 3170.94384765625)
Part1179.Rotation = Vector3.new(45.9900016784668, -86.41000366210938, 28.75)
Part1179.Transparency = 1
Part1179.Size = Vector3.new(1.3500009775161743, 23.749998092651367, 1.5)
Part1179.Anchored = true
Part1179.Material = Enum.Material.Fabric
Part1180.Name = "Tree_Collision"
Part1180.Parent = Model1173
Part1180.CFrame = CFrame.new(2341.53247, 218.929199, 3147.52563, 0.109449439, -0.159879088, -0.981050193, 0.119919375, 0.981894493, -0.146638021, 0.986732066, -0.101597495, 0.126640394)
Part1180.Orientation = Vector3.new(8.430000305175781, -82.63999938964844, 6.960000038146973)
Part1180.Position = Vector3.new(2341.532470703125, 218.92919921875, 3147.525634765625)
Part1180.Rotation = Vector3.new(49.189998626708984, -78.83000183105469, 55.61000061035156)
Part1180.Transparency = 1
Part1180.Size = Vector3.new(1.3500009775161743, 26.749998092651367, 1.5)
Part1180.Anchored = true
Part1180.Material = Enum.Material.Fabric
Part1181.Name = "Tree_Collision"
Part1181.Parent = Model1173
Part1181.CFrame = CFrame.new(2359.82324, 217.203247, 3199.65869, 0.112015106, 0.280025035, -0.953435242, -0.00522680441, 0.959626377, 0.281229347, 0.993692756, -0.0265185162, 0.108956292)
Part1181.Orientation = Vector3.new(-16.329999923706055, -83.4800033569336, -0.3100000023841858)
Part1181.Position = Vector3.new(2359.8232421875, 217.2032470703125, 3199.65869140625)
Part1181.Rotation = Vector3.new(-68.81999969482422, -72.44999694824219, -68.19999694824219)
Part1181.Transparency = 1
Part1181.Size = Vector3.new(1.3500009775161743, 23.749998092651367, 1.5)
Part1181.Anchored = true
Part1181.Material = Enum.Material.Fabric
Part1182.Name = "Tree_Collision"
Part1182.Parent = Model1173
Part1182.CFrame = CFrame.new(2357.03784, 218.063858, 3156.27344, 0.141246766, 0.20570308, -0.968367457, 0.21867013, 0.947530508, 0.233172223, 0.96552211, -0.24468784, 0.0888544992)
Part1182.Orientation = Vector3.new(-13.479999542236328, -84.76000213623047, 13)
Part1182.Position = Vector3.new(2357.037841796875, 218.06385803222656, 3156.2734375)
Part1182.Rotation = Vector3.new(-69.13999938964844, -75.55000305175781, -55.52000045776367)
Part1182.Transparency = 1
Part1182.Size = Vector3.new(1.3500009775161743, 26.749998092651367, 1.5)
Part1182.Anchored = true
Part1182.Material = Enum.Material.Fabric
Part1183.Name = "Tree_Collision"
Part1183.Parent = Model1173
Part1183.CFrame = CFrame.new(2324.2251, 217.564056, 3159.41382, 0.00762094744, -0.287780941, -0.95766598, 0.096569635, 0.953429341, -0.285739303, 0.995297134, -0.0903038457, 0.03505693)
Part1183.Orientation = Vector3.new(16.600000381469727, -87.9000015258789, 5.78000020980835)
Part1183.Position = Vector3.new(2324.22509765625, 217.56405639648438, 3159.413818359375)
Part1183.Rotation = Vector3.new(83.01000213623047, -73.2699966430664, 88.4800033569336)
Part1183.Transparency = 1
Part1183.Size = Vector3.new(1.3500009775161743, 22.749998092651367, 1.5)
Part1183.Anchored = true
Part1183.Material = Enum.Material.Fabric
Part1184.Name = "Tree_Collision"
Part1184.Parent = Model1173
Part1184.CFrame = CFrame.new(2341.5332, 218.328934, 3190.9165, 0.0668283552, 0.072070688, -0.995158136, -0.155279785, 0.98598671, 0.0609788969, 0.985607505, 0.150452822, 0.0770829916)
Part1184.Orientation = Vector3.new(-3.5, -85.56999969482422, -8.949999809265137)
Part1184.Position = Vector3.new(2341.533203125, 218.3289337158203, 3190.91650390625)
Part1184.Rotation = Vector3.new(-38.349998474121094, -84.36000061035156, -47.15999984741211)
Part1184.Transparency = 1
Part1184.Size = Vector3.new(1.3500009775161743, 23.749998092651367, 1.5)
Part1184.Anchored = true
Part1184.Material = Enum.Material.Fabric
Part1185.Name = "Tree_Collision"
Part1185.Parent = Model1173
Part1185.CFrame = CFrame.new(2336.62061, 216.532776, 3205.04932, 0.128592819, -0.11307662, -0.985229731, -0.160535589, 0.978001058, -0.133200184, 0.978617609, 0.175292984, 0.107611075)
Part1185.Orientation = Vector3.new(7.650000095367432, -83.7699966430664, -9.319999694824219)
Part1185.Position = Vector3.new(2336.62060546875, 216.53277587890625, 3205.04931640625)
Part1185.Rotation = Vector3.new(51.06999969482422, -80.13999938964844, 41.33000183105469)
Part1185.Transparency = 1
Part1185.Size = Vector3.new(1.3500009775161743, 20.749998092651367, 1.5)
Part1185.Anchored = true
Part1185.Material = Enum.Material.Fabric
Part1186.Name = "Tree_Collision"
Part1186.Parent = Model1173
Part1186.CFrame = CFrame.new(2355.16528, 216.451675, 3132.88403, 0.110123001, -0.0909745693, -0.989745796, 0.273694843, 0.960078537, -0.0577952862, 0.955491543, -0.264523715, 0.130626023)
Part1186.Orientation = Vector3.new(3.309999942779541, -82.4800033569336, 15.90999984741211)
Part1186.Position = Vector3.new(2355.165283203125, 216.45167541503906, 3132.884033203125)
Part1186.Rotation = Vector3.new(23.8700008392334, -81.79000091552734, 39.560001373291016)
Part1186.Transparency = 1
Part1186.Size = Vector3.new(1.3500009775161743, 22.749998092651367, 1.5)
Part1186.Anchored = true
Part1186.Material = Enum.Material.Fabric
Part1187.Name = "Tree_Collision"
Part1187.Parent = Model1173
Part1187.CFrame = CFrame.new(2365.93726, 217.350662, 3166.25366, 0.06930314, 0.341314137, -0.937390924, -0.120775543, 0.935609162, 0.331736147, 0.99025774, 0.0902235433, 0.106063038)
Part1187.Orientation = Vector3.new(-19.3700008392334, -83.54000091552734, -7.360000133514404)
Part1187.Position = Vector3.new(2365.937255859375, 217.3506622314453, 3166.253662109375)
Part1187.Rotation = Vector3.new(-72.2699966430664, -69.62000274658203, -78.5199966430664)
Part1187.Transparency = 1
Part1187.Size = Vector3.new(1.3500009775161743, 23.749998092651367, 1.5)
Part1187.Anchored = true
Part1187.Material = Enum.Material.Fabric
Part1188.Name = "Tree_Collision"
Part1188.Parent = Model1173
Part1188.CFrame = CFrame.new(2355.3103, 217.202362, 3175.05859, 0.0705070943, 0.0684751347, -0.995158195, -0.103464939, 0.992762089, 0.0609797537, 0.992130995, 0.0986644849, 0.0770815238)
Part1188.Orientation = Vector3.new(-3.5, -85.56999969482422, -5.949999809265137)
Part1188.Position = Vector3.new(2355.310302734375, 217.20236206054688, 3175.05859375)
Part1188.Rotation = Vector3.new(-38.349998474121094, -84.36000061035156, -44.15999984741211)
Part1188.Transparency = 1
Part1188.Size = Vector3.new(1.3500009775161743, 23.749998092651367, 1.5)
Part1188.Anchored = true
Part1188.Material = Enum.Material.Fabric
Part1189.Name = "Tree_Collision"
Part1189.Parent = Model1173
Part1189.CFrame = CFrame.new(2340.24927, 216.778305, 3126.99951, 0.111787938, 0.00726542436, -0.993705571, 0.171662718, 0.984799027, 0.0265116822, 0.978792846, -0.173545882, 0.108841456)
Part1189.Orientation = Vector3.new(-1.5199999809265137, -83.75, 9.890000343322754)
Part1189.Position = Vector3.new(2340.249267578125, 216.77830505371094, 3126.99951171875)
Part1189.Rotation = Vector3.new(-13.6899995803833, -83.56999969482422, -3.7200000286102295)
Part1189.Transparency = 1
Part1189.Size = Vector3.new(1.3500009775161743, 22.749998092651367, 1.5)
Part1189.Anchored = true
Part1189.Material = Enum.Material.Fabric
Model1190.Name = "?2"
Model1190.Parent = Folder0
Part1191.Name = "TreeMesh Bottom"
Part1191.Parent = Model1190
Part1191.CFrame = CFrame.new(2227.82227, 199.981415, 3060.27832, 0.609613776, 0.0206017476, -0.792430818, -0.00597916497, 0.999753356, 0.0213920046, 0.792676032, -0.00830278546, 0.609586596)
Part1191.Orientation = Vector3.new(-1.2300000190734863, -52.43000030517578, -0.3400000035762787)
Part1191.Position = Vector3.new(2227.822265625, 199.98141479492188, 3060.2783203125)
Part1191.Rotation = Vector3.new(-2.009999990463257, -52.40999984741211, -1.940000057220459)
Part1191.Size = Vector3.new(8.250000953674316, 0.2499980926513672, 7)
Part1191.Anchored = true
Part1191.CanCollide = false
Part1191.Material = Enum.Material.Fabric
SpecialMesh1192.Name = "BarkMesh"
SpecialMesh1192.Parent = Part1191
SpecialMesh1192.MeshId = "rbxassetid://623621260"
SpecialMesh1192.Offset = Vector3.new(0, 3.4100000858306885, 0)
SpecialMesh1192.TextureId = "rbxassetid://623618671"
SpecialMesh1192.MeshType = Enum.MeshType.FileMesh
Part1193.Name = "TreeMeshTop"
Part1193.Parent = Model1190
Part1193.CFrame = CFrame.new(2228.4436, 230.114166, 3060.02637, 0.609613776, 0.0206017476, -0.792430818, -0.00597916497, 0.999753356, 0.0213920046, 0.792676032, -0.00830278546, 0.609586596)
Part1193.Orientation = Vector3.new(-1.2300000190734863, -52.43000030517578, -0.3400000035762787)
Part1193.Position = Vector3.new(2228.443603515625, 230.11416625976562, 3060.0263671875)
Part1193.Rotation = Vector3.new(-2.009999990463257, -52.40999984741211, -1.940000057220459)
Part1193.Transparency = 0.05000000074505806
Part1193.Size = Vector3.new(8.250000953674316, 0.2499980926513672, 7)
Part1193.Anchored = true
Part1193.CanCollide = false
Part1193.Material = Enum.Material.Fabric
SpecialMesh1194.Name = "TopTreeMesh"
SpecialMesh1194.Parent = Part1193
SpecialMesh1194.MeshId = "rbxassetid://623621456"
SpecialMesh1194.Offset = Vector3.new(0, 3.4100000858306885, 0)
SpecialMesh1194.Scale = Vector3.new(1.600000023841858, 1.600000023841858, 1.600000023841858)
SpecialMesh1194.TextureId = "rbxassetid://745556120"
SpecialMesh1194.MeshType = Enum.MeshType.FileMesh
Part1195.Name = "Tree_Collision"
Part1195.Parent = Model1190
Part1195.CFrame = CFrame.new(2223.3147, 213.222656, 3062.02979, 0.604893923, -0.11787273, -0.7875337, 0.0908078998, 0.992742896, -0.0788387433, 0.79111141, -0.0238252115, 0.611207902)
Part1195.Orientation = Vector3.new(4.519999980926514, -52.18000030517578, 5.230000019073486)
Part1195.Position = Vector3.new(2223.314697265625, 213.22265625, 3062.02978515625)
Part1195.Rotation = Vector3.new(7.349999904632568, -51.959999084472656, 11.029999732971191)
Part1195.Transparency = 1
Part1195.Size = Vector3.new(1.3500009775161743, 26.749998092651367, 1.5)
Part1195.Anchored = true
Part1195.Material = Enum.Material.Fabric
Part1196.Name = "Tree_Collision"
Part1196.Parent = Model1190
Part1196.CFrame = CFrame.new(2219.53003, 212.377151, 3071.79541, 0.536357105, 0.133302197, -0.833397627, -0.306454211, 0.950814247, -0.0451444052, 0.786388576, 0.279611707, 0.550826967)
Part1196.Orientation = Vector3.new(2.5899999141693115, -56.540000915527344, -17.860000610351562)
Part1196.Position = Vector3.new(2219.530029296875, 212.3771514892578, 3071.79541015625)
Part1196.Rotation = Vector3.new(4.690000057220459, -56.45000076293945, -13.960000038146973)
Part1196.Transparency = 1
Part1196.Size = Vector3.new(1.3500009775161743, 23.749998092651367, 1.5)
Part1196.Anchored = true
Part1196.Material = Enum.Material.Fabric
Part1197.Name = "Tree_Collision"
Part1197.Parent = Model1190
Part1197.CFrame = CFrame.new(2215.56641, 213.72403, 3046.87305, 0.602744639, -0.18303524, -0.776657581, 0.108119011, 0.983093143, -0.147777513, 0.790575206, 0.0051006563, 0.612343669)
Part1197.Orientation = Vector3.new(8.5, -51.75, 6.28000020980835)
Part1197.Position = Vector3.new(2215.56640625, 213.72402954101562, 3046.873046875)
Part1197.Rotation = Vector3.new(13.569999694824219, -50.959999084472656, 16.889999389648438)
Part1197.Transparency = 1
Part1197.Size = Vector3.new(1.3500009775161743, 26.749998092651367, 1.5)
Part1197.Anchored = true
Part1197.Material = Enum.Material.Fabric
Part1198.Name = "Tree_Collision"
Part1198.Parent = Model1190
Part1198.CFrame = CFrame.new(2258.08228, 211.37059, 3082.12012, 0.607721925, 0.232559219, -0.759335458, -0.0171019398, 0.959771991, 0.280259073, 0.793965757, -0.157333449, 0.587251782)
Part1198.Orientation = Vector3.new(-16.280000686645508, -52.279998779296875, -1.0199999809265137)
Part1198.Position = Vector3.new(2258.082275390625, 211.37059020996094, 3082.1201171875)
Part1198.Rotation = Vector3.new(-25.510000228881836, -49.40999984741211, -20.940000534057617)
Part1198.Transparency = 1
Part1198.Size = Vector3.new(1.3500009775161743, 23.749998092651367, 1.5)
Part1198.Anchored = true
Part1198.Material = Enum.Material.Fabric
Part1199.Name = "Tree_Collision"
Part1199.Parent = Model1190
Part1199.CFrame = CFrame.new(2233.35669, 212.748947, 3046.37744, 0.619713485, 0.0564199351, -0.782797515, 0.207104266, 0.950302422, 0.232450023, 0.757009327, -0.306173086, 0.577230453)
Part1199.Orientation = Vector3.new(-13.4399995803833, -53.599998474121094, 12.289999961853027)
Part1199.Position = Vector3.new(2233.356689453125, 212.7489471435547, 3046.37744140625)
Part1199.Rotation = Vector3.new(-21.93000030517578, -51.52000045776367, -5.199999809265137)
Part1199.Transparency = 1
Part1199.Size = Vector3.new(1.3500009775161743, 26.749998092651367, 1.5)
Part1199.Anchored = true
Part1199.Material = Enum.Material.Fabric
Part1200.Name = "Tree_Collision"
Part1200.Parent = Model1190
Part1200.CFrame = CFrame.new(2206.84497, 212.223663, 3065.96289, 0.51971972, -0.287038058, -0.804674208, 0.0847052708, 0.954541743, -0.285788685, 0.850127339, 0.080369845, 0.520407796)
Part1200.Orientation = Vector3.new(16.610000610351562, -57.11000061035156, 5.070000171661377)
Part1200.Position = Vector3.new(2206.844970703125, 212.22366333007812, 3065.962890625)
Part1200.Rotation = Vector3.new(28.770000457763672, -53.58000183105469, 28.90999984741211)
Part1200.Transparency = 1
Part1200.Size = Vector3.new(1.3500009775161743, 22.749998092651367, 1.5)
Part1200.Anchored = true
Part1200.Material = Enum.Material.Fabric
Part1201.Name = "Tree_Collision"
Part1201.Parent = Model1190
Part1201.CFrame = CFrame.new(2237.90894, 212.607025, 3084.05737, 0.563858151, 0.145614102, -0.812933266, -0.167032063, 0.984098494, 0.0604185238, 0.808804214, 0.101718448, 0.579214215)
Part1201.Orientation = Vector3.new(-3.4600000381469727, -54.529998779296875, -9.630000114440918)
Part1201.Position = Vector3.new(2237.908935546875, 212.60702514648438, 3084.057373046875)
Part1201.Rotation = Vector3.new(-5.960000038146973, -54.380001068115234, -14.479999542236328)
Part1201.Transparency = 1
Part1201.Size = Vector3.new(1.3500009775161743, 23.749998092651367, 1.5)
Part1201.Anchored = true
Part1201.Material = Enum.Material.Fabric
Part1202.Name = "Tree_Collision"
Part1202.Parent = Model1190
Part1202.CFrame = CFrame.new(2240.9646, 210.644424, 3098.68359, 0.61316663, -0.000347924564, -0.789953589, -0.172227427, 0.975884855, -0.134113774, 0.770950377, 0.218285739, 0.598320127)
Part1202.Orientation = Vector3.new(7.710000038146973, -52.86000061035156, -10.010000228881836)
Part1202.Position = Vector3.new(2240.964599609375, 210.64442443847656, 3098.68359375)
Part1202.Rotation = Vector3.new(12.630000114440918, -52.18000030517578, 0.029999999329447746)
Part1202.Transparency = 1
Part1202.Size = Vector3.new(1.3500009775161743, 20.749998092651367, 1.5)
Part1202.Anchored = true
Part1202.Material = Enum.Material.Fabric
Part1203.Name = "Tree_Collision"
Part1203.Parent = Model1190
Part1203.CFrame = CFrame.new(2219.6958, 211.416077, 3027.27734, 0.588224411, -0.208017156, -0.781486392, 0.262255311, 0.963194191, -0.0589849688, 0.764993012, -0.170252547, 0.621127903)
Part1203.Orientation = Vector3.new(3.380000114440918, -51.52000045776367, 15.229999542236328)
Part1203.Position = Vector3.new(2219.69580078125, 211.41607666015625, 3027.27734375)
Part1203.Rotation = Vector3.new(5.420000076293945, -51.400001525878906, 19.479999542236328)
Part1203.Transparency = 1
Part1203.Size = Vector3.new(1.3500009775161743, 22.749998092651367, 1.5)
Part1203.Anchored = true
Part1203.Material = Enum.Material.Fabric
Part1204.Name = "Tree_Collision"
Part1204.Parent = Model1190
Part1204.CFrame = CFrame.new(2246.12061, 211.913712, 3050.34009, 0.568596184, 0.345060825, -0.746747255, -0.132586673, 0.934343815, 0.330790788, 0.811861575, -0.0890776515, 0.577014744)
Part1204.Orientation = Vector3.new(-19.31999969482422, -52.310001373291016, -8.079999923706055)
Part1204.Position = Vector3.new(2246.12060546875, 211.91371154785156, 3050.340087890625)
Part1204.Rotation = Vector3.new(-29.81999969482422, -48.310001373291016, -31.25)
Part1204.Transparency = 1
Part1204.Size = Vector3.new(1.3500009775161743, 23.749998092651367, 1.5)
Part1204.Anchored = true
Part1204.Material = Enum.Material.Fabric
Part1205.Name = "Tree_Collision"
Part1205.Parent = Model1190
Part1205.CFrame = CFrame.new(2241.54492, 211.664383, 3063.35938, 0.570705295, 0.115905412, -0.812933803, -0.115299277, 0.991491616, 0.0604198277, 0.813019991, 0.0592487678, 0.579213321)
Part1205.Orientation = Vector3.new(-3.4600000381469727, -54.529998779296875, -6.630000114440918)
Part1205.Position = Vector3.new(2241.544921875, 211.6643829345703, 3063.359375)
Part1205.Rotation = Vector3.new(-5.960000038146973, -54.380001068115234, -11.479999542236328)
Part1205.Transparency = 1
Part1205.Size = Vector3.new(1.3500009775161743, 23.749998092651367, 1.5)
Part1205.Anchored = true
Part1205.Material = Enum.Material.Fabric
Part1206.Name = "Tree_Collision"
Part1206.Parent = Model1190
Part1206.CFrame = CFrame.new(2203.88208, 211.818253, 3029.92017, 0.600993574, -0.0767976046, -0.795555711, 0.159952551, 0.98679328, 0.0255759377, 0.783084869, -0.142622128, 0.605340421)
Part1206.Orientation = Vector3.new(-1.4700000286102295, -52.72999954223633, 9.210000038146973)
Part1206.Position = Vector3.new(2203.882080078125, 211.81825256347656, 3029.920166015625)
Part1206.Rotation = Vector3.new(-2.4200000762939453, -52.709999084472656, 7.28000020980835)
Part1206.Transparency = 1
Part1206.Size = Vector3.new(1.3500009775161743, 22.749998092651367, 1.5)
Part1206.Anchored = true
Part1206.Material = Enum.Material.Fabric
Model1207.Name = "?2"
Model1207.Parent = Folder0
Part1208.Name = "TreeMesh Bottom"
Part1208.Parent = Model1207
Part1208.CFrame = CFrame.new(2344.7771, 205.451584, 3178.56177, 0.114296794, 0.021571463, -0.993212461, 0.00589565327, 0.999731898, 0.0223915186, 0.993429184, -0.0084149139, 0.114138976)
Part1208.Orientation = Vector3.new(-1.2799999713897705, -83.44000244140625, 0.3400000035762787)
Part1208.Position = Vector3.new(2344.777099609375, 205.4515838623047, 3178.561767578125)
Part1208.Rotation = Vector3.new(-11.100000381469727, -83.31999969482422, -10.6899995803833)
Part1208.Size = Vector3.new(8.250000953674316, 0.2499980926513672, 7)
Part1208.Anchored = true
Part1208.CanCollide = false
Part1208.Material = Enum.Material.Fabric
SpecialMesh1209.Name = "BarkMesh"
SpecialMesh1209.Parent = Part1208
SpecialMesh1209.MeshId = "rbxassetid://623621260"
SpecialMesh1209.Offset = Vector3.new(0, 3.4100000858306885, 0)
SpecialMesh1209.TextureId = "rbxassetid://623618671"
SpecialMesh1209.MeshType = Enum.MeshType.FileMesh
Part1210.Name = "TreeMeshTop"
Part1210.Parent = Model1207
Part1210.CFrame = CFrame.new(2345.42773, 235.583466, 3178.30737, 0.114296794, 0.021571463, -0.993212461, 0.00589565327, 0.999731898, 0.0223915186, 0.993429184, -0.0084149139, 0.114138976)
Part1210.Orientation = Vector3.new(-1.2799999713897705, -83.44000244140625, 0.3400000035762787)
Part1210.Position = Vector3.new(2345.427734375, 235.58346557617188, 3178.307373046875)
Part1210.Rotation = Vector3.new(-11.100000381469727, -83.31999969482422, -10.6899995803833)
Part1210.Transparency = 0.05000000074505806
Part1210.Size = Vector3.new(8.250000953674316, 0.2499980926513672, 7)
Part1210.Anchored = true
Part1210.CanCollide = false
Part1210.Material = Enum.Material.Fabric
SpecialMesh1211.Name = "TopTreeMesh"
SpecialMesh1211.Parent = Part1210
SpecialMesh1211.MeshId = "rbxassetid://623621456"
SpecialMesh1211.Offset = Vector3.new(0, 3.4100000858306885, 0)
SpecialMesh1211.Scale = Vector3.new(1.600000023841858, 1.600000023841858, 1.600000023841858)
SpecialMesh1211.TextureId = "rbxassetid://745556120"
SpecialMesh1211.MeshType = Enum.MeshType.FileMesh
Part1212.Name = "Tree_Collision"
Part1212.Parent = Model1207
