Part1123.Name = "Tree_Collision"
Part1123.Parent = Model1117
Part1123.CFrame = CFrame.new(2425.41431, 124.407928, 2379.0188, -0.95215404, -0.297222555, 0.0711539239, -0.301814318, 0.95108676, -0.0659041703, -0.0480854847, -0.0842261836, -0.995285988)
Part1123.Orientation = Vector3.new(3.7799999713897705, 175.91000366210938, -17.610000610351562)
Part1123.Position = Vector3.new(2425.414306640625, 124.40792846679688, 2379.018798828125)
Part1123.Rotation = Vector3.new(176.2100067138672, 4.079999923706055, 162.66000366210938)
Part1123.Transparency = 1
Part1123.Size = Vector3.new(1.3500009775161743, 23.749998092651367, 1.5)
Part1123.Anchored = true
Part1123.Material = Enum.Material.Fabric
Part1124.Name = "Tree_Collision"
Part1124.Parent = Model1117
Part1124.CFrame = CFrame.new(2447.59326, 125.868073, 2391.04248, -0.993465841, 0.113415428, -0.0128130801, 0.113952123, 0.979202509, -0.167864636, -0.00649209227, -0.168227658, -0.985727072)
Part1124.Orientation = Vector3.new(9.65999984741211, -179.25999450683594, 6.639999866485596)
Part1124.Position = Vector3.new(2447.59326171875, 125.86807250976562, 2391.04248046875)
Part1124.Rotation = Vector3.new(170.33999633789062, -0.7300000190734863, -173.49000549316406)
Part1124.Transparency = 1
Part1124.Size = Vector3.new(1.3500009775161743, 26.749998092651367, 1.5)
Part1124.Anchored = true
Part1124.Material = Enum.Material.Fabric
Part1125.Name = "Tree_Collision"
Part1125.Parent = Model1117
Part1125.CFrame = CFrame.new(2393.72266, 124.086487, 2403.29541, -0.999936223, -0.0113193626, -0.000923900981, -0.011168967, 0.965379417, 0.260613233, -0.00205826759, 0.260606617, -0.965443254)
Part1125.Orientation = Vector3.new(-15.109999656677246, -179.9499969482422, -0.6600000262260437)
Part1125.Position = Vector3.new(2393.72265625, 124.08648681640625, 2403.29541015625)
Part1125.Rotation = Vector3.new(-164.88999938964844, -0.05000000074505806, 179.35000610351562)
Part1125.Transparency = 1
Part1125.Size = Vector3.new(1.3500009775161743, 23.749998092651367, 1.5)
Part1125.Anchored = true
Part1125.Material = Enum.Material.Fabric
Part1126.Name = "Tree_Collision"
Part1126.Parent = Model1117
Part1126.CFrame = CFrame.new(2437.13574, 125.249756, 2405.46265, -0.976611376, 0.213983953, 0.0210359897, 0.213510305, 0.953566611, 0.212427095, 0.0253964756, 0.211949959, -0.976950765)
Part1126.Orientation = Vector3.new(-12.260000228881836, 178.77000427246094, 12.619999885559082)
Part1126.Position = Vector3.new(2437.1357421875, 125.249755859375, 2405.462646484375)
Part1126.Rotation = Vector3.new(-167.72999572753906, 1.2100000381469727, -167.63999938964844)
Part1126.Transparency = 1
Part1126.Size = Vector3.new(1.3500009775161743, 26.749998092651367, 1.5)
Part1126.Anchored = true
Part1126.Material = Enum.Material.Fabric
Part1127.Name = "Tree_Collision"
Part1127.Parent = Model1117
Part1127.CFrame = CFrame.new(2437.77002, 124.048004, 2372.52466, -0.990198135, 0.116982535, 0.0763165653, 0.0884389803, 0.948015571, -0.305689424, -0.108109765, -0.295943379, -0.94906801)
Part1127.Orientation = Vector3.new(17.799999237060547, 175.39999389648438, 5.329999923706055)
Part1127.Position = Vector3.new(2437.77001953125, 124.04800415039062, 2372.524658203125)
Part1127.Rotation = Vector3.new(162.14999389648438, 4.380000114440918, -173.25999450683594)
Part1127.Transparency = 1
Part1127.Size = Vector3.new(1.3500009775161743, 22.749998092651367, 1.5)
Part1127.Anchored = true
Part1127.Material = Enum.Material.Fabric
Part1128.Name = "Tree_Collision"
Part1128.Parent = Model1117
Part1128.CFrame = CFrame.new(2404.4917, 124.907654, 2386.10303, -0.985854447, -0.163515761, 0.0368074849, -0.162049666, 0.985979378, 0.0398220047, -0.0428031795, 0.0332940035, -0.998528779)
Part1128.Orientation = Vector3.new(-2.2799999713897705, 177.88999938964844, -9.329999923706055)
Part1128.Position = Vector3.new(2404.49169921875, 124.90765380859375, 2386.10302734375)
Part1128.Rotation = Vector3.new(-177.72000122070312, 2.109999895095825, 170.5800018310547)
Part1128.Transparency = 1
Part1128.Size = Vector3.new(1.3500009775161743, 23.749998092651367, 1.5)
Part1128.Anchored = true
Part1128.Material = Enum.Material.Fabric
Part1129.Name = "Tree_Collision"
Part1129.Parent = Model1117
Part1129.CFrame = CFrame.new(2391.02368, 122.893402, 2379.64917, -0.985939026, -0.166983947, 0.00648974394, -0.165973723, 0.973975122, -0.154358238, 0.0194542222, -0.153264776, -0.987993896)
Part1129.Orientation = Vector3.new(8.880000114440918, 179.6199951171875, -9.670000076293945)
Part1129.Position = Vector3.new(2391.023681640625, 122.89340209960938, 2379.649169921875)
Part1129.Rotation = Vector3.new(171.1199951171875, 0.3700000047683716, 170.38999938964844)
Part1129.Transparency = 1
Part1129.Size = Vector3.new(1.3500009775161743, 20.749998092651367, 1.5)
Part1129.Anchored = true
Part1129.Material = Enum.Material.Fabric
Part1130.Name = "Tree_Collision"
Part1130.Parent = Model1117
Part1130.CFrame = CFrame.new(2460.59521, 123.79361, 2406.30762, -0.963413775, 0.267525077, -0.0163024329, 0.267963856, 0.960164189, -0.0792559832, -0.00555015588, -0.0807246193, -0.996721387)
Part1130.Orientation = Vector3.new(4.550000190734863, -179.05999755859375, 15.59000015258789)
Part1130.Position = Vector3.new(2460.59521484375, 123.79360961914062, 2406.3076171875)
Part1130.Rotation = Vector3.new(175.4499969482422, -0.9300000071525574, -164.47999572753906)
Part1130.Transparency = 1
Part1130.Size = Vector3.new(1.3500009775161743, 22.749998092651367, 1.5)
Part1130.Anchored = true
Part1130.Material = Enum.Material.Fabric
Part1131.Name = "Tree_Collision"
Part1131.Parent = Model1117
Part1131.CFrame = CFrame.new(2426.20825, 124.637207, 2413.17822, -0.990960598, -0.134158701, -0.000181245996, -0.127541363, 0.941661239, 0.311462075, -0.0416149199, 0.308669418, -0.950258791)
Part1131.Orientation = Vector3.new(-18.149999618530273, -179.99000549316406, -7.710000038146973)
Part1131.Position = Vector3.new(2426.208251953125, 124.63720703125, 2413.17822265625)
Part1131.Rotation = Vector3.new(-161.85000610351562, -0.009999999776482582, 172.2899932861328)
Part1131.Transparency = 1
Part1131.Size = Vector3.new(1.3500009775161743, 23.749998092651367, 1.5)
Part1131.Anchored = true
Part1131.Material = Enum.Material.Fabric
Part1132.Name = "Tree_Collision"
Part1132.Parent = Model1117
Part1132.CFrame = CFrame.new(2418.67676, 124.196869, 2401.62109, -0.993061066, -0.111696355, 0.0368089341, -0.110225655, 0.993108928, 0.0398228765, -0.0410035923, 0.0354891904, -0.998528779)
Part1132.Orientation = Vector3.new(-2.2799999713897705, 177.88999938964844, -6.329999923706055)
Part1132.Position = Vector3.new(2418.6767578125, 124.19686889648438, 2401.62109375)
Part1132.Rotation = Vector3.new(-177.72000122070312, 2.109999895095825, 173.5800018310547)
Part1132.Transparency = 1
Part1132.Size = Vector3.new(1.3500009775161743, 23.749998092651367, 1.5)
Part1132.Anchored = true
Part1132.Material = Enum.Material.Fabric
Part1133.Name = "Tree_Collision"
Part1133.Parent = Model1117
Part1133.CFrame = CFrame.new(2468.14282, 123.861725, 2392.15674, -0.986150861, 0.165770173, 0.00529475464, 0.165797085, 0.986147106, 0.00512951612, -0.00437131617, 0.00593636883, -0.999973059)
Part1133.Orientation = Vector3.new(-0.28999999165534973, 179.6999969482422, 9.539999961853027)
Part1133.Position = Vector3.new(2468.142822265625, 123.86172485351562, 2392.15673828125)
Part1133.Rotation = Vector3.new(-179.7100067138672, 0.30000001192092896, -170.4600067138672)
Part1133.Transparency = 1
Part1133.Size = Vector3.new(1.3500009775161743, 22.749998092651367, 1.5)
Part1133.Anchored = true
Part1133.Material = Enum.Material.Fabric
Model1134.Name = "茂み"
Model1134.Parent = Folder0
Part1135.Name = "TreeMesh Bottom"
Part1135.Parent = Model1134
Part1135.CFrame = CFrame.new(2170.69214, 205.682953, 2759.78247, -0.741076052, 0.0215715095, 0.671075583, 0.0103396159, 0.999732316, -0.0207179319, -0.671343207, -0.00841489621, -0.741099894)
Part1135.Orientation = Vector3.new(1.190000057220459, 137.83999633789062, 0.5899999737739563)
Part1135.Position = Vector3.new(2170.692138671875, 205.68295288085938, 2759.782470703125)
Part1135.Rotation = Vector3.new(178.39999389648438, 42.150001525878906, -178.3300018310547)
Part1135.Size = Vector3.new(8.250000953674316, 0.2499980926513672, 7)
Part1135.Anchored = true
Part1135.CanCollide = false
Part1135.Material = Enum.Material.Fabric
SpecialMesh1136.Name = "BarkMesh"
SpecialMesh1136.Parent = Part1135
SpecialMesh1136.MeshId = "rbxassetid://623621260"
SpecialMesh1136.Offset = Vector3.new(0, 3.4100000858306885, 0)
SpecialMesh1136.TextureId = "rbxassetid://623618671"
SpecialMesh1136.MeshType = Enum.MeshType.FileMesh
Part1137.Name = "TreeMeshTop"
Part1137.Parent = Model1134
Part1137.CFrame = CFrame.new(2171.34229, 235.814789, 2759.52979, -0.741076052, 0.0215715095, 0.671075583, 0.0103396159, 0.999732316, -0.0207179319, -0.671343207, -0.00841489621, -0.741099894)
Part1137.Orientation = Vector3.new(1.190000057220459, 137.83999633789062, 0.5899999737739563)
Part1137.Position = Vector3.new(2171.34228515625, 235.81478881835938, 2759.52978515625)
Part1137.Rotation = Vector3.new(178.39999389648438, 42.150001525878906, -178.3300018310547)
Part1137.Transparency = 0.05000000074505806
Part1137.Size = Vector3.new(8.250000953674316, 0.2499980926513672, 7)
Part1137.Anchored = true
Part1137.CanCollide = false
Part1137.Material = Enum.Material.Fabric
SpecialMesh1138.Name = "TopTreeMesh"
SpecialMesh1138.Parent = Part1137
SpecialMesh1138.MeshId = "rbxassetid://623621456"
SpecialMesh1138.Offset = Vector3.new(0, 3.4100000858306885, 0)
SpecialMesh1138.Scale = Vector3.new(1.600000023841858, 1.600000023841858, 1.600000023841858)
SpecialMesh1138.TextureId = "rbxassetid://745556120"
SpecialMesh1138.MeshType = Enum.MeshType.FileMesh
Part1139.Name = "Tree_Collision"
Part1139.Parent = Model1134
Part1139.CFrame = CFrame.new(2175.34546, 218.693024, 2756.98877, -0.73225069, 0.160194352, 0.66192764, 0.106842205, 0.986928582, -0.120655291, -0.672603846, -0.0176280215, -0.739793777)
Part1139.Orientation = Vector3.new(6.929999828338623, 138.17999267578125, 6.179999828338623)
Part1139.Position = Vector3.new(2175.345458984375, 218.69302368164062, 2756.98876953125)
Part1139.Rotation = Vector3.new(170.74000549316406, 41.45000076293945, -167.66000366210938)
Part1139.Transparency = 1
Part1139.Size = Vector3.new(1.3500009775161743, 26.749998092651367, 1.5)
Part1139.Anchored = true
Part1139.Material = Enum.Material.Fabric
Part1140.Name = "Tree_Collision"
Part1140.Parent = Model1134
Part1140.CFrame = CFrame.new(2177.28833, 217.560028, 2746.72534, -0.680058539, -0.142604426, 0.719156325, -0.292925358, 0.952057719, -0.0882127583, -0.672099113, -0.270649076, -0.689226627)
Part1140.Orientation = Vector3.new(5.059999942779541, 133.77999877929688, -17.100000381469727)
Part1140.Position = Vector3.new(2177.288330078125, 217.56002807617188, 2746.725341796875)
Part1140.Rotation = Vector3.new(172.7100067138672, 45.97999954223633, 168.16000366210938)
Part1140.Transparency = 1
Part1140.Size = Vector3.new(1.3500009775161743, 23.749998092651367, 1.5)
Part1140.Anchored = true
Part1140.Material = Enum.Material.Fabric
Part1141.Name = "Tree_Collision"
Part1141.Parent = Model1134
Part1141.CFrame = CFrame.new(2185.68848, 219.051239, 2770.51221, -0.729343951, 0.218703821, 0.648249686, 0.124050364, 0.974097192, -0.189068168, -0.672808528, -0.0574799404, -0.737581491)
Part1141.Orientation = Vector3.new(10.899999618530273, 138.69000244140625, 7.260000228881836)
Part1141.Position = Vector3.new(2185.6884765625, 219.05123901367188, 2770.51220703125)
Part1141.Rotation = Vector3.new(165.6199951171875, 40.40999984741211, -163.30999755859375)
Part1141.Transparency = 1
Part1141.Size = Vector3.new(1.3500009775161743, 26.749998092651367, 1.5)
Part1141.Anchored = true
Part1141.Material = Enum.Material.Fabric
Part1142.Name = "Tree_Collision"
Part1142.Parent = Model1134
Part1142.CFrame = CFrame.new(2137.50415, 218.093018, 2743.4436, -0.739895344, -0.16181232, 0.652972579, -0.00087145099, 0.970871031, 0.239602923, -0.672723055, 0.176711828, -0.71848321)
Part1142.Orientation = Vector3.new(-13.859999656677246, 137.72999572753906, -0.05000000074505806)
Part1142.Position = Vector3.new(2137.504150390625, 218.093017578125, 2743.443603515625)
Part1142.Rotation = Vector3.new(-161.55999755859375, 40.77000045776367, 167.66000366210938)
Part1142.Transparency = 1
Part1142.Size = Vector3.new(1.3500009775161743, 23.749998092651367, 1.5)
Part1142.Anchored = true
Part1142.Material = Enum.Material.Fabric
Part1143.Name = "Tree_Collision"
Part1143.Parent = Model1134
Part1143.CFrame = CFrame.new(2168.24829, 218.854065, 2774.18408, -0.736039639, 0.0375431478, 0.675897717, 0.224097282, 0.955676436, 0.190954015, -0.638770878, 0.292016506, -0.71182847)
Part1143.Orientation = Vector3.new(-11.010000228881836, 136.47999572753906, 13.199999809265137)
Part1143.Position = Vector3.new(2168.248291015625, 218.85406494140625, 2774.18408203125)
Part1143.Rotation = Vector3.new(-164.97999572753906, 42.52000045776367, -177.0800018310547)
Part1143.Transparency = 1
Part1143.Size = Vector3.new(1.3500009775161743, 26.749998092651367, 1.5)
Part1143.Anchored = true
Part1143.Material = Enum.Material.Fabric
Part1144.Name = "Tree_Collision"
Part1144.Parent = Model1134
Part1144.CFrame = CFrame.new(2190.79468, 216.931519, 2750.21045, -0.65929848, 0.306358278, 0.686637878, 0.0963063091, 0.940111697, -0.326979429, -0.745689571, -0.149449185, -0.649317682)
Part1144.Orientation = Vector3.new(19.09000015258789, 133.39999389648438, 5.849999904632568)
Part1144.Position = Vector3.new(2190.794677734375, 216.9315185546875, 2750.21044921875)
Part1144.Rotation = Vector3.new(153.27000427246094, 43.36000061035156, -155.0800018310547)
Part1144.Transparency = 1
Part1144.Size = Vector3.new(1.3500009775161743, 22.749998092651367, 1.5)
Part1144.Anchored = true
Part1144.Material = Enum.Material.Fabric
Part1145.Name = "Tree_Collision"
Part1145.Parent = Model1134
Part1145.CFrame = CFrame.new(2157.04028, 218.429626, 2737.92456, -0.705471277, -0.121604428, 0.698229074, -0.15273805, 0.988107264, 0.0177676249, -0.69208622, -0.094111681, -0.715654254)
Part1145.Orientation = Vector3.new(-1.0199999809265137, 135.7100067138672, -8.789999961853027)
Part1145.Position = Vector3.new(2157.040283203125, 218.42962646484375, 2737.924560546875)
Part1145.Rotation = Vector3.new(-178.5800018310547, 44.290000915527344, 170.22000122070312)
Part1145.Transparency = 1
Part1145.Size = Vector3.new(1.3500009775161743, 23.749998092651367, 1.5)
Part1145.Anchored = true
Part1145.Material = Enum.Material.Fabric
Part1146.Name = "Tree_Collision"
Part1146.Parent = Model1134
Part1146.CFrame = CFrame.new(2151.34546, 216.415161, 2724.11865, -0.747399211, 0.000749588013, 0.664375901, -0.155309498, 0.972095132, -0.17581445, -0.645968735, -0.234587386, -0.726426005)
Part1146.Orientation = Vector3.new(10.130000114440918, 137.5500030517578, -9.079999923706055)
Part1146.Position = Vector3.new(2151.345458984375, 216.4151611328125, 2724.11865234375)
Part1146.Rotation = Vector3.new(166.38999938964844, 41.630001068115234, -179.94000244140625)
Part1146.Transparency = 1
Part1146.Size = Vector3.new(1.3500009775161743, 20.749998092651367, 1.5)
Part1146.Anchored = true
Part1146.Material = Enum.Material.Fabric
Part1147.Name = "Tree_Collision"
Part1147.Parent = Model1134
Part1147.CFrame = CFrame.new(2185.03394, 217.174133, 2790.573, -0.704281986, 0.273768276, 0.655011058, 0.277727276, 0.955369234, -0.100687586, -0.653342724, 0.111002102, -0.748881519)
Part1147.Orientation = Vector3.new(5.78000020980835, 138.8300018310547, 16.209999084472656)
Part1147.Position = Vector3.new(2185.033935546875, 217.17413330078125, 2790.572998046875)
Part1147.Rotation = Vector3.new(172.33999633789062, 40.91999816894531, -158.75999450683594)
Part1147.Transparency = 1
Part1147.Size = Vector3.new(1.3500009775161743, 22.749998092651367, 1.5)
Part1147.Anchored = true
Part1147.Material = Enum.Material.Fabric
Part1148.Name = "Tree_Collision"
Part1148.Parent = Model1134
Part1148.CFrame = CFrame.new(2154.95923, 218.522064, 2772.57153, -0.709285676, -0.285625488, 0.644463599, -0.118161149, 0.949472487, 0.290758789, -0.694948912, 0.130080223, -0.707196355)
Part1148.Orientation = Vector3.new(-16.899999618530273, 137.66000366210938, -7.090000152587891)
Part1148.Position = Vector3.new(2154.959228515625, 218.52206420898438, 2772.571533203125)
Part1148.Rotation = Vector3.new(-157.64999389648438, 40.130001068115234, 158.07000732421875)
Part1148.Transparency = 1
Part1148.Size = Vector3.new(1.3500009775161743, 23.749998092651367, 1.5)
Part1148.Anchored = true
Part1148.Material = Enum.Material.Fabric
Part1149.Name = "Tree_Collision"
Part1149.Parent = Model1134
Part1149.CFrame = CFrame.new(2157.12305, 217.909027, 2758.95459, -0.710867643, -0.0845169649, 0.698230147, -0.100815482, 0.994746566, 0.0177684817, -0.696064293, -0.0577614345, -0.7156533)
Part1149.Orientation = Vector3.new(-1.0199999809265137, 135.7100067138672, -5.789999961853027)
Part1149.Position = Vector3.new(2157.123046875, 217.90902709960938, 2758.95458984375)
Part1149.Rotation = Vector3.new(-178.5800018310547, 44.290000915527344, 173.22000122070312)
Part1149.Transparency = 1
Part1149.Size = Vector3.new(1.3500009775161743, 23.749998092651367, 1.5)
Part1149.Anchored = true
Part1149.Material = Enum.Material.Fabric
Part1150.Name = "Tree_Collision"
Part1150.Parent = Model1134
Part1150.CFrame = CFrame.new(2200.12476, 216.857178, 2785.15234, -0.724193871, 0.140783519, 0.675073922, 0.175850719, 0.984276831, -0.016620338, -0.666799784, 0.106675945, -0.737563372)
Part1150.Orientation = Vector3.new(0.949999988079071, 137.52999877929688, 10.130000114440918)
Part1150.Position = Vector3.new(2200.124755859375, 216.857177734375, 2785.15234375)
Part1150.Rotation = Vector3.new(178.7100067138672, 42.459999084472656, -169)
Part1150.Transparency = 1
Part1150.Size = Vector3.new(1.3500009775161743, 22.749998092651367, 1.5)
Part1150.Anchored = true
Part1150.Material = Enum.Material.Fabric
Part1151.Name = "waterfallsound"
Part1151.Parent = Folder0
Part1151.CFrame = CFrame.new(1999.646, 404.354279, 3643.42139, 0.65767175, 0.12762104, 0.74241519, -1.86264515e-09, 0.985545814, -0.169413984, -0.753306508, 0.111419156, 0.648163378)
Part1151.Orientation = Vector3.new(9.75, 48.880001068115234, 0)
Part1151.Position = Vector3.new(1999.64599609375, 404.3542785644531, 3643.42138671875)
Part1151.Rotation = Vector3.new(14.649999618530273, 47.939998626708984, -10.979999542236328)
Part1151.Transparency = 1
Part1151.Size = Vector3.new(37, 37, 20)
Part1151.Anchored = true
Part1151.BottomSurface = Enum.SurfaceType.Smooth
Part1151.CanCollide = false
Part1151.TopSurface = Enum.SurfaceType.Smooth
Sound1152.Name = "waterfall perfect loop"
Sound1152.Parent = Part1151
Sound1152.Looped = true
Sound1152.PlayOnRemove = true
Sound1152.Playing = true
Sound1152.SoundId = "rbxassetid://1989859039"
Model1153.Name = "茂み"
Model1153.Parent = Folder0
Part1154.Name = "TreeMesh Bottom"
Part1154.Parent = Model1153
Part1154.CFrame = CFrame.new(2050.90015, 112.84845, 2451.41357, -0.292432666, 4.14384488e-07, -0.95628649, 6.46105436e-09, 1.00000072, 4.39700671e-07, 0.956286788, 1.33387047e-07, -0.292432278)
Part1154.Orientation = Vector3.new(0, -107, 0)
Part1154.Position = Vector3.new(2050.900146484375, 112.84844970703125, 2451.41357421875)
Part1154.Rotation = Vector3.new(-180, -73, -180)
Part1154.Size = Vector3.new(8.250000953674316, 0.2499980926513672, 7)
Part1154.Anchored = true
Part1154.CanCollide = false
Part1154.Material = Enum.Material.Fabric
SpecialMesh1155.Name = "BarkMesh"
SpecialMesh1155.Parent = Part1154
SpecialMesh1155.MeshId = "rbxassetid://623621260"
SpecialMesh1155.Offset = Vector3.new(0, 3.4100000858306885, 0)
SpecialMesh1155.TextureId = "rbxassetid://623618671"
SpecialMesh1155.MeshType = Enum.MeshType.FileMesh
Part1156.Name = "TreeMeshTop"
Part1156.Parent = Model1153
Part1156.CFrame = CFrame.new(2050.90088, 142.988342, 2451.41309, -0.292432666, 4.14384488e-07, -0.95628649, 6.46105436e-09, 1.00000072, 4.39700671e-07, 0.956286788, 1.33387047e-07, -0.292432278)
Part1156.Orientation = Vector3.new(0, -107, 0)
Part1156.Position = Vector3.new(2050.90087890625, 142.98834228515625, 2451.4130859375)
Part1156.Rotation = Vector3.new(-180, -73, -180)
Part1156.Transparency = 0.05000000074505806
Part1156.Size = Vector3.new(8.250000953674316, 0.2499980926513672, 7)
Part1156.Anchored = true
Part1156.CanCollide = false
Part1156.Material = Enum.Material.Fabric
SpecialMesh1157.Name = "TopTreeMesh"
SpecialMesh1157.Parent = Part1156
SpecialMesh1157.MeshId = "rbxassetid://623621456"
SpecialMesh1157.Offset = Vector3.new(0, 3.4100000858306885, 0)
SpecialMesh1157.Scale = Vector3.new(1.600000023841858, 1.600000023841858, 1.600000023841858)
SpecialMesh1157.TextureId = "rbxassetid://745556120"
SpecialMesh1157.MeshType = Enum.MeshType.FileMesh
Part1158.Name = "Tree_Collision"
Part1158.Parent = Model1153
Part1158.CFrame = CFrame.new(2046.6123, 125.978935, 2448.59814, -0.295704454, -0.0674711168, -0.952894151, 0.0966772735, 0.99026823, -0.100118592, 0.950375617, -0.121728621, -0.286303252)
Part1158.Orientation = Vector3.new(5.75, -106.72000122070312, 5.579999923706055)
Part1158.Position = Vector3.new(2046.6123046875, 125.97893524169922, 2448.59814453125)
Part1158.Rotation = Vector3.new(160.72999572753906, -72.33999633789062, 167.14999389648438)
Part1158.Transparency = 1
Part1158.Size = Vector3.new(1.3500009775161743, 26.749998092651367, 1.5)
Part1158.Anchored = true
Part1158.Material = Enum.Material.Fabric
Part1159.Name = "Tree_Collision"
Part1159.Parent = Model1153
Part1159.CFrame = CFrame.new(2036.47876, 124.97448, 2451.18677, -0.32414189, -0.168349653, -0.93090874, -0.301860869, 0.951004326, -0.0668760166, 0.896556437, 0.259327561, -0.359077901)
Part1159.Orientation = Vector3.new(3.8299999237060547, -111.08999633789062, -17.610000610351562)
Part1159.Position = Vector3.new(2036.478759765625, 124.97447967529297, 2451.186767578125)
Part1159.Rotation = Vector3.new(169.4499969482422, -68.58000183105469, 152.5500030517578)
Part1159.Transparency = 1
Part1159.Size = Vector3.new(1.3500009775161743, 23.749998092651367, 1.5)
Part1159.Anchored = true
Part1159.Material = Enum.Material.Fabric
Part1160.Name = "Tree_Collision"
Part1160.Parent = Model1153
Part1160.CFrame = CFrame.new(2054.46143, 126.446365, 2433.49316, -0.296836257, -0.128622219, -0.946226835, 0.113945588, 0.979037941, -0.168827593, 0.948106527, -0.157932386, -0.275957465)
Part1160.Orientation = Vector3.new(9.720000267028809, -106.26000213623047, 6.639999866485596)
Part1160.Position = Vector3.new(2054.46142578125, 126.44636535644531, 2433.4931640625)
Part1160.Rotation = Vector3.new(148.5399932861328, -71.12999725341797, 156.57000732421875)
Part1160.Transparency = 1
Part1160.Size = Vector3.new(1.3500009775161743, 26.749998092651367, 1.5)
Part1160.Anchored = true
Part1160.Material = Enum.Material.Fabric
Part1161.Name = "Tree_Collision"
Part1161.Parent = Model1153
Part1161.CFrame = CFrame.new(2050.42676, 124.67675, 2488.59277, -0.294371396, 0.245003045, -0.923753023, -0.0111710001, 0.965633392, 0.259670645, 0.955626547, 0.0867587179, -0.281517357)
Part1161.Orientation = Vector3.new(-15.050000190734863, -106.94999694824219, -0.6600000262260437)
Part1161.Position = Vector3.new(2050.4267578125, 124.67675018310547, 2488.5927734375)
Part1161.Rotation = Vector3.new(-137.30999755859375, -67.4800033569336, -140.22999572753906)
Part1161.Transparency = 1
Part1161.Size = Vector3.new(1.3500009775161743, 23.749998092651367, 1.5)
Part1161.Anchored = true
Part1161.Material = Enum.Material.Fabric
Part1162.Name = "Tree_Collision"
Part1162.Parent = Model1153
Part1162.CFrame = CFrame.new(2065.1936, 125.842125, 2447.71069, -0.261506468, 0.264369875, -0.928290665, 0.213534802, 0.953773439, 0.21147278, 0.94128567, -0.142920926, -0.30586946)
Part1162.Orientation = Vector3.new(-12.210000038146973, -108.23999786376953, 12.619999885559082)
Part1162.Position = Vector3.new(2065.193603515625, 125.84212493896484, 2447.710693359375)
Part1162.Rotation = Vector3.new(-145.33999633789062, -68.16999816894531, -134.69000244140625)
Part1162.Transparency = 1
Part1162.Size = Vector3.new(1.3500009775161743, 26.749998092651367, 1.5)
Part1162.Anchored = true
Part1162.Material = Enum.Material.Fabric
Part1163.Name = "Tree_Collision"
Part1163.Parent = Model1153
Part1163.CFrame = CFrame.new(2033.88208, 124.608223, 2437.47241, -0.39303267, -0.249681801, -0.88497746, 0.0883334056, 0.947726488, -0.306615651, 0.915272713, -0.1986828, -0.350431681)
Part1163.Orientation = Vector3.new(17.860000610351562, -111.5999984741211, 5.320000171661377)
Part1163.Position = Vector3.new(2033.882080078125, 124.60822296142578, 2437.472412109375)
Part1163.Rotation = Vector3.new(138.82000732421875, -62.25, 147.57000732421875)
Part1163.Transparency = 1
Part1163.Size = Vector3.new(1.3500009775161743, 22.749998092651367, 1.5)
Part1163.Anchored = true
Part1163.Material = Enum.Material.Fabric
Part1164.Name = "Tree_Collision"
Part1164.Parent = Model1153
Part1164.CFrame = CFrame.new(2037.13428, 125.481125, 2473.26636, -0.329076409, -0.0168996342, -0.944152415, -0.162091792, 0.986011505, 0.0388468653, 0.930288315, 0.165822893, -0.327211857)
Part1164.Orientation = Vector3.new(-2.2300000190734863, -109.11000061035156, -9.34000015258789)
Part1164.Position = Vector3.new(2037.13427734375, 125.48112487792969, 2473.266357421875)
Part1164.Rotation = Vector3.new(-173.22999572753906, -70.76000213623047, 177.05999755859375)
Part1164.Transparency = 1
Part1164.Size = Vector3.new(1.3500009775161743, 23.749998092651367, 1.5)
Part1164.Anchored = true
Part1164.Material = Enum.Material.Fabric
Part1165.Name = "Tree_Collision"
Part1165.Parent = Model1153
Part1165.CFrame = CFrame.new(2027.02612, 123.460571, 2484.25879, -0.269561976, -0.196306258, -0.942762434, -0.165954933, 0.973825097, -0.155323118, 0.948576212, 0.114586905, -0.295083612)
Part1165.Orientation = Vector3.new(8.9399995803833, -107.37999725341797, -9.670000076293945)
Part1165.Position = Vector3.new(2027.026123046875, 123.4605712890625, 2484.2587890625)
Part1165.Rotation = Vector3.new(152.24000549316406, -70.5199966430664, 143.94000244140625)
Part1165.Transparency = 1
Part1165.Size = Vector3.new(1.3500009775161743, 20.749998092651367, 1.5)
Part1165.Anchored = true
Part1165.Material = Enum.Material.Fabric
Part1166.Name = "Tree_Collision"
Part1166.Parent = Model1153
Part1166.CFrame = CFrame.new(2072.86353, 124.38681, 2425.52393, -0.28729111, 0.000140197575, -0.957843721, 0.267958373, 0.960084915, -0.0802296177, 0.919599771, -0.279711336, -0.275860816)
Part1166.Orientation = Vector3.new(4.599999904632568, -106.06999969482422, 15.59000015258789)
Part1166.Position = Vector3.new(2072.863525390625, 124.38681030273438, 2425.52392578125)
Part1166.Rotation = Vector3.new(163.77999877929688, -73.30000305175781, -179.97000122070312)
Part1166.Transparency = 1
Part1166.Size = Vector3.new(1.3500009775161743, 22.749998092651367, 1.5)
Part1166.Anchored = true
Part1166.Material = Enum.Material.Fabric
Part1167.Name = "Tree_Collision"
Part1167.Parent = Model1153
Part1167.CFrame = CFrame.new(2069.37695, 125.237122, 2460.41675, -0.329465747, 0.255064189, -0.909062803, -0.127581537, 0.941962481, 0.310533643, 0.935508788, 0.218289614, -0.277802318)
Part1167.Orientation = Vector3.new(-18.09000015258789, -106.98999786376953, -7.710000038146973)
Part1167.Position = Vector3.new(2069.376953125, 125.23712158203125, 2460.416748046875)
Part1167.Rotation = Vector3.new(-131.82000732421875, -65.37999725341797, -142.25)
Part1167.Transparency = 1
Part1167.Size = Vector3.new(1.3500009775161743, 23.749998092651367, 1.5)
Part1167.Anchored = true
Part1167.Material = Enum.Material.Fabric
Part1168.Name = "Tree_Collision"
Part1168.Parent = Model1153
Part1168.CFrame = CFrame.new(2056.1228, 124.785492, 2464.23975, -0.329511881, 0.000346414745, -0.9441517, -0.110265993, 0.99314332, 0.0388475694, 0.937691212, 0.116908506, -0.327213734)
Part1168.Orientation = Vector3.new(-2.2300000190734863, -109.11000061035156, -6.340000152587891)
Part1168.Position = Vector3.new(2056.122802734375, 124.78549194335938, 2464.23974609375)
Part1168.Rotation = Vector3.new(-173.22999572753906, -70.76000213623047, -179.94000244140625)
Part1168.Transparency = 1
Part1168.Size = Vector3.new(1.3500009775161743, 23.749998092651367, 1.5)
Part1168.Anchored = true
Part1168.Material = Enum.Material.Fabric
Part1169.Name = "Tree_Collision"
Part1169.Parent = Model1153
Part1169.CFrame = CFrame.new(2061.53833, 124.441109, 2414.16846, -0.292717308, 0.0532321185, -0.954716504, 0.165792659, 0.986152649, 0.0041526733, 0.941716969, -0.15706937, -0.297488868)
Part1169.Orientation = Vector3.new(-0.23999999463558197, -107.30999755859375, 9.539999961853027)
Part1169.Position = Vector3.new(2061.538330078125, 124.44110870361328, 2414.16845703125)
Part1169.Rotation = Vector3.new(-179.1999969482422, -72.69000244140625, -169.69000244140625)
Part1169.Transparency = 1
Part1169.Size = Vector3.new(1.3500009775161743, 22.749998092651367, 1.5)
Part1169.Anchored = true
Part1169.Material = Enum.Material.Fabric
Model1170.Name = "茂み"
Model1170.Parent = Folder0
Part1171.Name = "TreeMesh Bottom"
Part1171.Parent = Model1170
Part1171.CFrame = CFrame.new(2072.65845, 207.648224, 2737.83984, -0.671055079, 0.0222263075, -0.74107635, 0.0216938891, 0.999712348, 0.0103392275, 0.741092145, -0.00913860835, -0.671342671)
Part1171.Orientation = Vector3.new(-0.5899999737739563, -132.1699981689453, 1.2400000095367432)
Part1171.Position = Vector3.new(2072.658447265625, 207.64822387695312, 2737.83984375)
Part1171.Rotation = Vector3.new(-179.1199951171875, -47.81999969482422, -178.10000610351562)
Part1171.Size = Vector3.new(8.250000953674316, 0.2499980926513672, 7)
Part1171.Anchored = true
Part1171.CanCollide = false
Part1171.Material = Enum.Material.Fabric
SpecialMesh1172.Name = "BarkMesh"
SpecialMesh1172.Parent = Part1171
SpecialMesh1172.MeshId = "rbxassetid://623621260"
SpecialMesh1172.Offset = Vector3.new(0, 3.4100000858306885, 0)
SpecialMesh1172.TextureId = "rbxassetid://623618671"
SpecialMesh1172.MeshType = Enum.MeshType.FileMesh
Part1173.Name = "TreeMeshTop"
Part1173.Parent = Model1170
Part1173.CFrame = CFrame.new(2073.32959, 237.779449, 2737.56445, -0.671055079, 0.0222263075, -0.74107635, 0.0216938891, 0.999712348, 0.0103392275, 0.741092145, -0.00913860835, -0.671342671)
Part1173.Orientation = Vector3.new(-0.5899999737739563, -132.1699981689453, 1.2400000095367432)
Part1173.Position = Vector3.new(2073.32958984375, 237.77944946289062, 2737.564453125)
Part1173.Rotation = Vector3.new(-179.1199951171875, -47.81999969482422, -178.10000610351562)
Part1173.Transparency = 0.05000000074505806
Part1173.Size = Vector3.new(8.250000953674316, 0.2499980926513672, 7)
Part1173.Anchored = true
Part1173.CanCollide = false
Part1173.Material = Enum.Material.Fabric
SpecialMesh1174.Name = "TopTreeMesh"
SpecialMesh1174.Parent = Part1173
SpecialMesh1174.MeshId = "rbxassetid://623621456"
SpecialMesh1174.Offset = Vector3.new(0, 3.4100000858306885, 0)
SpecialMesh1174.Scale = Vector3.new(1.600000023841858, 1.600000023841858, 1.600000023841858)
SpecialMesh1174.TextureId = "rbxassetid://745556120"
SpecialMesh1174.MeshType = Enum.MeshType.FileMesh
Part1175.Name = "Tree_Collision"
Part1175.Parent = Model1170
Part1175.CFrame = CFrame.new(2070.26709, 220.794647, 2733.34839, -0.669355094, 0.0126903243, -0.742836177, 0.11829289, 0.98892051, -0.0896970257, 0.733466744, -0.147911161, -0.663438499)
Part1175.Orientation = Vector3.new(5.150000095367432, -131.77000427246094, 6.820000171661377)
Part1175.Position = Vector3.new(2070.26708984375, 220.79464721679688, 2733.348388671875)
Part1175.Rotation = Vector3.new(172.3000030517578, -47.970001220703125, -178.91000366210938)
Part1175.Transparency = 1
Part1175.Size = Vector3.new(1.3500009775161743, 26.749998092651367, 1.5)
Part1175.Anchored = true
Part1175.Material = Enum.Material.Fabric
Part1176.Name = "Tree_Collision"
Part1176.Parent = Model1170
Part1176.CFrame = CFrame.new(2059.97437, 220.000854, 2731.39062, -0.681073666, -0.241420686, -0.691272616, -0.280623555, 0.958058357, -0.0581098236, 0.676307797, 0.154410288, -0.720255017)
Part1176.Orientation = Vector3.new(3.3299999237060547, -136.17999267578125, -16.329999923706055)
Part1176.Position = Vector3.new(2059.974365234375, 220.0008544921875, 2731.390625)
Part1176.Rotation = Vector3.new(175.38999938964844, -43.72999954223633, 160.47999572753906)
Part1176.Transparency = 1
Part1176.Size = Vector3.new(1.3500009775161743, 23.749998092651367, 1.5)
Part1176.Anchored = true
Part1176.Material = Enum.Material.Fabric
Part1177.Name = "Tree_Collision"
Part1177.Parent = Model1170
Part1177.CFrame = CFrame.new(2083.80054, 220.866821, 2723.01172, -0.669031203, -0.0275086984, -0.742727101, 0.135533661, 0.97804445, -0.158309743, 0.730774224, -0.206578314, -0.650612295)
Part1177.Orientation = Vector3.new(9.109999656677246, -131.22000122070312, 7.889999866485596)
Part1177.Position = Vector3.new(2083.800537109375, 220.8668212890625, 2723.01171875)
Part1177.Rotation = Vector3.new(166.32000732421875, -47.959999084472656, 177.64999389648438)
Part1177.Transparency = 1
Part1177.Size = Vector3.new(1.3500009775161743, 26.749998092651367, 1.5)
Part1177.Anchored = true
Part1177.Material = Enum.Material.Fabric
Part1178.Name = "Tree_Collision"
Part1178.Parent = Model1170
Part1178.CFrame = CFrame.new(2056.69214, 220.139679, 2771.17822, -0.672777653, 0.206297785, -0.710503042, 0.0105465697, 0.962915659, 0.269600481, 0.739771724, 0.173887342, -0.650002241)
Part1178.Orientation = Vector3.new(-15.640000343322754, -132.4499969482422, 0.6299999952316284)
Part1178.Position = Vector3.new(2056.692138671875, 220.13967895507812, 2771.17822265625)
Part1178.Rotation = Vector3.new(-157.47000122070312, -45.279998779296875, -162.9499969482422)
Part1178.Transparency = 1
Part1178.Size = Vector3.new(1.3500009775161743, 23.749998092651367, 1.5)
Part1178.Anchored = true
Part1178.Material = Enum.Material.Fabric
Part1179.Name = "Tree_Collision"
Part1179.Parent = Model1170
Part1179.CFrame = CFrame.new(2087.45581, 220.340546, 2740.44849, -0.631947637, 0.321175337, -0.705330968, 0.234400153, 0.946674109, 0.22105895, 0.738716364, -0.0256321728, -0.673530281)
Part1179.Orientation = Vector3.new(-12.770000457763672, -133.67999267578125, 13.90999984741211)
Part1179.Position = Vector3.new(2087.455810546875, 220.34054565429688, 2740.448486328125)
Part1179.Rotation = Vector3.new(-161.8300018310547, -44.86000061035156, -153.05999755859375)
Part1179.Transparency = 1
Part1179.Size = Vector3.new(1.3500009775161743, 26.749998092651367, 1.5)
Part1179.Anchored = true
Part1179.Material = Enum.Material.Fabric
Part1180.Name = "Tree_Collision"
Part1180.Parent = Model1170
Part1180.CFrame = CFrame.new(2063.44507, 219.433777, 2717.87793, -0.74269557, -0.12043567, -0.658712029, 0.110908218, 0.947984517, -0.298373401, 0.660383224, -0.294656605, -0.690705061)
Part1180.Orientation = Vector3.new(17.360000610351562, -136.36000061035156, 6.670000076293945)
Part1180.Position = Vector3.new(2063.445068359375, 219.43377685546875, 2717.8779296875)
Part1180.Rotation = Vector3.new(156.63999938964844, -41.20000076293945, 170.7899932861328)
Part1180.Transparency = 1
Part1180.Size = Vector3.new(1.3500009775161743, 22.749998092651367, 1.5)
Part1180.Anchored = true
Part1180.Material = Enum.Material.Fabric
Part1181.Name = "Tree_Collision"
Part1181.Parent = Model1170
Part1181.CFrame = CFrame.new(2051.19556, 220.888, 2751.64722, -0.696768224, -0.0638523996, -0.714450836, -0.140216336, 0.988940179, 0.0483618006, 0.703460455, 0.133874506, -0.698013604)
Part1181.Orientation = Vector3.new(-2.7699999809265137, -134.3300018310547, -8.069999694824219)
Part1181.Position = Vector3.new(2051.195556640625, 220.88800048828125, 2751.647216796875)
Part1181.Rotation = Vector3.new(-176.0399932861328, -45.599998474121094, 174.75999450683594)
Part1181.Transparency = 1
Part1181.Size = Vector3.new(1.3500009775161743, 23.749998092651367, 1.5)
Part1181.Anchored = true
Part1181.Material = Enum.Material.Fabric
Part1182.Name = "Tree_Collision"
Part1182.Parent = Model1170
Part1182.CFrame = CFrame.new(2037.3313, 219.226898, 2757.31543, -0.650771081, -0.204696134, -0.731163204, -0.14472051, 0.978761315, -0.1452052, 0.745356441, 0.011319153, -0.666571617)
Part1182.Orientation = Vector3.new(8.350000381469727, -132.35000610351562, -8.40999984741211)
Part1182.Position = Vector3.new(2037.331298828125, 219.22689819335938, 2757.3154296875)
Part1182.Rotation = Vector3.new(167.7100067138672, -46.97999954223633, 162.5399932861328)
Part1182.Transparency = 1
Part1182.Size = Vector3.new(1.3500009775161743, 20.749998092651367, 1.5)
Part1182.Anchored = true
Part1182.Material = Enum.Material.Fabric
Part1183.Name = "Tree_Collision"
Part1183.Parent = Model1170
Part1183.CFrame = CFrame.new(2103.79321, 218.36795, 2723.64404, -0.644854784, 0.140345588, -0.751311243, 0.288841188, 0.954848826, -0.0695474297, 0.707627177, -0.261857271, -0.656274736)
Part1183.Orientation = Vector3.new(3.990000009536743, -131.13999938964844, 16.829999923706055)
Part1183.Position = Vector3.new(2103.793212890625, 218.36795043945312, 2723.64404296875)
Part1183.Rotation = Vector3.new(173.9499969482422, -48.70000076293945, -167.72000122070312)
Part1183.Transparency = 1
Part1183.Size = Vector3.new(1.3500009775161743, 22.749998092651367, 1.5)
Part1183.Anchored = true
Part1183.Material = Enum.Material.Fabric
Part1184.Name = "Tree_Collision"
Part1184.Parent = Model1170
Part1184.CFrame = CFrame.new(2085.82788, 219.893005, 2753.73218, -0.69857204, 0.158974856, -0.697658241, -0.105618089, 0.941419005, 0.320276916, 0.707704067, 0.297421277, -0.640856862)
Part1184.Orientation = Vector3.new(-18.68000030517578, -132.57000732421875, -6.400000095367432)
Part1184.Position = Vector3.new(2085.827880859375, 219.89300537109375, 2753.732177734375)
Part1184.Rotation = Vector3.new(-153.4499969482422, -44.2400016784668, -167.17999267578125)
Part1184.Transparency = 1
Part1184.Size = Vector3.new(1.3500009775161743, 23.749998092651367, 1.5)
Part1184.Anchored = true
Part1184.Material = Enum.Material.Fabric
Part1185.Name = "Tree_Collision"
Part1185.Parent = Model1170
Part1185.CFrame = CFrame.new(2072.19946, 219.724396, 2751.55957, -0.699156284, -0.0272980109, -0.714449644, -0.0882668942, 0.994923174, 0.048363056, 0.709501743, 0.0968754888, -0.698014617)
Part1185.Orientation = Vector3.new(-2.7699999809265137, -134.3300018310547, -5.070000171661377)
Part1185.Position = Vector3.new(2072.199462890625, 219.72439575195312, 2751.5595703125)
Part1185.Rotation = Vector3.new(-176.0399932861328, -45.599998474121094, 177.75999450683594)
Part1185.Transparency = 1
Part1185.Size = Vector3.new(1.3500009775161743, 23.749998092651367, 1.5)
Part1185.Anchored = true
Part1185.Material = Enum.Material.Fabric
Part1186.Name = "Tree_Collision"
Part1186.Parent = Model1170
Part1186.CFrame = CFrame.new(2098.37231, 218.404846, 2708.55005, -0.661435544, 0.136845887, -0.737413824, 0.187185913, 0.982220531, 0.0143764447, 0.726269484, -0.128524274, -0.675289571)
Part1186.Orientation = Vector3.new(-0.8199999928474426, -132.47999572753906, 10.789999961853027)
Part1186.Position = Vector3.new(2098.372314453125, 218.40484619140625, 2708.550048828125)
Part1186.Rotation = Vector3.new(-178.77999877929688, -47.5099983215332, -168.30999755859375)
Part1186.Transparency = 1
Part1186.Size = Vector3.new(1.3500009775161743, 22.749998092651367, 1.5)
Part1186.Anchored = true
Part1186.Material = Enum.Material.Fabric
Model1187.Name = "茂み"
Model1187.Parent = Folder0
Part1188.Name = "TreeMesh Bottom"
Part1188.Parent = Model1187
Part1188.CFrame = CFrame.new(2115.34229, 112.254623, 2413.91406, -0.292432755, -4.8471037e-07, -0.956286907, -3.52039933e-07, 1.00000143, -3.85875893e-07, 0.956287563, 2.41333623e-07, -0.29243207)
Part1188.Orientation = Vector3.new(0, -107, 0)
Part1188.Position = Vector3.new(2115.34228515625, 112.25462341308594, 2413.9140625)
Part1188.Rotation = Vector3.new(180, -73, 180)
