Model1343.Name = "?2"
Model1343.Parent = Folder0
Part1344.Name = "TreeMesh Bottom"
Part1344.Parent = Model1343
Part1344.CFrame = CFrame.new(2648.17578, 143.435104, 2329.09229, -0.627056718, -0.00913918577, -0.778921187, 0.0115848463, 0.999710679, -0.0210559554, 0.778888762, -0.0222269129, -0.626769483)
Part1344.Orientation = Vector3.new(1.2100000381469727, -128.82000732421875, 0.6600000262260437)
Part1344.Position = Vector3.new(2648.17578125, 143.4351043701172, 2329.09228515625)
Part1344.Rotation = Vector3.new(178.0800018310547, -51.15999984741211, 179.16000366210938)
Part1344.Size = Vector3.new(8.250000953674316, 0.2499980926513672, 7)
Part1344.Anchored = true
Part1344.CanCollide = false
Part1344.Material = Enum.Material.Fabric
SpecialMesh1345.Name = "BarkMesh"
SpecialMesh1345.Parent = Part1344
SpecialMesh1345.MeshId = "rbxassetid://623621260"
SpecialMesh1345.Offset = Vector3.new(0, 3.4100000858306885, 0)
SpecialMesh1345.TextureId = "rbxassetid://623618671"
SpecialMesh1345.MeshType = Enum.MeshType.FileMesh
Part1346.Name = "TreeMeshTop"
Part1346.Parent = Model1343
Part1346.CFrame = CFrame.new(2647.90161, 173.566513, 2328.4231, -0.627056718, -0.00913918577, -0.778921187, 0.0115848463, 0.999710679, -0.0210559554, 0.778888762, -0.0222269129, -0.626769483)
Part1346.Orientation = Vector3.new(1.2100000381469727, -128.82000732421875, 0.6600000262260437)
Part1346.Position = Vector3.new(2647.901611328125, 173.56651306152344, 2328.423095703125)
Part1346.Rotation = Vector3.new(178.0800018310547, -51.15999984741211, 179.16000366210938)
Part1346.Transparency = 0.05000000074505806
Part1346.Size = Vector3.new(8.250000953674316, 0.2499980926513672, 7)
Part1346.Anchored = true
Part1346.CanCollide = false
Part1346.Material = Enum.Material.Fabric
SpecialMesh1347.Name = "TopTreeMesh"
SpecialMesh1347.Parent = Part1346
SpecialMesh1347.MeshId = "rbxassetid://623621456"
SpecialMesh1347.Offset = Vector3.new(0, 3.4100000858306885, 0)
SpecialMesh1347.Scale = Vector3.new(1.600000023841858, 1.600000023841858, 1.600000023841858)
SpecialMesh1347.TextureId = "rbxassetid://745556120"
SpecialMesh1347.MeshType = Enum.MeshType.FileMesh
Part1348.Name = "Tree_Collision"
Part1348.Parent = Model1343
Part1348.CFrame = CFrame.new(2645.12256, 156.441574, 2324.59521, -0.628778636, -0.0264119953, -0.777136803, 0.108079322, 0.986752808, -0.120982692, 0.770037711, -0.160063758, -0.6175946)
Part1348.Orientation = Vector3.new(6.949999809265137, -128.47000122070312, 6.25)
Part1348.Position = Vector3.new(2645.12255859375, 156.4415740966797, 2324.59521484375)
Part1348.Rotation = Vector3.new(168.9199981689453, -51, 177.58999633789062)
Part1348.Transparency = 1
Part1348.Size = Vector3.new(1.3500009775161743, 26.749998092651367, 1.5)
Part1348.Anchored = true
Part1348.Material = Enum.Material.Fabric
Part1349.Name = "Tree_Collision"
Part1349.Parent = Model1343
Part1349.CFrame = CFrame.new(2634.76294, 155.312317, 2323.25415, -0.631520748, -0.261394441, -0.729970098, -0.291747749, 0.952379107, -0.0886362791, 0.718377531, 0.156991616, -0.677708626)
Part1349.Orientation = Vector3.new(5.090000152587891, -132.8699951171875, -17.030000686645508)
Part1349.Position = Vector3.new(2634.762939453125, 155.31231689453125, 2323.254150390625)
Part1349.Rotation = Vector3.new(172.5500030517578, -46.880001068115234, 157.50999450683594)
Part1349.Transparency = 1
Part1349.Size = Vector3.new(1.3500009775161743, 23.749998092651367, 1.5)
Part1349.Anchored = true
Part1349.Material = Enum.Material.Fabric
Part1350.Name = "Tree_Collision"
Part1350.Parent = Model1343
Part1350.CFrame = CFrame.new(2658.02271, 156.779953, 2313.4812, -0.629143953, -0.0696093515, -0.774166822, 0.12528275, 0.973877907, -0.189380288, 0.767127037, -0.21613723, -0.603988826)
Part1350.Orientation = Vector3.new(10.920000076293945, -127.95999908447266, 7.329999923706055)
Part1350.Position = Vector3.new(2658.022705078125, 156.7799530029297, 2313.481201171875)
Part1350.Rotation = Vector3.new(162.58999633789062, -50.72999954223633, 173.69000244140625)
Part1350.Transparency = 1
Part1350.Size = Vector3.new(1.3500009775161743, 26.749998092651367, 1.5)
Part1350.Anchored = true
Part1350.Material = Enum.Material.Fabric
Part1351.Name = "Tree_Collision"
Part1351.Parent = Model1343
Part1351.CFrame = CFrame.new(2633.80298, 155.89296, 2363.16113, -0.628509283, 0.186335415, -0.755153716, 0.000373949995, 0.970951736, 0.239272684, 0.777803242, 0.150102764, -0.610321939)
Part1351.Orientation = Vector3.new(-13.84000015258789, -128.9499969482422, 0.019999999552965164)
Part1351.Position = Vector3.new(2633.802978515625, 155.89295959472656, 2363.1611328125)
Part1351.Rotation = Vector3.new(-158.58999633789062, -49.040000915527344, -163.49000549316406)
Part1351.Transparency = 1
Part1351.Size = Vector3.new(1.3500009775161743, 23.749998092651367, 1.5)
Part1351.Anchored = true
Part1351.Material = Enum.Material.Fabric
Part1352.Name = "Tree_Collision"
Part1352.Parent = Model1343
Part1352.CFrame = CFrame.new(2662.70215, 156.600708, 2330.67871, -0.594722927, 0.289831549, -0.749869406, 0.225318298, 0.955460489, 0.190593928, 0.771710992, -0.0556087419, -0.633538723)
Part1352.Orientation = Vector3.new(-10.989999771118164, -130.19000244140625, 13.270000457763672)
Part1352.Position = Vector3.new(2662.7021484375, 156.6007080078125, 2330.6787109375)
Part1352.Rotation = Vector3.new(-163.25999450683594, -48.58000183105469, -154.02000427246094)
Part1352.Transparency = 1
Part1352.Size = Vector3.new(1.3500009775161743, 26.749998092651367, 1.5)
Part1352.Anchored = true
Part1352.Material = Enum.Material.Fabric
Part1353.Name = "Tree_Collision"
Part1353.Parent = Model1343
Part1353.CFrame = CFrame.new(2637.45605, 154.666275, 2309.56836, -0.705994129, -0.166544586, -0.688358128, 0.097500965, 0.939845026, -0.327389538, 0.701475382, -0.298250705, -0.647286892)
Part1353.Orientation = Vector3.new(19.110000610351562, -133.24000549316406, 5.920000076293945)
Part1353.Position = Vector3.new(2637.4560546875, 154.66627502441406, 2309.568359375)
Part1353.Rotation = Vector3.new(153.1699981689453, -43.5, 166.72999572753906)
Part1353.Transparency = 1
Part1353.Size = Vector3.new(1.3500009775161743, 22.749998092651367, 1.5)
Part1353.Anchored = true
Part1353.Material = Enum.Material.Fabric
Part1354.Name = "Tree_Collision"
Part1354.Parent = Model1343
Part1354.CFrame = CFrame.new(2627.15698, 156.210388, 2343.97925, -0.649921596, -0.0863604918, -0.755079865, -0.151520491, 0.988300681, 0.0173839107, 0.744745076, 0.125708342, -0.655403495)
Part1354.Orientation = Vector3.new(-1, -130.9600067138672, -8.720000267028809)
Part1354.Position = Vector3.new(2627.156982421875, 156.21038818359375, 2343.979248046875)
Part1354.Rotation = Vector3.new(-178.47999572753906, -49.029998779296875, 172.42999267578125)
Part1354.Transparency = 1
Part1354.Size = Vector3.new(1.3500009775161743, 23.749998092651367, 1.5)
Part1354.Anchored = true
Part1354.Material = Enum.Material.Fabric
Part1355.Name = "Tree_Collision"
Part1355.Parent = Model1343
Part1355.CFrame = CFrame.new(2613.70435, 154.210602, 2350.46973, -0.601443648, -0.233730331, -0.763961792, -0.154071614, 0.972229898, -0.176153198, 0.783919215, 0.0117587, -0.620752811)
Part1355.Orientation = Vector3.new(10.149999618530273, -129.10000610351562, -9)
Part1355.Position = Vector3.new(2613.704345703125, 154.21060180664062, 2350.4697265625)
Part1355.Rotation = Vector3.new(164.16000366210938, -49.810001373291016, 158.75999450683594)
Part1355.Transparency = 1
Part1355.Size = Vector3.new(1.3500009775161743, 20.749998092651367, 1.5)
Part1355.Anchored = true
Part1355.Material = Enum.Material.Fabric
Part1356.Name = "Tree_Collision"
Part1356.Parent = Model1343
Part1356.CFrame = CFrame.new(2678.08521, 154.891785, 2312.96899, -0.611091375, 0.0953725353, -0.785794735, 0.278919727, 0.954987764, -0.101000749, 0.740791976, -0.280894339, -0.610186219)
Part1356.Orientation = Vector3.new(5.800000190734863, -127.83000183105469, 16.280000686645508)
Part1356.Position = Vector3.new(2678.085205078125, 154.89178466796875, 2312.968994140625)
Part1356.Rotation = Vector3.new(170.60000610351562, -51.790000915527344, -171.1300048828125)
Part1356.Transparency = 1
Part1356.Size = Vector3.new(1.3500009775161743, 22.749998092651367, 1.5)
Part1356.Anchored = true
Part1356.Material = Enum.Material.Fabric
Part1357.Name = "Tree_Collision"
Part1357.Parent = Model1343
Part1357.CFrame = CFrame.new(2661.86646, 156.284912, 2344.03979, -0.65253973, 0.146979153, -0.743364513, -0.116938449, 0.949723244, 0.290431499, 0.748678088, 0.276446164, -0.602544665)
Part1357.Orientation = Vector3.new(-16.8799991607666, -129.02999877929688, -7.019999980926514)
Part1357.Position = Vector3.new(2661.866455078125, 156.284912109375, 2344.039794921875)
Part1357.Rotation = Vector3.new(-154.27000427246094, -48.02000045776367, -167.30999755859375)
Part1357.Transparency = 1
Part1357.Size = Vector3.new(1.3500009775161743, 23.749998092651367, 1.5)
Part1357.Anchored = true
Part1357.Material = Enum.Material.Fabric
Part1358.Name = "Tree_Collision"
Part1358.Parent = Model1343
Part1358.CFrame = CFrame.new(2648.14575, 155.677368, 2342.6731, -0.653551877, -0.0522273704, -0.755078793, -0.0995890573, 0.994876206, 0.0173847061, 0.750302315, 0.0865594968, -0.655404806)
Part1358.Orientation = Vector3.new(-1, -130.9600067138672, -5.71999979019165)
Part1358.Position = Vector3.new(2648.145751953125, 155.6773681640625, 2342.673095703125)
Part1358.Rotation = Vector3.new(-178.47999572753906, -49.029998779296875, 175.42999267578125)
Part1358.Transparency = 1
Part1358.Size = Vector3.new(1.3500009775161743, 23.749998092651367, 1.5)
Part1358.Anchored = true
Part1358.Material = Enum.Material.Fabric
Part1359.Name = "Tree_Collision"
Part1359.Parent = Model1343
Part1359.CFrame = CFrame.new(2671.79517, 154.560715, 2298.21973, -0.623418868, 0.0988096222, -0.775620699, 0.17707406, 0.98405081, -0.016964037, 0.761574388, -0.147918046, -0.630972564)
Part1359.Orientation = Vector3.new(0.9700000286102295, -129.1300048828125, 10.199999809265137)
Part1359.Position = Vector3.new(2671.795166015625, 154.5607147216797, 2298.2197265625)
Part1359.Rotation = Vector3.new(178.4600067138672, -50.86000061035156, -170.99000549316406)
Part1359.Transparency = 1
Part1359.Size = Vector3.new(1.3500009775161743, 22.749998092651367, 1.5)
Part1359.Anchored = true
Part1359.Material = Enum.Material.Fabric
Model1360.Name = "?2"
Model1360.Parent = Folder0
Part1361.Name = "TreeMesh Bottom"
Part1361.Parent = Model1360
Part1361.CFrame = CFrame.new(2594.05127, 144.677994, 2407.24609, -0.821532547, -0.0091392789, -0.570090115, 0.00516559277, 0.999710679, -0.023470629, 0.570139885, -0.0222266931, -0.821247935)
Part1361.Orientation = Vector3.new(1.340000033378601, -145.22999572753906, 0.30000001192092896)
Part1361.Position = Vector3.new(2594.05126953125, 144.67799377441406, 2407.24609375)
Part1361.Rotation = Vector3.new(178.36000061035156, -34.7599983215332, 179.36000061035156)
Part1361.Size = Vector3.new(8.250000953674316, 0.2499980926513672, 7)
Part1361.Anchored = true
Part1361.CanCollide = false
Part1361.Material = Enum.Material.Fabric
SpecialMesh1362.Name = "BarkMesh"
SpecialMesh1362.Parent = Part1361
SpecialMesh1362.MeshId = "rbxassetid://623621260"
SpecialMesh1362.Offset = Vector3.new(0, 3.4100000858306885, 0)
SpecialMesh1362.TextureId = "rbxassetid://623618671"
SpecialMesh1362.MeshType = Enum.MeshType.FileMesh
Part1363.Name = "TreeMeshTop"
Part1363.Parent = Model1360
Part1363.CFrame = CFrame.new(2593.77783, 174.809418, 2406.57715, -0.821532547, -0.0091392789, -0.570090115, 0.00516559277, 0.999710679, -0.023470629, 0.570139885, -0.0222266931, -0.821247935)
Part1363.Orientation = Vector3.new(1.340000033378601, -145.22999572753906, 0.30000001192092896)
Part1363.Position = Vector3.new(2593.77783203125, 174.80941772460938, 2406.5771484375)
Part1363.Rotation = Vector3.new(178.36000061035156, -34.7599983215332, 179.36000061035156)
Part1363.Transparency = 0.05000000074505806
Part1363.Size = Vector3.new(8.250000953674316, 0.2499980926513672, 7)
Part1363.Anchored = true
Part1363.CanCollide = false
Part1363.Material = Enum.Material.Fabric
SpecialMesh1364.Name = "TopTreeMesh"
SpecialMesh1364.Parent = Part1363
SpecialMesh1364.MeshId = "rbxassetid://623621456"
SpecialMesh1364.Offset = Vector3.new(0, 3.4100000858306885, 0)
SpecialMesh1364.Scale = Vector3.new(1.600000023841858, 1.600000023841858, 1.600000023841858)
SpecialMesh1364.TextureId = "rbxassetid://745556120"
SpecialMesh1364.MeshType = Enum.MeshType.FileMesh
Part1365.Name = "Tree_Collision"
Part1365.Parent = Model1360
Part1365.CFrame = CFrame.new(2592.30688, 157.681793, 2402.09155, -0.821326852, 0.0132974796, -0.570304573, 0.101678781, 0.987131536, -0.123416848, 0.561324835, -0.15935342, -0.812109947)
Part1365.Orientation = Vector3.new(7.090000152587891, -144.9199981689453, 5.880000114440918)
Part1365.Position = Vector3.new(2592.306884765625, 157.68179321289062, 2402.091552734375)
Part1365.Rotation = Vector3.new(171.36000061035156, -34.77000045776367, -179.07000732421875)
Part1365.Transparency = 1
Part1365.Size = Vector3.new(1.3500009775161743, 26.749998092651367, 1.5)
Part1365.Anchored = true
Part1365.Material = Enum.Material.Fabric
Part1366.Name = "Tree_Collision"
Part1366.Parent = Model1360
Part1366.CFrame = CFrame.new(2582.75513, 156.496048, 2397.87769, -0.806711555, -0.301413774, -0.508299232, -0.297975183, 0.950265408, -0.0905827656, 0.510322332, 0.078386493, -0.856404305)
Part1366.Orientation = Vector3.new(5.199999809265137, -149.30999755859375, -17.40999984741211)
Part1366.Position = Vector3.new(2582.755126953125, 156.4960479736328, 2397.877685546875)
Part1366.Rotation = Vector3.new(173.9600067138672, -30.549999237060547, 159.50999450683594)
Part1366.Transparency = 1
Part1366.Size = Vector3.new(1.3500009775161743, 23.749998092651367, 1.5)
Part1366.Anchored = true
Part1366.Material = Enum.Material.Fabric
Part1367.Name = "Tree_Collision"
Part1367.Parent = Model1360
Part1367.CFrame = CFrame.new(2607.81665, 158.135101, 2395.07324, -0.820969701, -0.0122216865, -0.570842505, 0.118890405, 0.974197447, -0.191842377, 0.558458328, -0.225364491, -0.798333764)
Part1367.Orientation = Vector3.new(11.0600004196167, -144.42999267578125, 6.960000038146973)
Part1367.Position = Vector3.new(2607.816650390625, 158.13510131835938, 2395.0732421875)
Part1367.Rotation = Vector3.new(166.49000549316406, -34.810001373291016, 179.14999389648438)
Part1367.Transparency = 1
Part1367.Size = Vector3.new(1.3500009775161743, 26.749998092651367, 1.5)
Part1367.Anchored = true
Part1367.Material = Enum.Material.Fabric
Part1368.Name = "Tree_Collision"
Part1368.Parent = Model1360
Part1368.CFrame = CFrame.new(2570.56201, 156.931915, 2435.89062, -0.822544694, 0.129908279, -0.553665936, -0.006049335, 0.971506238, 0.236934423, 0.568669915, 0.198238581, -0.798321605)
Part1368.Orientation = Vector3.new(-13.710000038146973, -145.25999450683594, -0.36000001430511475)
Part1368.Position = Vector3.new(2570.56201171875, 156.93191528320312, 2435.890625)
Part1368.Rotation = Vector3.new(-163.47000122070312, -33.619998931884766, -171.02999877929688)
Part1368.Transparency = 1
Part1368.Size = Vector3.new(1.3500009775161743, 23.749998092651367, 1.5)
Part1368.Anchored = true
Part1368.Material = Enum.Material.Fabric
Part1369.Name = "Tree_Collision"
Part1369.Parent = Model1360
Part1369.CFrame = CFrame.new(2607.45142, 157.923553, 2412.89185, -0.78990984, 0.287378401, -0.541717529, 0.219110131, 0.957343876, 0.188368604, 0.572743177, 0.0300984308, -0.819183052)
Part1369.Orientation = Vector3.new(-10.859999656677246, -146.52000427246094, 12.890000343322754)
Part1369.Position = Vector3.new(2607.451416015625, 157.92355346679688, 2412.891845703125)
Part1369.Rotation = Vector3.new(-167.0500030517578, -32.79999923706055, -160.00999450683594)
Part1369.Transparency = 1
Part1369.Size = Vector3.new(1.3500009775161743, 26.749998092651367, 1.5)
Part1369.Anchored = true
Part1369.Material = Enum.Material.Fabric
Part1370.Name = "Tree_Collision"
Part1370.Parent = Model1360
Part1370.CFrame = CFrame.new(2589.20654, 155.913651, 2385.50879, -0.875968516, -0.0817985088, -0.475384116, 0.0908834934, 0.939879179, -0.329190284, 0.473731279, -0.331564993, -0.815870643)
Part1370.Orientation = Vector3.new(19.219999313354492, -149.77000427246094, 5.519999980926514)
Part1370.Position = Vector3.new(2589.20654296875, 155.9136505126953, 2385.5087890625)
Part1370.Rotation = Vector3.new(158.02999877929688, -28.3799991607666, 174.6699981689453)
Part1370.Transparency = 1
Part1370.Size = Vector3.new(1.3500009775161743, 22.749998092651367, 1.5)
Part1370.Anchored = true
Part1370.Material = Enum.Material.Fabric
Part1371.Name = "Tree_Collision"
Part1371.Parent = Model1360
Part1371.CFrame = CFrame.new(2569.60059, 157.276947, 2415.61304, -0.832740963, -0.12491262, -0.53938961, -0.157951981, 0.987329066, 0.0152082667, 0.530655622, 0.0978622958, -0.841919959)
Part1371.Orientation = Vector3.new(-0.8700000047683716, -147.35000610351562, -9.09000015258789)
Part1371.Position = Vector3.new(2569.6005859375, 157.27694702148438, 2415.613037109375)
Part1371.Rotation = Vector3.new(-178.97000122070312, -32.63999938964844, 171.47000122070312)
Part1371.Transparency = 1
Part1371.Size = Vector3.new(1.3500009775161743, 23.749998092651367, 1.5)
Part1371.Anchored = true
Part1371.Material = Enum.Material.Fabric
Part1372.Name = "Tree_Collision"
Part1372.Parent = Model1360
Part1372.CFrame = CFrame.new(2554.87622, 155.175095, 2418.0376, -0.797281027, -0.233999342, -0.556407213, -0.160353079, 0.970785677, -0.178496584, 0.581920564, -0.0530902967, -0.811511695)
Part1372.Orientation = Vector3.new(10.279999732971191, -145.55999755859375, -9.380000114440918)
Part1372.Position = Vector3.new(2554.876220703125, 155.1750946044922, 2418.03759765625)
Part1372.Rotation = Vector3.new(167.58999633789062, -33.810001373291016, 163.63999938964844)
Part1372.Transparency = 1
Part1372.Size = Vector3.new(1.3500009775161743, 20.749998092651367, 1.5)
Part1372.Anchored = true
Part1372.Material = Enum.Material.Fabric
Part1373.Name = "Tree_Collision"
Part1373.Parent = Model1360
Part1373.CFrame = CFrame.new(2627.21997, 156.367264, 2400.24414, -0.797237635, 0.164452806, -0.580834985, 0.27272132, 0.956507921, -0.1035119, 0.538550854, -0.240929738, -0.807414055)
Part1373.Orientation = Vector3.new(5.940000057220459, -144.27000427246094, 15.90999984741211)
Part1373.Position = Vector3.new(2627.219970703125, 156.3672637939453, 2400.244140625)
Part1373.Rotation = Vector3.new(172.69000244140625, -35.5099983215332, -168.33999633789062)
Part1373.Transparency = 1
Part1373.Size = Vector3.new(1.3500009775161743, 22.749998092651367, 1.5)
Part1373.Anchored = true
Part1373.Material = Enum.Material.Fabric
Part1374.Name = "Tree_Collision"
Part1374.Parent = Model1360
Part1374.CFrame = CFrame.new(2602.87866, 157.55629, 2425.47266, -0.836593151, 0.0566209108, -0.544892371, -0.123399235, 0.949605107, 0.288134784, 0.533747315, 0.308291018, -0.787446558)
Part1374.Orientation = Vector3.new(-16.75, -145.32000732421875, -7.400000095367432)
Part1374.Position = Vector3.new(2602.878662109375, 157.55628967285156, 2425.47265625)
Part1374.Rotation = Vector3.new(-159.89999389648438, -33.02000045776367, -176.1300048828125)
Part1374.Transparency = 1
Part1374.Size = Vector3.new(1.3500009775161743, 23.749998092651367, 1.5)
Part1374.Anchored = true
Part1374.Material = Enum.Material.Fabric
Part1375.Name = "Tree_Collision"
Part1375.Parent = Model1360
Part1375.CFrame = CFrame.new(2590.10767, 156.872452, 2420.28613, -0.838137865, -0.0811582282, -0.539388657, -0.106062375, 0.994242668, 0.0152095854, 0.535049081, 0.0699566603, -0.841920376)
Part1375.Orientation = Vector3.new(-0.8700000047683716, -147.35000610351562, -6.090000152587891)
Part1375.Position = Vector3.new(2590.107666015625, 156.87245178222656, 2420.2861328125)
Part1375.Rotation = Vector3.new(-178.97000122070312, -32.63999938964844, 174.47000122070312)
Part1375.Transparency = 1
Part1375.Size = Vector3.new(1.3500009775161743, 23.749998092651367, 1.5)
Part1375.Anchored = true
Part1375.Material = Enum.Material.Fabric
Part1376.Name = "Tree_Collision"
Part1376.Parent = Model1360
Part1376.CFrame = CFrame.new(2625.35303, 156.050446, 2384.31787, -0.814254344, 0.130009353, -0.565764308, 0.170733273, 0.985126793, -0.0193448626, 0.554834962, -0.112346455, -0.82434088)
Part1376.Orientation = Vector3.new(1.1100000143051147, -145.5399932861328, 9.829999923706055)
Part1376.Position = Vector3.new(2625.35302734375, 156.05044555664062, 2384.31787109375)
Part1376.Rotation = Vector3.new(178.66000366210938, -34.459999084472656, -170.92999267578125)
Part1376.Transparency = 1
Part1376.Size = Vector3.new(1.3500009775161743, 22.749998092651367, 1.5)
Part1376.Anchored = true
Part1376.Material = Enum.Material.Fabric
Model1377.Name = "?2"
Model1377.Parent = Folder0
Part1378.Name = "TreeMesh Bottom"
Part1378.Parent = Model1377
Part1378.CFrame = CFrame.new(2588.08472, 185.018768, 2514.49121, -0.348064989, -0.00913917553, -0.937426031, 0.0176572688, 0.999711096, -0.0163025297, 0.937304378, -0.0222267155, -0.347803026)
Part1378.Orientation = Vector3.new(0.9300000071525574, -110.36000061035156, 1.0099999904632568)
Part1378.Position = Vector3.new(2588.084716796875, 185.01876831054688, 2514.4912109375)
Part1378.Rotation = Vector3.new(177.32000732421875, -69.62000274658203, 178.5)
Part1378.Size = Vector3.new(8.250000953674316, 0.2499980926513672, 7)
Part1378.Anchored = true
Part1378.CanCollide = false
Part1378.Material = Enum.Material.Fabric
SpecialMesh1379.Name = "BarkMesh"
SpecialMesh1379.Parent = Part1378
SpecialMesh1379.MeshId = "rbxassetid://623621260"
SpecialMesh1379.Offset = Vector3.new(0, 3.4100000858306885, 0)
SpecialMesh1379.TextureId = "rbxassetid://623618671"
SpecialMesh1379.MeshType = Enum.MeshType.FileMesh
Part1380.Name = "TreeMeshTop"
Part1380.Parent = Model1377
Part1380.CFrame = CFrame.new(2587.81055, 215.150177, 2513.82153, -0.348064989, -0.00913917553, -0.937426031, 0.0176572688, 0.999711096, -0.0163025297, 0.937304378, -0.0222267155, -0.347803026)
Part1380.Orientation = Vector3.new(0.9300000071525574, -110.36000061035156, 1.0099999904632568)
Part1380.Position = Vector3.new(2587.810546875, 215.15017700195312, 2513.821533203125)
Part1380.Rotation = Vector3.new(177.32000732421875, -69.62000274658203, 178.5)
Part1380.Transparency = 0.05000000074505806
Part1380.Size = Vector3.new(8.250000953674316, 0.2499980926513672, 7)
Part1380.Anchored = true
Part1380.CanCollide = false
Part1380.Material = Enum.Material.Fabric
SpecialMesh1381.Name = "TopTreeMesh"
SpecialMesh1381.Parent = Part1380
SpecialMesh1381.MeshId = "rbxassetid://623621456"
SpecialMesh1381.Offset = Vector3.new(0, 3.4100000858306885, 0)
SpecialMesh1381.Scale = Vector3.new(1.600000023841858, 1.600000023841858, 1.600000023841858)
SpecialMesh1381.TextureId = "rbxassetid://745556120"
SpecialMesh1381.MeshType = Enum.MeshType.FileMesh
Part1382.Name = "Tree_Collision"
Part1382.Parent = Model1377
Part1382.CFrame = CFrame.new(2583.8501, 198.039917, 2511.13965, -0.35186702, -0.0692537874, -0.933484733, 0.114146352, 0.986642063, -0.116223671, 0.929064333, -0.147449166, -0.339261711)
Part1382.Orientation = Vector3.new(6.670000076293945, -109.97000122070312, 6.599999904632568)
Part1382.Position = Vector3.new(2583.85009765625, 198.0399169921875, 2511.1396484375)
Part1382.Rotation = Vector3.new(161.08999633789062, -68.9800033569336, 168.8699951171875)
Part1382.Transparency = 1
Part1382.Size = Vector3.new(1.3500009775161743, 26.749998092651367, 1.5)
Part1382.Anchored = true
Part1382.Material = Enum.Material.Fabric
Part1383.Name = "Tree_Collision"
Part1383.Parent = Model1377
Part1383.CFrame = CFrame.new(2573.5918, 196.986145, 2513.15234, -0.373452783, -0.191969737, -0.907568812, -0.285738826, 0.954589128, -0.0843376741, 0.882545531, 0.227831528, -0.411347181)
Part1383.Orientation = Vector3.new(4.840000152587891, -114.37999725341797, -16.65999984741211)
Part1383.Position = Vector3.new(2573.591796875, 196.98614501953125, 2513.15234375)
Part1383.Rotation = Vector3.new(168.41000366210938, -65.16999816894531, 152.8000030517578)
Part1383.Transparency = 1
Part1383.Size = Vector3.new(1.3500009775161743, 23.749998092651367, 1.5)
Part1383.Anchored = true
Part1383.Material = Enum.Material.Fabric
Part1384.Name = "Tree_Collision"
Part1384.Parent = Model1377
Part1384.CFrame = CFrame.new(2592.56909, 198.261963, 2496.51172, -0.353022188, -0.128067508, -0.926808774, 0.131346926, 0.973993838, -0.184617758, 0.92634964, -0.186907634, -0.327020228)
Part1384.Orientation = Vector3.new(10.640000343322754, -109.44000244140625, 7.679999828338623)
Part1384.Position = Vector3.new(2592.569091796875, 198.261962890625, 2496.51171875)
Part1384.Rotation = Vector3.new(150.5500030517578, -67.94000244140625, 160.05999755859375)
Part1384.Transparency = 1
Part1384.Size = Vector3.new(1.3500009775161743, 26.749998092651367, 1.5)
Part1384.Anchored = true
Part1384.Material = Enum.Material.Fabric
Part1385.Name = "Tree_Collision"
Part1385.Parent = Model1377
Part1385.CFrame = CFrame.new(2585.32153, 197.643829, 2551.30737, -0.349860102, 0.230651349, -0.907963753, 0.00645571016, 0.969786644, 0.243868783, 0.936779916, 0.0794584006, -0.340778649)
Part1385.Orientation = Vector3.new(-14.109999656677246, -110.56999969482422, 0.3799999952316284)
Part1385.Position = Vector3.new(2585.321533203125, 197.64382934570312, 2551.307373046875)
Part1385.Rotation = Vector3.new(-144.41000366210938, -65.2300033569336, -146.60000610351562)
Part1385.Transparency = 1
Part1385.Size = Vector3.new(1.3500009775161743, 23.749998092651367, 1.5)
Part1385.Anchored = true
Part1385.Material = Enum.Material.Fabric
Part1386.Name = "Tree_Collision"
Part1386.Parent = Model1377
Part1386.CFrame = CFrame.new(2602.4519, 198.077667, 2511.34326, -0.318264455, 0.263579309, -0.910622895, 0.231129065, 0.953158379, 0.195111111, 0.919395089, -0.148374498, -0.364277244)
Part1386.Orientation = Vector3.new(-11.25, -111.80000305175781, 13.630000114440918)
Part1386.Position = Vector3.new(2602.451904296875, 198.07766723632812, 2511.34326171875)
Part1386.Rotation = Vector3.new(-151.8300018310547, -65.58999633789062, -140.3699951171875)
Part1386.Transparency = 1
Part1386.Size = Vector3.new(1.3500009775161743, 26.749998092651367, 1.5)
Part1386.Anchored = true
Part1386.Material = Enum.Material.Fabric
Part1387.Name = "Tree_Collision"
Part1387.Parent = Model1377
Part1387.CFrame = CFrame.new(2571.80835, 196.295929, 2499.3208, -0.446887076, -0.246237189, -0.860034585, 0.10402821, 0.940546215, -0.323343188, 0.888521492, -0.233965755, -0.394702315)
Part1387.Orientation = Vector3.new(18.8700008392334, -114.6500015258789, 6.309999942779541)
Part1387.Position = Vector3.new(2571.808349609375, 196.29592895507812, 2499.32080078125)
Part1387.Rotation = Vector3.new(140.67999267578125, -59.31999969482422, 151.13999938964844)
Part1387.Transparency = 1
Part1387.Size = Vector3.new(1.3500009775161743, 22.749998092651367, 1.5)
Part1387.Anchored = true
Part1387.Material = Enum.Material.Fabric
Part1388.Name = "Tree_Collision"
Part1388.Parent = Model1377
Part1388.CFrame = CFrame.new(2572.94604, 197.9776, 2535.21558, -0.381635845, -0.0356164873, -0.923626542, -0.145331323, 0.989140391, 0.0219070334, 0.912816107, 0.142592371, -0.382667601)
Part1388.Orientation = Vector3.new(-1.2599999904632568, -112.5, -8.359999656677246)
Part1388.Position = Vector3.new(2572.946044921875, 197.97760009765625, 2535.215576171875)
Part1388.Rotation = Vector3.new(-176.72000122070312, -67.45999908447266, 174.6699981689453)
Part1388.Transparency = 1
Part1388.Size = Vector3.new(1.3500009775161743, 23.749998092651367, 1.5)
Part1388.Anchored = true
Part1388.Material = Enum.Material.Fabric
Part1389.Name = "Tree_Collision"
Part1389.Parent = Model1377
Part1389.CFrame = CFrame.new(2562.22778, 196.09024, 2545.63965, -0.32326588, -0.21158725, -0.922350526, -0.148177892, 0.973977387, -0.171497047, 0.934635162, 0.081232816, -0.346206218)
Part1389.Orientation = Vector3.new(9.869999885559082, -110.56999969482422, -8.649999618530273)
Part1389.Position = Vector3.new(2562.227783203125, 196.09024047851562, 2545.6396484375)
Part1389.Rotation = Vector3.new(153.64999389648438, -67.2699966430664, 146.7899932861328)
Part1389.Transparency = 1
Part1389.Size = Vector3.new(1.3500009775161743, 20.749998092651367, 1.5)
Part1389.Anchored = true
Part1389.Material = Enum.Material.Fabric
Part1390.Name = "Tree_Collision"
Part1390.Parent = Model1377
Part1390.CFrame = CFrame.new(2611.42407, 196.22226, 2489.68115, -0.343228579, 0.00779162347, -0.939219832, 0.284797728, 0.953751802, -0.0961643308, 0.89503336, -0.300493985, -0.3295739)
Part1390.Orientation = Vector3.new(5.519999980926514, -109.33999633789062, 16.6299991607666)
Part1390.Position = Vector3.new(2611.424072265625, 196.22225952148438, 2489.68115234375)
Part1390.Rotation = Vector3.new(163.72999572753906, -69.91999816894531, -178.6999969482422)
Part1390.Transparency = 1
Part1390.Size = Vector3.new(1.3500009775161743, 22.749998092651367, 1.5)
Part1390.Anchored = true
Part1390.Material = Enum.Material.Fabric
Part1391.Name = "Tree_Collision"
Part1391.Parent = Model1377
Part1391.CFrame = CFrame.new(2605.88794, 197.791565, 2524.28271, -0.38264668, 0.233188212, -0.893982768, -0.110723756, 0.949075401, 0.294951141, 0.91723609, 0.211847246, -0.337341011)
Part1391.Orientation = Vector3.new(-17.149999618530273, -110.66999816894531, -6.650000095367432)
Part1391.Position = Vector3.new(2605.887939453125, 197.79156494140625, 2524.28271484375)
Part1391.Rotation = Vector3.new(-138.83999633789062, -63.380001068115234, -148.63999938964844)
Part1391.Transparency = 1
Part1391.Size = Vector3.new(1.3500009775161743, 23.749998092651367, 1.5)
Part1391.Anchored = true
Part1391.Material = Enum.Material.Fabric
Part1392.Name = "Tree_Collision"
Part1392.Parent = Model1377
Part1392.CFrame = CFrame.new(2592.43726, 197.284668, 2527.33301, -0.38297841, -0.0155938044, -0.923625886, -0.093364425, 0.995390832, 0.0219078194, 0.91902709, 0.0946240425, -0.382669151)
Part1392.Orientation = Vector3.new(-1.2599999904632568, -112.5, -5.360000133514404)
Part1392.Position = Vector3.new(2592.437255859375, 197.28466796875, 2527.3330078125)
Part1392.Rotation = Vector3.new(-176.72000122070312, -67.45999908447266, 177.6699981689453)
Part1392.Transparency = 1
Part1392.Size = Vector3.new(1.3500009775161743, 23.749998092651367, 1.5)
Part1392.Anchored = true
Part1392.Material = Enum.Material.Fabric
Part1393.Name = "Tree_Collision"
Part1393.Parent = Model1377
Part1393.CFrame = CFrame.new(2600.7854, 195.912628, 2477.68359, -0.349009812, 0.0533495173, -0.935599506, 0.183084011, 0.983020961, -0.012242876, 0.919060826, -0.175566196, -0.352851331)
Part1393.Orientation = Vector3.new(0.699999988079071, -110.66000366210938, 10.550000190734863)
Part1393.Position = Vector3.new(2600.785400390625, 195.91262817382812, 2477.68359375)
Part1393.Rotation = Vector3.new(178.00999450683594, -69.33000183105469, -171.30999755859375)
Part1393.Transparency = 1
Part1393.Size = Vector3.new(1.3500009775161743, 22.749998092651367, 1.5)
Part1393.Anchored = true
Part1393.Material = Enum.Material.Fabric
Model1394.Name = "?2"
Model1394.Parent = Folder0
Part1395.Name = "TreeMesh Bottom"
Part1395.Parent = Model1394
Part1395.CFrame = CFrame.new(2561.5022, 186.804932, 2605.75562, -0.598671317, -0.00913919229, -0.800942957, 0.0123333726, 0.999711096, -0.020625934, 0.800900042, -0.022226477, -0.598385692)
Part1395.Orientation = Vector3.new(1.1799999475479126, -126.76000213623047, 0.7099999785423279)
Part1395.Position = Vector3.new(2561.502197265625, 186.804931640625, 2605.755615234375)
Part1395.Rotation = Vector3.new(178.02999877929688, -53.220001220703125, 179.1300048828125)
Part1395.Size = Vector3.new(8.250000953674316, 0.2499980926513672, 7)
Part1395.Anchored = true
Part1395.CanCollide = false
Part1395.Material = Enum.Material.Fabric
SpecialMesh1396.Name = "BarkMesh"
SpecialMesh1396.Parent = Part1395
SpecialMesh1396.MeshId = "rbxassetid://623621260"
SpecialMesh1396.Offset = Vector3.new(0, 3.4100000858306885, 0)
SpecialMesh1396.TextureId = "rbxassetid://623618671"
SpecialMesh1396.MeshType = Enum.MeshType.FileMesh
Part1397.Name = "TreeMeshTop"
Part1397.Parent = Model1394
Part1397.CFrame = CFrame.new(2561.22876, 216.93634, 2605.08594, -0.598671317, -0.00913919229, -0.800942957, 0.0123333726, 0.999711096, -0.020625934, 0.800900042, -0.022226477, -0.598385692)
Part1397.Orientation = Vector3.new(1.1799999475479126, -126.76000213623047, 0.7099999785423279)
Part1397.Position = Vector3.new(2561.228759765625, 216.93634033203125, 2605.0859375)
Part1397.Rotation = Vector3.new(178.02999877929688, -53.220001220703125, 179.1300048828125)
Part1397.Transparency = 0.05000000074505806
Part1397.Size = Vector3.new(8.250000953674316, 0.2499980926513672, 7)
Part1397.Anchored = true
Part1397.CanCollide = false
Part1397.Material = Enum.Material.Fabric
SpecialMesh1398.Name = "TopTreeMesh"
SpecialMesh1398.Parent = Part1397
SpecialMesh1398.MeshId = "rbxassetid://623621456"
SpecialMesh1398.Offset = Vector3.new(0, 3.4100000858306885, 0)
SpecialMesh1398.Scale = Vector3.new(1.600000023841858, 1.600000023841858, 1.600000023841858)
SpecialMesh1398.TextureId = "rbxassetid://745556120"
SpecialMesh1398.MeshType = Enum.MeshType.FileMesh
Part1399.Name = "Tree_Collision"
Part1399.Parent = Model1394
Part1399.CFrame = CFrame.new(2558.30054, 199.812408, 2601.36597, -0.600633502, -0.0313611701, -0.798909485, 0.108826756, 0.986723781, -0.120551609, 0.792083681, -0.159350038, -0.589246452)
Part1399.Orientation = Vector3.new(6.920000076293945, -126.41000366210938, 6.289999961853027)
Part1399.Position = Vector3.new(2558.300537109375, 199.81240844726562, 2601.365966796875)
Part1399.Rotation = Vector3.new(168.44000244140625, -53.029998779296875, 177.00999450683594)
Part1399.Transparency = 1
Part1399.Size = Vector3.new(1.3500009775161743, 26.749998092651367, 1.5)
Part1399.Anchored = true
Part1399.Material = Enum.Material.Fabric
Part1400.Name = "Tree_Collision"
Part1400.Parent = Model1394
Part1400.CFrame = CFrame.new(2547.89844, 198.691071, 2600.39819, -0.605545998, -0.254832983, -0.75390625, -0.291014552, 0.952638507, -0.0882617086, 0.740692139, 0.165951163, -0.651026607)
Part1400.Orientation = Vector3.new(5.059999942779541, -130.80999755859375, -16.989999771118164)
Part1400.Position = Vector3.new(2547.8984375, 198.69107055664062, 2600.398193359375)
Part1400.Rotation = Vector3.new(172.27999877929688, -48.93000030517578, 157.17999267578125)
Part1400.Transparency = 1
Part1400.Size = Vector3.new(1.3500009775161743, 23.749998092651367, 1.5)
Part1400.Anchored = true
Part1400.Material = Enum.Material.Fabric
Part1401.Name = "Tree_Collision"
Part1401.Parent = Model1394
Part1401.CFrame = CFrame.new(2570.79272, 200.136932, 2589.79639, -0.601089358, -0.076553911, -0.795507073, 0.126030177, 0.973866224, -0.188946977, 0.789182127, -0.213831902, -0.57573247)
Part1401.Orientation = Vector3.new(10.890000343322754, -125.88999938964844, 7.369999885559082)
Part1401.Position = Vector3.new(2570.792724609375, 200.13693237304688, 2589.79638671875)
Part1401.Rotation = Vector3.new(161.8300018310547, -52.70000076293945, 172.74000549316406)
Part1401.Transparency = 1
Part1401.Size = Vector3.new(1.3500009775161743, 26.749998092651367, 1.5)
Part1401.Anchored = true
Part1401.Material = Enum.Material.Fabric
Part1402.Name = "Tree_Collision"
Part1402.Parent = Model1394
Part1402.CFrame = CFrame.new(2548.3728, 199.285034, 2640.31396, -0.600170493, 0.192374915, -0.77639401, 0.0011238032, 0.970849156, 0.239688262, 0.799871504, 0.142981336, -0.582891166)
Part1402.Orientation = Vector3.new(-13.869999885559082, -126.9000015258789, 0.07000000029802322)
Part1402.Position = Vector3.new(2548.372802734375, 199.2850341796875, 2640.31396484375)
Part1402.Rotation = Vector3.new(-157.64999389648438, -50.93000030517578, -162.22999572753906)
Part1402.Transparency = 1
Part1402.Size = Vector3.new(1.3500009775161743, 23.749998092651367, 1.5)
Part1402.Anchored = true
Part1402.Material = Enum.Material.Fabric
Part1403.Name = "Tree_Collision"
Part1403.Parent = Model1394
Part1403.CFrame = CFrame.new(2576.08716, 199.95932, 2606.81445, -0.566446781, 0.288403928, -0.771985471, 0.226038724, 0.955210149, 0.19099763, 0.792492747, -0.0663086548, -0.606266141)
Part1403.Orientation = Vector3.new(-11.010000228881836, -128.13999938964844, 13.3100004196167)
Part1403.Position = Vector3.new(2576.087158203125, 199.95932006835938, 2606.814453125)
Part1403.Rotation = Vector3.new(-162.50999450683594, -50.529998779296875, -153.02000427246094)
Part1403.Transparency = 1
Part1403.Size = Vector3.new(1.3500009775161743, 26.749998092651367, 1.5)
Part1403.Anchored = true
Part1403.Material = Enum.Material.Fabric
Part1404.Name = "Tree_Collision"
Part1404.Parent = Model1394
Part1404.CFrame = CFrame.new(2550.09741, 198.038574, 2586.62524, -0.68026948, -0.176402599, -0.711418271, 0.0982888415, 0.939885616, -0.327038497, 0.72634232, -0.29239881, -0.622037053)
Part1404.Orientation = Vector3.new(19.09000015258789, -131.1699981689453, 5.96999979019165)
Part1404.Position = Vector3.new(2550.097412109375, 198.03857421875, 2586.625244140625)
Part1404.Rotation = Vector3.new(152.27000427246094, -45.349998474121094, 165.4600067138672)
Part1404.Transparency = 1
Part1404.Size = Vector3.new(1.3500009775161743, 22.749998092651367, 1.5)
Part1404.Anchored = true
Part1404.Material = Enum.Material.Fabric
Part1405.Name = "Tree_Collision"
Part1405.Parent = Model1394
Part1405.CFrame = CFrame.new(2541.04224, 199.601776, 2621.38281, -0.622877002, -0.0810077339, -0.778114617, -0.150764361, 0.988409579, 0.0177850742, 0.767655253, 0.128389865, -0.627870798)
Part1405.Orientation = Vector3.new(-1.0199999809265137, -128.89999389648438, -8.670000076293945)
Part1405.Position = Vector3.new(2541.042236328125, 199.60177612304688, 2621.3828125)
Part1405.Rotation = Vector3.new(-178.3800048828125, -51.09000015258789, 172.58999633789062)
Part1405.Transparency = 1
Part1405.Size = Vector3.new(1.3500009775161743, 23.749998092651367, 1.5)
Part1405.Anchored = true
Part1405.Material = Enum.Material.Fabric
Part1406.Name = "Tree_Collision"
Part1406.Parent = Model1394
Part1406.CFrame = CFrame.new(2527.82983, 197.614807, 2628.35352, -0.573025405, -0.232386276, -0.785899997, -0.153341949, 0.972421646, -0.175733075, 0.805064261, 0.0198119357, -0.592856824)
Part1406.Orientation = Vector3.new(10.119999885559082, -127.02999877929688, -8.960000038146973)
Part1406.Position = Vector3.new(2527.829833984375, 197.61480712890625, 2628.353515625)
Part1406.Rotation = Vector3.new(163.49000549316406, -51.79999923706055, 157.92999267578125)
Part1406.Transparency = 1
Part1406.Size = Vector3.new(1.3500009775161743, 20.749998092651367, 1.5)
Part1406.Anchored = true
Part1406.Material = Enum.Material.Fabric
Part1407.Name = "Tree_Collision"
Part1407.Parent = Model1394
Part1407.CFrame = CFrame.new(2590.82275, 198.232483, 2588.56445, -0.58387208, 0.0859803408, -0.807280064, 0.279643506, 0.954823017, -0.100559942, 0.762163639, -0.284464806, -0.58153832)
Part1407.Orientation = Vector3.new(5.769999980926514, -125.7699966430664, 16.31999969482422)
Part1407.Position = Vector3.new(2590.82275390625, 198.23248291015625, 2588.564453125)
Part1407.Rotation = Vector3.new(170.19000244140625, -53.83000183105469, -171.6199951171875)
Part1407.Transparency = 1
Part1407.Size = Vector3.new(1.3500009775161743, 22.749998092651367, 1.5)
Part1407.Anchored = true
Part1407.Material = Enum.Material.Fabric
Part1408.Name = "Tree_Collision"
Part1408.Parent = Model1394
Part1408.CFrame = CFrame.new(2575.73096, 199.648438, 2620.19702, -0.625324965, 0.157564536, -0.764292181, -0.116178274, 0.949691713, 0.290840268, 0.771668077, 0.270663798, -0.575560451)
Part1408.Orientation = Vector3.new(-16.90999984741211, -126.9800033569336, -6.96999979019165)
Part1408.Position = Vector3.new(2575.73095703125, 199.6484375, 2620.197021484375)
Part1408.Rotation = Vector3.new(-153.19000244140625, -49.84000015258789, -165.86000061035156)
Part1408.Transparency = 1
Part1408.Size = Vector3.new(1.3500009775161743, 23.749998092651367, 1.5)
