Part1165.Name = "Tree_Collision"
Part1165.Parent = Model1153
Part1165.CFrame = CFrame.new(2027.02612, 123.460571, 2484.25879, -0.269561976, -0.196306258, -0.942762434, -0.165954933, 0.973825097, -0.155323118, 0.948576212, 0.114586905, -0.295083612)
Part1165.Orientation = Vector3.new(8.9399995803833, -107.37999725341797, -9.670000076293945)
Part1165.Position = Vector3.new(2027.026123046875, 123.4605712890625, 2484.2587890625)
Part1165.Rotation = Vector3.new(152.24000549316406, -70.5199966430664, 143.94000244140625)
Part1165.Transparency = 1
Part1165.Size = Vector3.new(1.3500009775161743, 20.749998092651367, 1.5)
Part1165.Anchored = true
Part1165.Material = Enum.Material.Fabric
Part1166.Name = "Tree_Collision"
Part1166.Parent = Model1153
Part1166.CFrame = CFrame.new(2072.86353, 124.38681, 2425.52393, -0.28729111, 0.000140197575, -0.957843721, 0.267958373, 0.960084915, -0.0802296177, 0.919599771, -0.279711336, -0.275860816)
Part1166.Orientation = Vector3.new(4.599999904632568, -106.06999969482422, 15.59000015258789)
Part1166.Position = Vector3.new(2072.863525390625, 124.38681030273438, 2425.52392578125)
Part1166.Rotation = Vector3.new(163.77999877929688, -73.30000305175781, -179.97000122070312)
Part1166.Transparency = 1
Part1166.Size = Vector3.new(1.3500009775161743, 22.749998092651367, 1.5)
Part1166.Anchored = true
Part1166.Material = Enum.Material.Fabric
Part1167.Name = "Tree_Collision"
Part1167.Parent = Model1153
Part1167.CFrame = CFrame.new(2069.37695, 125.237122, 2460.41675, -0.329465747, 0.255064189, -0.909062803, -0.127581537, 0.941962481, 0.310533643, 0.935508788, 0.218289614, -0.277802318)
Part1167.Orientation = Vector3.new(-18.09000015258789, -106.98999786376953, -7.710000038146973)
Part1167.Position = Vector3.new(2069.376953125, 125.23712158203125, 2460.416748046875)
Part1167.Rotation = Vector3.new(-131.82000732421875, -65.37999725341797, -142.25)
Part1167.Transparency = 1
Part1167.Size = Vector3.new(1.3500009775161743, 23.749998092651367, 1.5)
Part1167.Anchored = true
Part1167.Material = Enum.Material.Fabric
Part1168.Name = "Tree_Collision"
Part1168.Parent = Model1153
Part1168.CFrame = CFrame.new(2056.1228, 124.785492, 2464.23975, -0.329511881, 0.000346414745, -0.9441517, -0.110265993, 0.99314332, 0.0388475694, 0.937691212, 0.116908506, -0.327213734)
Part1168.Orientation = Vector3.new(-2.2300000190734863, -109.11000061035156, -6.340000152587891)
Part1168.Position = Vector3.new(2056.122802734375, 124.78549194335938, 2464.23974609375)
Part1168.Rotation = Vector3.new(-173.22999572753906, -70.76000213623047, -179.94000244140625)
Part1168.Transparency = 1
Part1168.Size = Vector3.new(1.3500009775161743, 23.749998092651367, 1.5)
Part1168.Anchored = true
Part1168.Material = Enum.Material.Fabric
Part1169.Name = "Tree_Collision"
Part1169.Parent = Model1153
Part1169.CFrame = CFrame.new(2061.53833, 124.441109, 2414.16846, -0.292717308, 0.0532321185, -0.954716504, 0.165792659, 0.986152649, 0.0041526733, 0.941716969, -0.15706937, -0.297488868)
Part1169.Orientation = Vector3.new(-0.23999999463558197, -107.30999755859375, 9.539999961853027)
Part1169.Position = Vector3.new(2061.538330078125, 124.44110870361328, 2414.16845703125)
Part1169.Rotation = Vector3.new(-179.1999969482422, -72.69000244140625, -169.69000244140625)
Part1169.Transparency = 1
Part1169.Size = Vector3.new(1.3500009775161743, 22.749998092651367, 1.5)
Part1169.Anchored = true
Part1169.Material = Enum.Material.Fabric
Model1170.Name = "??"
Model1170.Parent = Folder0
Part1171.Name = "TreeMesh Bottom"
Part1171.Parent = Model1170
Part1171.CFrame = CFrame.new(2072.65845, 207.648224, 2737.83984, -0.671055079, 0.0222263075, -0.74107635, 0.0216938891, 0.999712348, 0.0103392275, 0.741092145, -0.00913860835, -0.671342671)
Part1171.Orientation = Vector3.new(-0.5899999737739563, -132.1699981689453, 1.2400000095367432)
Part1171.Position = Vector3.new(2072.658447265625, 207.64822387695312, 2737.83984375)
Part1171.Rotation = Vector3.new(-179.1199951171875, -47.81999969482422, -178.10000610351562)
Part1171.Size = Vector3.new(8.250000953674316, 0.2499980926513672, 7)
Part1171.Anchored = true
Part1171.CanCollide = false
Part1171.Material = Enum.Material.Fabric
SpecialMesh1172.Name = "BarkMesh"
SpecialMesh1172.Parent = Part1171
SpecialMesh1172.MeshId = "rbxassetid://623621260"
SpecialMesh1172.Offset = Vector3.new(0, 3.4100000858306885, 0)
SpecialMesh1172.TextureId = "rbxassetid://623618671"
SpecialMesh1172.MeshType = Enum.MeshType.FileMesh
Part1173.Name = "TreeMeshTop"
Part1173.Parent = Model1170
Part1173.CFrame = CFrame.new(2073.32959, 237.779449, 2737.56445, -0.671055079, 0.0222263075, -0.74107635, 0.0216938891, 0.999712348, 0.0103392275, 0.741092145, -0.00913860835, -0.671342671)
Part1173.Orientation = Vector3.new(-0.5899999737739563, -132.1699981689453, 1.2400000095367432)
Part1173.Position = Vector3.new(2073.32958984375, 237.77944946289062, 2737.564453125)
Part1173.Rotation = Vector3.new(-179.1199951171875, -47.81999969482422, -178.10000610351562)
Part1173.Transparency = 0.05000000074505806
Part1173.Size = Vector3.new(8.250000953674316, 0.2499980926513672, 7)
Part1173.Anchored = true
Part1173.CanCollide = false
Part1173.Material = Enum.Material.Fabric
SpecialMesh1174.Name = "TopTreeMesh"
SpecialMesh1174.Parent = Part1173
SpecialMesh1174.MeshId = "rbxassetid://623621456"
SpecialMesh1174.Offset = Vector3.new(0, 3.4100000858306885, 0)
SpecialMesh1174.Scale = Vector3.new(1.600000023841858, 1.600000023841858, 1.600000023841858)
SpecialMesh1174.TextureId = "rbxassetid://745556120"
SpecialMesh1174.MeshType = Enum.MeshType.FileMesh
Part1175.Name = "Tree_Collision"
Part1175.Parent = Model1170
Part1175.CFrame = CFrame.new(2070.26709, 220.794647, 2733.34839, -0.669355094, 0.0126903243, -0.742836177, 0.11829289, 0.98892051, -0.0896970257, 0.733466744, -0.147911161, -0.663438499)
Part1175.Orientation = Vector3.new(5.150000095367432, -131.77000427246094, 6.820000171661377)
Part1175.Position = Vector3.new(2070.26708984375, 220.79464721679688, 2733.348388671875)
Part1175.Rotation = Vector3.new(172.3000030517578, -47.970001220703125, -178.91000366210938)
Part1175.Transparency = 1
Part1175.Size = Vector3.new(1.3500009775161743, 26.749998092651367, 1.5)
Part1175.Anchored = true
Part1175.Material = Enum.Material.Fabric
Part1176.Name = "Tree_Collision"
Part1176.Parent = Model1170
Part1176.CFrame = CFrame.new(2059.97437, 220.000854, 2731.39062, -0.681073666, -0.241420686, -0.691272616, -0.280623555, 0.958058357, -0.0581098236, 0.676307797, 0.154410288, -0.720255017)
Part1176.Orientation = Vector3.new(3.3299999237060547, -136.17999267578125, -16.329999923706055)
Part1176.Position = Vector3.new(2059.974365234375, 220.0008544921875, 2731.390625)
Part1176.Rotation = Vector3.new(175.38999938964844, -43.72999954223633, 160.47999572753906)
Part1176.Transparency = 1
Part1176.Size = Vector3.new(1.3500009775161743, 23.749998092651367, 1.5)
Part1176.Anchored = true
Part1176.Material = Enum.Material.Fabric
Part1177.Name = "Tree_Collision"
Part1177.Parent = Model1170
Part1177.CFrame = CFrame.new(2083.80054, 220.866821, 2723.01172, -0.669031203, -0.0275086984, -0.742727101, 0.135533661, 0.97804445, -0.158309743, 0.730774224, -0.206578314, -0.650612295)
Part1177.Orientation = Vector3.new(9.109999656677246, -131.22000122070312, 7.889999866485596)
Part1177.Position = Vector3.new(2083.800537109375, 220.8668212890625, 2723.01171875)
Part1177.Rotation = Vector3.new(166.32000732421875, -47.959999084472656, 177.64999389648438)
Part1177.Transparency = 1
Part1177.Size = Vector3.new(1.3500009775161743, 26.749998092651367, 1.5)
Part1177.Anchored = true
Part1177.Material = Enum.Material.Fabric
Part1178.Name = "Tree_Collision"
Part1178.Parent = Model1170
Part1178.CFrame = CFrame.new(2056.69214, 220.139679, 2771.17822, -0.672777653, 0.206297785, -0.710503042, 0.0105465697, 0.962915659, 0.269600481, 0.739771724, 0.173887342, -0.650002241)
Part1178.Orientation = Vector3.new(-15.640000343322754, -132.4499969482422, 0.6299999952316284)
Part1178.Position = Vector3.new(2056.692138671875, 220.13967895507812, 2771.17822265625)
Part1178.Rotation = Vector3.new(-157.47000122070312, -45.279998779296875, -162.9499969482422)
Part1178.Transparency = 1
Part1178.Size = Vector3.new(1.3500009775161743, 23.749998092651367, 1.5)
Part1178.Anchored = true
Part1178.Material = Enum.Material.Fabric
Part1179.Name = "Tree_Collision"
Part1179.Parent = Model1170
Part1179.CFrame = CFrame.new(2087.45581, 220.340546, 2740.44849, -0.631947637, 0.321175337, -0.705330968, 0.234400153, 0.946674109, 0.22105895, 0.738716364, -0.0256321728, -0.673530281)
Part1179.Orientation = Vector3.new(-12.770000457763672, -133.67999267578125, 13.90999984741211)
Part1179.Position = Vector3.new(2087.455810546875, 220.34054565429688, 2740.448486328125)
Part1179.Rotation = Vector3.new(-161.8300018310547, -44.86000061035156, -153.05999755859375)
Part1179.Transparency = 1
Part1179.Size = Vector3.new(1.3500009775161743, 26.749998092651367, 1.5)
Part1179.Anchored = true
Part1179.Material = Enum.Material.Fabric
Part1180.Name = "Tree_Collision"
Part1180.Parent = Model1170
Part1180.CFrame = CFrame.new(2063.44507, 219.433777, 2717.87793, -0.74269557, -0.12043567, -0.658712029, 0.110908218, 0.947984517, -0.298373401, 0.660383224, -0.294656605, -0.690705061)
Part1180.Orientation = Vector3.new(17.360000610351562, -136.36000061035156, 6.670000076293945)
Part1180.Position = Vector3.new(2063.445068359375, 219.43377685546875, 2717.8779296875)
Part1180.Rotation = Vector3.new(156.63999938964844, -41.20000076293945, 170.7899932861328)
Part1180.Transparency = 1
Part1180.Size = Vector3.new(1.3500009775161743, 22.749998092651367, 1.5)
Part1180.Anchored = true
Part1180.Material = Enum.Material.Fabric
Part1181.Name = "Tree_Collision"
Part1181.Parent = Model1170
Part1181.CFrame = CFrame.new(2051.19556, 220.888, 2751.64722, -0.696768224, -0.0638523996, -0.714450836, -0.140216336, 0.988940179, 0.0483618006, 0.703460455, 0.133874506, -0.698013604)
Part1181.Orientation = Vector3.new(-2.7699999809265137, -134.3300018310547, -8.069999694824219)
Part1181.Position = Vector3.new(2051.195556640625, 220.88800048828125, 2751.647216796875)
Part1181.Rotation = Vector3.new(-176.0399932861328, -45.599998474121094, 174.75999450683594)
Part1181.Transparency = 1
Part1181.Size = Vector3.new(1.3500009775161743, 23.749998092651367, 1.5)
Part1181.Anchored = true
Part1181.Material = Enum.Material.Fabric
Part1182.Name = "Tree_Collision"
Part1182.Parent = Model1170
Part1182.CFrame = CFrame.new(2037.3313, 219.226898, 2757.31543, -0.650771081, -0.204696134, -0.731163204, -0.14472051, 0.978761315, -0.1452052, 0.745356441, 0.011319153, -0.666571617)
Part1182.Orientation = Vector3.new(8.350000381469727, -132.35000610351562, -8.40999984741211)
Part1182.Position = Vector3.new(2037.331298828125, 219.22689819335938, 2757.3154296875)
Part1182.Rotation = Vector3.new(167.7100067138672, -46.97999954223633, 162.5399932861328)
Part1182.Transparency = 1
Part1182.Size = Vector3.new(1.3500009775161743, 20.749998092651367, 1.5)
Part1182.Anchored = true
Part1182.Material = Enum.Material.Fabric
Part1183.Name = "Tree_Collision"
Part1183.Parent = Model1170
Part1183.CFrame = CFrame.new(2103.79321, 218.36795, 2723.64404, -0.644854784, 0.140345588, -0.751311243, 0.288841188, 0.954848826, -0.0695474297, 0.707627177, -0.261857271, -0.656274736)
Part1183.Orientation = Vector3.new(3.990000009536743, -131.13999938964844, 16.829999923706055)
Part1183.Position = Vector3.new(2103.793212890625, 218.36795043945312, 2723.64404296875)
Part1183.Rotation = Vector3.new(173.9499969482422, -48.70000076293945, -167.72000122070312)
Part1183.Transparency = 1
Part1183.Size = Vector3.new(1.3500009775161743, 22.749998092651367, 1.5)
Part1183.Anchored = true
Part1183.Material = Enum.Material.Fabric
Part1184.Name = "Tree_Collision"
Part1184.Parent = Model1170
Part1184.CFrame = CFrame.new(2085.82788, 219.893005, 2753.73218, -0.69857204, 0.158974856, -0.697658241, -0.105618089, 0.941419005, 0.320276916, 0.707704067, 0.297421277, -0.640856862)
Part1184.Orientation = Vector3.new(-18.68000030517578, -132.57000732421875, -6.400000095367432)
Part1184.Position = Vector3.new(2085.827880859375, 219.89300537109375, 2753.732177734375)
Part1184.Rotation = Vector3.new(-153.4499969482422, -44.2400016784668, -167.17999267578125)
Part1184.Transparency = 1
Part1184.Size = Vector3.new(1.3500009775161743, 23.749998092651367, 1.5)
Part1184.Anchored = true
Part1184.Material = Enum.Material.Fabric
Part1185.Name = "Tree_Collision"
Part1185.Parent = Model1170
Part1185.CFrame = CFrame.new(2072.19946, 219.724396, 2751.55957, -0.699156284, -0.0272980109, -0.714449644, -0.0882668942, 0.994923174, 0.048363056, 0.709501743, 0.0968754888, -0.698014617)
Part1185.Orientation = Vector3.new(-2.7699999809265137, -134.3300018310547, -5.070000171661377)
Part1185.Position = Vector3.new(2072.199462890625, 219.72439575195312, 2751.5595703125)
Part1185.Rotation = Vector3.new(-176.0399932861328, -45.599998474121094, 177.75999450683594)
Part1185.Transparency = 1
Part1185.Size = Vector3.new(1.3500009775161743, 23.749998092651367, 1.5)
Part1185.Anchored = true
Part1185.Material = Enum.Material.Fabric
Part1186.Name = "Tree_Collision"
Part1186.Parent = Model1170
Part1186.CFrame = CFrame.new(2098.37231, 218.404846, 2708.55005, -0.661435544, 0.136845887, -0.737413824, 0.187185913, 0.982220531, 0.0143764447, 0.726269484, -0.128524274, -0.675289571)
Part1186.Orientation = Vector3.new(-0.8199999928474426, -132.47999572753906, 10.789999961853027)
Part1186.Position = Vector3.new(2098.372314453125, 218.40484619140625, 2708.550048828125)
Part1186.Rotation = Vector3.new(-178.77999877929688, -47.5099983215332, -168.30999755859375)
Part1186.Transparency = 1
Part1186.Size = Vector3.new(1.3500009775161743, 22.749998092651367, 1.5)
Part1186.Anchored = true
Part1186.Material = Enum.Material.Fabric
Model1187.Name = "??"
Model1187.Parent = Folder0
Part1188.Name = "TreeMesh Bottom"
Part1188.Parent = Model1187
Part1188.CFrame = CFrame.new(2115.34229, 112.254623, 2413.91406, -0.292432755, -4.8471037e-07, -0.956286907, -3.52039933e-07, 1.00000143, -3.85875893e-07, 0.956287563, 2.41333623e-07, -0.29243207)
Part1188.Orientation = Vector3.new(0, -107, 0)
Part1188.Position = Vector3.new(2115.34228515625, 112.25462341308594, 2413.9140625)
Part1188.Rotation = Vector3.new(180, -73, 180)
Part1188.Size = Vector3.new(8.250000953674316, 0.2499980926513672, 7)
Part1188.Anchored = true
Part1188.CanCollide = false
Part1188.Material = Enum.Material.Fabric
SpecialMesh1189.Name = "BarkMesh"
SpecialMesh1189.Parent = Part1188
SpecialMesh1189.MeshId = "rbxassetid://623621260"
SpecialMesh1189.Offset = Vector3.new(0, 3.4100000858306885, 0)
SpecialMesh1189.TextureId = "rbxassetid://623618671"
SpecialMesh1189.MeshType = Enum.MeshType.FileMesh
Part1190.Name = "TreeMeshTop"
Part1190.Parent = Model1187
Part1190.CFrame = CFrame.new(2115.34351, 142.394577, 2413.91357, -0.292432755, -4.8471037e-07, -0.956286907, -3.52039933e-07, 1.00000143, -3.85875893e-07, 0.956287563, 2.41333623e-07, -0.29243207)
Part1190.Orientation = Vector3.new(0, -107, 0)
Part1190.Position = Vector3.new(2115.343505859375, 142.3945770263672, 2413.91357421875)
Part1190.Rotation = Vector3.new(180, -73, 180)
Part1190.Transparency = 0.05000000074505806
Part1190.Size = Vector3.new(8.250000953674316, 0.2499980926513672, 7)
Part1190.Anchored = true
Part1190.CanCollide = false
Part1190.Material = Enum.Material.Fabric
SpecialMesh1191.Name = "TopTreeMesh"
SpecialMesh1191.Parent = Part1190
SpecialMesh1191.MeshId = "rbxassetid://623621456"
SpecialMesh1191.Offset = Vector3.new(0, 3.4100000858306885, 0)
SpecialMesh1191.Scale = Vector3.new(1.600000023841858, 1.600000023841858, 1.600000023841858)
SpecialMesh1191.TextureId = "rbxassetid://745556120"
SpecialMesh1191.MeshType = Enum.MeshType.FileMesh
Part1192.Name = "Tree_Collision"
Part1192.Parent = Model1187
Part1192.CFrame = CFrame.new(2111.05493, 125.385132, 2411.09839, -0.295705259, -0.0674712658, -0.952894211, 0.0966782495, 0.990268886, -0.100119121, 0.950375974, -0.121729717, -0.28630358)
Part1192.Orientation = Vector3.new(5.75, -106.72000122070312, 5.579999923706055)
Part1192.Position = Vector3.new(2111.054931640625, 125.3851318359375, 2411.098388671875)
Part1192.Rotation = Vector3.new(160.72999572753906, -72.33999633789062, 167.14999389648438)
Part1192.Transparency = 1
Part1192.Size = Vector3.new(1.3500009775161743, 26.749998092651367, 1.5)
Part1192.Anchored = true
Part1192.Material = Enum.Material.Fabric
Part1193.Name = "Tree_Collision"
Part1193.Parent = Model1187
Part1193.CFrame = CFrame.new(2100.92114, 124.380676, 2413.68701, -0.324142843, -0.168349683, -0.930908859, -0.301861227, 0.951004863, -0.0668757185, 0.896556795, 0.259327948, -0.359078467)
Part1193.Orientation = Vector3.new(3.8299999237060547, -111.08999633789062, -17.610000610351562)
Part1193.Position = Vector3.new(2100.921142578125, 124.38067626953125, 2413.68701171875)
Part1193.Rotation = Vector3.new(169.4499969482422, -68.58000183105469, 152.5500030517578)
Part1193.Transparency = 1
Part1193.Size = Vector3.new(1.3500009775161743, 23.749998092651367, 1.5)
Part1193.Anchored = true
Part1193.Material = Enum.Material.Fabric
Part1194.Name = "Tree_Collision"
Part1194.Parent = Model1187
Part1194.CFrame = CFrame.new(2118.90405, 125.852554, 2395.99341, -0.296837091, -0.12862128, -0.946227074, 0.113945857, 0.979038656, -0.168826848, 0.948107004, -0.15793246, -0.275958031)
Part1194.Orientation = Vector3.new(9.720000267028809, -106.26000213623047, 6.639999866485596)
Part1194.Position = Vector3.new(2118.904052734375, 125.85255432128906, 2395.993408203125)
Part1194.Rotation = Vector3.new(148.5399932861328, -71.12999725341797, 156.57000732421875)
Part1194.Transparency = 1
Part1194.Size = Vector3.new(1.3500009775161743, 26.749998092651367, 1.5)
Part1194.Anchored = true
Part1194.Material = Enum.Material.Fabric
Part1195.Name = "Tree_Collision"
Part1195.Parent = Model1187
Part1195.CFrame = CFrame.new(2114.86938, 124.082939, 2451.09277, -0.294372082, 0.245002881, -0.923753202, -0.0111706723, 0.965634108, 0.259670556, 0.955627084, 0.0867584124, -0.281517774)
Part1195.Orientation = Vector3.new(-15.050000190734863, -106.94999694824219, -0.6600000262260437)
Part1195.Position = Vector3.new(2114.869384765625, 124.08293914794922, 2451.0927734375)
Part1195.Rotation = Vector3.new(-137.30999755859375, -67.4800033569336, -140.22999572753906)
Part1195.Transparency = 1
Part1195.Size = Vector3.new(1.3500009775161743, 23.749998092651367, 1.5)
Part1195.Anchored = true
Part1195.Material = Enum.Material.Fabric
Part1196.Name = "Tree_Collision"
Part1196.Parent = Model1187
Part1196.CFrame = CFrame.new(2129.63599, 125.248337, 2410.21069, -0.261506617, 0.264370292, -0.928290904, 0.213535488, 0.953773916, 0.211473048, 0.941286266, -0.142921567, -0.30586949)
Part1196.Orientation = Vector3.new(-12.210000038146973, -108.23999786376953, 12.619999885559082)
Part1196.Position = Vector3.new(2129.635986328125, 125.24833679199219, 2410.210693359375)
Part1196.Rotation = Vector3.new(-145.33999633789062, -68.16999816894531, -134.69000244140625)
Part1196.Transparency = 1
Part1196.Size = Vector3.new(1.3500009775161743, 26.749998092651367, 1.5)
Part1196.Anchored = true
Part1196.Material = Enum.Material.Fabric
Part1197.Name = "Tree_Collision"
Part1197.Parent = Model1187
Part1197.CFrame = CFrame.new(2098.32471, 124.014404, 2399.97266, -0.393033177, -0.249682218, -0.88497746, 0.0883334652, 0.947726905, -0.306616306, 0.91527319, -0.198683113, -0.35043171)
Part1197.Orientation = Vector3.new(17.860000610351562, -111.5999984741211, 5.320000171661377)
Part1197.Position = Vector3.new(2098.32470703125, 124.014404296875, 2399.97265625)
Part1197.Rotation = Vector3.new(138.82000732421875, -62.25, 147.57000732421875)
Part1197.Transparency = 1
Part1197.Size = Vector3.new(1.3500009775161743, 22.749998092651367, 1.5)
Part1197.Anchored = true
Part1197.Material = Enum.Material.Fabric
Part1198.Name = "Tree_Collision"
Part1198.Parent = Model1187
Part1198.CFrame = CFrame.new(2101.5769, 124.887329, 2435.76636, -0.329076767, -0.0168996844, -0.944152713, -0.162091494, 0.98601222, 0.0388467535, 0.93028903, 0.16582258, -0.327211857)
Part1198.Orientation = Vector3.new(-2.2300000190734863, -109.11000061035156, -9.34000015258789)
Part1198.Position = Vector3.new(2101.576904296875, 124.8873291015625, 2435.766357421875)
Part1198.Rotation = Vector3.new(-173.22999572753906, -70.76000213623047, 177.05999755859375)
Part1198.Transparency = 1
Part1198.Size = Vector3.new(1.3500009775161743, 23.749998092651367, 1.5)
Part1198.Anchored = true
Part1198.Material = Enum.Material.Fabric
Part1199.Name = "Tree_Collision"
Part1199.Parent = Model1187
Part1199.CFrame = CFrame.new(2091.46875, 122.866745, 2446.75928, -0.269562662, -0.196306333, -0.942762613, -0.165954873, 0.973825753, -0.155323192, 0.948576748, 0.114586793, -0.29508394)
Part1199.Orientation = Vector3.new(8.9399995803833, -107.37999725341797, -9.670000076293945)
Part1199.Position = Vector3.new(2091.46875, 122.86674499511719, 2446.75927734375)
Part1199.Rotation = Vector3.new(152.24000549316406, -70.5199966430664, 143.94000244140625)
Part1199.Transparency = 1
Part1199.Size = Vector3.new(1.3500009775161743, 20.749998092651367, 1.5)
Part1199.Anchored = true
Part1199.Material = Enum.Material.Fabric
Part1200.Name = "Tree_Collision"
Part1200.Parent = Model1187
Part1200.CFrame = CFrame.new(2137.30591, 123.793015, 2388.02417, -0.287291706, 0.000140696764, -0.9578439, 0.267958075, 0.960085809, -0.0802291855, 0.919600368, -0.279710919, -0.275861233)
Part1200.Orientation = Vector3.new(4.599999904632568, -106.06999969482422, 15.59000015258789)
Part1200.Position = Vector3.new(2137.305908203125, 123.79301452636719, 2388.024169921875)
Part1200.Rotation = Vector3.new(163.77999877929688, -73.30000305175781, -179.97000122070312)
Part1200.Transparency = 1
Part1200.Size = Vector3.new(1.3500009775161743, 22.749998092651367, 1.5)
Part1200.Anchored = true
Part1200.Material = Enum.Material.Fabric
Part1201.Name = "Tree_Collision"
Part1201.Parent = Model1187
Part1201.CFrame = CFrame.new(2133.81958, 124.643326, 2422.91699, -0.329465985, 0.255064487, -0.909063041, -0.127582103, 0.941962898, 0.310534298, 0.935509384, 0.218290269, -0.277801991)
Part1201.Orientation = Vector3.new(-18.09000015258789, -106.98999786376953, -7.710000038146973)
Part1201.Position = Vector3.new(2133.819580078125, 124.64332580566406, 2422.9169921875)
Part1201.Rotation = Vector3.new(-131.82000732421875, -65.37999725341797, -142.25)
Part1201.Transparency = 1
Part1201.Size = Vector3.new(1.3500009775161743, 23.749998092651367, 1.5)
Part1201.Anchored = true
Part1201.Material = Enum.Material.Fabric
Part1202.Name = "Tree_Collision"
Part1202.Parent = Model1187
Part1202.CFrame = CFrame.new(2120.56567, 124.191704, 2426.7395, -0.329511821, 0.000347107649, -0.944152117, -0.110265322, 0.993144095, 0.0388480462, 0.937692046, 0.116908044, -0.327213287)
Part1202.Orientation = Vector3.new(-2.2300000190734863, -109.11000061035156, -6.340000152587891)
Part1202.Position = Vector3.new(2120.565673828125, 124.19170379638672, 2426.739501953125)
Part1202.Rotation = Vector3.new(-173.22999572753906, -70.76000213623047, -179.94000244140625)
Part1202.Transparency = 1
Part1202.Size = Vector3.new(1.3500009775161743, 23.749998092651367, 1.5)
Part1202.Anchored = true
Part1202.Material = Enum.Material.Fabric
Part1203.Name = "Tree_Collision"
Part1203.Parent = Model1187
Part1203.CFrame = CFrame.new(2125.98047, 123.847321, 2376.66821, -0.292717814, 0.0532328039, -0.954716682, 0.165793195, 0.986153305, 0.00415314175, 0.941717327, -0.157069758, -0.297489166)
Part1203.Orientation = Vector3.new(-0.23999999463558197, -107.30999755859375, 9.539999961853027)
Part1203.Position = Vector3.new(2125.98046875, 123.84732055664062, 2376.668212890625)
Part1203.Rotation = Vector3.new(-179.1999969482422, -72.69000244140625, -169.69000244140625)
Part1203.Transparency = 1
Part1203.Size = Vector3.new(1.3500009775161743, 22.749998092651367, 1.5)
Part1203.Anchored = true
Part1203.Material = Enum.Material.Fabric
Model1204.Name = "??"
Model1204.Parent = Folder0
Part1205.Name = "TreeMesh Bottom"
Part1205.Parent = Model1204
Part1205.CFrame = CFrame.new(2173.14844, 112.268372, 2451.75854, -0.956286788, -0.000285571878, 0.292432159, 1.39407392e-08, 1.00000024, 0.000976553303, -0.292432666, 0.000933861476, -0.956286013)
Part1205.Orientation = Vector3.new(-0.05999999865889549, 163, 0)
Part1205.Position = Vector3.new(2173.1484375, 112.26837158203125, 2451.758544921875)
Part1205.Rotation = Vector3.new(-179.94000244140625, 17, 179.97999572753906)
Part1205.Size = Vector3.new(8.250000953674316, 0.2499980926513672, 7)
Part1205.Anchored = true
Part1205.CanCollide = false
Part1205.Material = Enum.Material.Fabric
SpecialMesh1206.Name = "BarkMesh"
SpecialMesh1206.Parent = Part1205
SpecialMesh1206.MeshId = "rbxassetid://623621260"
SpecialMesh1206.Offset = Vector3.new(0, 3.4100000858306885, 0)
SpecialMesh1206.TextureId = "rbxassetid://623618671"
SpecialMesh1206.MeshType = Enum.MeshType.FileMesh
Part1207.Name = "TreeMeshTop"
Part1207.Parent = Model1204
Part1207.CFrame = CFrame.new(2173.14038, 142.408234, 2451.7876, -0.956286788, -0.000285571878, 0.292432159, 1.39407392e-08, 1.00000024, 0.000976553303, -0.292432666, 0.000933861476, -0.956286013)
Part1207.Orientation = Vector3.new(-0.05999999865889549, 163, 0)
Part1207.Position = Vector3.new(2173.140380859375, 142.40823364257812, 2451.78759765625)
Part1207.Rotation = Vector3.new(-179.94000244140625, 17, 179.97999572753906)
Part1207.Transparency = 0.05000000074505806
Part1207.Size = Vector3.new(8.250000953674316, 0.2499980926513672, 7)
Part1207.Anchored = true
Part1207.CanCollide = false
Part1207.Material = Enum.Material.Fabric
SpecialMesh1208.Name = "TopTreeMesh"
SpecialMesh1208.Parent = Part1207
SpecialMesh1208.MeshId = "rbxassetid://623621456"
SpecialMesh1208.Offset = Vector3.new(0, 3.4100000858306885, 0)
SpecialMesh1208.Scale = Vector3.new(1.600000023841858, 1.600000023841858, 1.600000023841858)
SpecialMesh1208.TextureId = "rbxassetid://745556120"
SpecialMesh1208.MeshType = Enum.MeshType.FileMesh
Part1209.Name = "Tree_Collision"
Part1209.Parent = Model1204
Part1209.CFrame = CFrame.new(2175.96069, 125.403656, 2447.48315, -0.950403273, 0.121446371, 0.286331624, 0.0966824368, 0.990365505, -0.0991472453, -0.295614183, -0.0665465146, -0.952987134)
Part1209.Orientation = Vector3.new(5.690000057220459, 163.27999877929688, 5.579999923706055)
Part1209.Position = Vector3.new(2175.960693359375, 125.40365600585938, 2447.483154296875)
Part1209.Rotation = Vector3.new(174.05999755859375, 16.639999389648438, -172.72000122070312)
Part1209.Transparency = 1
Part1209.Size = Vector3.new(1.3500009775161743, 26.749998092651367, 1.5)
Part1209.Anchored = true
Part1209.Material = Enum.Material.Fabric
Part1210.Name = "Tree_Collision"
Part1210.Parent = Model1204
Part1210.CFrame = CFrame.new(2173.37231, 124.407928, 2437.34863, -0.89647001, -0.259599358, 0.359097302, -0.301814318, 0.95108676, -0.0659041703, -0.324424118, -0.167461827, -0.93097055)
Part1210.Orientation = Vector3.new(3.7799999713897705, 158.91000366210938, -17.610000610351562)
Part1210.Position = Vector3.new(2173.372314453125, 124.40792846679688, 2437.3486328125)
Part1210.Rotation = Vector3.new(175.9499969482422, 21.040000915527344, 163.85000610351562)
Part1210.Transparency = 1
Part1210.Size = Vector3.new(1.3500009775161743, 23.749998092651367, 1.5)
Part1210.Anchored = true
Part1210.Material = Enum.Material.Fabric
Part1211.Name = "Tree_Collision"
Part1211.Parent = Model1204
Part1211.CFrame = CFrame.new(2191.06519, 125.868073, 2455.33252, -0.948139131, 0.157652825, 0.276005507, 0.113952123, 0.979202509, -0.167864636, -0.296729833, -0.127707452, -0.946384192)
Part1211.Orientation = Vector3.new(9.65999984741211, 163.74000549316406, 6.639999866485596)
Part1211.Position = Vector3.new(2191.065185546875, 125.86807250976562, 2455.33251953125)
Part1211.Rotation = Vector3.new(169.94000244140625, 16.020000457763672, -170.55999755859375)
Part1211.Transparency = 1
Part1211.Size = Vector3.new(1.3500009775161743, 26.749998092651367, 1.5)
Part1211.Anchored = true
Part1211.Material = Enum.Material.Fabric
Part1212.Name = "Tree_Collision"
Part1212.Parent = Model1204
Part1212.CFrame = CFrame.new(2135.96655, 124.086487, 2451.29639, -0.955623329, -0.0870343596, 0.281443298, -0.011168967, 0.965379417, 0.260613233, -0.294381976, 0.245904371, -0.923510253)
Part1212.Orientation = Vector3.new(-15.109999656677246, 163.0500030517578, -0.6600000262260437)
Part1212.Position = Vector3.new(2135.966552734375, 124.08648681640625, 2451.29638671875)
Part1212.Rotation = Vector3.new(-164.24000549316406, 16.350000381469727, 174.8000030517578)
Part1212.Transparency = 1
Part1212.Size = Vector3.new(1.3500009775161743, 23.749998092651367, 1.5)
Part1212.Anchored = true
Part1212.Material = Enum.Material.Fabric
Part1213.Name = "Tree_Collision"
Part1213.Parent = Model1204
Part1213.CFrame = CFrame.new(2176.84814, 125.249756, 2466.06421, -0.941346705, 0.142648876, 0.305808425, 0.213510305, 0.953566611, 0.212427095, -0.261306435, 0.265260637, -0.928092897)
Part1213.Orientation = Vector3.new(-12.260000228881836, 161.75999450683594, 12.619999885559082)
Part1213.Position = Vector3.new(2176.84814453125, 125.249755859375, 2466.064208984375)
Part1213.Rotation = Vector3.new(-167.11000061035156, 17.809999465942383, -171.3800048828125)
Part1213.Transparency = 1
Part1213.Size = Vector3.new(1.3500009775161743, 26.749998092651367, 1.5)
Part1213.Anchored = true
Part1213.Material = Enum.Material.Fabric
Part1214.Name = "Tree_Collision"
Part1214.Parent = Model1204
Part1214.CFrame = CFrame.new(2187.08667, 124.048004, 2434.75146, -0.915298045, 0.198412195, 0.350518644, 0.0884389803, 0.948015571, -0.305689424, -0.39294982, -0.248797104, -0.885263205)
Part1214.Orientation = Vector3.new(17.799999237060547, 158.39999389648438, 5.329999923706055)
Part1214.Position = Vector3.new(2187.086669921875, 124.04800415039062, 2434.75146484375)
Part1214.Rotation = Vector3.new(160.9499969482422, 20.520000457763672, -167.77000427246094)
Part1214.Transparency = 1
Part1214.Size = Vector3.new(1.3500009775161743, 22.749998092651367, 1.5)
Part1214.Anchored = true
Part1214.Material = Enum.Material.Fabric
Part1215.Name = "Tree_Collision"
Part1215.Parent = Model1204
Part1215.CFrame = CFrame.new(2151.29248, 124.907654, 2438.00464, -0.930241942, -0.166104108, 0.327200592, -0.162049666, 0.985979378, 0.0398220047, -0.329227805, -0.0159787014, -0.944115579)
Part1215.Orientation = Vector3.new(-2.2799999713897705, 160.88999938964844, -9.329999923706055)
Part1215.Position = Vector3.new(2151.29248046875, 124.90765380859375, 2438.004638671875)
Part1215.Rotation = Vector3.new(-177.5800018310547, 19.100000381469727, 169.8800048828125)
Part1215.Transparency = 1
Part1215.Size = Vector3.new(1.3500009775161743, 23.749998092651367, 1.5)
Part1215.Anchored = true
Part1215.Material = Enum.Material.Fabric
Part1216.Name = "Tree_Collision"
Part1216.Parent = Model1204
Part1216.CFrame = CFrame.new(2140.30054, 122.893402, 2427.89453, -0.948528886, -0.114864871, 0.295127422, -0.165973723, 0.973975122, -0.154358238, -0.26971665, -0.195396498, -0.942907095)
Part1216.Orientation = Vector3.new(8.880000114440918, 162.6199951171875, -9.670000076293945)
Part1216.Position = Vector3.new(2140.300537109375, 122.89340209960938, 2427.89453125)
Part1216.Rotation = Vector3.new(170.6999969482422, 17.170000076293945, 173.10000610351562)
Part1216.Transparency = 1
Part1216.Size = Vector3.new(1.3500009775161743, 20.749998092651367, 1.5)
Part1216.Anchored = true
Part1216.Material = Enum.Material.Fabric
Part1217.Name = "Tree_Collision"
Part1217.Parent = Model1204
Part1217.CFrame = CFrame.new(2199.03491, 123.79361, 2473.73242, -0.919676244, 0.279437006, 0.275883764, 0.267963856, 0.960164189, -0.0792559832, -0.287040859, 0.00103714317, -0.957918286)
Part1217.Orientation = Vector3.new(4.550000190734863, 163.92999267578125, 15.59000015258789)
Part1217.Position = Vector3.new(2199.034912109375, 123.79360961914062, 2473.732421875)
Part1217.Rotation = Vector3.new(175.27000427246094, 16.010000228881836, -163.10000610351562)
Part1217.Transparency = 1
Part1217.Size = Vector3.new(1.3500009775161743, 22.749998092651367, 1.5)
Part1217.Anchored = true
Part1217.Material = Enum.Material.Fabric
Part1218.Name = "Tree_Collision"
Part1218.Parent = Model1204
Part1218.CFrame = CFrame.new(2164.14185, 124.637207, 2470.24683, -0.935472369, -0.218559027, 0.27771306, -0.127541363, 0.941661239, 0.311462075, -0.329584718, 0.255943954, -0.908772349)
Part1218.Orientation = Vector3.new(-18.149999618530273, 163.00999450683594, -7.710000038146973)
Part1218.Position = Vector3.new(2164.141845703125, 124.63720703125, 2470.246826171875)
Part1218.Rotation = Vector3.new(-161.0800018310547, 16.1200008392334, 166.85000610351562)
Part1218.Transparency = 1
Part1218.Size = Vector3.new(1.3500009775161743, 23.749998092651367, 1.5)
Part1218.Anchored = true
Part1218.Material = Enum.Material.Fabric
Part1219.Name = "Tree_Collision"
Part1219.Parent = Model1204
Part1219.CFrame = CFrame.new(2160.31958, 124.196869, 2456.99268, -0.9376598, -0.117191873, 0.327201992, -0.110225655, 0.993108928, 0.0398228765, -0.329614341, 0.00127419829, -0.944115162)
Part1219.Orientation = Vector3.new(-2.2799999713897705, 160.88999938964844, -6.329999923706055)
Part1219.Position = Vector3.new(2160.319580078125, 124.19686889648438, 2456.99267578125)
Part1219.Rotation = Vector3.new(-177.5800018310547, 19.100000381469727, 172.8800048828125)
Part1219.Transparency = 1
Part1219.Size = Vector3.new(1.3500009775161743, 23.749998092651367, 1.5)
Part1219.Anchored = true
Part1219.Material = Enum.Material.Fabric
Part1220.Name = "Tree_Collision"
Part1220.Parent = Model1204
Part1220.CFrame = CFrame.new(2210.39087, 123.861725, 2462.40747, -0.941764116, 0.156787738, 0.297487766, 0.165797085, 0.986147106, 0.00512951612, -0.292562634, 0.0541534275, -0.954712093)
Part1220.Orientation = Vector3.new(-0.28999999165534973, 162.69000244140625, 9.539999961853027)
Part1220.Position = Vector3.new(2210.390869140625, 123.86172485351562, 2462.407470703125)
Part1220.Rotation = Vector3.new(-179.69000244140625, 17.309999465942383, -170.5500030517578)
Part1220.Transparency = 1
Part1220.Size = Vector3.new(1.3500009775161743, 22.749998092651367, 1.5)
Part1220.Anchored = true
Part1220.Material = Enum.Material.Fabric
Model1221.Name = "??"
Model1221.Parent = Folder0
Part1222.Name = "TreeMesh Bottom"
Part1222.Parent = Model1221
Part1222.CFrame = CFrame.new(1986.97974, 208.341553, 2605.29175, -0.858434319, 0.022226816, -0.51244241, 0.0237695053, 0.999710917, 0.0035435278, 0.512372971, -0.00913860835, -0.8587147)
Part1222.Orientation = Vector3.new(-0.20000000298023224, -149.1699981689453, 1.3600000143051147)
Part1222.Position = Vector3.new(1986.979736328125, 208.341552734375, 2605.291748046875)
Part1222.Rotation = Vector3.new(-179.75999450683594, -30.829999923706055, -178.52000427246094)
Part1222.Size = Vector3.new(8.250000953674316, 0.2499980926513672, 7)
Part1222.Anchored = true
Part1222.CanCollide = false
Part1222.Material = Enum.Material.Fabric
SpecialMesh1223.Name = "BarkMesh"
SpecialMesh1223.Parent = Part1222
SpecialMesh1223.MeshId = "rbxassetid://623621260"
SpecialMesh1223.Offset = Vector3.new(0, 3.4100000858306885, 0)
SpecialMesh1223.TextureId = "rbxassetid://623618671"
SpecialMesh1223.MeshType = Enum.MeshType.FileMesh
Part1224.Name = "TreeMeshTop"
Part1224.Parent = Model1221
Part1224.CFrame = CFrame.new(1987.65002, 238.472687, 2605.0166, -0.858434319, 0.022226816, -0.51244241, 0.0237695053, 0.999710917, 0.0035435278, 0.512372971, -0.00913860835, -0.8587147)
Part1224.Orientation = Vector3.new(-0.20000000298023224, -149.1699981689453, 1.3600000143051147)
Part1224.Position = Vector3.new(1987.6500244140625, 238.47268676757812, 2605.0166015625)
Part1224.Rotation = Vector3.new(-179.75999450683594, -30.829999923706055, -178.52000427246094)
Part1224.Transparency = 0.05000000074505806
Part1224.Size = Vector3.new(8.250000953674316, 0.2499980926513672, 7)
Part1224.Anchored = true
Part1224.CanCollide = false
Part1224.Material = Enum.Material.Fabric
SpecialMesh1225.Name = "TopTreeMesh"
SpecialMesh1225.Parent = Part1224
SpecialMesh1225.MeshId = "rbxassetid://623621456"
SpecialMesh1225.Offset = Vector3.new(0, 3.4100000858306885, 0)
SpecialMesh1225.Scale = Vector3.new(1.600000023841858, 1.600000023841858, 1.600000023841858)
SpecialMesh1225.TextureId = "rbxassetid://745556120"
SpecialMesh1225.MeshType = Enum.MeshType.FileMesh
Part1226.Name = "Tree_Collision"
Part1226.Parent = Model1221
Part1226.CFrame = CFrame.new(1985.98352, 221.451508, 2600.2063, -0.854743123, 0.0536964461, -0.51626718, 0.120325126, 0.988037944, -0.0964479819, 0.504912436, -0.144558132, -0.850979984)
Part1226.Orientation = Vector3.new(5.53000020980835, -148.75999450683594, 6.940000057220459)
Part1226.Position = Vector3.new(1985.9835205078125, 221.45150756835938, 2600.206298828125)
Part1226.Rotation = Vector3.new(173.52999877929688, -31.079999923706055, -176.41000366210938)
Part1226.Transparency = 1
Part1226.Size = Vector3.new(1.3500009775161743, 26.749998092651367, 1.5)
Part1226.Anchored = true
Part1226.Material = Enum.Material.Fabric
Part1227.Name = "Tree_Collision"
Part1227.Parent = Model1221
Part1227.CFrame = CFrame.new(1976.71423, 220.608276, 2595.33105, -0.848560572, -0.277644932, -0.450398505, -0.278972, 0.958094954, -0.0650214478, 0.449577391, 0.0704738945, -0.890457153)
Part1227.Orientation = Vector3.new(3.7300000190734863, -153.1699981689453, -16.229999542236328)
Part1227.Position = Vector3.new(1976.7142333984375, 220.6082763671875, 2595.3310546875)
Part1227.Rotation = Vector3.new(175.82000732421875, -26.770000457763672, 161.8800048828125)
Part1227.Transparency = 1
Part1227.Size = Vector3.new(1.3500009775161743, 23.749998092651367, 1.5)
Part1227.Anchored = true
Part1227.Material = Enum.Material.Fabric
Part1228.Name = "Tree_Collision"
Part1228.Parent = Model1221
Part1228.CFrame = CFrame.new(2001.94641, 221.509918, 2594.27734, -0.853675365, 0.0324236974, -0.519795775, 0.137550607, 0.976657867, -0.164981574, 0.502313137, -0.212338954, -0.838208914)
Part1228.Orientation = Vector3.new(9.5, -148.1999969482422, 8.020000457763672)
Part1228.Position = Vector3.new(2001.9464111328125, 221.50991821289062, 2594.27734375)
Part1228.Rotation = Vector3.new(168.8699951171875, -31.31999969482422, -177.82000732421875)
Part1228.Transparency = 1
Part1228.Size = Vector3.new(1.3500009775161743, 26.749998092651367, 1.5)
Part1228.Anchored = true
Part1228.Material = Enum.Material.Fabric
Part1229.Name = "Tree_Collision"
Part1229.Parent = Model1221
Part1229.CFrame = CFrame.new(1961.94312, 220.977875, 2632.41895, -0.859676123, 0.144808859, -0.489885747, 0.0126074608, 0.964702547, 0.263039261, 0.510684133, 0.219952419, -0.831157625)
Part1229.Orientation = Vector3.new(-15.25, -149.47999572753906, 0.75)
Part1229.Position = Vector3.new(1961.943115234375, 220.97787475585938, 2632.4189453125)
Part1229.Rotation = Vector3.new(-162.44000244140625, -29.329999923706055, -170.44000244140625)
Part1229.Transparency = 1
Part1229.Size = Vector3.new(1.3500009775161743, 23.749998092651367, 1.5)
Part1229.Anchored = true
Part1229.Material = Enum.Material.Fabric
Part1230.Name = "Tree_Collision"
Part1230.Parent = Model1221
Part1230.CFrame = CFrame.new(2000.34656, 221.103363, 2612.02441, -0.820702434, 0.313025355, -0.4779782, 0.236597478, 0.947662771, 0.214374527, 0.520066679, 0.0628493205, -0.851810336)
Part1230.Orientation = Vector3.new(-12.380000114440918, -150.6999969482422, 14.020000457763672)
Part1230.Position = Vector3.new(2000.3465576171875, 221.10336303710938, 2612.0244140625)
Part1230.Rotation = Vector3.new(-165.8699951171875, -28.549999237060547, -159.1199951171875)
Part1230.Transparency = 1
Part1230.Size = Vector3.new(1.3500009775161743, 26.749998092651367, 1.5)
Part1230.Anchored = true
Part1230.Material = Enum.Material.Fabric
Part1231.Name = "Tree_Collision"
Part1231.Parent = Model1221
