Part1321.Name = "Tree_Collision"
Part1321.Parent = Model1306
Part1321.CFrame = CFrame.new(2737.1582, 170.877228, 2311.9873, -0.990267813, -0.0910917968, -0.105223052, -0.0996488929, 0.991870046, 0.0791449472, 0.097158134, 0.0888600498, -0.991294205)
Part1321.Orientation = Vector3.new(-4.539999961853027, -173.94000244140625, -5.739999771118164)
Part1321.Position = Vector3.new(2737.158203125, 170.87722778320312, 2311.9873046875)
Part1321.Rotation = Vector3.new(-175.44000244140625, -6.039999961853027, 174.74000549316406)
Part1321.Transparency = 1
Part1321.Size = Vector3.new(1.3500009775161743, 23.749998092651367, 1.5)
Part1321.Anchored = true
Part1321.Material = Enum.Material.Fabric
Part1322.Name = "Tree_Collision"
Part1322.Parent = Model1306
Part1322.CFrame = CFrame.new(2784.76294, 170.477478, 2295.54443, -0.974210203, 0.179200903, -0.13711901, 0.174622491, 0.983614862, 0.0448200144, 0.142904088, 0.0197200514, -0.98954016)
Part1322.Orientation = Vector3.new(-2.569999933242798, -172.11000061035156, 10.069999694824219)
Part1322.Position = Vector3.new(2784.762939453125, 170.47747802734375, 2295.54443359375)
Part1322.Rotation = Vector3.new(-177.41000366210938, -7.880000114440918, -169.5800018310547)
Part1322.Transparency = 1
Part1322.Size = Vector3.new(1.3500009775161743, 22.749998092651367, 1.5)
Part1322.Anchored = true
Part1322.Material = Enum.Material.Fabric
Model1323.Name = "茂み"
Model1323.Parent = Folder0
Part1324.Name = "TreeMesh Bottom"
Part1324.Parent = Model1323
Part1324.CFrame = CFrame.new(2753.16333, 203.419754, 2345.65771, -0.989697456, 0.0146361645, -0.142424524, 0.00891601294, 0.999130964, 0.0407183282, 0.142896697, 0.0390289687, -0.988967836)
Part1324.Orientation = Vector3.new(-2.3299999237060547, -171.80999755859375, 0.5099999904632568)
Part1324.Position = Vector3.new(2753.163330078125, 203.4197540283203, 2345.65771484375)
Part1324.Rotation = Vector3.new(-177.63999938964844, -8.1899995803833, -179.14999389648438)
Part1324.Size = Vector3.new(8.250000953674316, 0.2499980926513672, 7)
Part1324.Anchored = true
Part1324.CanCollide = false
Part1324.Material = Enum.Material.Fabric
SpecialMesh1325.Name = "BarkMesh"
SpecialMesh1325.Parent = Part1324
SpecialMesh1325.MeshId = "rbxassetid://623621260"
SpecialMesh1325.Offset = Vector3.new(0, 3.4100000858306885, 0)
SpecialMesh1325.TextureId = "rbxassetid://623618671"
SpecialMesh1325.MeshType = Enum.MeshType.FileMesh
Part1326.Name = "TreeMeshTop"
Part1326.Parent = Model1323
Part1326.CFrame = CFrame.new(2753.60498, 233.533356, 2346.83594, -0.989697456, 0.0146361645, -0.142424524, 0.00891601294, 0.999130964, 0.0407183282, 0.142896697, 0.0390289687, -0.988967836)
Part1326.Orientation = Vector3.new(-2.3299999237060547, -171.80999755859375, 0.5099999904632568)
Part1326.Position = Vector3.new(2753.60498046875, 233.53335571289062, 2346.8359375)
Part1326.Rotation = Vector3.new(-177.63999938964844, -8.1899995803833, -179.14999389648438)
Part1326.Transparency = 0.05000000074505806
Part1326.Size = Vector3.new(8.250000953674316, 0.2499980926513672, 7)
Part1326.Anchored = true
Part1326.CanCollide = false
Part1326.Material = Enum.Material.Fabric
SpecialMesh1327.Name = "TopTreeMesh"
SpecialMesh1327.Parent = Part1326
SpecialMesh1327.MeshId = "rbxassetid://623621456"
SpecialMesh1327.Offset = Vector3.new(0, 3.4100000858306885, 0)
SpecialMesh1327.Scale = Vector3.new(1.600000023841858, 1.600000023841858, 1.600000023841858)
SpecialMesh1327.TextureId = "rbxassetid://745556120"
SpecialMesh1327.MeshType = Enum.MeshType.FileMesh
Part1328.Name = "Tree_Collision"
Part1328.Parent = Model1323
Part1328.CFrame = CFrame.new(2754.07715, 216.72644, 2341.0957, -0.984326541, 0.095914118, -0.147991851, 0.105664678, 0.992621541, -0.0594773069, 0.141195163, -0.0741826147, -0.987198532)
Part1328.Orientation = Vector3.new(3.4100000858306885, -171.47000122070312, 6.079999923706055)
Part1328.Position = Vector3.new(2754.0771484375, 216.7264404296875, 2341.095703125)
Part1328.Rotation = Vector3.new(176.5500030517578, -8.510000228881836, -174.42999267578125)
Part1328.Transparency = 1
Part1328.Size = Vector3.new(1.3500009775161743, 26.749998092651367, 1.5)
Part1328.Anchored = true
Part1328.Material = Enum.Material.Fabric
Part1329.Name = "Tree_Collision"
Part1329.Parent = Model1323
Part1329.CFrame = CFrame.new(2747.40771, 216.135162, 2332.99854, -0.953570426, -0.29236266, -0.0723025575, -0.291156471, 0.956296325, -0.0269304253, 0.0770161226, -0.00462869555, -0.997019112)
Part1329.Orientation = Vector3.new(1.5399999618530273, -175.85000610351562, -16.93000030517578)
Part1329.Position = Vector3.new(2747.40771484375, 216.13516235351562, 2332.99853515625)
Part1329.Rotation = Vector3.new(178.4499969482422, -4.150000095367432, 162.9499969482422)
Part1329.Transparency = 1
Part1329.Size = Vector3.new(1.3500009775161743, 23.749998092651367, 1.5)
Part1329.Anchored = true
Part1329.Material = Enum.Material.Fabric
Part1330.Name = "Tree_Collision"
Part1330.Parent = Model1323
Part1330.CFrame = CFrame.new(2771.09302, 216.918427, 2341.77734, -0.982503176, 0.102476798, -0.155518711, 0.122969858, 0.984064043, -0.128438264, 0.139878422, -0.145315111, -0.979447603)
Part1330.Orientation = Vector3.new(7.380000114440918, -170.97999572753906, 7.119999885559082)
Part1330.Position = Vector3.new(2771.093017578125, 216.91842651367188, 2341.77734375)
Part1330.Rotation = Vector3.new(172.52999877929688, -8.949999809265137, -174.0500030517578)
Part1330.Transparency = 1
Part1330.Size = Vector3.new(1.3500009775161743, 26.749998092651367, 1.5)
Part1330.Anchored = true
Part1330.Material = Enum.Material.Fabric
Part1331.Name = "Tree_Collision"
Part1331.Parent = Model1323
Part1331.CFrame = CFrame.new(2719.49512, 215.131668, 2361.52515, -0.99008882, 0.0399129018, -0.134652361, -0.00216300739, 0.954320073, 0.298778623, 0.140426576, 0.296108633, -0.944775105)
Part1331.Orientation = Vector3.new(-17.3799991607666, -171.88999938964844, -0.12999999523162842)
Part1331.Position = Vector3.new(2719.4951171875, 215.1316680908203, 2361.525146484375)
Part1331.Rotation = Vector3.new(-162.4499969482422, -7.739999771118164, -177.69000244140625)
Part1331.Transparency = 1
Part1331.Size = Vector3.new(1.3500009775161743, 23.749998092651367, 1.5)
Part1331.Anchored = true
Part1331.Material = Enum.Material.Fabric
Part1332.Name = "Tree_Collision"
Part1332.Parent = Model1323
Part1332.CFrame = CFrame.new(2762.78735, 215.820847, 2357.50928, -0.959837437, 0.255789638, -0.115255803, 0.221027255, 0.942443192, 0.25089398, 0.172798127, 0.21534273, -0.961128652)
Part1332.Orientation = Vector3.new(-14.529999732971191, -173.16000366210938, 13.199999809265137)
Part1332.Position = Vector3.new(2762.787353515625, 215.8208465576172, 2357.50927734375)
Part1332.Rotation = Vector3.new(-165.3699951171875, -6.619999885559082, -165.0800018310547)
Part1332.Transparency = 1
Part1332.Size = Vector3.new(1.3500009775161743, 26.749998092651367, 1.5)
Part1332.Anchored = true
Part1332.Material = Enum.Material.Fabric
Part1333.Name = "Tree_Collision"
Part1333.Parent = Model1323
Part1333.CFrame = CFrame.new(2758.70557, 215.923431, 2324.79688, -0.994113088, 0.0873643383, -0.0640837401, 0.101488091, 0.957945228, -0.268404722, 0.0379397161, -0.273328394, -0.961172283)
Part1333.Orientation = Vector3.new(15.569999694824219, -176.19000244140625, 6.050000190734863)
Part1333.Position = Vector3.new(2758.70556640625, 215.92343139648438, 2324.796875)
Part1333.Rotation = Vector3.new(164.39999389648438, -3.6700000762939453, -174.97999572753906)
Part1333.Transparency = 1
Part1333.Size = Vector3.new(1.3500009775161743, 22.749998092651367, 1.5)
Part1333.Anchored = true
Part1333.Material = Enum.Material.Fabric
Part1334.Name = "Tree_Collision"
Part1334.Parent = Model1323
Part1334.CFrame = CFrame.new(2727.71729, 216.539413, 2343.01514, -0.984143436, -0.142791852, -0.105223909, -0.15142107, 0.985295892, 0.0791444108, 0.0923754945, 0.0938225836, -0.991294146)
Part1334.Orientation = Vector3.new(-4.539999961853027, -173.94000244140625, -8.739999771118164)
Part1334.Position = Vector3.new(2727.71728515625, 216.53941345214844, 2343.01513671875)
Part1334.Rotation = Vector3.new(-175.44000244140625, -6.039999961853027, 171.74000549316406)
Part1334.Transparency = 1
Part1334.Size = Vector3.new(1.3500009775161743, 23.749998092651367, 1.5)
Part1334.Anchored = true
Part1334.Material = Enum.Material.Fabric
Part1335.Name = "Tree_Collision"
Part1335.Parent = Model1323
Part1335.CFrame = CFrame.new(2713.43848, 214.903442, 2338.479, -0.975416124, -0.172973156, -0.136542454, -0.15781641, 0.98074615, -0.115026958, 0.153810054, -0.0906505138, -0.983933389)
Part1335.Orientation = Vector3.new(6.610000133514404, -172.10000610351562, -9.140000343322754)
Part1335.Position = Vector3.new(2713.4384765625, 214.9034423828125, 2338.47900390625)
Part1335.Rotation = Vector3.new(173.3300018310547, -7.849999904632568, 169.94000244140625)
Part1335.Transparency = 1
Part1335.Size = Vector3.new(1.3500009775161743, 20.749998092651367, 1.5)
Part1335.Anchored = true
Part1335.Material = Enum.Material.Fabric
Part1336.Name = "Tree_Collision"
Part1336.Parent = Model1323
Part1336.CFrame = CFrame.new(2786.10498, 214.123077, 2354.93726, -0.95039469, 0.267185569, -0.15925391, 0.276547283, 0.960190952, -0.0394332893, 0.142378151, -0.0815184265, -0.986449897)
Part1336.Orientation = Vector3.new(2.259999990463257, -170.8300018310547, 16.06999969482422)
Part1336.Position = Vector3.new(2786.10498046875, 214.12307739257812, 2354.937255859375)
Part1336.Rotation = Vector3.new(177.7100067138672, -9.15999984741211, -164.3000030517578)
Part1336.Transparency = 1
Part1336.Size = Vector3.new(1.3500009775161743, 22.749998092651367, 1.5)
Part1336.Anchored = true
Part1336.Material = Enum.Material.Fabric
Part1337.Name = "Tree_Collision"
Part1337.Parent = Model1323
Part1337.CFrame = CFrame.new(2753.06299, 214.999542, 2366.67896, -0.988527119, -0.075156562, -0.13101764, -0.116944656, 0.92980659, 0.348975152, 0.0955932885, 0.360293239, -0.92792815)
Part1337.Orientation = Vector3.new(-20.420000076293945, -171.9600067138672, -7.170000076293945)
Part1337.Position = Vector3.new(2753.06298828125, 214.99954223632812, 2366.678955078125)
Part1337.Rotation = Vector3.new(-159.38999938964844, -7.53000020980835, 175.64999389648438)
Part1337.Transparency = 1
Part1337.Size = Vector3.new(1.3500009775161743, 23.749998092651367, 1.5)
Part1337.Anchored = true
Part1337.Material = Enum.Material.Fabric
Part1338.Name = "Tree_Collision"
Part1338.Parent = Model1323
Part1338.CFrame = CFrame.new(2743.95605, 215.086014, 2356.30884, -0.990267813, -0.0910917968, -0.105223052, -0.0996488929, 0.991870046, 0.0791449472, 0.097158134, 0.0888600498, -0.991294205)
Part1338.Orientation = Vector3.new(-4.539999961853027, -173.94000244140625, -5.739999771118164)
Part1338.Position = Vector3.new(2743.9560546875, 215.0860137939453, 2356.308837890625)
Part1338.Rotation = Vector3.new(-175.44000244140625, -6.039999961853027, 174.74000549316406)
Part1338.Transparency = 1
Part1338.Size = Vector3.new(1.3500009775161743, 23.749998092651367, 1.5)
Part1338.Anchored = true
Part1338.Material = Enum.Material.Fabric
Part1339.Name = "Tree_Collision"
Part1339.Parent = Model1323
Part1339.CFrame = CFrame.new(2791.56055, 214.686279, 2339.86597, -0.974210203, 0.179200903, -0.13711901, 0.174622491, 0.983614862, 0.0448200144, 0.142904088, 0.0197200514, -0.98954016)
Part1339.Orientation = Vector3.new(-2.569999933242798, -172.11000061035156, 10.069999694824219)
Part1339.Position = Vector3.new(2791.560546875, 214.686279296875, 2339.865966796875)
Part1339.Rotation = Vector3.new(-177.41000366210938, -7.880000114440918, -169.5800018310547)
Part1339.Transparency = 1
Part1339.Size = Vector3.new(1.3500009775161743, 22.749998092651367, 1.5)
Part1339.Anchored = true
Part1339.Material = Enum.Material.Fabric
Model1340.Name = "茂み"
Model1340.Parent = Folder0
Part1341.Name = "TreeMesh Bottom"
Part1341.Parent = Model1340
Part1341.CFrame = CFrame.new(2829.7749, 158.012863, 2300.72363, -0.99989289, 0.0146361403, 2.95312105e-07, 0.014624998, 0.999130905, 0.0390331708, 0.000570999924, 0.0390289947, -0.999237895)
Part1341.Orientation = Vector3.new(-2.240000009536743, 180, 0.8399999737739563)
Part1341.Position = Vector3.new(2829.77490234375, 158.0128631591797, 2300.7236328125)
Part1341.Rotation = Vector3.new(-177.75999450683594, 0, -179.16000366210938)
Part1341.Size = Vector3.new(8.250000953674316, 0.2499980926513672, 7)
Part1341.Anchored = true
Part1341.CanCollide = false
Part1341.Material = Enum.Material.Fabric
SpecialMesh1342.Name = "BarkMesh"
SpecialMesh1342.Parent = Part1341
SpecialMesh1342.MeshId = "rbxassetid://623621260"
SpecialMesh1342.Offset = Vector3.new(0, 3.4100000858306885, 0)
SpecialMesh1342.TextureId = "rbxassetid://623618671"
SpecialMesh1342.MeshType = Enum.MeshType.FileMesh
Part1343.Name = "TreeMeshTop"
Part1343.Parent = Model1340
Part1343.CFrame = CFrame.new(2830.21631, 188.126633, 2301.90161, -0.99989289, 0.0146361403, 2.95312105e-07, 0.014624998, 0.999130905, 0.0390331708, 0.000570999924, 0.0390289947, -0.999237895)
Part1343.Orientation = Vector3.new(-2.240000009536743, 180, 0.8399999737739563)
Part1343.Position = Vector3.new(2830.21630859375, 188.1266326904297, 2301.901611328125)
Part1343.Rotation = Vector3.new(-177.75999450683594, 0, -179.16000366210938)
Part1343.Transparency = 0.05000000074505806
Part1343.Size = Vector3.new(8.250000953674316, 0.2499980926513672, 7)
Part1343.Anchored = true
Part1343.CanCollide = false
Part1343.Material = Enum.Material.Fabric
SpecialMesh1344.Name = "TopTreeMesh"
SpecialMesh1344.Parent = Part1343
SpecialMesh1344.MeshId = "rbxassetid://623621456"
SpecialMesh1344.Offset = Vector3.new(0, 3.4100000858306885, 0)
SpecialMesh1344.Scale = Vector3.new(1.600000023841858, 1.600000023841858, 1.600000023841858)
SpecialMesh1344.TextureId = "rbxassetid://745556120"
SpecialMesh1344.MeshType = Enum.MeshType.FileMesh
Part1345.Name = "Tree_Collision"
Part1345.Parent = Model1340
Part1345.CFrame = CFrame.new(2831.40454, 171.303131, 2296.31543, -0.993782341, 0.111160904, -0.00633399095, 0.111340038, 0.991900861, -0.0611248277, -0.000512000173, -0.0614499934, -0.998110116)
Part1345.Orientation = Vector3.new(3.5, -179.63999938964844, 6.400000095367432)
Part1345.Position = Vector3.new(2831.404541015625, 171.30313110351562, 2296.3154296875)
Part1345.Rotation = Vector3.new(176.5, -0.36000001430511475, -173.6199951171875)
Part1345.Transparency = 1
Part1345.Size = Vector3.new(1.3500009775161743, 26.749998092651367, 1.5)
Part1345.Anchored = true
Part1345.Material = Enum.Material.Fabric
Part1346.Name = "Tree_Collision"
Part1346.Parent = Model1340
Part1346.CFrame = CFrame.new(2825.95215, 170.727829, 2287.35278, -0.95647037, -0.283268541, 0.0701670945, -0.285805076, 0.957848489, -0.0290128347, -0.0589910224, -0.0478040241, -0.997113347)
Part1346.Orientation = Vector3.new(1.659999966621399, 175.97000122070312, -16.610000610351562)
Part1346.Position = Vector3.new(2825.9521484375, 170.7278289794922, 2287.352783203125)
Part1346.Rotation = Vector3.new(178.3300018310547, 4.019999980926514, 163.5)
Part1346.Transparency = 1
Part1346.Size = Vector3.new(1.3500009775161743, 23.749998092651367, 1.5)
Part1346.Anchored = true
Part1346.Material = Enum.Material.Fabric
Part1347.Name = "Tree_Collision"
Part1347.Parent = Model1340
Part1347.CFrame = CFrame.new(2848.15088, 171.404739, 2299.41187, -0.991691232, 0.127730981, -0.0152808148, 0.128632024, 0.983131528, -0.130023688, -0.00158500031, -0.130908936, -0.991393209)
Part1347.Orientation = Vector3.new(7.46999979019165, -179.1199951171875, 7.449999809265137)
Part1347.Position = Vector3.new(2848.15087890625, 171.4047393798828, 2299.411865234375)
Part1347.Rotation = Vector3.new(172.52999877929688, -0.8799999952316284, -172.66000366210938)
Part1347.Transparency = 1
Part1347.Size = Vector3.new(1.3500009775161743, 26.749998092651367, 1.5)
Part1347.Anchored = true
Part1347.Material = Enum.Material.Fabric
Part1348.Name = "Tree_Collision"
Part1348.Parent = Model1340
Part1348.CFrame = CFrame.new(2794.25903, 169.946182, 2311.61792, -0.999991894, 0.00281413156, 0.0028772112, 0.0035419995, 0.954823256, 0.297153264, -0.00191099977, 0.297161072, -0.954825461)
Part1348.Orientation = Vector3.new(-17.290000915527344, 179.8300018310547, 0.20999999344348907)
Part1348.Position = Vector3.new(2794.259033203125, 169.94618225097656, 2311.617919921875)
Part1348.Rotation = Vector3.new(-162.7100067138672, 0.1599999964237213, -179.83999633789062)
Part1348.Transparency = 1
Part1348.Size = Vector3.new(1.3500009775161743, 23.749998092651367, 1.5)
Part1348.Anchored = true
Part1348.Material = Enum.Material.Fabric
Part1349.Name = "Tree_Collision"
Part1349.Parent = Model1340
Part1349.CFrame = CFrame.new(2837.68481, 170.391159, 2313.80298, -0.973381102, 0.227919176, 0.0241299868, 0.226648033, 0.941577256, 0.249124482, 0.0340600051, 0.247962058, -0.968170881)
Part1349.Orientation = Vector3.new(-14.430000305175781, 178.57000732421875, 13.529999732971191)
Part1349.Position = Vector3.new(2837.684814453125, 170.3911590576172, 2313.802978515625)
Part1349.Rotation = Vector3.new(-165.57000732421875, 1.3799999952316284, -166.82000732421875)
Part1349.Transparency = 1
Part1349.Size = Vector3.new(1.3500009775161743, 26.749998092651367, 1.5)
Part1349.Anchored = true
Part1349.Material = Enum.Material.Fabric
Part1350.Name = "Tree_Collision"
Part1350.Parent = Model1340
Part1350.CFrame = CFrame.new(2838.30078, 170.434616, 2280.84302, -0.988798499, 0.130840436, 0.071822457, 0.106960051, 0.956778049, -0.270435423, -0.104102053, -0.259723991, -0.960055351)
Part1350.Orientation = Vector3.new(15.6899995803833, 175.72000122070312, 6.380000114440918)
Part1350.Position = Vector3.new(2838.30078125, 170.4346160888672, 2280.843017578125)
Part1350.Rotation = Vector3.new(164.27000427246094, 4.119999885559082, -172.4600067138672)
Part1350.Transparency = 1
Part1350.Size = Vector3.new(1.3500009775161743, 22.749998092651367, 1.5)
Part1350.Anchored = true
Part1350.Material = Enum.Material.Fabric
Part1351.Name = "Tree_Collision"
Part1351.Parent = Model1340
Part1351.CFrame = CFrame.new(2805.03955, 171.263474, 2294.46411, -0.988120854, -0.149065912, 0.037372116, -0.14586699, 0.986283541, 0.0772509873, -0.0483749919, 0.0708819628, -0.996311009)
Part1351.Orientation = Vector3.new(-4.429999828338623, 177.85000610351562, -8.40999984741211)
Part1351.Position = Vector3.new(2805.03955078125, 171.2634735107422, 2294.464111328125)
Part1351.Rotation = Vector3.new(-175.57000732421875, 2.140000104904175, 171.4199981689453)
Part1351.Transparency = 1
Part1351.Size = Vector3.new(1.3500009775161743, 23.749998092651367, 1.5)
Part1351.Anchored = true
Part1351.Material = Enum.Material.Fabric
Part1352.Name = "Tree_Collision"
Part1352.Parent = Model1340
Part1352.CFrame = CFrame.new(2791.54272, 169.693497, 2287.94507, -0.98826164, -0.15271306, 0.00421695132, -0.152156934, 0.981439352, -0.1167266, 0.013686995, -0.115998045, -0.993155181)
Part1352.Orientation = Vector3.new(6.699999809265137, 179.75999450683594, -8.8100004196167)
Part1352.Position = Vector3.new(2791.542724609375, 169.69349670410156, 2287.945068359375)
Part1352.Rotation = Vector3.new(173.3000030517578, 0.23999999463558197, 171.22000122070312)
Part1352.Transparency = 1
Part1352.Size = Vector3.new(1.3500009775161743, 20.749998092651367, 1.5)
Part1352.Anchored = true
Part1352.Material = Enum.Material.Fabric
Part1353.Name = "Tree_Collision"
Part1353.Parent = Model1340
Part1353.CFrame = CFrame.new(2861.12085, 168.560898, 2314.57861, -0.959388256, 0.281547278, -0.0174733941, 0.282041073, 0.958525062, -0.0410186276, 0.00520000141, -0.0442810021, -0.999005616)
Part1353.Orientation = Vector3.new(2.3499999046325684, -179, 16.399999618530273)
Part1353.Position = Vector3.new(2861.120849609375, 168.56089782714844, 2314.57861328125)
Part1353.Rotation = Vector3.new(177.64999389648438, -1, -163.63999938964844)
Part1353.Transparency = 1
Part1353.Size = Vector3.new(1.3500009775161743, 22.749998092651367, 1.5)
Part1353.Anchored = true
Part1353.Material = Enum.Material.Fabric
Part1354.Name = "Tree_Collision"
Part1354.Parent = Model1340
Part1354.CFrame = CFrame.new(2826.75, 169.645248, 2321.49683, -0.992721021, -0.120357901, 0.00436392007, -0.111359, 0.931092381, 0.347370565, -0.0458719991, 0.34435612, -0.937717855)
Part1354.Orientation = Vector3.new(-20.329999923706055, 179.72999572753906, -6.820000171661377)
Part1354.Position = Vector3.new(2826.75, 169.64524841308594, 2321.496826171875)
Part1354.Rotation = Vector3.new(-159.6699981689453, 0.25, 173.08999633789062)
Part1354.Transparency = 1
Part1354.Size = Vector3.new(1.3500009775161743, 23.749998092651367, 1.5)
Part1354.Anchored = true
Part1354.Material = Enum.Material.Fabric
Part1355.Name = "Tree_Collision"
Part1355.Parent = Model1340
Part1355.CFrame = CFrame.new(2819.2124, 169.755234, 2309.93604, -0.99456799, -0.0971484557, 0.0373729728, -0.0940499976, 0.992565811, 0.0772515312, -0.0445999987, 0.073316969, -0.996310949)
Part1355.Orientation = Vector3.new(-4.429999828338623, 177.85000610351562, -5.409999847412109)
Part1355.Position = Vector3.new(2819.21240234375, 169.75523376464844, 2309.93603515625)
Part1355.Rotation = Vector3.new(-175.57000732421875, 2.140000104904175, 174.4199981689453)
Part1355.Transparency = 1
Part1355.Size = Vector3.new(1.3500009775161743, 23.749998092651367, 1.5)
Part1355.Anchored = true
Part1355.Material = Enum.Material.Fabric
Part1356.Name = "Tree_Collision"
Part1356.Parent = Model1340
Part1356.CFrame = CFrame.new(2868.6687, 169.057144, 2300.43652, -0.983618259, 0.180184811, 0.00535658933, 0.180247039, 0.982676446, 0.0431046039, 0.00250300067, 0.0433639809, -0.99905622)
Part1356.Orientation = Vector3.new(-2.4700000286102295, 179.69000244140625, 10.390000343322754)
Part1356.Position = Vector3.new(2868.668701171875, 169.05714416503906, 2300.4365234375)
Part1356.Rotation = Vector3.new(-177.52999877929688, 0.3100000023841858, -169.6199951171875)
Part1356.Transparency = 1
Part1356.Size = Vector3.new(1.3500009775161743, 22.749998092651367, 1.5)
Part1356.Anchored = true
Part1356.Material = Enum.Material.Fabric
Model1357.Name = "茂み"
Model1357.Parent = Folder0
Part1358.Name = "TreeMesh Bottom"
Part1358.Parent = Model1357
Part1358.CFrame = CFrame.new(2830.448, 202.294357, 2345.48633, -0.99989289, 0.0146361403, 2.95312105e-07, 0.014624998, 0.999130905, 0.0390331708, 0.000570999924, 0.0390289947, -0.999237895)
Part1358.Orientation = Vector3.new(-2.240000009536743, 180, 0.8399999737739563)
Part1358.Position = Vector3.new(2830.447998046875, 202.2943572998047, 2345.486328125)
Part1358.Rotation = Vector3.new(-177.75999450683594, 0, -179.16000366210938)
Part1358.Size = Vector3.new(8.250000953674316, 0.2499980926513672, 7)
Part1358.Anchored = true
Part1358.CanCollide = false
Part1358.Material = Enum.Material.Fabric
SpecialMesh1359.Name = "BarkMesh"
SpecialMesh1359.Parent = Part1358
SpecialMesh1359.MeshId = "rbxassetid://623621260"
SpecialMesh1359.Offset = Vector3.new(0, 3.4100000858306885, 0)
SpecialMesh1359.TextureId = "rbxassetid://623618671"
SpecialMesh1359.MeshType = Enum.MeshType.FileMesh
Part1360.Name = "TreeMeshTop"
Part1360.Parent = Model1357
Part1360.CFrame = CFrame.new(2830.8894, 232.408127, 2346.66431, -0.99989289, 0.0146361403, 2.95312105e-07, 0.014624998, 0.999130905, 0.0390331708, 0.000570999924, 0.0390289947, -0.999237895)
Part1360.Orientation = Vector3.new(-2.240000009536743, 180, 0.8399999737739563)
Part1360.Position = Vector3.new(2830.889404296875, 232.4081268310547, 2346.664306640625)
Part1360.Rotation = Vector3.new(-177.75999450683594, 0, -179.16000366210938)
Part1360.Transparency = 0.05000000074505806
Part1360.Size = Vector3.new(8.250000953674316, 0.2499980926513672, 7)
Part1360.Anchored = true
Part1360.CanCollide = false
Part1360.Material = Enum.Material.Fabric
SpecialMesh1361.Name = "TopTreeMesh"
SpecialMesh1361.Parent = Part1360
SpecialMesh1361.MeshId = "rbxassetid://623621456"
SpecialMesh1361.Offset = Vector3.new(0, 3.4100000858306885, 0)
SpecialMesh1361.Scale = Vector3.new(1.600000023841858, 1.600000023841858, 1.600000023841858)
SpecialMesh1361.TextureId = "rbxassetid://745556120"
SpecialMesh1361.MeshType = Enum.MeshType.FileMesh
Part1362.Name = "Tree_Collision"
Part1362.Parent = Model1357
Part1362.CFrame = CFrame.new(2832.07764, 215.584625, 2341.07812, -0.993782341, 0.111160904, -0.00633399095, 0.111340038, 0.991900861, -0.0611248277, -0.000512000173, -0.0614499934, -0.998110116)
Part1362.Orientation = Vector3.new(3.5, -179.63999938964844, 6.400000095367432)
Part1362.Position = Vector3.new(2832.07763671875, 215.58462524414062, 2341.078125)
Part1362.Rotation = Vector3.new(176.5, -0.36000001430511475, -173.6199951171875)
Part1362.Transparency = 1
Part1362.Size = Vector3.new(1.3500009775161743, 26.749998092651367, 1.5)
Part1362.Anchored = true
Part1362.Material = Enum.Material.Fabric
Part1363.Name = "Tree_Collision"
Part1363.Parent = Model1357
Part1363.CFrame = CFrame.new(2826.62524, 215.009323, 2332.11548, -0.95647037, -0.283268541, 0.0701670945, -0.285805076, 0.957848489, -0.0290128347, -0.0589910224, -0.0478040241, -0.997113347)
Part1363.Orientation = Vector3.new(1.659999966621399, 175.97000122070312, -16.610000610351562)
Part1363.Position = Vector3.new(2826.625244140625, 215.0093231201172, 2332.115478515625)
Part1363.Rotation = Vector3.new(178.3300018310547, 4.019999980926514, 163.5)
Part1363.Transparency = 1
Part1363.Size = Vector3.new(1.3500009775161743, 23.749998092651367, 1.5)
Part1363.Anchored = true
Part1363.Material = Enum.Material.Fabric
Part1364.Name = "Tree_Collision"
Part1364.Parent = Model1357
Part1364.CFrame = CFrame.new(2848.82397, 215.686234, 2344.17456, -0.991691232, 0.127730981, -0.0152808148, 0.128632024, 0.983131528, -0.130023688, -0.00158500031, -0.130908936, -0.991393209)
Part1364.Orientation = Vector3.new(7.46999979019165, -179.1199951171875, 7.449999809265137)
Part1364.Position = Vector3.new(2848.823974609375, 215.6862335205078, 2344.174560546875)
Part1364.Rotation = Vector3.new(172.52999877929688, -0.8799999952316284, -172.66000366210938)
Part1364.Transparency = 1
Part1364.Size = Vector3.new(1.3500009775161743, 26.749998092651367, 1.5)
Part1364.Anchored = true
Part1364.Material = Enum.Material.Fabric
Part1365.Name = "Tree_Collision"
Part1365.Parent = Model1357
Part1365.CFrame = CFrame.new(2794.93213, 214.227676, 2356.38062, -0.999991894, 0.00281413156, 0.0028772112, 0.0035419995, 0.954823256, 0.297153264, -0.00191099977, 0.297161072, -0.954825461)
Part1365.Orientation = Vector3.new(-17.290000915527344, 179.8300018310547, 0.20999999344348907)
Part1365.Position = Vector3.new(2794.93212890625, 214.22767639160156, 2356.380615234375)
Part1365.Rotation = Vector3.new(-162.7100067138672, 0.1599999964237213, -179.83999633789062)
Part1365.Transparency = 1
Part1365.Size = Vector3.new(1.3500009775161743, 23.749998092651367, 1.5)
Part1365.Anchored = true
Part1365.Material = Enum.Material.Fabric
Part1366.Name = "Tree_Collision"
Part1366.Parent = Model1357
Part1366.CFrame = CFrame.new(2838.35791, 214.672653, 2358.56567, -0.973381102, 0.227919176, 0.0241299868, 0.226648033, 0.941577256, 0.249124482, 0.0340600051, 0.247962058, -0.968170881)
Part1366.Orientation = Vector3.new(-14.430000305175781, 178.57000732421875, 13.529999732971191)
Part1366.Position = Vector3.new(2838.35791015625, 214.6726531982422, 2358.565673828125)
Part1366.Rotation = Vector3.new(-165.57000732421875, 1.3799999952316284, -166.82000732421875)
Part1366.Transparency = 1
Part1366.Size = Vector3.new(1.3500009775161743, 26.749998092651367, 1.5)
Part1366.Anchored = true
Part1366.Material = Enum.Material.Fabric
Part1367.Name = "Tree_Collision"
Part1367.Parent = Model1357
Part1367.CFrame = CFrame.new(2838.97388, 214.71611, 2325.60571, -0.988798499, 0.130840436, 0.071822457, 0.106960051, 0.956778049, -0.270435423, -0.104102053, -0.259723991, -0.960055351)
Part1367.Orientation = Vector3.new(15.6899995803833, 175.72000122070312, 6.380000114440918)
Part1367.Position = Vector3.new(2838.973876953125, 214.7161102294922, 2325.605712890625)
Part1367.Rotation = Vector3.new(164.27000427246094, 4.119999885559082, -172.4600067138672)
Part1367.Transparency = 1
Part1367.Size = Vector3.new(1.3500009775161743, 22.749998092651367, 1.5)
Part1367.Anchored = true
Part1367.Material = Enum.Material.Fabric
Part1368.Name = "Tree_Collision"
Part1368.Parent = Model1357
Part1368.CFrame = CFrame.new(2805.71265, 215.544968, 2339.22681, -0.988120854, -0.149065912, 0.037372116, -0.14586699, 0.986283541, 0.0772509873, -0.0483749919, 0.0708819628, -0.996311009)
Part1368.Orientation = Vector3.new(-4.429999828338623, 177.85000610351562, -8.40999984741211)
Part1368.Position = Vector3.new(2805.712646484375, 215.5449676513672, 2339.226806640625)
Part1368.Rotation = Vector3.new(-175.57000732421875, 2.140000104904175, 171.4199981689453)
Part1368.Transparency = 1
Part1368.Size = Vector3.new(1.3500009775161743, 23.749998092651367, 1.5)
Part1368.Anchored = true
Part1368.Material = Enum.Material.Fabric
Part1369.Name = "Tree_Collision"
Part1369.Parent = Model1357
Part1369.CFrame = CFrame.new(2792.21582, 213.974991, 2332.70776, -0.98826164, -0.15271306, 0.00421695132, -0.152156934, 0.981439352, -0.1167266, 0.013686995, -0.115998045, -0.993155181)
Part1369.Orientation = Vector3.new(6.699999809265137, 179.75999450683594, -8.8100004196167)
Part1369.Position = Vector3.new(2792.2158203125, 213.97499084472656, 2332.707763671875)
Part1369.Rotation = Vector3.new(173.3000030517578, 0.23999999463558197, 171.22000122070312)
Part1369.Transparency = 1
Part1369.Size = Vector3.new(1.3500009775161743, 20.749998092651367, 1.5)
Part1369.Anchored = true
Part1369.Material = Enum.Material.Fabric
Part1370.Name = "Tree_Collision"
Part1370.Parent = Model1357
Part1370.CFrame = CFrame.new(2861.79395, 212.842392, 2359.34131, -0.959388256, 0.281547278, -0.0174733941, 0.282041073, 0.958525062, -0.0410186276, 0.00520000141, -0.0442810021, -0.999005616)
Part1370.Orientation = Vector3.new(2.3499999046325684, -179, 16.399999618530273)
Part1370.Position = Vector3.new(2861.7939453125, 212.84239196777344, 2359.34130859375)
Part1370.Rotation = Vector3.new(177.64999389648438, -1, -163.63999938964844)
Part1370.Transparency = 1
Part1370.Size = Vector3.new(1.3500009775161743, 22.749998092651367, 1.5)
Part1370.Anchored = true
Part1370.Material = Enum.Material.Fabric
Part1371.Name = "Tree_Collision"
Part1371.Parent = Model1357
Part1371.CFrame = CFrame.new(2827.4231, 213.926743, 2366.25952, -0.992721021, -0.120357901, 0.00436392007, -0.111359, 0.931092381, 0.347370565, -0.0458719991, 0.34435612, -0.937717855)
Part1371.Orientation = Vector3.new(-20.329999923706055, 179.72999572753906, -6.820000171661377)
Part1371.Position = Vector3.new(2827.423095703125, 213.92674255371094, 2366.259521484375)
Part1371.Rotation = Vector3.new(-159.6699981689453, 0.25, 173.08999633789062)
Part1371.Transparency = 1
Part1371.Size = Vector3.new(1.3500009775161743, 23.749998092651367, 1.5)
Part1371.Anchored = true
Part1371.Material = Enum.Material.Fabric
Part1372.Name = "Tree_Collision"
Part1372.Parent = Model1357
Part1372.CFrame = CFrame.new(2819.8855, 214.036728, 2354.69873, -0.99456799, -0.0971484557, 0.0373729728, -0.0940499976, 0.992565811, 0.0772515312, -0.0445999987, 0.073316969, -0.996310949)
Part1372.Orientation = Vector3.new(-4.429999828338623, 177.85000610351562, -5.409999847412109)
Part1372.Position = Vector3.new(2819.885498046875, 214.03672790527344, 2354.69873046875)
Part1372.Rotation = Vector3.new(-175.57000732421875, 2.140000104904175, 174.4199981689453)
Part1372.Transparency = 1
Part1372.Size = Vector3.new(1.3500009775161743, 23.749998092651367, 1.5)
Part1372.Anchored = true
Part1372.Material = Enum.Material.Fabric
Part1373.Name = "Tree_Collision"
Part1373.Parent = Model1357
Part1373.CFrame = CFrame.new(2869.3418, 213.338638, 2345.19922, -0.983618259, 0.180184811, 0.00535658933, 0.180247039, 0.982676446, 0.0431046039, 0.00250300067, 0.0433639809, -0.99905622)
Part1373.Orientation = Vector3.new(-2.4700000286102295, 179.69000244140625, 10.390000343322754)
Part1373.Position = Vector3.new(2869.341796875, 213.33863830566406, 2345.19921875)
Part1373.Rotation = Vector3.new(-177.52999877929688, 0.3100000023841858, -169.6199951171875)
Part1373.Transparency = 1
Part1373.Size = Vector3.new(1.3500009775161743, 22.749998092651367, 1.5)
Part1373.Anchored = true
Part1373.Material = Enum.Material.Fabric
Model1374.Name = "茂み"
Model1374.Parent = Folder0
Part1375.Name = "TreeMesh Bottom"
Part1375.Parent = Model1374
Part1375.CFrame = CFrame.new(2833.49707, 212.899384, 2457.54175, 0.999895275, -0.014635697, 1.78903846e-07, 0.0146245854, 0.999129653, 0.0390328132, -0.000571093929, -0.0390285105, 0.9992401)
Part1375.Orientation = Vector3.new(-2.240000009536743, 0, 0.8399999737739563)
Part1375.Position = Vector3.new(2833.4970703125, 212.89938354492188, 2457.541748046875)
Part1375.Rotation = Vector3.new(-2.240000009536743, 0, 0.8399999737739563)
Part1375.Size = Vector3.new(8.250000953674316, 0.2499980926513672, 7)
Part1375.Anchored = true
Part1375.CanCollide = false
Part1375.Material = Enum.Material.Fabric
SpecialMesh1376.Name = "BarkMesh"
SpecialMesh1376.Parent = Part1375
SpecialMesh1376.MeshId = "rbxassetid://623621260"
SpecialMesh1376.Offset = Vector3.new(0, 3.4100000858306885, 0)
SpecialMesh1376.TextureId = "rbxassetid://623618671"
SpecialMesh1376.MeshType = Enum.MeshType.FileMesh
Part1377.Name = "TreeMeshTop"
Part1377.Parent = Model1374
Part1377.CFrame = CFrame.new(2833.05566, 243.013153, 2456.36377, 0.999895275, -0.014635697, 1.78903846e-07, 0.0146245854, 0.999129653, 0.0390328132, -0.000571093929, -0.0390285105, 0.9992401)
Part1377.Orientation = Vector3.new(-2.240000009536743, 0, 0.8399999737739563)
Part1377.Position = Vector3.new(2833.0556640625, 243.01315307617188, 2456.36376953125)
Part1377.Rotation = Vector3.new(-2.240000009536743, 0, 0.8399999737739563)
Part1377.Transparency = 0.05000000074505806
Part1377.Size = Vector3.new(8.250000953674316, 0.2499980926513672, 7)
Part1377.Anchored = true
Part1377.CanCollide = false
Part1377.Material = Enum.Material.Fabric
SpecialMesh1378.Name = "TopTreeMesh"
SpecialMesh1378.Parent = Part1377
SpecialMesh1378.MeshId = "rbxassetid://623621456"
SpecialMesh1378.Offset = Vector3.new(0, 3.4100000858306885, 0)
SpecialMesh1378.Scale = Vector3.new(1.600000023841858, 1.600000023841858, 1.600000023841858)
SpecialMesh1378.TextureId = "rbxassetid://745556120"
SpecialMesh1378.MeshType = Enum.MeshType.FileMesh
Part1379.Name = "Tree_Collision"
Part1379.Parent = Model1374
Part1379.CFrame = CFrame.new(2831.86743, 226.189667, 2461.94995, 0.993784547, -0.111161277, 0.0063346508, 0.111340128, 0.99189961, -0.0611239336, 0.000511656981, 0.0614496134, 0.998112261)
Part1379.Orientation = Vector3.new(3.5, 0.36000001430511475, 6.400000095367432)
Part1379.Position = Vector3.new(2831.867431640625, 226.18966674804688, 2461.949951171875)
Part1379.Rotation = Vector3.new(3.5, 0.36000001430511475, 6.380000114440918)
Part1379.Transparency = 1
Part1379.Size = Vector3.new(1.3500009775161743, 26.749998092651367, 1.5)
Part1379.Anchored = true
Part1379.Material = Enum.Material.Fabric
Part1380.Name = "Tree_Collision"
Part1380.Parent = Model1374
Part1380.CFrame = CFrame.new(2837.31982, 225.614349, 2470.91235, 0.956472397, 0.28327015, -0.0701667219, -0.285805464, 0.957847178, -0.0290126242, 0.0589909106, 0.0478042066, 0.997115433)
Part1380.Orientation = Vector3.new(1.659999966621399, -4.03000020980835, -16.610000610351562)
Part1380.Position = Vector3.new(2837.31982421875, 225.61434936523438, 2470.912353515625)
Part1380.Rotation = Vector3.new(1.6699999570846558, -4.019999980926514, -16.5)
Part1380.Transparency = 1
Part1380.Size = Vector3.new(1.3500009775161743, 23.749998092651367, 1.5)
Part1380.Anchored = true
Part1380.Material = Enum.Material.Fabric
Part1381.Name = "Tree_Collision"
Part1381.Parent = Model1374
Part1381.CFrame = CFrame.new(2815.12109, 226.29126, 2458.85352, 0.991693437, -0.127731651, 0.0152817275, 0.128632411, 0.983130395, -0.130023047, 0.00158451218, 0.13090907, 0.991395354)
Part1381.Orientation = Vector3.new(7.46999979019165, 0.8799999952316284, 7.449999809265137)
Part1381.Position = Vector3.new(2815.12109375, 226.291259765625, 2458.853515625)
Part1381.Rotation = Vector3.new(7.46999979019165, 0.8799999952316284, 7.340000152587891)
Part1381.Transparency = 1
Part1381.Size = Vector3.new(1.3500009775161743, 26.749998092651367, 1.5)
Part1381.Anchored = true
Part1381.Material = Enum.Material.Fabric
Part1382.Name = "Tree_Collision"
Part1382.Parent = Model1374
Part1382.CFrame = CFrame.new(2869.01294, 224.832703, 2446.64746, 0.999994278, -0.00281436276, -0.00287729362, 0.00354233175, 0.954822421, 0.297151983, 0.00191136799, -0.297160536, 0.954827905)
Part1382.Orientation = Vector3.new(-17.290000915527344, -0.17000000178813934, 0.20999999344348907)
Part1382.Position = Vector3.new(2869.012939453125, 224.83270263671875, 2446.6474609375)
Part1382.Rotation = Vector3.new(-17.290000915527344, -0.1599999964237213, 0.1599999964237213)
Part1382.Transparency = 1
Part1382.Size = Vector3.new(1.3500009775161743, 23.749998092651367, 1.5)
Part1382.Anchored = true
Part1382.Material = Enum.Material.Fabric
Part1383.Name = "Tree_Collision"
Part1383.Parent = Model1374
Part1383.CFrame = CFrame.new(2825.58716, 225.277679, 2444.4624, 0.973383248, -0.227920145, -0.0241302066, 0.226648301, 0.941576064, 0.249123693, -0.0340595096, -0.247961998, 0.968173087)
Part1383.Orientation = Vector3.new(-14.430000305175781, -1.4299999475479126, 13.529999732971191)
Part1383.Position = Vector3.new(2825.587158203125, 225.27767944335938, 2444.46240234375)
Part1383.Rotation = Vector3.new(-14.430000305175781, -1.3799999952316284, 13.180000305175781)
Part1383.Transparency = 1
Part1383.Size = Vector3.new(1.3500009775161743, 26.749998092651367, 1.5)
Part1383.Anchored = true
Part1383.Material = Enum.Material.Fabric
Part1384.Name = "Tree_Collision"
Part1384.Parent = Model1374
Part1384.CFrame = CFrame.new(2824.97119, 225.321136, 2477.42236, 0.988800824, -0.130840823, -0.0718215927, 0.106960423, 0.956776977, -0.270434558, 0.104101613, 0.259724259, 0.960057616)
Part1384.Orientation = Vector3.new(15.6899995803833, -4.28000020980835, 6.380000114440918)
Part1384.Position = Vector3.new(2824.97119140625, 225.32113647460938, 2477.42236328125)
Part1384.Rotation = Vector3.new(15.729999542236328, -4.119999885559082, 7.539999961853027)
Part1384.Transparency = 1
Part1384.Size = Vector3.new(1.3500009775161743, 22.749998092651367, 1.5)
Part1384.Anchored = true
Part1384.Material = Enum.Material.Fabric
Part1385.Name = "Tree_Collision"
Part1385.Parent = Model1374
Part1385.CFrame = CFrame.new(2858.23242, 226.149994, 2463.80127, 0.988123059, 0.149066925, -0.0373713225, -0.145867378, 0.98628217, 0.0772513896, 0.0483746529, -0.0708823949, 0.996313155)
Part1385.Orientation = Vector3.new(-4.429999828338623, -2.1500000953674316, -8.40999984741211)
Part1385.Position = Vector3.new(2858.232421875, 226.14999389648438, 2463.80126953125)
Part1385.Rotation = Vector3.new(-4.429999828338623, -2.140000104904175, -8.579999923706055)
Part1385.Transparency = 1
Part1385.Size = Vector3.new(1.3500009775161743, 23.749998092651367, 1.5)
Part1385.Anchored = true
Part1385.Material = Enum.Material.Fabric
Part1386.Name = "Tree_Collision"
Part1386.Parent = Model1374
Part1386.CFrame = CFrame.new(2871.72925, 224.580017, 2470.32031, 0.988263965, 0.15271385, -0.00421642885, -0.152157009, 0.98143816, -0.116725624, -0.013687158, 0.115997717, 0.993157327)
Part1386.Orientation = Vector3.new(6.699999809265137, -0.23999999463558197, -8.8100004196167)
Part1386.Position = Vector3.new(2871.729248046875, 224.58001708984375, 2470.3203125)
Part1386.Rotation = Vector3.new(6.699999809265137, -0.23999999463558197, -8.779999732971191)
Part1386.Transparency = 1
Part1386.Size = Vector3.new(1.3500009775161743, 20.749998092651367, 1.5)
Part1386.Anchored = true
Part1386.Material = Enum.Material.Fabric
Part1387.Name = "Tree_Collision"
Part1387.Parent = Model1374
