Part1541.Name = "Tree_Collision"
Part1541.Parent = Model1530
Part1541.CFrame = CFrame.new(2443.09009, 209.784485, 2782.23584, 0.96234566, 0.144723952, -0.230099604, -0.142855838, 0.98943156, 0.0248490069, 0.23126404, 0.00895773433, 0.972849786)
Part1541.Orientation = Vector3.new(-1.4199999570846558, -13.3100004196167, -8.220000267028809)
Part1541.Position = Vector3.new(2443.090087890625, 209.78448486328125, 2782.23583984375)
Part1541.Rotation = Vector3.new(-1.4600000381469727, -13.300000190734863, -8.550000190734863)
Part1541.Transparency = 1
Part1541.Size = Vector3.new(1.3500009775161743, 23.749998092651367, 1.5)
Part1541.Anchored = true
Part1541.Material = Enum.Material.Fabric
Part1542.Name = "Tree_Collision"
Part1542.Parent = Model1530
Part1542.CFrame = CFrame.new(2455.09766, 207.948746, 2791.15527, 0.974556029, 0.112317406, -0.193972871, -0.145891145, 0.974842906, -0.168514639, 0.170165956, 0.192525893, 0.966425061)
Part1542.Orientation = Vector3.new(9.699999809265137, -11.350000381469727, -8.510000228881836)
Part1542.Position = Vector3.new(2455.09765625, 207.94874572753906, 2791.1552734375)
Part1542.Rotation = Vector3.new(9.890000343322754, -11.180000305175781, -6.570000171661377)
Part1542.Transparency = 1
Part1542.Size = Vector3.new(1.3500009775161743, 20.749998092651367, 1.5)
Part1542.Anchored = true
Part1542.Material = Enum.Material.Fabric
Part1543.Name = "Tree_Collision"
Part1543.Parent = Model1530
Part1543.CFrame = CFrame.new(2391.99219, 207.83432, 2751.53979, 0.93789947, -0.299539447, -0.174987897, 0.287107795, 0.953363121, -0.0931015089, 0.194714606, 0.0370794684, 0.980158806)
Part1543.Orientation = Vector3.new(5.340000152587891, -10.119999885559082, 16.760000228881836)
Part1543.Position = Vector3.new(2391.9921875, 207.83432006835938, 2751.539794921875)
Part1543.Rotation = Vector3.new(5.429999828338623, -10.079999923706055, 17.709999084472656)
Part1543.Transparency = 1
Part1543.Size = Vector3.new(1.3500009775161743, 22.749998092651367, 1.5)
Part1543.Anchored = true
Part1543.Material = Enum.Material.Fabric
Part1544.Name = "Tree_Collision"
Part1544.Parent = Model1530
Part1544.CFrame = CFrame.new(2427.03125, 209.464615, 2751.4668, 0.966810167, 0.17017667, -0.190572768, -0.108238995, 0.948460937, 0.297835678, 0.231435522, -0.267323136, 0.93540144)
Part1544.Orientation = Vector3.new(-17.329999923706055, -11.520000457763672, -6.510000228881836)
Part1544.Position = Vector3.new(2427.03125, 209.46461486816406, 2751.466796875)
Part1544.Rotation = Vector3.new(-17.65999984741211, -10.989999771118164, -9.979999542236328)
Part1544.Transparency = 1
Part1544.Size = Vector3.new(1.3500009775161743, 23.749998092651367, 1.5)
Part1544.Anchored = true
Part1544.Material = Enum.Material.Fabric
Part1545.Name = "Tree_Collision"
Part1545.Parent = Model1530
Part1545.CFrame = CFrame.new(2432.1936, 209.010712, 2764.2583, 0.96860081, 0.0941607505, -0.230100483, -0.0908774212, 0.995551944, 0.0248499401, 0.231416866, -0.00315873208, 0.972849607)
Part1545.Orientation = Vector3.new(-1.4199999570846558, -13.3100004196167, -5.21999979019165)
Part1545.Position = Vector3.new(2432.193603515625, 209.01071166992188, 2764.25830078125)
Part1545.Rotation = Vector3.new(-1.4600000381469727, -13.300000190734863, -5.550000190734863)
Part1545.Transparency = 1
Part1545.Size = Vector3.new(1.3500009775161743, 23.749998092651367, 1.5)
Part1545.Anchored = true
Part1545.Material = Enum.Material.Fabric
Part1546.Name = "Tree_Collision"
Part1546.Parent = Model1530
Part1546.CFrame = CFrame.new(2381.85083, 207.549637, 2763.96118, 0.96271944, -0.183555901, -0.198692083, 0.185445368, 0.982611299, -0.00922159292, 0.196929768, -0.0279687177, 0.980018556)
Part1546.Orientation = Vector3.new(0.5299999713897705, -11.460000038146973, 10.6899995803833)
Part1546.Position = Vector3.new(2381.850830078125, 207.5496368408203, 2763.961181640625)
Part1546.Rotation = Vector3.new(0.5400000214576721, -11.460000038146973, 10.789999961853027)
Part1546.Transparency = 1
Part1546.Size = Vector3.new(1.3500009775161743, 22.749998092651367, 1.5)
Part1546.Anchored = true
Part1546.Material = Enum.Material.Fabric
Model1547.Name = "?2"
Model1547.Parent = Folder0
Part1548.Name = "TreeMesh Bottom"
Part1548.Parent = Model1547
Part1548.CFrame = CFrame.new(2561.37793, 208.994339, 2769.90137, -0.671342373, -0.00841493905, -0.741099596, 0.0103399893, 0.999731898, -0.0207183436, 0.741075277, -0.0215720646, -0.671075344)
Part1548.Orientation = Vector3.new(1.190000057220459, -132.16000366210938, 0.5899999737739563)
Part1548.Position = Vector3.new(2561.3779296875, 208.9943389892578, 2769.9013671875)
Part1548.Rotation = Vector3.new(178.22999572753906, -47.83000183105469, 179.27999877929688)
Part1548.Size = Vector3.new(8.250000953674316, 0.2499980926513672, 7)
Part1548.Anchored = true
Part1548.CanCollide = false
Part1548.Material = Enum.Material.Fabric
SpecialMesh1549.Name = "BarkMesh"
SpecialMesh1549.Parent = Part1548
SpecialMesh1549.MeshId = "rbxassetid://623621260"
SpecialMesh1549.Offset = Vector3.new(0, 3.4100000858306885, 0)
SpecialMesh1549.TextureId = "rbxassetid://623618671"
SpecialMesh1549.MeshType = Enum.MeshType.FileMesh
Part1550.Name = "TreeMeshTop"
Part1550.Parent = Model1547
Part1550.CFrame = CFrame.new(2561.125, 239.126144, 2769.25073, -0.671342373, -0.00841493905, -0.741099596, 0.0103399893, 0.999731898, -0.0207183436, 0.741075277, -0.0215720646, -0.671075344)
Part1550.Orientation = Vector3.new(1.190000057220459, -132.16000366210938, 0.5899999737739563)
Part1550.Position = Vector3.new(2561.125, 239.1261444091797, 2769.250732421875)
Part1550.Rotation = Vector3.new(178.22999572753906, -47.83000183105469, 179.27999877929688)
Part1550.Transparency = 0.05000000074505806
Part1550.Size = Vector3.new(8.250000953674316, 0.2499980926513672, 7)
Part1550.Anchored = true
Part1550.CanCollide = false
Part1550.Material = Enum.Material.Fabric
SpecialMesh1551.Name = "TopTreeMesh"
SpecialMesh1551.Parent = Part1550
SpecialMesh1551.MeshId = "rbxassetid://623621456"
SpecialMesh1551.Offset = Vector3.new(0, 3.4100000858306885, 0)
SpecialMesh1551.Scale = Vector3.new(1.600000023841858, 1.600000023841858, 1.600000023841858)
SpecialMesh1551.TextureId = "rbxassetid://745556120"
SpecialMesh1551.MeshType = Enum.MeshType.FileMesh
Part1552.Name = "Tree_Collision"
Part1552.Parent = Model1547
Part1552.CFrame = CFrame.new(2558.58398, 222.00441, 2765.2478, -0.672603071, -0.0176280402, -0.739793479, 0.10684184, 0.986928165, -0.12065497, 0.732249916, -0.160193801, -0.661927521)
Part1552.Orientation = Vector3.new(6.929999828338623, -131.82000732421875, 6.179999828338623)
Part1552.Position = Vector3.new(2558.583984375, 222.00440979003906, 2765.247802734375)
Part1552.Rotation = Vector3.new(169.6699981689453, -47.709999084472656, 178.5)
Part1552.Transparency = 1
Part1552.Size = Vector3.new(1.3500009775161743, 26.749998092651367, 1.5)
Part1552.Anchored = true
Part1552.Material = Enum.Material.Fabric
Part1553.Name = "Tree_Collision"
Part1553.Parent = Model1547
Part1553.CFrame = CFrame.new(2548.32031, 220.871384, 2763.30469, -0.672098219, -0.270648509, -0.689226687, -0.292924643, 0.95205754, -0.0882131234, 0.680058181, 0.142603591, -0.719155848)
Part1553.Orientation = Vector3.new(5.059999942779541, -136.22000122070312, -17.100000381469727)
Part1553.Position = Vector3.new(2548.3203125, 220.8713836669922, 2763.3046875)
Part1553.Rotation = Vector3.new(173.00999450683594, -43.56999969482422, 158.07000732421875)
Part1553.Transparency = 1
Part1553.Size = Vector3.new(1.3500009775161743, 23.749998092651367, 1.5)
Part1553.Anchored = true
Part1553.Material = Enum.Material.Fabric
Part1554.Name = "Tree_Collision"
Part1554.Parent = Model1547
Part1554.CFrame = CFrame.new(2572.10718, 222.362625, 2754.90454, -0.672807455, -0.0574804768, -0.737581313, 0.124049895, 0.974096894, -0.189068288, 0.729343414, -0.218703419, -0.648249209)
Part1554.Orientation = Vector3.new(10.899999618530273, -131.30999755859375, 7.260000228881836)
Part1554.Position = Vector3.new(2572.107177734375, 222.3626251220703, 2754.904541015625)
Part1554.Rotation = Vector3.new(163.74000549316406, -47.529998779296875, 175.1199951171875)
Part1554.Transparency = 1
Part1554.Size = Vector3.new(1.3500009775161743, 26.749998092651367, 1.5)
Part1554.Anchored = true
Part1554.Material = Enum.Material.Fabric
Part1555.Name = "Tree_Collision"
Part1555.Parent = Model1547
Part1555.CFrame = CFrame.new(2545.03857, 221.404327, 2803.08862, -0.672722518, 0.176711977, -0.718482673, -0.000870999356, 0.970870733, 0.239602685, 0.73989445, 0.161811948, -0.652972519)
Part1555.Orientation = Vector3.new(-13.859999656677246, -132.27000427246094, -0.05000000074505806)
Part1555.Position = Vector3.new(2545.03857421875, 221.40432739257812, 2803.088623046875)
Part1555.Rotation = Vector3.new(-159.85000610351562, -45.93000030517578, -165.27999877929688)
Part1555.Transparency = 1
Part1555.Size = Vector3.new(1.3500009775161743, 23.749998092651367, 1.5)
Part1555.Anchored = true
Part1555.Material = Enum.Material.Fabric
Part1556.Name = "Tree_Collision"
Part1556.Parent = Model1547
Part1556.CFrame = CFrame.new(2575.7793, 222.165451, 2772.34497, -0.638770163, 0.29201588, -0.711828291, 0.224096701, 0.955676436, 0.190953895, 0.736039042, -0.0375427306, -0.6758973)
Part1556.Orientation = Vector3.new(-11.010000228881836, -133.52000427246094, 13.199999809265137)
Part1556.Position = Vector3.new(2575.779296875, 222.1654510498047, 2772.344970703125)
Part1556.Rotation = Vector3.new(-164.22000122070312, -45.380001068115234, -155.42999267578125)
Part1556.Transparency = 1
Part1556.Size = Vector3.new(1.3500009775161743, 26.749998092651367, 1.5)
Part1556.Anchored = true
Part1556.Material = Enum.Material.Fabric
Part1557.Name = "Tree_Collision"
Part1557.Parent = Model1547
Part1557.CFrame = CFrame.new(2551.80566, 220.24295, 2749.79858, -0.745689213, -0.149449065, -0.649317086, 0.0963058993, 0.940111637, -0.326979071, 0.659297287, -0.306357771, -0.686638296)
Part1557.Orientation = Vector3.new(19.09000015258789, -136.60000610351562, 5.849999904632568)
Part1557.Position = Vector3.new(2551.8056640625, 220.24295043945312, 2749.798583984375)
Part1557.Rotation = Vector3.new(154.5399932861328, -40.4900016784668, 168.6699981689453)
Part1557.Transparency = 1
Part1557.Size = Vector3.new(1.3500009775161743, 22.749998092651367, 1.5)
Part1557.Anchored = true
Part1557.Material = Enum.Material.Fabric
Part1558.Name = "Tree_Collision"
Part1558.Parent = Model1547
Part1558.CFrame = CFrame.new(2539.51953, 221.740982, 2783.55298, -0.692085564, -0.0941118672, -0.715653956, -0.152737916, 0.988107026, 0.0177671369, 0.705470562, 0.121603869, -0.698229074)
Part1558.Orientation = Vector3.new(-1.0199999809265137, -134.2899932861328, -8.789999961853027)
Part1558.Position = Vector3.new(2539.51953125, 221.74098205566406, 2783.552978515625)
Part1558.Rotation = Vector3.new(-178.5399932861328, -45.70000076293945, 172.25999450683594)
Part1558.Transparency = 1
Part1558.Size = Vector3.new(1.3500009775161743, 23.749998092651367, 1.5)
Part1558.Anchored = true
Part1558.Material = Enum.Material.Fabric
Part1559.Name = "Tree_Collision"
Part1559.Parent = Model1547
Part1559.CFrame = CFrame.new(2525.71338, 219.726547, 2789.24731, -0.645968378, -0.23458679, -0.726425529, -0.155308858, 0.972094953, -0.17581436, 0.747398257, -0.000750202744, -0.664375961)
Part1559.Orientation = Vector3.new(10.130000114440918, -132.4499969482422, -9.079999923706055)
Part1559.Position = Vector3.new(2525.71337890625, 219.72654724121094, 2789.247314453125)
Part1559.Rotation = Vector3.new(165.17999267578125, -46.59000015258789, 160.0399932861328)
Part1559.Transparency = 1
Part1559.Size = Vector3.new(1.3500009775161743, 20.749998092651367, 1.5)
Part1559.Anchored = true
Part1559.Material = Enum.Material.Fabric
Part1560.Name = "Tree_Collision"
Part1560.Parent = Model1547
Part1560.CFrame = CFrame.new(2592.16772, 220.485489, 2755.55908, -0.653342247, 0.111001663, -0.748880923, 0.27772668, 0.955368996, -0.100687549, 0.704281151, -0.27376762, -0.655010998)
Part1560.Orientation = Vector3.new(5.78000020980835, -131.1699981689453, 16.209999084472656)
Part1560.Position = Vector3.new(2592.167724609375, 220.48548889160156, 2755.55908203125)
Part1560.Rotation = Vector3.new(171.25999450683594, -48.4900016784668, -170.36000061035156)
Part1560.Transparency = 1
Part1560.Size = Vector3.new(1.3500009775161743, 22.749998092651367, 1.5)
Part1560.Anchored = true
Part1560.Material = Enum.Material.Fabric
Part1561.Name = "Tree_Collision"
Part1561.Parent = Model1547
Part1561.CFrame = CFrame.new(2574.1665, 221.83345, 2785.63403, -0.694948077, 0.130080223, -0.707196176, -0.118160844, 0.949472308, 0.290758401, 0.709285021, 0.285624862, -0.644463539)
Part1561.Orientation = Vector3.new(-16.899999618530273, -132.33999633789062, -7.090000152587891)
Part1561.Position = Vector3.new(2574.16650390625, 221.8334503173828, 2785.634033203125)
Part1561.Rotation = Vector3.new(-155.72000122070312, -45.0099983215332, -169.39999389648438)
Part1561.Transparency = 1
Part1561.Size = Vector3.new(1.3500009775161743, 23.749998092651367, 1.5)
Part1561.Anchored = true
Part1561.Material = Enum.Material.Fabric
Part1562.Name = "Tree_Collision"
Part1562.Parent = Model1547
Part1562.CFrame = CFrame.new(2560.54932, 221.220383, 2783.46973, -0.69606334, -0.0577607155, -0.7156533, -0.100814901, 0.994746566, 0.0177687705, 0.710867345, 0.0845167041, -0.69822973)
Part1562.Orientation = Vector3.new(-1.0199999809265137, -134.2899932861328, -5.789999961853027)
Part1562.Position = Vector3.new(2560.54931640625, 221.2203826904297, 2783.4697265625)
Part1562.Rotation = Vector3.new(-178.5399932861328, -45.70000076293945, 175.25999450683594)
Part1562.Transparency = 1
Part1562.Size = Vector3.new(1.3500009775161743, 23.749998092651367, 1.5)
Part1562.Anchored = true
Part1562.Material = Enum.Material.Fabric
Part1563.Name = "Tree_Collision"
Part1563.Parent = Model1547
Part1563.CFrame = CFrame.new(2586.74756, 220.168533, 2740.46777, -0.666799128, 0.106675684, -0.737563133, 0.175850779, 0.984276474, -0.0166206174, 0.724193037, -0.140783638, -0.675073743)
Part1563.Orientation = Vector3.new(0.949999988079071, -132.47000122070312, 10.130000114440918)
Part1563.Position = Vector3.new(2586.74755859375, 220.1685333251953, 2740.4677734375)
Part1563.Rotation = Vector3.new(178.58999633789062, -47.52000045776367, -170.91000366210938)
Part1563.Transparency = 1
Part1563.Size = Vector3.new(1.3500009775161743, 22.749998092651367, 1.5)
Part1563.Anchored = true
Part1563.Material = Enum.Material.Fabric
Model1564.Name = "?2"
Model1564.Parent = Folder0
Part1565.Name = "TreeMesh Bottom"
Part1565.Parent = Model1564
Part1565.CFrame = CFrame.new(2502.54395, 209.248184, 2806.1272, 0.741090953, -0.00913902558, -0.671342432, 0.0216939691, 0.999711275, 0.0103387162, 0.671054065, -0.0222260114, 0.741075218)
Part1565.Orientation = Vector3.new(-0.5899999737739563, -42.16999816894531, 1.2400000095367432)
Part1565.Position = Vector3.new(2502.5439453125, 209.24818420410156, 2806.127197265625)
Part1565.Rotation = Vector3.new(-0.800000011920929, -42.16999816894531, 0.7099999785423279)
Part1565.Size = Vector3.new(8.250000953674316, 0.2499980926513672, 7)
Part1565.Anchored = true
Part1565.CanCollide = false
Part1565.Material = Enum.Material.Fabric
SpecialMesh1566.Name = "BarkMesh"
SpecialMesh1566.Parent = Part1565
SpecialMesh1566.MeshId = "rbxassetid://623621260"
SpecialMesh1566.Offset = Vector3.new(0, 3.4100000858306885, 0)
SpecialMesh1566.TextureId = "rbxassetid://623618671"
SpecialMesh1566.MeshType = Enum.MeshType.FileMesh
Part1567.Name = "TreeMeshTop"
Part1567.Parent = Model1564
Part1567.CFrame = CFrame.new(2502.26855, 239.37941, 2805.45605, 0.741090953, -0.00913902558, -0.671342432, 0.0216939691, 0.999711275, 0.0103387162, 0.671054065, -0.0222260114, 0.741075218)
Part1567.Orientation = Vector3.new(-0.5899999737739563, -42.16999816894531, 1.2400000095367432)
Part1567.Position = Vector3.new(2502.2685546875, 239.37940979003906, 2805.4560546875)
Part1567.Rotation = Vector3.new(-0.800000011920929, -42.16999816894531, 0.7099999785423279)
Part1567.Transparency = 0.05000000074505806
Part1567.Size = Vector3.new(8.250000953674316, 0.2499980926513672, 7)
Part1567.Anchored = true
Part1567.CanCollide = false
Part1567.Material = Enum.Material.Fabric
SpecialMesh1568.Name = "TopTreeMesh"
SpecialMesh1568.Parent = Part1567
SpecialMesh1568.MeshId = "rbxassetid://623621456"
SpecialMesh1568.Offset = Vector3.new(0, 3.4100000858306885, 0)
SpecialMesh1568.Scale = Vector3.new(1.600000023841858, 1.600000023841858, 1.600000023841858)
SpecialMesh1568.TextureId = "rbxassetid://745556120"
SpecialMesh1568.MeshType = Enum.MeshType.FileMesh
Part1569.Name = "Tree_Collision"
Part1569.Parent = Model1564
Part1569.CFrame = CFrame.new(2498.05249, 222.394608, 2808.51855, 0.73346585, -0.147911161, -0.663438141, 0.118292816, 0.988919199, -0.0896970704, 0.669353962, -0.0126902293, 0.742835283)
Part1569.Orientation = Vector3.new(5.150000095367432, -41.77000045776367, 6.820000171661377)
Part1569.Position = Vector3.new(2498.052490234375, 222.3946075439453, 2808.5185546875)
Part1569.Rotation = Vector3.new(6.889999866485596, -41.560001373291016, 11.399999618530273)
Part1569.Transparency = 1
Part1569.Size = Vector3.new(1.3500009775161743, 26.749998092651367, 1.5)
Part1569.Anchored = true
Part1569.Material = Enum.Material.Fabric
Part1570.Name = "Tree_Collision"
Part1570.Parent = Model1564
Part1570.CFrame = CFrame.new(2496.09473, 221.600815, 2818.81128, 0.676306605, 0.154409721, -0.720254838, -0.280623436, 0.958057284, -0.0581101328, 0.681072652, 0.241420642, 0.691271424)
Part1570.Orientation = Vector3.new(3.3299999237060547, -46.18000030517578, -16.329999923706055)
Part1570.Position = Vector3.new(2496.0947265625, 221.60081481933594, 2818.811279296875)
Part1570.Rotation = Vector3.new(4.809999942779541, -46.08000183105469, -12.859999656677246)
Part1570.Transparency = 1
Part1570.Size = Vector3.new(1.3500009775161743, 23.749998092651367, 1.5)
Part1570.Anchored = true
Part1570.Material = Enum.Material.Fabric
Part1571.Name = "Tree_Collision"
Part1571.Parent = Model1564
Part1571.CFrame = CFrame.new(2487.71582, 222.466782, 2794.98511, 0.730773032, -0.206578434, -0.650612056, 0.135533825, 0.978043258, -0.158309653, 0.66903013, 0.0275084842, 0.742726028)
Part1571.Orientation = Vector3.new(9.109999656677246, -41.220001220703125, 7.889999866485596)
Part1571.Position = Vector3.new(2487.7158203125, 222.46678161621094, 2794.985107421875)
Part1571.Rotation = Vector3.new(12.029999732971191, -40.59000015258789, 15.779999732971191)
Part1571.Transparency = 1
Part1571.Size = Vector3.new(1.3500009775161743, 26.749998092651367, 1.5)
Part1571.Anchored = true
Part1571.Material = Enum.Material.Fabric
Part1572.Name = "Tree_Collision"
Part1572.Parent = Model1564
Part1572.CFrame = CFrame.new(2535.88232, 221.739639, 2822.09351, 0.739770532, 0.17388688, -0.650002301, 0.0105469786, 0.962914765, 0.269599915, 0.672776639, -0.206297636, 0.710501909)
Part1572.Orientation = Vector3.new(-15.640000343322754, -42.45000076293945, 0.6299999952316284)
Part1572.Position = Vector3.new(2535.88232421875, 221.73963928222656, 2822.093505859375)
Part1572.Rotation = Vector3.new(-20.780000686645508, -40.540000915527344, -13.229999542236328)
Part1572.Transparency = 1
Part1572.Size = Vector3.new(1.3500009775161743, 23.749998092651367, 1.5)
Part1572.Anchored = true
Part1572.Material = Enum.Material.Fabric
Part1573.Name = "Tree_Collision"
Part1573.Parent = Model1564
Part1573.CFrame = CFrame.new(2505.15259, 221.940506, 2791.32983, 0.738714933, -0.0256317556, -0.673530519, 0.234399661, 0.946673155, 0.221058473, 0.6319471, -0.321174532, 0.705329537)
Part1573.Orientation = Vector3.new(-12.770000457763672, -43.68000030517578, 13.90999984741211)
Part1573.Position = Vector3.new(2505.152587890625, 221.9405059814453, 2791.329833984375)
Part1573.Rotation = Vector3.new(-17.399999618530273, -42.34000015258789, 1.9900000095367432)
Part1573.Transparency = 1
Part1573.Size = Vector3.new(1.3500009775161743, 26.749998092651367, 1.5)
Part1573.Anchored = true
Part1573.Material = Enum.Material.Fabric
Part1574.Name = "Tree_Collision"
Part1574.Parent = Model1564
Part1574.CFrame = CFrame.new(2482.58203, 221.033737, 2815.34058, 0.660381794, -0.294656724, -0.690704942, 0.1109078, 0.947983444, -0.298373729, 0.742694676, 0.120436013, 0.658710718)
Part1574.Orientation = Vector3.new(17.360000610351562, -46.36000061035156, 6.670000076293945)
Part1574.Position = Vector3.new(2482.58203125, 221.0337371826172, 2815.340576171875)
Part1574.Rotation = Vector3.new(24.3700008392334, -43.689998626708984, 24.049999237060547)
Part1574.Transparency = 1
Part1574.Size = Vector3.new(1.3500009775161743, 22.749998092651367, 1.5)
Part1574.Anchored = true
Part1574.Material = Enum.Material.Fabric
Part1575.Name = "Tree_Collision"
Part1575.Parent = Model1564
Part1575.CFrame = CFrame.new(2516.35132, 222.487961, 2827.59009, 0.703459203, 0.133874014, -0.698013544, -0.140215844, 0.988939166, 0.0483617112, 0.696767211, 0.0638520643, 0.714449644)
Part1575.Orientation = Vector3.new(-2.7699999809265137, -44.33000183105469, -8.069999694824219)
Part1575.Position = Vector3.new(2516.351318359375, 222.4879608154297, 2827.590087890625)
Part1575.Rotation = Vector3.new(-3.869999885559082, -44.27000045776367, -10.779999732971191)
Part1575.Transparency = 1
Part1575.Size = Vector3.new(1.3500009775161743, 23.749998092651367, 1.5)
Part1575.Anchored = true
Part1575.Material = Enum.Material.Fabric
Part1576.Name = "Tree_Collision"
Part1576.Parent = Model1564
Part1576.CFrame = CFrame.new(2522.01953, 220.826859, 2841.45435, 0.74535507, 0.0113192573, -0.666571677, -0.144720808, 0.978760123, -0.145205036, 0.650770187, 0.204696074, 0.731161952)
Part1576.Orientation = Vector3.new(8.350000381469727, -42.349998474121094, -8.40999984741211)
Part1576.Position = Vector3.new(2522.01953125, 220.8268585205078, 2841.454345703125)
Part1576.Rotation = Vector3.new(11.229999542236328, -41.79999923706055, -0.8700000047683716)
Part1576.Transparency = 1
Part1576.Size = Vector3.new(1.3500009775161743, 20.749998092651367, 1.5)
Part1576.Anchored = true
Part1576.Material = Enum.Material.Fabric
Part1577.Name = "Tree_Collision"
Part1577.Parent = Model1564
Part1577.CFrame = CFrame.new(2488.34814, 219.967896, 2774.99243, 0.707625926, -0.261856377, -0.656274915, 0.288840562, 0.954847872, -0.0695469528, 0.644854009, -0.140345588, 0.751309752)
Part1577.Orientation = Vector3.new(3.990000009536743, -41.13999938964844, 16.829999923706055)
Part1577.Position = Vector3.new(2488.34814453125, 219.9678955078125, 2774.992431640625)
Part1577.Rotation = Vector3.new(5.289999961853027, -41.02000045776367, 20.309999465942383)
Part1577.Transparency = 1
Part1577.Size = Vector3.new(1.3500009775161743, 22.749998092651367, 1.5)
Part1577.Anchored = true
Part1577.Material = Enum.Material.Fabric
Part1578.Name = "Tree_Collision"
Part1578.Parent = Model1564
Part1578.CFrame = CFrame.new(2518.43628, 221.492966, 2792.95776, 0.707702994, 0.297420859, -0.640856743, -0.105617851, 0.941418111, 0.320276439, 0.698570967, -0.158974692, 0.697657287)
Part1578.Orientation = Vector3.new(-18.68000030517578, -42.56999969482422, -6.400000095367432)
Part1578.Position = Vector3.new(2518.436279296875, 221.4929656982422, 2792.957763671875)
Part1578.Rotation = Vector3.new(-24.65999984741211, -39.86000061035156, -22.799999237060547)
Part1578.Transparency = 1
Part1578.Size = Vector3.new(1.3500009775161743, 23.749998092651367, 1.5)
Part1578.Anchored = true
Part1578.Material = Enum.Material.Fabric
Part1579.Name = "Tree_Collision"
Part1579.Parent = Model1564
Part1579.CFrame = CFrame.new(2516.26367, 221.324356, 2806.58618, 0.709500909, 0.0968751311, -0.6980142, -0.0882668644, 0.994922161, 0.0483626239, 0.699154913, 0.0272981934, 0.714448929)
Part1579.Orientation = Vector3.new(-2.7699999809265137, -44.33000183105469, -5.070000171661377)
Part1579.Position = Vector3.new(2516.263671875, 221.32435607910156, 2806.586181640625)
Part1579.Rotation = Vector3.new(-3.869999885559082, -44.27000045776367, -7.78000020980835)
Part1579.Transparency = 1
Part1579.Size = Vector3.new(1.3500009775161743, 23.749998092651367, 1.5)
Part1579.Anchored = true
Part1579.Material = Enum.Material.Fabric
Part1580.Name = "Tree_Collision"
Part1580.Parent = Model1564
Part1580.CFrame = CFrame.new(2473.25415, 220.004791, 2780.41333, 0.726267993, -0.128523901, -0.675289869, 0.187185735, 0.982219398, 0.0143765854, 0.661435068, -0.136845902, 0.737412333)
Part1580.Orientation = Vector3.new(-0.8199999928474426, -42.47999954223633, 10.789999961853027)
Part1580.Position = Vector3.new(2473.254150390625, 220.00479125976562, 2780.413330078125)
Part1580.Rotation = Vector3.new(-1.1200000047683716, -42.47999954223633, 10.039999961853027)
Part1580.Transparency = 1
Part1580.Size = Vector3.new(1.3500009775161743, 22.749998092651367, 1.5)
Part1580.Anchored = true
Part1580.Material = Enum.Material.Fabric
Model1581.Name = "?2"
Model1581.Parent = Folder0
Part1582.Name = "TreeMesh Bottom"
Part1582.Parent = Model1581
Part1582.CFrame = CFrame.new(2524.48657, 207.282913, 2708.09351, -0.671342373, -0.00841493905, -0.741099596, 0.0103399893, 0.999731898, -0.0207183436, 0.741075277, -0.0215720646, -0.671075344)
Part1582.Orientation = Vector3.new(1.190000057220459, -132.16000366210938, 0.5899999737739563)
Part1582.Position = Vector3.new(2524.486572265625, 207.2829132080078, 2708.093505859375)
Part1582.Rotation = Vector3.new(178.22999572753906, -47.83000183105469, 179.27999877929688)
Part1582.Size = Vector3.new(8.250000953674316, 0.2499980926513672, 7)
Part1582.Anchored = true
Part1582.CanCollide = false
Part1582.Material = Enum.Material.Fabric
SpecialMesh1583.Name = "BarkMesh"
SpecialMesh1583.Parent = Part1582
SpecialMesh1583.MeshId = "rbxassetid://623621260"
SpecialMesh1583.Offset = Vector3.new(0, 3.4100000858306885, 0)
SpecialMesh1583.TextureId = "rbxassetid://623618671"
SpecialMesh1583.MeshType = Enum.MeshType.FileMesh
Part1584.Name = "TreeMeshTop"
Part1584.Parent = Model1581
Part1584.CFrame = CFrame.new(2524.23413, 237.414749, 2707.44336, -0.671342373, -0.00841493905, -0.741099596, 0.0103399893, 0.999731898, -0.0207183436, 0.741075277, -0.0215720646, -0.671075344)
Part1584.Orientation = Vector3.new(1.190000057220459, -132.16000366210938, 0.5899999737739563)
Part1584.Position = Vector3.new(2524.234130859375, 237.4147491455078, 2707.443359375)
Part1584.Rotation = Vector3.new(178.22999572753906, -47.83000183105469, 179.27999877929688)
Part1584.Transparency = 0.05000000074505806
Part1584.Size = Vector3.new(8.250000953674316, 0.2499980926513672, 7)
Part1584.Anchored = true
Part1584.CanCollide = false
Part1584.Material = Enum.Material.Fabric
SpecialMesh1585.Name = "TopTreeMesh"
SpecialMesh1585.Parent = Part1584
SpecialMesh1585.MeshId = "rbxassetid://623621456"
SpecialMesh1585.Offset = Vector3.new(0, 3.4100000858306885, 0)
SpecialMesh1585.Scale = Vector3.new(1.600000023841858, 1.600000023841858, 1.600000023841858)
SpecialMesh1585.TextureId = "rbxassetid://745556120"
SpecialMesh1585.MeshType = Enum.MeshType.FileMesh
Part1586.Name = "Tree_Collision"
Part1586.Parent = Model1581
Part1586.CFrame = CFrame.new(2521.69287, 220.292984, 2703.44019, -0.672603071, -0.0176280402, -0.739793479, 0.10684184, 0.986928165, -0.12065497, 0.732249916, -0.160193801, -0.661927521)
Part1586.Orientation = Vector3.new(6.929999828338623, -131.82000732421875, 6.179999828338623)
Part1586.Position = Vector3.new(2521.69287109375, 220.29298400878906, 2703.440185546875)
Part1586.Rotation = Vector3.new(169.6699981689453, -47.709999084472656, 178.5)
Part1586.Transparency = 1
Part1586.Size = Vector3.new(1.3500009775161743, 26.749998092651367, 1.5)
Part1586.Anchored = true
Part1586.Material = Enum.Material.Fabric
Part1587.Name = "Tree_Collision"
Part1587.Parent = Model1581
Part1587.CFrame = CFrame.new(2511.42944, 219.159988, 2701.49731, -0.672098219, -0.270648509, -0.689226687, -0.292924643, 0.95205754, -0.0882131234, 0.680058181, 0.142603591, -0.719155848)
Part1587.Orientation = Vector3.new(5.059999942779541, -136.22000122070312, -17.100000381469727)
Part1587.Position = Vector3.new(2511.429443359375, 219.1599884033203, 2701.497314453125)
Part1587.Rotation = Vector3.new(173.00999450683594, -43.56999969482422, 158.07000732421875)
Part1587.Transparency = 1
Part1587.Size = Vector3.new(1.3500009775161743, 23.749998092651367, 1.5)
Part1587.Anchored = true
Part1587.Material = Enum.Material.Fabric
Part1588.Name = "Tree_Collision"
Part1588.Parent = Model1581
Part1588.CFrame = CFrame.new(2535.21631, 220.651199, 2693.09717, -0.672807455, -0.0574804768, -0.737581313, 0.124049895, 0.974096894, -0.189068288, 0.729343414, -0.218703419, -0.648249209)
Part1588.Orientation = Vector3.new(10.899999618530273, -131.30999755859375, 7.260000228881836)
Part1588.Position = Vector3.new(2535.21630859375, 220.6511993408203, 2693.09716796875)
Part1588.Rotation = Vector3.new(163.74000549316406, -47.529998779296875, 175.1199951171875)
Part1588.Transparency = 1
Part1588.Size = Vector3.new(1.3500009775161743, 26.749998092651367, 1.5)
Part1588.Anchored = true
Part1588.Material = Enum.Material.Fabric
Part1589.Name = "Tree_Collision"
Part1589.Parent = Model1581
Part1589.CFrame = CFrame.new(2508.14771, 219.692978, 2741.28149, -0.672722518, 0.176711977, -0.718482673, -0.000870999356, 0.970870733, 0.239602685, 0.73989445, 0.161811948, -0.652972519)
Part1589.Orientation = Vector3.new(-13.859999656677246, -132.27000427246094, -0.05000000074505806)
Part1589.Position = Vector3.new(2508.147705078125, 219.69297790527344, 2741.281494140625)
Part1589.Rotation = Vector3.new(-159.85000610351562, -45.93000030517578, -165.27999877929688)
Part1589.Transparency = 1
Part1589.Size = Vector3.new(1.3500009775161743, 23.749998092651367, 1.5)
Part1589.Anchored = true
Part1589.Material = Enum.Material.Fabric
Part1590.Name = "Tree_Collision"
Part1590.Parent = Model1581
Part1590.CFrame = CFrame.new(2538.88818, 220.454025, 2710.53735, -0.638770163, 0.29201588, -0.711828291, 0.224096701, 0.955676436, 0.190953895, 0.736039042, -0.0375427306, -0.6758973)
Part1590.Orientation = Vector3.new(-11.010000228881836, -133.52000427246094, 13.199999809265137)
Part1590.Position = Vector3.new(2538.88818359375, 220.4540252685547, 2710.537353515625)
Part1590.Rotation = Vector3.new(-164.22000122070312, -45.380001068115234, -155.42999267578125)
Part1590.Transparency = 1
Part1590.Size = Vector3.new(1.3500009775161743, 26.749998092651367, 1.5)
Part1590.Anchored = true
Part1590.Material = Enum.Material.Fabric
Part1591.Name = "Tree_Collision"
Part1591.Parent = Model1581
Part1591.CFrame = CFrame.new(2514.91455, 218.531494, 2687.99097, -0.745689213, -0.149449065, -0.649317086, 0.0963058993, 0.940111637, -0.326979071, 0.659297287, -0.306357771, -0.686638296)
Part1591.Orientation = Vector3.new(19.09000015258789, -136.60000610351562, 5.849999904632568)
Part1591.Position = Vector3.new(2514.91455078125, 218.531494140625, 2687.990966796875)
Part1591.Rotation = Vector3.new(154.5399932861328, -40.4900016784668, 168.6699981689453)
Part1591.Transparency = 1
Part1591.Size = Vector3.new(1.3500009775161743, 22.749998092651367, 1.5)
Part1591.Anchored = true
Part1591.Material = Enum.Material.Fabric
Part1592.Name = "Tree_Collision"
Part1592.Parent = Model1581
Part1592.CFrame = CFrame.new(2502.62866, 220.029587, 2721.74536, -0.692085564, -0.0941118672, -0.715653956, -0.152737916, 0.988107026, 0.0177671369, 0.705470562, 0.121603869, -0.698229074)
Part1592.Orientation = Vector3.new(-1.0199999809265137, -134.2899932861328, -8.789999961853027)
Part1592.Position = Vector3.new(2502.628662109375, 220.0295867919922, 2721.745361328125)
Part1592.Rotation = Vector3.new(-178.5399932861328, -45.70000076293945, 172.25999450683594)
Part1592.Transparency = 1
Part1592.Size = Vector3.new(1.3500009775161743, 23.749998092651367, 1.5)
Part1592.Anchored = true
Part1592.Material = Enum.Material.Fabric
Part1593.Name = "Tree_Collision"
Part1593.Parent = Model1581
Part1593.CFrame = CFrame.new(2488.82275, 218.015121, 2727.44019, -0.645968378, -0.23458679, -0.726425529, -0.155308858, 0.972094953, -0.17581436, 0.747398257, -0.000750202744, -0.664375961)
Part1593.Orientation = Vector3.new(10.130000114440918, -132.4499969482422, -9.079999923706055)
Part1593.Position = Vector3.new(2488.82275390625, 218.01512145996094, 2727.440185546875)
Part1593.Rotation = Vector3.new(165.17999267578125, -46.59000015258789, 160.0399932861328)
Part1593.Transparency = 1
Part1593.Size = Vector3.new(1.3500009775161743, 20.749998092651367, 1.5)
Part1593.Anchored = true
Part1593.Material = Enum.Material.Fabric
Part1594.Name = "Tree_Collision"
Part1594.Parent = Model1581
Part1594.CFrame = CFrame.new(2555.2771, 218.774094, 2693.75171, -0.653342247, 0.111001663, -0.748880923, 0.27772668, 0.955368996, -0.100687549, 0.704281151, -0.27376762, -0.655010998)
Part1594.Orientation = Vector3.new(5.78000020980835, -131.1699981689453, 16.209999084472656)
Part1594.Position = Vector3.new(2555.277099609375, 218.7740936279297, 2693.751708984375)
Part1594.Rotation = Vector3.new(171.25999450683594, -48.4900016784668, -170.36000061035156)
Part1594.Transparency = 1
Part1594.Size = Vector3.new(1.3500009775161743, 22.749998092651367, 1.5)
Part1594.Anchored = true
Part1594.Material = Enum.Material.Fabric
Part1595.Name = "Tree_Collision"
Part1595.Parent = Model1581
Part1595.CFrame = CFrame.new(2537.27563, 220.122025, 2723.82642, -0.694948077, 0.130080223, -0.707196176, -0.118160844, 0.949472308, 0.290758401, 0.709285021, 0.285624862, -0.644463539)
Part1595.Orientation = Vector3.new(-16.899999618530273, -132.33999633789062, -7.090000152587891)
Part1595.Position = Vector3.new(2537.275634765625, 220.1220245361328, 2723.826416015625)
Part1595.Rotation = Vector3.new(-155.72000122070312, -45.0099983215332, -169.39999389648438)
Part1595.Transparency = 1
Part1595.Size = Vector3.new(1.3500009775161743, 23.749998092651367, 1.5)
Part1595.Anchored = true
Part1595.Material = Enum.Material.Fabric
Part1596.Name = "Tree_Collision"
Part1596.Parent = Model1581
Part1596.CFrame = CFrame.new(2523.65869, 219.508987, 2721.6626, -0.69606334, -0.0577607155, -0.7156533, -0.100814901, 0.994746566, 0.0177687705, 0.710867345, 0.0845167041, -0.69822973)
Part1596.Orientation = Vector3.new(-1.0199999809265137, -134.2899932861328, -5.789999961853027)
Part1596.Position = Vector3.new(2523.65869140625, 219.5089874267578, 2721.66259765625)
Part1596.Rotation = Vector3.new(-178.5399932861328, -45.70000076293945, 175.25999450683594)
Part1596.Transparency = 1
Part1596.Size = Vector3.new(1.3500009775161743, 23.749998092651367, 1.5)
Part1596.Anchored = true
Part1596.Material = Enum.Material.Fabric
Part1597.Name = "Tree_Collision"
Part1597.Parent = Model1581
Part1597.CFrame = CFrame.new(2549.85645, 218.457138, 2678.66064, -0.666799128, 0.106675684, -0.737563133, 0.175850779, 0.984276474, -0.0166206174, 0.724193037, -0.140783638, -0.675073743)
Part1597.Orientation = Vector3.new(0.949999988079071, -132.47000122070312, 10.130000114440918)
Part1597.Position = Vector3.new(2549.8564453125, 218.45713806152344, 2678.66064453125)
Part1597.Rotation = Vector3.new(178.58999633789062, -47.52000045776367, -170.91000366210938)
Part1597.Transparency = 1
Part1597.Size = Vector3.new(1.3500009775161743, 22.749998092651367, 1.5)
Part1597.Anchored = true
Part1597.Material = Enum.Material.Fabric
Model1598.Name = "?2"
Model1598.Parent = Folder0
Part1599.Name = "TreeMesh Bottom"
Part1599.Parent = Model1598
Part1599.CFrame = CFrame.new(2179.04272, 205.654724, 2769.84595, -0.741076052, 0.0215715095, 0.671075583, 0.0103396159, 0.999732316, -0.0207179319, -0.671343207, -0.00841489621, -0.741099894)
Part1599.Orientation = Vector3.new(1.190000057220459, 137.83999633789062, 0.5899999737739563)
Part1599.Position = Vector3.new(2179.042724609375, 205.65472412109375, 2769.845947265625)
Part1599.Rotation = Vector3.new(178.39999389648438, 42.150001525878906, -178.3300018310547)
Part1599.Size = Vector3.new(8.250000953674316, 0.2499980926513672, 7)
Part1599.Anchored = true
Part1599.CanCollide = false
Part1599.Material = Enum.Material.Fabric
SpecialMesh1600.Name = "BarkMesh"
SpecialMesh1600.Parent = Part1599
SpecialMesh1600.MeshId = "rbxassetid://623621260"
SpecialMesh1600.Offset = Vector3.new(0, 3.4100000858306885, 0)
SpecialMesh1600.TextureId = "rbxassetid://623618671"
SpecialMesh1600.MeshType = Enum.MeshType.FileMesh
Part1601.Name = "TreeMeshTop"
Part1601.Parent = Model1598
Part1601.CFrame = CFrame.new(2179.69336, 235.78653, 2769.59302, -0.741076052, 0.0215715095, 0.671075583, 0.0103396159, 0.999732316, -0.0207179319, -0.671343207, -0.00841489621, -0.741099894)
Part1601.Orientation = Vector3.new(1.190000057220459, 137.83999633789062, 0.5899999737739563)
Part1601.Position = Vector3.new(2179.693359375, 235.78652954101562, 2769.593017578125)
Part1601.Rotation = Vector3.new(178.39999389648438, 42.150001525878906, -178.3300018310547)
Part1601.Transparency = 0.05000000074505806
Part1601.Size = Vector3.new(8.250000953674316, 0.2499980926513672, 7)
Part1601.Anchored = true
Part1601.CanCollide = false
Part1601.Material = Enum.Material.Fabric
SpecialMesh1602.Name = "TopTreeMesh"
SpecialMesh1602.Parent = Part1601
SpecialMesh1602.MeshId = "rbxassetid://623621456"
SpecialMesh1602.Offset = Vector3.new(0, 3.4100000858306885, 0)
SpecialMesh1602.Scale = Vector3.new(1.600000023841858, 1.600000023841858, 1.600000023841858)
SpecialMesh1602.TextureId = "rbxassetid://745556120"
SpecialMesh1602.MeshType = Enum.MeshType.FileMesh
Part1603.Name = "Tree_Collision"
Part1603.Parent = Model1598
Part1603.CFrame = CFrame.new(2183.69629, 218.664795, 2767.052, -0.73225069, 0.160194352, 0.66192764, 0.106842205, 0.986928582, -0.120655291, -0.672603846, -0.0176280215, -0.739793777)
Part1603.Orientation = Vector3.new(6.929999828338623, 138.17999267578125, 6.179999828338623)
Part1603.Position = Vector3.new(2183.6962890625, 218.664794921875, 2767.052001953125)
Part1603.Rotation = Vector3.new(170.74000549316406, 41.45000076293945, -167.66000366210938)
Part1603.Transparency = 1
Part1603.Size = Vector3.new(1.3500009775161743, 26.749998092651367, 1.5)
Part1603.Anchored = true
Part1603.Material = Enum.Material.Fabric
Part1604.Name = "Tree_Collision"
Part1604.Parent = Model1598
Part1604.CFrame = CFrame.new(2185.6394, 217.531769, 2756.78833, -0.680058539, -0.142604426, 0.719156325, -0.292925358, 0.952057719, -0.0882127583, -0.672099113, -0.270649076, -0.689226627)
Part1604.Orientation = Vector3.new(5.059999942779541, 133.77999877929688, -17.100000381469727)
Part1604.Position = Vector3.new(2185.639404296875, 217.53176879882812, 2756.788330078125)
Part1604.Rotation = Vector3.new(172.7100067138672, 45.97999954223633, 168.16000366210938)
Part1604.Transparency = 1
Part1604.Size = Vector3.new(1.3500009775161743, 23.749998092651367, 1.5)
Part1604.Anchored = true
Part1604.Material = Enum.Material.Fabric
Part1605.Name = "Tree_Collision"
Part1605.Parent = Model1598
Part1605.CFrame = CFrame.new(2194.03955, 219.02301, 2780.5752, -0.729343951, 0.218703821, 0.648249686, 0.124050364, 0.974097192, -0.189068168, -0.672808528, -0.0574799404, -0.737581491)
Part1605.Orientation = Vector3.new(10.899999618530273, 138.69000244140625, 7.260000228881836)
Part1605.Position = Vector3.new(2194.03955078125, 219.02301025390625, 2780.5751953125)
Part1605.Rotation = Vector3.new(165.6199951171875, 40.40999984741211, -163.30999755859375)
Part1605.Transparency = 1
Part1605.Size = Vector3.new(1.3500009775161743, 26.749998092651367, 1.5)
Part1605.Anchored = true
Part1605.Material = Enum.Material.Fabric
Part1606.Name = "Tree_Collision"
Part1606.Parent = Model1598
Part1606.CFrame = CFrame.new(2145.85547, 218.064728, 2753.50659, -0.739895344, -0.16181232, 0.652972579, -0.00087145099, 0.970871031, 0.239602923, -0.672723055, 0.176711828, -0.71848321)
Part1606.Orientation = Vector3.new(-13.859999656677246, 137.72999572753906, -0.05000000074505806)
Part1606.Position = Vector3.new(2145.85546875, 218.06472778320312, 2753.506591796875)
Part1606.Rotation = Vector3.new(-161.55999755859375, 40.77000045776367, 167.66000366210938)
Part1606.Transparency = 1
