Part1364.Name = "Tree_Collision"
Part1364.Parent = Model1357
Part1364.CFrame = CFrame.new(2848.82397, 215.686234, 2344.17456, -0.991691232, 0.127730981, -0.0152808148, 0.128632024, 0.983131528, -0.130023688, -0.00158500031, -0.130908936, -0.991393209)
Part1364.Orientation = Vector3.new(7.46999979019165, -179.1199951171875, 7.449999809265137)
Part1364.Position = Vector3.new(2848.823974609375, 215.6862335205078, 2344.174560546875)
Part1364.Rotation = Vector3.new(172.52999877929688, -0.8799999952316284, -172.66000366210938)
Part1364.Transparency = 1
Part1364.Size = Vector3.new(1.3500009775161743, 26.749998092651367, 1.5)
Part1364.Anchored = true
Part1364.Material = Enum.Material.Fabric
Part1365.Name = "Tree_Collision"
Part1365.Parent = Model1357
Part1365.CFrame = CFrame.new(2794.93213, 214.227676, 2356.38062, -0.999991894, 0.00281413156, 0.0028772112, 0.0035419995, 0.954823256, 0.297153264, -0.00191099977, 0.297161072, -0.954825461)
Part1365.Orientation = Vector3.new(-17.290000915527344, 179.8300018310547, 0.20999999344348907)
Part1365.Position = Vector3.new(2794.93212890625, 214.22767639160156, 2356.380615234375)
Part1365.Rotation = Vector3.new(-162.7100067138672, 0.1599999964237213, -179.83999633789062)
Part1365.Transparency = 1
Part1365.Size = Vector3.new(1.3500009775161743, 23.749998092651367, 1.5)
Part1365.Anchored = true
Part1365.Material = Enum.Material.Fabric
Part1366.Name = "Tree_Collision"
Part1366.Parent = Model1357
Part1366.CFrame = CFrame.new(2838.35791, 214.672653, 2358.56567, -0.973381102, 0.227919176, 0.0241299868, 0.226648033, 0.941577256, 0.249124482, 0.0340600051, 0.247962058, -0.968170881)
Part1366.Orientation = Vector3.new(-14.430000305175781, 178.57000732421875, 13.529999732971191)
Part1366.Position = Vector3.new(2838.35791015625, 214.6726531982422, 2358.565673828125)
Part1366.Rotation = Vector3.new(-165.57000732421875, 1.3799999952316284, -166.82000732421875)
Part1366.Transparency = 1
Part1366.Size = Vector3.new(1.3500009775161743, 26.749998092651367, 1.5)
Part1366.Anchored = true
Part1366.Material = Enum.Material.Fabric
Part1367.Name = "Tree_Collision"
Part1367.Parent = Model1357
Part1367.CFrame = CFrame.new(2838.97388, 214.71611, 2325.60571, -0.988798499, 0.130840436, 0.071822457, 0.106960051, 0.956778049, -0.270435423, -0.104102053, -0.259723991, -0.960055351)
Part1367.Orientation = Vector3.new(15.6899995803833, 175.72000122070312, 6.380000114440918)
Part1367.Position = Vector3.new(2838.973876953125, 214.7161102294922, 2325.605712890625)
Part1367.Rotation = Vector3.new(164.27000427246094, 4.119999885559082, -172.4600067138672)
Part1367.Transparency = 1
Part1367.Size = Vector3.new(1.3500009775161743, 22.749998092651367, 1.5)
Part1367.Anchored = true
Part1367.Material = Enum.Material.Fabric
Part1368.Name = "Tree_Collision"
Part1368.Parent = Model1357
Part1368.CFrame = CFrame.new(2805.71265, 215.544968, 2339.22681, -0.988120854, -0.149065912, 0.037372116, -0.14586699, 0.986283541, 0.0772509873, -0.0483749919, 0.0708819628, -0.996311009)
Part1368.Orientation = Vector3.new(-4.429999828338623, 177.85000610351562, -8.40999984741211)
Part1368.Position = Vector3.new(2805.712646484375, 215.5449676513672, 2339.226806640625)
Part1368.Rotation = Vector3.new(-175.57000732421875, 2.140000104904175, 171.4199981689453)
Part1368.Transparency = 1
Part1368.Size = Vector3.new(1.3500009775161743, 23.749998092651367, 1.5)
Part1368.Anchored = true
Part1368.Material = Enum.Material.Fabric
Part1369.Name = "Tree_Collision"
Part1369.Parent = Model1357
Part1369.CFrame = CFrame.new(2792.21582, 213.974991, 2332.70776, -0.98826164, -0.15271306, 0.00421695132, -0.152156934, 0.981439352, -0.1167266, 0.013686995, -0.115998045, -0.993155181)
Part1369.Orientation = Vector3.new(6.699999809265137, 179.75999450683594, -8.8100004196167)
Part1369.Position = Vector3.new(2792.2158203125, 213.97499084472656, 2332.707763671875)
Part1369.Rotation = Vector3.new(173.3000030517578, 0.23999999463558197, 171.22000122070312)
Part1369.Transparency = 1
Part1369.Size = Vector3.new(1.3500009775161743, 20.749998092651367, 1.5)
Part1369.Anchored = true
Part1369.Material = Enum.Material.Fabric
Part1370.Name = "Tree_Collision"
Part1370.Parent = Model1357
Part1370.CFrame = CFrame.new(2861.79395, 212.842392, 2359.34131, -0.959388256, 0.281547278, -0.0174733941, 0.282041073, 0.958525062, -0.0410186276, 0.00520000141, -0.0442810021, -0.999005616)
Part1370.Orientation = Vector3.new(2.3499999046325684, -179, 16.399999618530273)
Part1370.Position = Vector3.new(2861.7939453125, 212.84239196777344, 2359.34130859375)
Part1370.Rotation = Vector3.new(177.64999389648438, -1, -163.63999938964844)
Part1370.Transparency = 1
Part1370.Size = Vector3.new(1.3500009775161743, 22.749998092651367, 1.5)
Part1370.Anchored = true
Part1370.Material = Enum.Material.Fabric
Part1371.Name = "Tree_Collision"
Part1371.Parent = Model1357
Part1371.CFrame = CFrame.new(2827.4231, 213.926743, 2366.25952, -0.992721021, -0.120357901, 0.00436392007, -0.111359, 0.931092381, 0.347370565, -0.0458719991, 0.34435612, -0.937717855)
Part1371.Orientation = Vector3.new(-20.329999923706055, 179.72999572753906, -6.820000171661377)
Part1371.Position = Vector3.new(2827.423095703125, 213.92674255371094, 2366.259521484375)
Part1371.Rotation = Vector3.new(-159.6699981689453, 0.25, 173.08999633789062)
Part1371.Transparency = 1
Part1371.Size = Vector3.new(1.3500009775161743, 23.749998092651367, 1.5)
Part1371.Anchored = true
Part1371.Material = Enum.Material.Fabric
Part1372.Name = "Tree_Collision"
Part1372.Parent = Model1357
Part1372.CFrame = CFrame.new(2819.8855, 214.036728, 2354.69873, -0.99456799, -0.0971484557, 0.0373729728, -0.0940499976, 0.992565811, 0.0772515312, -0.0445999987, 0.073316969, -0.996310949)
Part1372.Orientation = Vector3.new(-4.429999828338623, 177.85000610351562, -5.409999847412109)
Part1372.Position = Vector3.new(2819.885498046875, 214.03672790527344, 2354.69873046875)
Part1372.Rotation = Vector3.new(-175.57000732421875, 2.140000104904175, 174.4199981689453)
Part1372.Transparency = 1
Part1372.Size = Vector3.new(1.3500009775161743, 23.749998092651367, 1.5)
Part1372.Anchored = true
Part1372.Material = Enum.Material.Fabric
Part1373.Name = "Tree_Collision"
Part1373.Parent = Model1357
Part1373.CFrame = CFrame.new(2869.3418, 213.338638, 2345.19922, -0.983618259, 0.180184811, 0.00535658933, 0.180247039, 0.982676446, 0.0431046039, 0.00250300067, 0.0433639809, -0.99905622)
Part1373.Orientation = Vector3.new(-2.4700000286102295, 179.69000244140625, 10.390000343322754)
Part1373.Position = Vector3.new(2869.341796875, 213.33863830566406, 2345.19921875)
Part1373.Rotation = Vector3.new(-177.52999877929688, 0.3100000023841858, -169.6199951171875)
Part1373.Transparency = 1
Part1373.Size = Vector3.new(1.3500009775161743, 22.749998092651367, 1.5)
Part1373.Anchored = true
Part1373.Material = Enum.Material.Fabric
Model1374.Name = "??"
Model1374.Parent = Folder0
Part1375.Name = "TreeMesh Bottom"
Part1375.Parent = Model1374
Part1375.CFrame = CFrame.new(2833.49707, 212.899384, 2457.54175, 0.999895275, -0.014635697, 1.78903846e-07, 0.0146245854, 0.999129653, 0.0390328132, -0.000571093929, -0.0390285105, 0.9992401)
Part1375.Orientation = Vector3.new(-2.240000009536743, 0, 0.8399999737739563)
Part1375.Position = Vector3.new(2833.4970703125, 212.89938354492188, 2457.541748046875)
Part1375.Rotation = Vector3.new(-2.240000009536743, 0, 0.8399999737739563)
Part1375.Size = Vector3.new(8.250000953674316, 0.2499980926513672, 7)
Part1375.Anchored = true
Part1375.CanCollide = false
Part1375.Material = Enum.Material.Fabric
SpecialMesh1376.Name = "BarkMesh"
SpecialMesh1376.Parent = Part1375
SpecialMesh1376.MeshId = "rbxassetid://623621260"
SpecialMesh1376.Offset = Vector3.new(0, 3.4100000858306885, 0)
SpecialMesh1376.TextureId = "rbxassetid://623618671"
SpecialMesh1376.MeshType = Enum.MeshType.FileMesh
Part1377.Name = "TreeMeshTop"
Part1377.Parent = Model1374
Part1377.CFrame = CFrame.new(2833.05566, 243.013153, 2456.36377, 0.999895275, -0.014635697, 1.78903846e-07, 0.0146245854, 0.999129653, 0.0390328132, -0.000571093929, -0.0390285105, 0.9992401)
Part1377.Orientation = Vector3.new(-2.240000009536743, 0, 0.8399999737739563)
Part1377.Position = Vector3.new(2833.0556640625, 243.01315307617188, 2456.36376953125)
Part1377.Rotation = Vector3.new(-2.240000009536743, 0, 0.8399999737739563)
Part1377.Transparency = 0.05000000074505806
Part1377.Size = Vector3.new(8.250000953674316, 0.2499980926513672, 7)
Part1377.Anchored = true
Part1377.CanCollide = false
Part1377.Material = Enum.Material.Fabric
SpecialMesh1378.Name = "TopTreeMesh"
SpecialMesh1378.Parent = Part1377
SpecialMesh1378.MeshId = "rbxassetid://623621456"
SpecialMesh1378.Offset = Vector3.new(0, 3.4100000858306885, 0)
SpecialMesh1378.Scale = Vector3.new(1.600000023841858, 1.600000023841858, 1.600000023841858)
SpecialMesh1378.TextureId = "rbxassetid://745556120"
SpecialMesh1378.MeshType = Enum.MeshType.FileMesh
Part1379.Name = "Tree_Collision"
Part1379.Parent = Model1374
Part1379.CFrame = CFrame.new(2831.86743, 226.189667, 2461.94995, 0.993784547, -0.111161277, 0.0063346508, 0.111340128, 0.99189961, -0.0611239336, 0.000511656981, 0.0614496134, 0.998112261)
Part1379.Orientation = Vector3.new(3.5, 0.36000001430511475, 6.400000095367432)
Part1379.Position = Vector3.new(2831.867431640625, 226.18966674804688, 2461.949951171875)
Part1379.Rotation = Vector3.new(3.5, 0.36000001430511475, 6.380000114440918)
Part1379.Transparency = 1
Part1379.Size = Vector3.new(1.3500009775161743, 26.749998092651367, 1.5)
Part1379.Anchored = true
Part1379.Material = Enum.Material.Fabric
Part1380.Name = "Tree_Collision"
Part1380.Parent = Model1374
Part1380.CFrame = CFrame.new(2837.31982, 225.614349, 2470.91235, 0.956472397, 0.28327015, -0.0701667219, -0.285805464, 0.957847178, -0.0290126242, 0.0589909106, 0.0478042066, 0.997115433)
Part1380.Orientation = Vector3.new(1.659999966621399, -4.03000020980835, -16.610000610351562)
Part1380.Position = Vector3.new(2837.31982421875, 225.61434936523438, 2470.912353515625)
Part1380.Rotation = Vector3.new(1.6699999570846558, -4.019999980926514, -16.5)
Part1380.Transparency = 1
Part1380.Size = Vector3.new(1.3500009775161743, 23.749998092651367, 1.5)
Part1380.Anchored = true
Part1380.Material = Enum.Material.Fabric
Part1381.Name = "Tree_Collision"
Part1381.Parent = Model1374
Part1381.CFrame = CFrame.new(2815.12109, 226.29126, 2458.85352, 0.991693437, -0.127731651, 0.0152817275, 0.128632411, 0.983130395, -0.130023047, 0.00158451218, 0.13090907, 0.991395354)
Part1381.Orientation = Vector3.new(7.46999979019165, 0.8799999952316284, 7.449999809265137)
Part1381.Position = Vector3.new(2815.12109375, 226.291259765625, 2458.853515625)
Part1381.Rotation = Vector3.new(7.46999979019165, 0.8799999952316284, 7.340000152587891)
Part1381.Transparency = 1
Part1381.Size = Vector3.new(1.3500009775161743, 26.749998092651367, 1.5)
Part1381.Anchored = true
Part1381.Material = Enum.Material.Fabric
Part1382.Name = "Tree_Collision"
Part1382.Parent = Model1374
Part1382.CFrame = CFrame.new(2869.01294, 224.832703, 2446.64746, 0.999994278, -0.00281436276, -0.00287729362, 0.00354233175, 0.954822421, 0.297151983, 0.00191136799, -0.297160536, 0.954827905)
Part1382.Orientation = Vector3.new(-17.290000915527344, -0.17000000178813934, 0.20999999344348907)
Part1382.Position = Vector3.new(2869.012939453125, 224.83270263671875, 2446.6474609375)
Part1382.Rotation = Vector3.new(-17.290000915527344, -0.1599999964237213, 0.1599999964237213)
Part1382.Transparency = 1
Part1382.Size = Vector3.new(1.3500009775161743, 23.749998092651367, 1.5)
Part1382.Anchored = true
Part1382.Material = Enum.Material.Fabric
Part1383.Name = "Tree_Collision"
Part1383.Parent = Model1374
Part1383.CFrame = CFrame.new(2825.58716, 225.277679, 2444.4624, 0.973383248, -0.227920145, -0.0241302066, 0.226648301, 0.941576064, 0.249123693, -0.0340595096, -0.247961998, 0.968173087)
Part1383.Orientation = Vector3.new(-14.430000305175781, -1.4299999475479126, 13.529999732971191)
Part1383.Position = Vector3.new(2825.587158203125, 225.27767944335938, 2444.46240234375)
Part1383.Rotation = Vector3.new(-14.430000305175781, -1.3799999952316284, 13.180000305175781)
Part1383.Transparency = 1
Part1383.Size = Vector3.new(1.3500009775161743, 26.749998092651367, 1.5)
Part1383.Anchored = true
Part1383.Material = Enum.Material.Fabric
Part1384.Name = "Tree_Collision"
Part1384.Parent = Model1374
Part1384.CFrame = CFrame.new(2824.97119, 225.321136, 2477.42236, 0.988800824, -0.130840823, -0.0718215927, 0.106960423, 0.956776977, -0.270434558, 0.104101613, 0.259724259, 0.960057616)
Part1384.Orientation = Vector3.new(15.6899995803833, -4.28000020980835, 6.380000114440918)
Part1384.Position = Vector3.new(2824.97119140625, 225.32113647460938, 2477.42236328125)
Part1384.Rotation = Vector3.new(15.729999542236328, -4.119999885559082, 7.539999961853027)
Part1384.Transparency = 1
Part1384.Size = Vector3.new(1.3500009775161743, 22.749998092651367, 1.5)
Part1384.Anchored = true
Part1384.Material = Enum.Material.Fabric
Part1385.Name = "Tree_Collision"
Part1385.Parent = Model1374
Part1385.CFrame = CFrame.new(2858.23242, 226.149994, 2463.80127, 0.988123059, 0.149066925, -0.0373713225, -0.145867378, 0.98628217, 0.0772513896, 0.0483746529, -0.0708823949, 0.996313155)
Part1385.Orientation = Vector3.new(-4.429999828338623, -2.1500000953674316, -8.40999984741211)
Part1385.Position = Vector3.new(2858.232421875, 226.14999389648438, 2463.80126953125)
Part1385.Rotation = Vector3.new(-4.429999828338623, -2.140000104904175, -8.579999923706055)
Part1385.Transparency = 1
Part1385.Size = Vector3.new(1.3500009775161743, 23.749998092651367, 1.5)
Part1385.Anchored = true
Part1385.Material = Enum.Material.Fabric
Part1386.Name = "Tree_Collision"
Part1386.Parent = Model1374
Part1386.CFrame = CFrame.new(2871.72925, 224.580017, 2470.32031, 0.988263965, 0.15271385, -0.00421642885, -0.152157009, 0.98143816, -0.116725624, -0.013687158, 0.115997717, 0.993157327)
Part1386.Orientation = Vector3.new(6.699999809265137, -0.23999999463558197, -8.8100004196167)
Part1386.Position = Vector3.new(2871.729248046875, 224.58001708984375, 2470.3203125)
Part1386.Rotation = Vector3.new(6.699999809265137, -0.23999999463558197, -8.779999732971191)
Part1386.Transparency = 1
Part1386.Size = Vector3.new(1.3500009775161743, 20.749998092651367, 1.5)
Part1386.Anchored = true
Part1386.Material = Enum.Material.Fabric
Part1387.Name = "Tree_Collision"
Part1387.Parent = Model1374
Part1387.CFrame = CFrame.new(2802.15112, 223.447418, 2443.68677, 0.959390521, -0.281547874, 0.0174734164, 0.282040685, 0.95852387, -0.0410184935, -0.00519960932, 0.0442811511, 0.999007821)
Part1387.Orientation = Vector3.new(2.3499999046325684, 1, 16.399999618530273)
Part1387.Position = Vector3.new(2802.151123046875, 223.44741821289062, 2443.686767578125)
Part1387.Rotation = Vector3.new(2.3499999046325684, 1, 16.360000610351562)
Part1387.Transparency = 1
Part1387.Size = Vector3.new(1.3500009775161743, 22.749998092651367, 1.5)
Part1387.Anchored = true
Part1387.Material = Enum.Material.Fabric
Part1388.Name = "Tree_Collision"
Part1388.Parent = Model1374
Part1388.CFrame = CFrame.new(2836.52197, 224.531769, 2436.76855, 0.992723346, 0.12035805, -0.00436333939, -0.111358844, 0.931091309, 0.34736976, 0.0458717756, -0.344356269, 0.93772012)
Part1388.Orientation = Vector3.new(-20.329999923706055, -0.27000001072883606, -6.820000171661377)
Part1388.Position = Vector3.new(2836.52197265625, 224.53176879882812, 2436.7685546875)
Part1388.Rotation = Vector3.new(-20.329999923706055, -0.25, -6.909999847412109)
Part1388.Transparency = 1
Part1388.Size = Vector3.new(1.3500009775161743, 23.749998092651367, 1.5)
Part1388.Anchored = true
Part1388.Material = Enum.Material.Fabric
Part1389.Name = "Tree_Collision"
Part1389.Parent = Model1374
Part1389.CFrame = CFrame.new(2844.05957, 224.641754, 2448.32935, 0.994570374, 0.0971484482, -0.0373727977, -0.0940495357, 0.992564559, 0.0772520527, 0.0446002074, -0.0733174905, 0.996313095)
Part1389.Orientation = Vector3.new(-4.429999828338623, -2.1500000953674316, -5.409999847412109)
Part1389.Position = Vector3.new(2844.0595703125, 224.64175415039062, 2448.329345703125)
Part1389.Rotation = Vector3.new(-4.429999828338623, -2.140000104904175, -5.579999923706055)
Part1389.Transparency = 1
Part1389.Size = Vector3.new(1.3500009775161743, 23.749998092651367, 1.5)
Part1389.Anchored = true
Part1389.Material = Enum.Material.Fabric
Part1390.Name = "Tree_Collision"
Part1390.Parent = Model1374
Part1390.CFrame = CFrame.new(2794.60327, 223.943665, 2457.82886, 0.983620405, -0.18018578, -0.00535591366, 0.180247426, 0.982675135, 0.0431043766, -0.0025032796, -0.0433635861, 0.999058366)
Part1390.Orientation = Vector3.new(-2.4700000286102295, -0.3100000023841858, 10.390000343322754)
Part1390.Position = Vector3.new(2794.603271484375, 223.94366455078125, 2457.828857421875)
Part1390.Rotation = Vector3.new(-2.4700000286102295, -0.3100000023841858, 10.380000114440918)
Part1390.Transparency = 1
Part1390.Size = Vector3.new(1.3500009775161743, 22.749998092651367, 1.5)
Part1390.Anchored = true
Part1390.Material = Enum.Material.Fabric
Model1391.Name = "??"
Model1391.Parent = Folder0
Part1392.Name = "TreeMesh Bottom"
Part1392.Parent = Model1391
Part1392.CFrame = CFrame.new(3053.86377, 227.009094, 2388.37158, 0.839997649, -0.0238344036, 0.54206723, 0.0216940567, 0.999711812, 0.010338746, -0.542158067, 0.00307510793, 0.840271533)
Part1392.Orientation = Vector3.new(-0.5899999737739563, 32.83000183105469, 1.2400000095367432)
Part1392.Position = Vector3.new(3053.86376953125, 227.00909423828125, 2388.37158203125)
Part1392.Rotation = Vector3.new(-0.699999988079071, 32.81999969482422, 1.6299999952316284)
Part1392.Size = Vector3.new(8.250000953674316, 0.2499980926513672, 7)
Part1392.Anchored = true
Part1392.CanCollide = false
Part1392.Material = Enum.Material.Fabric
SpecialMesh1393.Name = "BarkMesh"
SpecialMesh1393.Parent = Part1392
SpecialMesh1393.MeshId = "rbxassetid://623621260"
SpecialMesh1393.Offset = Vector3.new(0, 3.4100000858306885, 0)
SpecialMesh1393.TextureId = "rbxassetid://623618671"
SpecialMesh1393.MeshType = Enum.MeshType.FileMesh
Part1394.Name = "TreeMeshTop"
Part1394.Parent = Model1391
Part1394.CFrame = CFrame.new(3053.14404, 257.140289, 2388.46411, 0.839997649, -0.0238344036, 0.54206723, 0.0216940567, 0.999711812, 0.010338746, -0.542158067, 0.00307510793, 0.840271533)
Part1394.Orientation = Vector3.new(-0.5899999737739563, 32.83000183105469, 1.2400000095367432)
Part1394.Position = Vector3.new(3053.14404296875, 257.1402893066406, 2388.464111328125)
Part1394.Rotation = Vector3.new(-0.699999988079071, 32.81999969482422, 1.6299999952316284)
Part1394.Transparency = 0.05000000074505806
Part1394.Size = Vector3.new(8.250000953674316, 0.2499980926513672, 7)
Part1394.Anchored = true
Part1394.CanCollide = false
Part1394.Material = Enum.Material.Fabric
SpecialMesh1395.Name = "TopTreeMesh"
SpecialMesh1395.Parent = Part1394
SpecialMesh1395.MeshId = "rbxassetid://623621456"
SpecialMesh1395.Offset = Vector3.new(0, 3.4100000858306885, 0)
SpecialMesh1395.Scale = Vector3.new(1.600000023841858, 1.600000023841858, 1.600000023841858)
SpecialMesh1395.TextureId = "rbxassetid://745556120"
SpecialMesh1395.MeshType = Enum.MeshType.FileMesh
Part1396.Name = "Tree_Collision"
Part1396.Parent = Model1391
Part1396.CFrame = CFrame.new(3055.01123, 240.155518, 2393.32886, 0.836381912, -0.0505405627, 0.545813203, 0.11829298, 0.988919735, -0.0896970853, -0.535232782, 0.139586821, 0.833092034)
Part1396.Orientation = Vector3.new(5.150000095367432, 33.22999954223633, 6.820000171661377)
Part1396.Position = Vector3.new(3055.01123046875, 240.155517578125, 2393.328857421875)
Part1396.Rotation = Vector3.new(6.150000095367432, 33.08000183105469, 3.4600000381469727)
Part1396.Transparency = 1
Part1396.Size = Vector3.new(1.3500009775161743, 26.749998092651367, 1.5)
Part1396.Anchored = true
Part1396.Material = Enum.Material.Fabric
Part1397.Name = "Tree_Collision"
Part1397.Parent = Model1391
Part1397.CFrame = CFrame.new(3064.44653, 239.361725, 2397.88403, 0.832907975, 0.27315852, 0.481300801, -0.280623674, 0.958058119, -0.0581102371, -0.476988643, -0.0866644531, 0.874627292)
Part1397.Orientation = Vector3.new(3.3299999237060547, 28.81999969482422, -16.329999923706055)
Part1397.Position = Vector3.new(3064.446533203125, 239.36172485351562, 2397.884033203125)
Part1397.Rotation = Vector3.new(3.799999952316284, 28.770000457763672, -18.15999984741211)
Part1397.Transparency = 1
Part1397.Size = Vector3.new(1.3500009775161743, 23.749998092651367, 1.5)
Part1397.Anchored = true
Part1397.Material = Enum.Material.Fabric
Part1398.Name = "Tree_Collision"
Part1398.Parent = Model1391
Part1398.CFrame = CFrame.new(3039.26367, 240.227692, 2399.81079, 0.83537215, -0.026895754, 0.549027264, 0.135533974, 0.978043854, -0.158309698, -0.532715559, 0.206659272, 0.820674896)
Part1398.Orientation = Vector3.new(9.109999656677246, 33.779998779296875, 7.889999866485596)
Part1398.Position = Vector3.new(3039.263671875, 240.22769165039062, 2399.810791015625)
Part1398.Rotation = Vector3.new(10.920000076293945, 33.29999923706055, 1.840000033378601)
Part1398.Transparency = 1
Part1398.Size = Vector3.new(1.3500009775161743, 26.749998092651367, 1.5)
Part1398.Anchored = true
Part1398.Material = Enum.Material.Fabric
Part1399.Name = "Tree_Collision"
Part1399.Parent = Model1391
Part1399.CFrame = CFrame.new(3077.91504, 239.500519, 2360.30151, 0.841320395, -0.154263332, 0.518058598, 0.0105469953, 0.96291554, 0.269600153, -0.5404374, -0.221355632, 0.811745584)
Part1399.Orientation = Vector3.new(-15.640000343322754, 32.54999923706055, 0.6299999952316284)
Part1399.Position = Vector3.new(3077.9150390625, 239.50051879882812, 2360.301513671875)
Part1399.Rotation = Vector3.new(-18.3700008392334, 31.200000762939453, 10.390000343322754)
Part1399.Transparency = 1
Part1399.Size = Vector3.new(1.3500009775161743, 23.749998092651367, 1.5)
Part1399.Anchored = true
Part1399.Material = Enum.Material.Fabric
Part1400.Name = "Tree_Collision"
Part1400.Parent = Model1391
Part1400.CFrame = CFrame.new(3040.24609, 239.701233, 2382.02197, 0.801608801, -0.316865385, 0.506973028, 0.23439987, 0.946674049, 0.221058667, -0.54998517, -0.058367461, 0.833133519)
Part1400.Orientation = Vector3.new(-12.770000457763672, 31.31999969482422, 13.90999984741211)
Part1400.Position = Vector3.new(3040.24609375, 239.70123291015625, 2382.02197265625)
Part1400.Rotation = Vector3.new(-14.859999656677246, 30.459999084472656, 21.56999969482422)
Part1400.Transparency = 1
Part1400.Size = Vector3.new(1.3500009775161743, 26.749998092651367, 1.5)
Part1400.Anchored = true
Part1400.Material = Enum.Material.Fabric
Part1401.Name = "Tree_Collision"
Part1401.Parent = Model1391
Part1401.CFrame = CFrame.new(3057.59668, 238.794647, 2410.03784, 0.888307989, 0.0400689468, 0.457497835, 0.110907964, 0.947983742, -0.298373848, -0.445657045, 0.315787822, 0.837656915)
Part1401.Orientation = Vector3.new(17.360000610351562, 28.639999389648438, 6.670000076293945)
Part1401.Position = Vector3.new(3057.5966796875, 238.79464721679688, 2410.037841796875)
Part1401.Rotation = Vector3.new(19.610000610351562, 27.229999542236328, -2.5799999237060547)
Part1401.Transparency = 1
Part1401.Size = Vector3.new(1.3500009775161743, 22.749998092651367, 1.5)
Part1401.Anchored = true
Part1401.Material = Enum.Material.Fabric
Part1402.Name = "Tree_Collision"
Part1402.Parent = Model1391
Part1402.CFrame = CFrame.new(3078.1687, 240.248871, 2380.58984, 0.85509479, 0.0963252783, 0.509445786, -0.140215799, 0.988939703, 0.0483617485, -0.499153674, -0.112786382, 0.859142721)
Part1402.Orientation = Vector3.new(-2.7699999809265137, 30.670000076293945, -8.069999694824219)
Part1402.Position = Vector3.new(3078.168701171875, 240.24887084960938, 2380.58984375)
Part1402.Rotation = Vector3.new(-3.2200000286102295, 30.6299991607666, -6.429999828338623)
Part1402.Transparency = 1
Part1402.Size = Vector3.new(1.3500009775161743, 23.749998092651367, 1.5)
Part1402.Anchored = true
Part1402.Material = Enum.Material.Fabric
Part1403.Name = "Tree_Collision"
Part1403.Parent = Model1391
Part1403.CFrame = CFrame.new(3093.02808, 238.58783, 2378.70312, 0.821509123, 0.200650588, 0.533726454, -0.144720942, 0.978760958, -0.145205155, -0.551527262, 0.0420454741, 0.833097577)
Part1403.Orientation = Vector3.new(8.350000381469727, 32.650001525878906, -8.40999984741211)
Part1403.Position = Vector3.new(3093.028076171875, 238.58782958984375, 2378.703125)
Part1403.Rotation = Vector3.new(9.890000343322754, 32.2599983215332, -13.729999542236328)
Part1403.Transparency = 1
Part1403.Size = Vector3.new(1.3500009775161743, 20.749998092651367, 1.5)
Part1403.Anchored = true
Part1403.Material = Enum.Material.Fabric
Part1404.Name = "Tree_Collision"
Part1404.Parent = Model1391
Part1404.CFrame = CFrame.new(3020.11548, 237.728821, 2394.02539, 0.806028903, -0.203337371, 0.55585289, 0.288840801, 0.954848349, -0.0695469603, -0.516614377, 0.21660994, 0.82836622)
Part1404.Orientation = Vector3.new(3.990000009536743, 33.86000061035156, 16.829999923706055)
Part1404.Position = Vector3.new(3020.115478515625, 237.72882080078125, 2394.025390625)
Part1404.Rotation = Vector3.new(4.800000190734863, 33.77000045776367, 14.15999984741211)
Part1404.Transparency = 1
Part1404.Size = Vector3.new(1.3500009775161743, 22.749998092651367, 1.5)
Part1404.Anchored = true
Part1404.Material = Enum.Material.Fabric
Part1405.Name = "Tree_Collision"
Part1405.Parent = Model1391
Part1405.CFrame = CFrame.new(3045.25635, 239.253845, 2369.61255, 0.857936084, -0.0765797049, 0.508018732, -0.105617926, 0.941418946, 0.320276678, -0.502786398, -0.328432411, 0.79958725)
Part1405.Orientation = Vector3.new(-18.68000030517578, 32.43000030517578, -6.400000095367432)
Part1405.Position = Vector3.new(3045.25634765625, 239.25384521484375, 2369.612548828125)
Part1405.Rotation = Vector3.new(-21.829999923706055, 30.530000686645508, 5.099999904632568)
Part1405.Transparency = 1
Part1405.Size = Vector3.new(1.3500009775161743, 23.749998092651367, 1.5)
Part1405.Anchored = true
Part1405.Material = Enum.Material.Fabric
Part1406.Name = "Tree_Collision"
Part1406.Parent = Model1391
Part1406.CFrame = CFrame.new(3057.85815, 239.085205, 2375.23804, 0.858964741, 0.0514408872, 0.509445012, -0.0882668048, 0.994922698, 0.0483626798, -0.504371285, -0.0865089968, 0.859142959)
Part1406.Orientation = Vector3.new(-2.7699999809265137, 30.670000076293945, -5.070000171661377)
Part1406.Position = Vector3.new(3057.858154296875, 239.085205078125, 2375.238037109375)
Part1406.Rotation = Vector3.new(-3.2200000286102295, 30.6299991607666, -3.430000066757202)
Part1406.Transparency = 1
Part1406.Size = Vector3.new(1.3500009775161743, 23.749998092651367, 1.5)
Part1406.Anchored = true
Part1406.Material = Enum.Material.Fabric
Part1407.Name = "Tree_Collision"
Part1407.Parent = Model1391
Part1407.CFrame = CFrame.new(3021.44556, 237.765564, 2410.0083, 0.826869845, -0.165447891, 0.537507534, 0.187185898, 0.982219875, 0.0143766403, -0.530329883, 0.0887263715, 0.843136489)
Part1407.Orientation = Vector3.new(-0.8199999928474426, 32.52000045776367, 10.789999961853027)
Part1407.Position = Vector3.new(3021.445556640625, 237.76556396484375, 2410.00830078125)
Part1407.Rotation = Vector3.new(-0.9800000190734863, 32.5099983215332, 11.3100004196167)
Part1407.Transparency = 1
Part1407.Size = Vector3.new(1.3500009775161743, 22.749998092651367, 1.5)
Part1407.Anchored = true
Part1407.Material = Enum.Material.Fabric
Model1408.Name = "??"
Model1408.Parent = Folder0
Part1409.Name = "TreeMesh Bottom"
Part1409.Parent = Model1408
Part1409.CFrame = CFrame.new(2594.37549, 208.93042, 2876.82275, 0.837466359, -0.00841495302, 0.546424448, -0.00474184565, 0.999731898, 0.0226634014, -0.546468675, -0.0215708893, 0.837201834)
Part1409.Orientation = Vector3.new(-1.2999999523162842, 33.130001068115234, -0.27000001072883606)
Part1409.Position = Vector3.new(2594.37548828125, 208.930419921875, 2876.82275390625)
Part1409.Rotation = Vector3.new(-1.5499999523162842, 33.119998931884766, 0.5799999833106995)
Part1409.Size = Vector3.new(8.250000953674316, 0.2499980926513672, 7)
Part1409.Anchored = true
Part1409.CanCollide = false
Part1409.Material = Enum.Material.Fabric
SpecialMesh1410.Name = "BarkMesh"
SpecialMesh1410.Parent = Part1409
SpecialMesh1410.MeshId = "rbxassetid://623621260"
SpecialMesh1410.Offset = Vector3.new(0, 3.4100000858306885, 0)
SpecialMesh1410.TextureId = "rbxassetid://623618671"
SpecialMesh1410.MeshType = Enum.MeshType.FileMesh
Part1411.Name = "TreeMeshTop"
Part1411.Parent = Model1408
Part1411.CFrame = CFrame.new(2594.12109, 239.062317, 2876.17236, 0.837466359, -0.00841495302, 0.546424448, -0.00474184565, 0.999731898, 0.0226634014, -0.546468675, -0.0215708893, 0.837201834)
Part1411.Orientation = Vector3.new(-1.2999999523162842, 33.130001068115234, -0.27000001072883606)
Part1411.Position = Vector3.new(2594.12109375, 239.06231689453125, 2876.17236328125)
Part1411.Rotation = Vector3.new(-1.5499999523162842, 33.119998931884766, 0.5799999833106995)
Part1411.Transparency = 0.05000000074505806
Part1411.Size = Vector3.new(8.250000953674316, 0.2499980926513672, 7)
Part1411.Anchored = true
Part1411.CanCollide = false
Part1411.Material = Enum.Material.Fabric
SpecialMesh1412.Name = "TopTreeMesh"
SpecialMesh1412.Parent = Part1411
SpecialMesh1412.MeshId = "rbxassetid://623621456"
SpecialMesh1412.Offset = Vector3.new(0, 3.4100000858306885, 0)
SpecialMesh1412.Scale = Vector3.new(1.600000023841858, 1.600000023841858, 1.600000023841858)
SpecialMesh1412.TextureId = "rbxassetid://745556120"
SpecialMesh1412.MeshType = Enum.MeshType.FileMesh
Part1413.Name = "Tree_Collision"
Part1413.Parent = Model1408
Part1413.CFrame = CFrame.new(2595.75073, 222.175797, 2881.44751, 0.835374355, -0.0345888212, 0.548592329, 0.092041418, 0.992729604, -0.077565223, -0.54192096, 0.115289211, 0.832484424)
Part1413.Orientation = Vector3.new(4.449999809265137, 33.380001068115234, 5.300000190734863)
Part1413.Position = Vector3.new(2595.750732421875, 222.17579650878906, 2881.447509765625)
Part1413.Rotation = Vector3.new(5.320000171661377, 33.27000045776367, 2.369999885559082)
Part1413.Transparency = 1
Part1413.Size = Vector3.new(1.3500009775161743, 26.749998092651367, 1.5)
Part1413.Anchored = true
Part1413.Material = Enum.Material.Fabric
Part1414.Name = "Tree_Collision"
Part1414.Parent = Model1408
Part1414.CFrame = CFrame.new(2605.1958, 221.348343, 2885.97632, 0.82605052, 0.287440687, 0.484787166, -0.305210918, 0.951269269, -0.0439655408, -0.473800659, -0.111644529, 0.873526573)
Part1414.Orientation = Vector3.new(2.5199999809265137, 29.030000686645508, -17.790000915527344)
Part1414.Position = Vector3.new(2605.19580078125, 221.3483428955078, 2885.976318359375)
Part1414.Rotation = Vector3.new(2.880000114440918, 29, -19.190000534057617)
Part1414.Transparency = 1
Part1414.Size = Vector3.new(1.3500009775161743, 23.749998092651367, 1.5)
Part1414.Anchored = true
Part1414.Material = Enum.Material.Fabric
Part1415.Name = "Tree_Collision"
Part1415.Parent = Model1408
Part1415.CFrame = CFrame.new(2580.03979, 222.652527, 2887.99951, 0.834643304, -0.0107731, 0.550685763, 0.109352499, 0.983147025, -0.146505997, -0.539826751, 0.182499126, 0.821755052)
Part1415.Orientation = Vector3.new(8.420000076293945, 33.83000183105469, 6.349999904632568)
Part1415.Position = Vector3.new(2580.039794921875, 222.65252685546875, 2887.99951171875)
Part1415.Rotation = Vector3.new(10.109999656677246, 33.40999984741211, 0.7400000095367432)
Part1415.Transparency = 1
Part1415.Size = Vector3.new(1.3500009775161743, 26.749998092651367, 1.5)
Part1415.Anchored = true
Part1415.Material = Enum.Material.Fabric
Part1416.Name = "Tree_Collision"
Part1416.Parent = Model1408
Part1416.CFrame = CFrame.new(2618.47339, 220.350189, 2848.33911, 0.838625193, -0.140532479, 0.526268721, -0.015863603, 0.959435225, 0.281482548, -0.544478178, -0.244406804, 0.802377164)
Part1416.Orientation = Vector3.new(-16.350000381469727, 33.2599983215332, -0.949999988079071)
Part1416.Position = Vector3.new(2618.473388671875, 220.35018920898438, 2848.339111328125)
Part1416.Rotation = Vector3.new(-19.329999923706055, 31.75, 9.510000228881836)
Part1416.Transparency = 1
Part1416.Size = Vector3.new(1.3500009775161743, 23.749998092651367, 1.5)
Part1416.Anchored = true
Part1416.Material = Enum.Material.Fabric
Part1417.Name = "Tree_Collision"
Part1417.Parent = Model1408
Part1417.CFrame = CFrame.new(2580.92285, 221.672028, 2870.2251, 0.802318513, -0.302534759, 0.514546275, 0.208274096, 0.94974941, 0.233662248, -0.559380949, -0.0803048834, 0.825011611)
Part1417.Orientation = Vector3.new(-13.510000228881836, 31.950000762939453, 12.369999885559082)
Part1417.Position = Vector3.new(2580.9228515625, 221.67202758789062, 2870.22509765625)
Part1417.Rotation = Vector3.new(-15.8100004196167, 30.969999313354492, 20.65999984741211)
Part1417.Transparency = 1
Part1417.Size = Vector3.new(1.3500009775161743, 26.749998092651367, 1.5)
Part1417.Anchored = true
Part1417.Material = Enum.Material.Fabric
Part1418.Name = "Tree_Collision"
Part1418.Parent = Model1408
Part1418.CFrame = CFrame.new(2598.3999, 221.187897, 2898.17285, 0.887634397, 0.0562728867, 0.457098395, 0.0860659108, 0.954754472, -0.28466922, -0.452435941, 0.292022735, 0.842629731)
Part1418.Orientation = Vector3.new(16.540000915527344, 28.479999542236328, 5.150000095367432)
Part1418.Position = Vector3.new(2598.39990234375, 221.18789672851562, 2898.1728515625)
Part1418.Rotation = Vector3.new(18.670000076293945, 27.200000762939453, -3.630000114440918)
Part1418.Transparency = 1
Part1418.Size = Vector3.new(1.3500009775161743, 22.749998092651367, 1.5)
Part1418.Anchored = true
Part1418.Material = Enum.Material.Fabric
Part1419.Name = "Tree_Collision"
Part1419.Parent = Model1408
Part1419.CFrame = CFrame.new(2618.84326, 221.595108, 2868.60132, 0.850285709, 0.110974401, 0.514489174, -0.165755823, 0.984238386, 0.061642725, -0.499539196, -0.13769348, 0.855278492)
Part1419.Orientation = Vector3.new(-3.5299999713897705, 31.030000686645508, -9.5600004196167)
Part1419.Position = Vector3.new(2618.84326171875, 221.59510803222656, 2868.601318359375)
Part1419.Rotation = Vector3.new(-4.119999885559082, 30.959999084472656, -7.440000057220459)
Part1419.Transparency = 1
Part1419.Size = Vector3.new(1.3500009775161743, 23.749998092651367, 1.5)
Part1419.Anchored = true
Part1419.Material = Enum.Material.Fabric
Part1420.Name = "Tree_Collision"
Part1420.Parent = Model1408
Part1420.CFrame = CFrame.new(2633.66455, 219.657349, 2866.68604, 0.816367865, 0.215915829, 0.535653055, -0.171029687, 0.976266623, -0.132862628, -0.551627338, 0.0168522149, 0.833920598)
Part1420.Orientation = Vector3.new(7.639999866485596, 32.709999084472656, -9.9399995803833)
Part1420.Position = Vector3.new(2633.66455078125, 219.6573486328125, 2866.68603515625)
Part1420.Rotation = Vector3.new(9.050000190734863, 32.38999938964844, -14.8100004196167)
Part1420.Transparency = 1
Part1420.Size = Vector3.new(1.3500009775161743, 20.749998092651367, 1.5)
Part1420.Anchored = true
Part1420.Material = Enum.Material.Fabric
Part1421.Name = "Tree_Collision"
Part1421.Parent = Model1408
Part1421.CFrame = CFrame.new(2560.82568, 220.309158, 2882.36719, 0.807747304, -0.18749845, 0.558917642, 0.263447821, 0.962946594, -0.0576976538, -0.527389646, 0.193850726, 0.827213645)
Part1421.Orientation = Vector3.new(3.309999942779541, 34.04999923706055, 15.300000190734863)
Part1421.Position = Vector3.new(2560.82568359375, 220.3091583251953, 2882.3671875)
Part1421.Rotation = Vector3.new(3.990000009536743, 33.97999954223633, 13.069999694824219)
Part1421.Transparency = 1
Part1421.Size = Vector3.new(1.3500009775161743, 22.749998092651367, 1.5)
Part1421.Anchored = true
Part1421.Material = Enum.Material.Fabric
Part1422.Name = "Tree_Collision"
Part1422.Parent = Model1408
Part1422.CFrame = CFrame.new(2585.86304, 220.840469, 2857.80664, 0.853640437, -0.0637352616, 0.516948879, -0.13130635, 0.934098125, 0.331992984, -0.504040658, -0.351281255, 0.789014995)
Part1422.Orientation = Vector3.new(-19.389999389648438, 33.22999954223633, -8)
Part1422.Position = Vector3.new(2585.863037109375, 220.84046936035156, 2857.806640625)
Part1422.Rotation = Vector3.new(-22.81999969482422, 31.1299991607666, 4.269999980926514)
Part1422.Transparency = 1
Part1422.Size = Vector3.new(1.3500009775161743, 23.749998092651367, 1.5)
Part1422.Anchored = true
Part1422.Material = Enum.Material.Fabric
Part1423.Name = "Tree_Collision"
Part1423.Parent = Model1408
Part1423.CFrame = CFrame.new(2598.4895, 220.615158, 2863.37524, 0.85492909, 0.0663220137, 0.514487982, -0.114017889, 0.991564453, 0.061643105, -0.506059766, -0.11136131, 0.855279088)
Part1423.Orientation = Vector3.new(-3.5299999713897705, 31.030000686645508, -6.559999942779541)
Part1423.Position = Vector3.new(2598.489501953125, 220.6151580810547, 2863.375244140625)
Part1423.Rotation = Vector3.new(-4.119999885559082, 30.959999084472656, -4.440000057220459)
Part1423.Transparency = 1
Part1423.Size = Vector3.new(1.3500009775161743, 23.749998092651367, 1.5)
Part1423.Anchored = true
Part1423.Material = Enum.Material.Fabric
Part1424.Name = "Tree_Collision"
Part1424.Parent = Model1408
Part1424.CFrame = CFrame.new(2562.23682, 220.71994, 2898.33813, 0.826949537, -0.149841934, 0.541942835, 0.161173671, 0.98656106, 0.0268399343, -0.538681388, 0.0651516467, 0.839986801)
Part1424.Orientation = Vector3.new(-1.5399999618530273, 32.83000183105469, 9.279999732971191)
Part1424.Position = Vector3.new(2562.23681640625, 220.71994018554688, 2898.338134765625)
Part1424.Rotation = Vector3.new(-1.8300000429153442, 32.81999969482422, 10.270000457763672)
Part1424.Transparency = 1
Part1424.Size = Vector3.new(1.3500009775161743, 22.749998092651367, 1.5)
Part1424.Anchored = true
Part1424.Material = Enum.Material.Fabric
Model1425.Name = "??"
Model1425.Parent = Folder0
Part1426.Name = "TreeMesh Bottom"
Part1426.Parent = Model1425
Part1426.CFrame = CFrame.new(2780.86377, 227.009094, 2597.37158, 0.839997649, -0.0238344036, 0.54206723, 0.0216940567, 0.999711812, 0.010338746, -0.542158067, 0.00307510793, 0.840271533)
Part1426.Orientation = Vector3.new(-0.5899999737739563, 32.83000183105469, 1.2400000095367432)
Part1426.Position = Vector3.new(2780.86376953125, 227.00909423828125, 2597.37158203125)
Part1426.Rotation = Vector3.new(-0.699999988079071, 32.81999969482422, 1.6299999952316284)
Part1426.Size = Vector3.new(8.250000953674316, 0.2499980926513672, 7)
Part1426.Anchored = true
Part1426.CanCollide = false
Part1426.Material = Enum.Material.Fabric
SpecialMesh1427.Name = "BarkMesh"
SpecialMesh1427.Parent = Part1426
SpecialMesh1427.MeshId = "rbxassetid://623621260"
SpecialMesh1427.Offset = Vector3.new(0, 3.4100000858306885, 0)
SpecialMesh1427.TextureId = "rbxassetid://623618671"
SpecialMesh1427.MeshType = Enum.MeshType.FileMesh
Part1428.Name = "TreeMeshTop"
Part1428.Parent = Model1425
Part1428.CFrame = CFrame.new(2780.14404, 257.140289, 2597.46411, 0.839997649, -0.0238344036, 0.54206723, 0.0216940567, 0.999711812, 0.010338746, -0.542158067, 0.00307510793, 0.840271533)
Part1428.Orientation = Vector3.new(-0.5899999737739563, 32.83000183105469, 1.2400000095367432)
Part1428.Position = Vector3.new(2780.14404296875, 257.1402893066406, 2597.464111328125)
Part1428.Rotation = Vector3.new(-0.699999988079071, 32.81999969482422, 1.6299999952316284)
Part1428.Transparency = 0.05000000074505806
Part1428.Size = Vector3.new(8.250000953674316, 0.2499980926513672, 7)
Part1428.Anchored = true
Part1428.CanCollide = false
Part1428.Material = Enum.Material.Fabric
SpecialMesh1429.Name = "TopTreeMesh"
SpecialMesh1429.Parent = Part1428
SpecialMesh1429.MeshId = "rbxassetid://623621456"
SpecialMesh1429.Offset = Vector3.new(0, 3.4100000858306885, 0)
SpecialMesh1429.Scale = Vector3.new(1.600000023841858, 1.600000023841858, 1.600000023841858)
SpecialMesh1429.TextureId = "rbxassetid://745556120"
SpecialMesh1429.MeshType = Enum.MeshType.FileMesh
Part1430.Name = "Tree_Collision"
Part1430.Parent = Model1425
