SpecialMesh2923.Name = "TopTreeMesh"
SpecialMesh2923.Parent = Part2922
SpecialMesh2923.MeshId = "rbxassetid://623621456"
SpecialMesh2923.Offset = Vector3.new(0, 3.4100000858306885, 0)
SpecialMesh2923.Scale = Vector3.new(1.600000023841858, 1.600000023841858, 1.600000023841858)
SpecialMesh2923.TextureId = "rbxassetid://745556120"
SpecialMesh2923.MeshType = Enum.MeshType.FileMesh
Part2924.Name = "石"
Part2924.Parent = Folder0
Part2924.CFrame = CFrame.new(2549.16406, 120.611046, 1912.99988, 2.91038305e-11, 0.998713195, -0.0507158935, -4.65661287e-10, 0.050715901, 0.998713017, 1, -7.10530581e-15, -4.65661287e-10)
Part2924.Orientation = Vector3.new(-87.08999633789062, -90, 0)
Part2924.Position = Vector3.new(2549.1640625, 120.61104583740234, 1912.9998779296875)
Part2924.Rotation = Vector3.new(-90, -2.9100000858306885, -90)
Part2924.Size = Vector3.new(40, 20, 20)
Part2924.Anchored = true
Part2924.BottomSurface = Enum.SurfaceType.Smooth
Part2924.TopSurface = Enum.SurfaceType.Smooth
SpecialMesh2925.Parent = Part2924
SpecialMesh2925.MeshId = "rbxassetid://473211502"
SpecialMesh2925.TextureId = "rbxassetid://473212369"
SpecialMesh2925.MeshType = Enum.MeshType.FileMesh
Part2926.Name = "石"
Part2926.Parent = Folder0
Part2926.CFrame = CFrame.new(2613, 122, 1846.99988, -7.10530581e-15, 1, 4.15748818e-17, -4.65661287e-10, 4.15748818e-17, 0.999999881, 1, -7.10530581e-15, -4.65661287e-10)
Part2926.Orientation = Vector3.new(-89.97000122070312, 180, -90)
Part2926.Position = Vector3.new(2613, 122, 1846.9998779296875)
Part2926.Rotation = Vector3.new(-90, 0, -90)
Part2926.Size = Vector3.new(40, 20, 20)
Part2926.Anchored = true
Part2926.BottomSurface = Enum.SurfaceType.Smooth
Part2926.TopSurface = Enum.SurfaceType.Smooth
SpecialMesh2927.Parent = Part2926
SpecialMesh2927.MeshId = "rbxassetid://473211502"
SpecialMesh2927.TextureId = "rbxassetid://473212369"
SpecialMesh2927.MeshType = Enum.MeshType.FileMesh
Part2928.Name = "石"
Part2928.Parent = Folder0
Part2928.CFrame = CFrame.new(2590, 122.000015, 1987, -1.42106116e-14, 1, 8.31497569e-17, -9.31322519e-10, 8.31497569e-17, 0.999999762, 1, -1.42106116e-14, -9.31322519e-10)
Part2928.Orientation = Vector3.new(-89.95999908447266, 180, -90)
Part2928.Position = Vector3.new(2590, 122.00001525878906, 1987)
Part2928.Rotation = Vector3.new(-90, 0, -90)
Part2928.Size = Vector3.new(40, 20, 20)
Part2928.Anchored = true
Part2928.BottomSurface = Enum.SurfaceType.Smooth
Part2928.TopSurface = Enum.SurfaceType.Smooth
SpecialMesh2929.Parent = Part2928
SpecialMesh2929.MeshId = "rbxassetid://473211502"
SpecialMesh2929.TextureId = "rbxassetid://473212369"
SpecialMesh2929.MeshType = Enum.MeshType.FileMesh
Model2930.Name = "茂み"
Model2930.Parent = Folder0
Part2931.Name = "TreeMesh Bottom"
Part2931.Parent = Model2930
Part2931.CFrame = CFrame.new(1285.49878, 97.3140564, 450.998657, -0.55780977, 0.069581911, -0.827046692, 0.220450759, 0.97310698, -0.0668148398, 0.800155878, -0.219593078, -0.558148026)
Part2931.Orientation = Vector3.new(3.8299999237060547, -124.01000213623047, 12.760000228881836)
Part2931.Position = Vector3.new(1285.498779296875, 97.31405639648438, 450.9986572265625)
Part2931.Rotation = Vector3.new(173.1699981689453, -55.79999923706055, -172.88999938964844)
Part2931.Size = Vector3.new(8.250000953674316, 0.2499980926513672, 7)
Part2931.Anchored = true
Part2931.CanCollide = false
Part2931.Material = Enum.Material.Fabric
SpecialMesh2932.Name = "BarkMesh"
SpecialMesh2932.Parent = Part2931
SpecialMesh2932.MeshId = "rbxassetid://623621260"
SpecialMesh2932.Offset = Vector3.new(0, 3.4100000858306885, 0)
SpecialMesh2932.TextureId = "rbxassetid://623618671"
SpecialMesh2932.MeshType = Enum.MeshType.FileMesh
Part2933.Name = "TreeMeshTop"
Part2933.Parent = Model2930
Part2933.CFrame = CFrame.new(1285.49988, 127.454117, 450.997803, -0.55780977, 0.069581911, -0.827046692, 0.220450759, 0.97310698, -0.0668148398, 0.800155878, -0.219593078, -0.558148026)
Part2933.Orientation = Vector3.new(3.8299999237060547, -124.01000213623047, 12.760000228881836)
Part2933.Position = Vector3.new(1285.4998779296875, 127.45411682128906, 450.997802734375)
Part2933.Rotation = Vector3.new(173.1699981689453, -55.79999923706055, -172.88999938964844)
Part2933.Transparency = 0.05000000074505806
Part2933.Size = Vector3.new(8.250000953674316, 0.2499980926513672, 7)
Part2933.Anchored = true
Part2933.CanCollide = false
Part2933.Material = Enum.Material.Fabric
SpecialMesh2934.Name = "TopTreeMesh"
SpecialMesh2934.Parent = Part2933
SpecialMesh2934.MeshId = "rbxassetid://623621456"
SpecialMesh2934.Offset = Vector3.new(0, 3.4100000858306885, 0)
SpecialMesh2934.Scale = Vector3.new(1.600000023841858, 1.600000023841858, 1.600000023841858)
SpecialMesh2934.TextureId = "rbxassetid://745556120"
SpecialMesh2934.MeshType = Enum.MeshType.FileMesh
Model2935.Name = "茂み"
Model2935.Parent = Folder0
Part2936.Name = "TreeMesh Bottom"
Part2936.Parent = Model2935
Part2936.CFrame = CFrame.new(1285.49878, 97.3140564, 397.998657, -0.924923778, 0.069581911, -0.373729706, 0.145399615, 0.97310698, -0.178666472, 0.351247042, -0.219593078, -0.910167098)
Part2936.Orientation = Vector3.new(10.289999961853027, -157.67999267578125, 8.5)
Part2936.Position = Vector3.new(1285.498779296875, 97.31405639648438, 397.9986572265625)
Part2936.Rotation = Vector3.new(168.88999938964844, -21.950000762939453, -175.6999969482422)
Part2936.Size = Vector3.new(8.250000953674316, 0.2499980926513672, 7)
Part2936.Anchored = true
Part2936.CanCollide = false
Part2936.Material = Enum.Material.Fabric
SpecialMesh2937.Name = "BarkMesh"
SpecialMesh2937.Parent = Part2936
SpecialMesh2937.MeshId = "rbxassetid://623621260"
SpecialMesh2937.Offset = Vector3.new(0, 3.4100000858306885, 0)
SpecialMesh2937.TextureId = "rbxassetid://623618671"
SpecialMesh2937.MeshType = Enum.MeshType.FileMesh
Part2938.Name = "TreeMeshTop"
Part2938.Parent = Model2935
Part2938.CFrame = CFrame.new(1285.49988, 127.454117, 397.997803, -0.924923778, 0.069581911, -0.373729706, 0.145399615, 0.97310698, -0.178666472, 0.351247042, -0.219593078, -0.910167098)
Part2938.Orientation = Vector3.new(10.289999961853027, -157.67999267578125, 8.5)
Part2938.Position = Vector3.new(1285.4998779296875, 127.45411682128906, 397.997802734375)
Part2938.Rotation = Vector3.new(168.88999938964844, -21.950000762939453, -175.6999969482422)
Part2938.Transparency = 0.05000000074505806
Part2938.Size = Vector3.new(8.250000953674316, 0.2499980926513672, 7)
Part2938.Anchored = true
Part2938.CanCollide = false
Part2938.Material = Enum.Material.Fabric
SpecialMesh2939.Name = "TopTreeMesh"
SpecialMesh2939.Parent = Part2938
SpecialMesh2939.MeshId = "rbxassetid://623621456"
SpecialMesh2939.Offset = Vector3.new(0, 3.4100000858306885, 0)
SpecialMesh2939.Scale = Vector3.new(1.600000023841858, 1.600000023841858, 1.600000023841858)
SpecialMesh2939.TextureId = "rbxassetid://745556120"
SpecialMesh2939.MeshType = Enum.MeshType.FileMesh
Model2940.Name = "茂み"
Model2940.Parent = Folder0
Part2941.Name = "TreeMesh Bottom"
Part2941.Parent = Model2940
Part2941.CFrame = CFrame.new(1277.49878, 97.3140564, 340.998657, -0.55780977, 0.069581911, -0.827046692, 0.220450759, 0.97310698, -0.0668148398, 0.800155878, -0.219593078, -0.558148026)
Part2941.Orientation = Vector3.new(3.8299999237060547, -124.01000213623047, 12.760000228881836)
Part2941.Position = Vector3.new(1277.498779296875, 97.31405639648438, 340.9986572265625)
Part2941.Rotation = Vector3.new(173.1699981689453, -55.79999923706055, -172.88999938964844)
Part2941.Size = Vector3.new(8.250000953674316, 0.2499980926513672, 7)
Part2941.Anchored = true
Part2941.CanCollide = false
Part2941.Material = Enum.Material.Fabric
SpecialMesh2942.Name = "BarkMesh"
SpecialMesh2942.Parent = Part2941
SpecialMesh2942.MeshId = "rbxassetid://623621260"
SpecialMesh2942.Offset = Vector3.new(0, 3.4100000858306885, 0)
SpecialMesh2942.TextureId = "rbxassetid://623618671"
SpecialMesh2942.MeshType = Enum.MeshType.FileMesh
Part2943.Name = "TreeMeshTop"
Part2943.Parent = Model2940
Part2943.CFrame = CFrame.new(1277.49988, 127.454117, 340.997803, -0.55780977, 0.069581911, -0.827046692, 0.220450759, 0.97310698, -0.0668148398, 0.800155878, -0.219593078, -0.558148026)
Part2943.Orientation = Vector3.new(3.8299999237060547, -124.01000213623047, 12.760000228881836)
Part2943.Position = Vector3.new(1277.4998779296875, 127.45411682128906, 340.997802734375)
Part2943.Rotation = Vector3.new(173.1699981689453, -55.79999923706055, -172.88999938964844)
Part2943.Transparency = 0.05000000074505806
Part2943.Size = Vector3.new(8.250000953674316, 0.2499980926513672, 7)
Part2943.Anchored = true
Part2943.CanCollide = false
Part2943.Material = Enum.Material.Fabric
SpecialMesh2944.Name = "TopTreeMesh"
SpecialMesh2944.Parent = Part2943
SpecialMesh2944.MeshId = "rbxassetid://623621456"
SpecialMesh2944.Offset = Vector3.new(0, 3.4100000858306885, 0)
SpecialMesh2944.Scale = Vector3.new(1.600000023841858, 1.600000023841858, 1.600000023841858)
SpecialMesh2944.TextureId = "rbxassetid://745556120"
SpecialMesh2944.MeshType = Enum.MeshType.FileMesh
Model2945.Name = "茂み"
Model2945.Parent = Folder0
Part2946.Name = "TreeMesh Bottom"
Part2946.Parent = Model2945
Part2946.CFrame = CFrame.new(1266.49878, 97.3140564, 271.998657, -0.85510689, 0.069581911, 0.513760865, -0.0551857278, 0.97310698, -0.223645464, -0.515506029, -0.219593078, -0.828270614)
Part2946.Orientation = Vector3.new(12.920000076293945, 148.19000244140625, -3.25)
Part2946.Position = Vector3.new(1266.498779296875, 97.31405639648438, 271.9986572265625)
Part2946.Rotation = Vector3.new(164.88999938964844, 30.90999984741211, -175.35000610351562)
Part2946.Size = Vector3.new(8.250000953674316, 0.2499980926513672, 7)
Part2946.Anchored = true
Part2946.CanCollide = false
Part2946.Material = Enum.Material.Fabric
SpecialMesh2947.Name = "BarkMesh"
SpecialMesh2947.Parent = Part2946
SpecialMesh2947.MeshId = "rbxassetid://623621260"
SpecialMesh2947.Offset = Vector3.new(0, 3.4100000858306885, 0)
SpecialMesh2947.TextureId = "rbxassetid://623618671"
SpecialMesh2947.MeshType = Enum.MeshType.FileMesh
Part2948.Name = "TreeMeshTop"
Part2948.Parent = Model2945
Part2948.CFrame = CFrame.new(1266.49988, 127.454117, 271.997803, -0.85510689, 0.069581911, 0.513760865, -0.0551857278, 0.97310698, -0.223645464, -0.515506029, -0.219593078, -0.828270614)
Part2948.Orientation = Vector3.new(12.920000076293945, 148.19000244140625, -3.25)
Part2948.Position = Vector3.new(1266.4998779296875, 127.45411682128906, 271.997802734375)
Part2948.Rotation = Vector3.new(164.88999938964844, 30.90999984741211, -175.35000610351562)
Part2948.Transparency = 0.05000000074505806
Part2948.Size = Vector3.new(8.250000953674316, 0.2499980926513672, 7)
Part2948.Anchored = true
Part2948.CanCollide = false
Part2948.Material = Enum.Material.Fabric
SpecialMesh2949.Name = "TopTreeMesh"
SpecialMesh2949.Parent = Part2948
SpecialMesh2949.MeshId = "rbxassetid://623621456"
SpecialMesh2949.Offset = Vector3.new(0, 3.4100000858306885, 0)
SpecialMesh2949.Scale = Vector3.new(1.600000023841858, 1.600000023841858, 1.600000023841858)
SpecialMesh2949.TextureId = "rbxassetid://745556120"
SpecialMesh2949.MeshType = Enum.MeshType.FileMesh
Model2950.Name = "茂み"
Model2950.Parent = Folder0
Part2951.Name = "TreeMesh Bottom"
Part2951.Parent = Model2950
Part2951.CFrame = CFrame.new(1209.49878, 97.3140564, 271.998657, -0.764209211, 0.069581911, 0.641203701, -0.0894921049, 0.97310698, -0.212259084, -0.638729215, -0.219593078, -0.737430513)
Part2951.Orientation = Vector3.new(12.25, 138.99000549316406, -5.25)
Part2951.Position = Vector3.new(1209.498779296875, 97.31405639648438, 271.9986572265625)
Part2951.Rotation = Vector3.new(163.94000244140625, 39.880001068115234, -174.8000030517578)
Part2951.Size = Vector3.new(8.250000953674316, 0.2499980926513672, 7)
Part2951.Anchored = true
Part2951.CanCollide = false
Part2951.Material = Enum.Material.Fabric
SpecialMesh2952.Name = "BarkMesh"
SpecialMesh2952.Parent = Part2951
SpecialMesh2952.MeshId = "rbxassetid://623621260"
SpecialMesh2952.Offset = Vector3.new(0, 3.4100000858306885, 0)
SpecialMesh2952.TextureId = "rbxassetid://623618671"
SpecialMesh2952.MeshType = Enum.MeshType.FileMesh
Part2953.Name = "TreeMeshTop"
Part2953.Parent = Model2950
Part2953.CFrame = CFrame.new(1209.49988, 127.454117, 271.997803, -0.764209211, 0.069581911, 0.641203701, -0.0894921049, 0.97310698, -0.212259084, -0.638729215, -0.219593078, -0.737430513)
Part2953.Orientation = Vector3.new(12.25, 138.99000549316406, -5.25)
Part2953.Position = Vector3.new(1209.4998779296875, 127.45411682128906, 271.997802734375)
Part2953.Rotation = Vector3.new(163.94000244140625, 39.880001068115234, -174.8000030517578)
Part2953.Transparency = 0.05000000074505806
Part2953.Size = Vector3.new(8.250000953674316, 0.2499980926513672, 7)
Part2953.Anchored = true
Part2953.CanCollide = false
Part2953.Material = Enum.Material.Fabric
SpecialMesh2954.Name = "TopTreeMesh"
SpecialMesh2954.Parent = Part2953
SpecialMesh2954.MeshId = "rbxassetid://623621456"
SpecialMesh2954.Offset = Vector3.new(0, 3.4100000858306885, 0)
SpecialMesh2954.Scale = Vector3.new(1.600000023841858, 1.600000023841858, 1.600000023841858)
SpecialMesh2954.TextureId = "rbxassetid://745556120"
SpecialMesh2954.MeshType = Enum.MeshType.FileMesh
Model2955.Name = "茂み"
Model2955.Parent = Folder0
Part2956.Name = "TreeMesh Bottom"
Part2956.Parent = Model2955
Part2956.CFrame = CFrame.new(1220.49878, 97.3140564, 340.998657, -0.680320859, 0.069581911, -0.729603708, 0.20728451, 0.97310698, -0.100478321, 0.702991068, -0.219593078, -0.676448286)
Part2956.Orientation = Vector3.new(5.769999980926514, -132.8300018310547, 12.029999732971191)
Part2956.Position = Vector3.new(1220.498779296875, 97.31405639648438, 340.9986572265625)
Part2956.Rotation = Vector3.new(171.5500030517578, -46.849998474121094, -174.16000366210938)
Part2956.Size = Vector3.new(8.250000953674316, 0.2499980926513672, 7)
Part2956.Anchored = true
Part2956.CanCollide = false
Part2956.Material = Enum.Material.Fabric
SpecialMesh2957.Name = "BarkMesh"
SpecialMesh2957.Parent = Part2956
SpecialMesh2957.MeshId = "rbxassetid://623621260"
SpecialMesh2957.Offset = Vector3.new(0, 3.4100000858306885, 0)
SpecialMesh2957.TextureId = "rbxassetid://623618671"
SpecialMesh2957.MeshType = Enum.MeshType.FileMesh
Part2958.Name = "TreeMeshTop"
Part2958.Parent = Model2955
Part2958.CFrame = CFrame.new(1220.49988, 127.454117, 340.997803, -0.680320859, 0.069581911, -0.729603708, 0.20728451, 0.97310698, -0.100478321, 0.702991068, -0.219593078, -0.676448286)
Part2958.Orientation = Vector3.new(5.769999980926514, -132.8300018310547, 12.029999732971191)
Part2958.Position = Vector3.new(1220.4998779296875, 127.45411682128906, 340.997802734375)
Part2958.Rotation = Vector3.new(171.5500030517578, -46.849998474121094, -174.16000366210938)
Part2958.Transparency = 0.05000000074505806
Part2958.Size = Vector3.new(8.250000953674316, 0.2499980926513672, 7)
Part2958.Anchored = true
Part2958.CanCollide = false
Part2958.Material = Enum.Material.Fabric
SpecialMesh2959.Name = "TopTreeMesh"
SpecialMesh2959.Parent = Part2958
SpecialMesh2959.MeshId = "rbxassetid://623621456"
SpecialMesh2959.Offset = Vector3.new(0, 3.4100000858306885, 0)
SpecialMesh2959.Scale = Vector3.new(1.600000023841858, 1.600000023841858, 1.600000023841858)
SpecialMesh2959.TextureId = "rbxassetid://745556120"
SpecialMesh2959.MeshType = Enum.MeshType.FileMesh
Model2960.Name = "茂み"
Model2960.Parent = Folder0
Part2961.Name = "TreeMesh Bottom"
Part2961.Parent = Model2960
Part2961.CFrame = CFrame.new(1228.49878, 97.3140564, 397.998657, -0.972000718, 0.069581911, -0.224438488, 0.115659922, 0.97310698, -0.199212313, 0.204541087, -0.219593078, -0.953908563)
Part2961.Orientation = Vector3.new(11.489999771118164, -166.75999450683594, 6.78000020980835)
Part2961.Position = Vector3.new(1228.498779296875, 97.31405639648438, 397.9986572265625)
Part2961.Rotation = Vector3.new(168.1999969482422, -12.970000267028809, -175.91000366210938)
Part2961.Size = Vector3.new(8.250000953674316, 0.2499980926513672, 7)
Part2961.Anchored = true
Part2961.CanCollide = false
Part2961.Material = Enum.Material.Fabric
SpecialMesh2962.Name = "BarkMesh"
SpecialMesh2962.Parent = Part2961
SpecialMesh2962.MeshId = "rbxassetid://623621260"
SpecialMesh2962.Offset = Vector3.new(0, 3.4100000858306885, 0)
SpecialMesh2962.TextureId = "rbxassetid://623618671"
SpecialMesh2962.MeshType = Enum.MeshType.FileMesh
Part2963.Name = "TreeMeshTop"
Part2963.Parent = Model2960
Part2963.CFrame = CFrame.new(1228.49988, 127.454117, 397.997803, -0.972000718, 0.069581911, -0.224438488, 0.115659922, 0.97310698, -0.199212313, 0.204541087, -0.219593078, -0.953908563)
Part2963.Orientation = Vector3.new(11.489999771118164, -166.75999450683594, 6.78000020980835)
Part2963.Position = Vector3.new(1228.4998779296875, 127.45411682128906, 397.997802734375)
Part2963.Rotation = Vector3.new(168.1999969482422, -12.970000267028809, -175.91000366210938)
Part2963.Transparency = 0.05000000074505806
Part2963.Size = Vector3.new(8.250000953674316, 0.2499980926513672, 7)
Part2963.Anchored = true
Part2963.CanCollide = false
Part2963.Material = Enum.Material.Fabric
SpecialMesh2964.Name = "TopTreeMesh"
SpecialMesh2964.Parent = Part2963
SpecialMesh2964.MeshId = "rbxassetid://623621456"
SpecialMesh2964.Offset = Vector3.new(0, 3.4100000858306885, 0)
SpecialMesh2964.Scale = Vector3.new(1.600000023841858, 1.600000023841858, 1.600000023841858)
SpecialMesh2964.TextureId = "rbxassetid://745556120"
SpecialMesh2964.MeshType = Enum.MeshType.FileMesh
Model2965.Name = "茂み"
Model2965.Parent = Folder0
Part2966.Name = "TreeMesh Bottom"
Part2966.Parent = Model2965
Part2966.CFrame = CFrame.new(1228.49878, 97.3140564, 450.998657, -0.55780977, 0.069581911, -0.827046692, 0.220450759, 0.97310698, -0.0668148398, 0.800155878, -0.219593078, -0.558148026)
Part2966.Orientation = Vector3.new(3.8299999237060547, -124.01000213623047, 12.760000228881836)
Part2966.Position = Vector3.new(1228.498779296875, 97.31405639648438, 450.9986572265625)
Part2966.Rotation = Vector3.new(173.1699981689453, -55.79999923706055, -172.88999938964844)
Part2966.Size = Vector3.new(8.250000953674316, 0.2499980926513672, 7)
Part2966.Anchored = true
Part2966.CanCollide = false
Part2966.Material = Enum.Material.Fabric
SpecialMesh2967.Name = "BarkMesh"
SpecialMesh2967.Parent = Part2966
SpecialMesh2967.MeshId = "rbxassetid://623621260"
SpecialMesh2967.Offset = Vector3.new(0, 3.4100000858306885, 0)
SpecialMesh2967.TextureId = "rbxassetid://623618671"
SpecialMesh2967.MeshType = Enum.MeshType.FileMesh
Part2968.Name = "TreeMeshTop"
Part2968.Parent = Model2965
Part2968.CFrame = CFrame.new(1228.49988, 127.454117, 450.997803, -0.55780977, 0.069581911, -0.827046692, 0.220450759, 0.97310698, -0.0668148398, 0.800155878, -0.219593078, -0.558148026)
Part2968.Orientation = Vector3.new(3.8299999237060547, -124.01000213623047, 12.760000228881836)
Part2968.Position = Vector3.new(1228.4998779296875, 127.45411682128906, 450.997802734375)
Part2968.Rotation = Vector3.new(173.1699981689453, -55.79999923706055, -172.88999938964844)
Part2968.Transparency = 0.05000000074505806
Part2968.Size = Vector3.new(8.250000953674316, 0.2499980926513672, 7)
Part2968.Anchored = true
Part2968.CanCollide = false
Part2968.Material = Enum.Material.Fabric
SpecialMesh2969.Name = "TopTreeMesh"
SpecialMesh2969.Parent = Part2968
SpecialMesh2969.MeshId = "rbxassetid://623621456"
SpecialMesh2969.Offset = Vector3.new(0, 3.4100000858306885, 0)
SpecialMesh2969.Scale = Vector3.new(1.600000023841858, 1.600000023841858, 1.600000023841858)
SpecialMesh2969.TextureId = "rbxassetid://745556120"
SpecialMesh2969.MeshType = Enum.MeshType.FileMesh
Model2970.Name = "茂み"
Model2970.Parent = Folder0
Part2971.Name = "TreeMesh Bottom"
Part2971.Parent = Model2970
Part2971.CFrame = CFrame.new(1136.49878, 97.3140564, 271.998657, -0.992114723, 0.069581911, 0.104241788, 0.0445014127, 0.97310698, -0.226014137, -0.11716482, -0.219593078, -0.968530416)
Part2971.Orientation = Vector3.new(13.0600004196167, 173.86000061035156, 2.619999885559082)
Part2971.Position = Vector3.new(1136.498779296875, 97.31405639648438, 271.9986572265625)
Part2971.Rotation = Vector3.new(166.86000061035156, 5.980000019073486, -175.99000549316406)
Part2971.Size = Vector3.new(8.250000953674316, 0.2499980926513672, 7)
Part2971.Anchored = true
Part2971.CanCollide = false
Part2971.Material = Enum.Material.Fabric
SpecialMesh2972.Name = "BarkMesh"
SpecialMesh2972.Parent = Part2971
SpecialMesh2972.MeshId = "rbxassetid://623621260"
SpecialMesh2972.Offset = Vector3.new(0, 3.4100000858306885, 0)
SpecialMesh2972.TextureId = "rbxassetid://623618671"
SpecialMesh2972.MeshType = Enum.MeshType.FileMesh
Part2973.Name = "TreeMeshTop"
Part2973.Parent = Model2970
Part2973.CFrame = CFrame.new(1136.49988, 127.454117, 271.997803, -0.992114723, 0.069581911, 0.104241788, 0.0445014127, 0.97310698, -0.226014137, -0.11716482, -0.219593078, -0.968530416)
Part2973.Orientation = Vector3.new(13.0600004196167, 173.86000061035156, 2.619999885559082)
Part2973.Position = Vector3.new(1136.4998779296875, 127.45411682128906, 271.997802734375)
Part2973.Rotation = Vector3.new(166.86000061035156, 5.980000019073486, -175.99000549316406)
Part2973.Transparency = 0.05000000074505806
Part2973.Size = Vector3.new(8.250000953674316, 0.2499980926513672, 7)
Part2973.Anchored = true
Part2973.CanCollide = false
Part2973.Material = Enum.Material.Fabric
SpecialMesh2974.Name = "TopTreeMesh"
SpecialMesh2974.Parent = Part2973
SpecialMesh2974.MeshId = "rbxassetid://623621456"
SpecialMesh2974.Offset = Vector3.new(0, 3.4100000858306885, 0)
SpecialMesh2974.Scale = Vector3.new(1.600000023841858, 1.600000023841858, 1.600000023841858)
SpecialMesh2974.TextureId = "rbxassetid://745556120"
SpecialMesh2974.MeshType = Enum.MeshType.FileMesh
Model2975.Name = "茂み"
Model2975.Parent = Folder0
Part2976.Name = "TreeMesh Bottom"
Part2976.Parent = Model2975
Part2976.CFrame = CFrame.new(1147.49878, 97.3140564, 340.998657, -0.680320859, 0.069581911, -0.729603708, 0.20728451, 0.97310698, -0.100478321, 0.702991068, -0.219593078, -0.676448286)
Part2976.Orientation = Vector3.new(5.769999980926514, -132.8300018310547, 12.029999732971191)
Part2976.Position = Vector3.new(1147.498779296875, 97.31405639648438, 340.9986572265625)
Part2976.Rotation = Vector3.new(171.5500030517578, -46.849998474121094, -174.16000366210938)
Part2976.Size = Vector3.new(8.250000953674316, 0.2499980926513672, 7)
Part2976.Anchored = true
Part2976.CanCollide = false
Part2976.Material = Enum.Material.Fabric
SpecialMesh2977.Name = "BarkMesh"
SpecialMesh2977.Parent = Part2976
SpecialMesh2977.MeshId = "rbxassetid://623621260"
SpecialMesh2977.Offset = Vector3.new(0, 3.4100000858306885, 0)
SpecialMesh2977.TextureId = "rbxassetid://623618671"
SpecialMesh2977.MeshType = Enum.MeshType.FileMesh
Part2978.Name = "TreeMeshTop"
Part2978.Parent = Model2975
Part2978.CFrame = CFrame.new(1147.49988, 127.454117, 340.997803, -0.680320859, 0.069581911, -0.729603708, 0.20728451, 0.97310698, -0.100478321, 0.702991068, -0.219593078, -0.676448286)
Part2978.Orientation = Vector3.new(5.769999980926514, -132.8300018310547, 12.029999732971191)
Part2978.Position = Vector3.new(1147.4998779296875, 127.45411682128906, 340.997802734375)
Part2978.Rotation = Vector3.new(171.5500030517578, -46.849998474121094, -174.16000366210938)
Part2978.Transparency = 0.05000000074505806
Part2978.Size = Vector3.new(8.250000953674316, 0.2499980926513672, 7)
Part2978.Anchored = true
Part2978.CanCollide = false
Part2978.Material = Enum.Material.Fabric
SpecialMesh2979.Name = "TopTreeMesh"
SpecialMesh2979.Parent = Part2978
SpecialMesh2979.MeshId = "rbxassetid://623621456"
SpecialMesh2979.Offset = Vector3.new(0, 3.4100000858306885, 0)
SpecialMesh2979.Scale = Vector3.new(1.600000023841858, 1.600000023841858, 1.600000023841858)
SpecialMesh2979.TextureId = "rbxassetid://745556120"
SpecialMesh2979.MeshType = Enum.MeshType.FileMesh
Model2980.Name = "茂み"
Model2980.Parent = Folder0
Part2981.Name = "TreeMesh Bottom"
Part2981.Parent = Model2980
Part2981.CFrame = CFrame.new(1155.49878, 97.3140564, 397.998657, 0.692998409, 0.069581911, -0.717573166, 0.111189097, 0.97310698, 0.201741785, 0.712313056, -0.219593078, 0.666624963)
Part2981.Orientation = Vector3.new(-11.640000343322754, -47.11000061035156, 6.519999980926514)
Part2981.Position = Vector3.new(1155.498779296875, 97.31405639648438, 397.9986572265625)
Part2981.Rotation = Vector3.new(-16.84000015258789, -45.849998474121094, -5.730000019073486)
Part2981.Size = Vector3.new(8.250000953674316, 0.2499980926513672, 7)
Part2981.Anchored = true
Part2981.CanCollide = false
Part2981.Material = Enum.Material.Fabric
SpecialMesh2982.Name = "BarkMesh"
SpecialMesh2982.Parent = Part2981
SpecialMesh2982.MeshId = "rbxassetid://623621260"
SpecialMesh2982.Offset = Vector3.new(0, 3.4100000858306885, 0)
SpecialMesh2982.TextureId = "rbxassetid://623618671"
SpecialMesh2982.MeshType = Enum.MeshType.FileMesh
Part2983.Name = "TreeMeshTop"
Part2983.Parent = Model2980
Part2983.CFrame = CFrame.new(1155.49988, 127.454117, 397.997803, 0.692998409, 0.069581911, -0.717573166, 0.111189097, 0.97310698, 0.201741785, 0.712313056, -0.219593078, 0.666624963)
Part2983.Orientation = Vector3.new(-11.640000343322754, -47.11000061035156, 6.519999980926514)
Part2983.Position = Vector3.new(1155.4998779296875, 127.45411682128906, 397.997802734375)
Part2983.Rotation = Vector3.new(-16.84000015258789, -45.849998474121094, -5.730000019073486)
Part2983.Transparency = 0.05000000074505806
Part2983.Size = Vector3.new(8.250000953674316, 0.2499980926513672, 7)
Part2983.Anchored = true
Part2983.CanCollide = false
Part2983.Material = Enum.Material.Fabric
SpecialMesh2984.Name = "TopTreeMesh"
SpecialMesh2984.Parent = Part2983
SpecialMesh2984.MeshId = "rbxassetid://623621456"
SpecialMesh2984.Offset = Vector3.new(0, 3.4100000858306885, 0)
SpecialMesh2984.Scale = Vector3.new(1.600000023841858, 1.600000023841858, 1.600000023841858)
SpecialMesh2984.TextureId = "rbxassetid://745556120"
SpecialMesh2984.MeshType = Enum.MeshType.FileMesh
Model2985.Name = "茂み"
Model2985.Parent = Folder0
Part2986.Name = "TreeMesh Bottom"
Part2986.Parent = Model2985
Part2986.CFrame = CFrame.new(1155.49878, 97.3140564, 450.998657, 3.3160708e-05, 0.069581911, -0.997576058, 0.220124364, 0.97310698, 0.0678824484, 0.975471735, -0.219593078, -0.015284407)
Part2986.Orientation = Vector3.new(-3.890000104904175, -90.87999725341797, 12.75)
Part2986.Position = Vector3.new(1155.498779296875, 97.31405639648438, 450.9986572265625)
Part2986.Rotation = Vector3.new(-102.69000244140625, -86.01000213623047, -89.97000122070312)
Part2986.Size = Vector3.new(8.250000953674316, 0.2499980926513672, 7)
Part2986.Anchored = true
Part2986.CanCollide = false
Part2986.Material = Enum.Material.Fabric
SpecialMesh2987.Name = "BarkMesh"
SpecialMesh2987.Parent = Part2986
SpecialMesh2987.MeshId = "rbxassetid://623621260"
SpecialMesh2987.Offset = Vector3.new(0, 3.4100000858306885, 0)
SpecialMesh2987.TextureId = "rbxassetid://623618671"
SpecialMesh2987.MeshType = Enum.MeshType.FileMesh
Part2988.Name = "TreeMeshTop"
Part2988.Parent = Model2985
Part2988.CFrame = CFrame.new(1155.49988, 127.454117, 450.997803, 3.3160708e-05, 0.069581911, -0.997576058, 0.220124364, 0.97310698, 0.0678824484, 0.975471735, -0.219593078, -0.015284407)
Part2988.Orientation = Vector3.new(-3.890000104904175, -90.87999725341797, 12.75)
Part2988.Position = Vector3.new(1155.4998779296875, 127.45411682128906, 450.997802734375)
Part2988.Rotation = Vector3.new(-102.69000244140625, -86.01000213623047, -89.97000122070312)
Part2988.Transparency = 0.05000000074505806
Part2988.Size = Vector3.new(8.250000953674316, 0.2499980926513672, 7)
Part2988.Anchored = true
Part2988.CanCollide = false
Part2988.Material = Enum.Material.Fabric
SpecialMesh2989.Name = "TopTreeMesh"
SpecialMesh2989.Parent = Part2988
SpecialMesh2989.MeshId = "rbxassetid://623621456"
SpecialMesh2989.Offset = Vector3.new(0, 3.4100000858306885, 0)
SpecialMesh2989.Scale = Vector3.new(1.600000023841858, 1.600000023841858, 1.600000023841858)
SpecialMesh2989.TextureId = "rbxassetid://745556120"
SpecialMesh2989.MeshType = Enum.MeshType.FileMesh
Model2990.Name = "茂み"
Model2990.Parent = Folder0
Part2991.Name = "TreeMesh Bottom"
Part2991.Parent = Model2990
Part2991.CFrame = CFrame.new(1037.77734, 96.8552856, 269.103302, 0.680369496, 0.069581911, -0.729558349, 0.114693046, 0.97310698, 0.19977054, 0.723838806, -0.219593078, 0.654091835)
Part2991.Orientation = Vector3.new(-11.520000457763672, -48.119998931884766, 6.71999979019165)
Part2991.Position = Vector3.new(1037.77734375, 96.85528564453125, 269.1033020019531)
Part2991.Rotation = Vector3.new(-16.979999542236328, -46.849998474121094, -5.840000152587891)
Part2991.Size = Vector3.new(8.250000953674316, 0.2499980926513672, 7)
Part2991.Anchored = true
Part2991.CanCollide = false
Part2991.Material = Enum.Material.Fabric
SpecialMesh2992.Name = "BarkMesh"
SpecialMesh2992.Parent = Part2991
SpecialMesh2992.MeshId = "rbxassetid://623621260"
SpecialMesh2992.Offset = Vector3.new(0, 3.4100000858306885, 0)
SpecialMesh2992.TextureId = "rbxassetid://623618671"
SpecialMesh2992.MeshType = Enum.MeshType.FileMesh
Part2993.Name = "TreeMeshTop"
Part2993.Parent = Model2990
Part2993.CFrame = CFrame.new(1037.77844, 126.995346, 269.102448, 0.680369496, 0.069581911, -0.729558349, 0.114693046, 0.97310698, 0.19977054, 0.723838806, -0.219593078, 0.654091835)
Part2993.Orientation = Vector3.new(-11.520000457763672, -48.119998931884766, 6.71999979019165)
Part2993.Position = Vector3.new(1037.7784423828125, 126.99534606933594, 269.1024475097656)
Part2993.Rotation = Vector3.new(-16.979999542236328, -46.849998474121094, -5.840000152587891)
Part2993.Transparency = 0.05000000074505806
Part2993.Size = Vector3.new(8.250000953674316, 0.2499980926513672, 7)
Part2993.Anchored = true
Part2993.CanCollide = false
Part2993.Material = Enum.Material.Fabric
SpecialMesh2994.Name = "TopTreeMesh"
SpecialMesh2994.Parent = Part2993
SpecialMesh2994.MeshId = "rbxassetid://623621456"
SpecialMesh2994.Offset = Vector3.new(0, 3.4100000858306885, 0)
SpecialMesh2994.Scale = Vector3.new(1.600000023841858, 1.600000023841858, 1.600000023841858)
SpecialMesh2994.TextureId = "rbxassetid://745556120"
SpecialMesh2994.MeshType = Enum.MeshType.FileMesh
Model2995.Name = "茂み"
Model2995.Parent = Folder0
Part2996.Name = "TreeMesh Bottom"
Part2996.Parent = Model2995
Part2996.CFrame = CFrame.new(1051.49878, 97.3140564, 340.998657, -0.692950547, 0.069581911, -0.7176193, 0.205499351, 0.97310698, -0.10408064, 0.691078305, -0.219593078, -0.68861413)
Part2996.Orientation = Vector3.new(5.96999979019165, -133.82000732421875, 11.920000076293945)
Part2996.Position = Vector3.new(1051.498779296875, 97.31405639648438, 340.9986572265625)
Part2996.Rotation = Vector3.new(171.41000366210938, -45.86000061035156, -174.27000427246094)
Part2996.Size = Vector3.new(8.250000953674316, 0.2499980926513672, 7)
Part2996.Anchored = true
Part2996.CanCollide = false
Part2996.Material = Enum.Material.Fabric
SpecialMesh2997.Name = "BarkMesh"
SpecialMesh2997.Parent = Part2996
SpecialMesh2997.MeshId = "rbxassetid://623621260"
SpecialMesh2997.Offset = Vector3.new(0, 3.4100000858306885, 0)
SpecialMesh2997.TextureId = "rbxassetid://623618671"
SpecialMesh2997.MeshType = Enum.MeshType.FileMesh
Part2998.Name = "TreeMeshTop"
Part2998.Parent = Model2995
Part2998.CFrame = CFrame.new(1051.49988, 127.454117, 340.997803, -0.692950547, 0.069581911, -0.7176193, 0.205499351, 0.97310698, -0.10408064, 0.691078305, -0.219593078, -0.68861413)
Part2998.Orientation = Vector3.new(5.96999979019165, -133.82000732421875, 11.920000076293945)
Part2998.Position = Vector3.new(1051.4998779296875, 127.45411682128906, 340.997802734375)
Part2998.Rotation = Vector3.new(171.41000366210938, -45.86000061035156, -174.27000427246094)
Part2998.Transparency = 0.05000000074505806
Part2998.Size = Vector3.new(8.250000953674316, 0.2499980926513672, 7)
Part2998.Anchored = true
Part2998.CanCollide = false
Part2998.Material = Enum.Material.Fabric
SpecialMesh2999.Name = "TopTreeMesh"
SpecialMesh2999.Parent = Part2998
SpecialMesh2999.MeshId = "rbxassetid://623621456"
SpecialMesh2999.Offset = Vector3.new(0, 3.4100000858306885, 0)
SpecialMesh2999.Scale = Vector3.new(1.600000023841858, 1.600000023841858, 1.600000023841858)
SpecialMesh2999.TextureId = "rbxassetid://745556120"
SpecialMesh2999.MeshType = Enum.MeshType.FileMesh
Model3000.Name = "茂み"
Model3000.Parent = Folder0
Part3001.Name = "TreeMesh Bottom"
Part3001.Parent = Model3000
Part3001.CFrame = CFrame.new(1059.49878, 97.3140564, 397.998657, 0.680369496, 0.069581911, -0.729558349, 0.114693046, 0.97310698, 0.19977054, 0.723838806, -0.219593078, 0.654091835)
Part3001.Orientation = Vector3.new(-11.520000457763672, -48.119998931884766, 6.71999979019165)
Part3001.Position = Vector3.new(1059.498779296875, 97.31405639648438, 397.9986572265625)
Part3001.Rotation = Vector3.new(-16.979999542236328, -46.849998474121094, -5.840000152587891)
Part3001.Size = Vector3.new(8.250000953674316, 0.2499980926513672, 7)
Part3001.Anchored = true
Part3001.CanCollide = false
Part3001.Material = Enum.Material.Fabric
SpecialMesh3002.Name = "BarkMesh"
SpecialMesh3002.Parent = Part3001
SpecialMesh3002.MeshId = "rbxassetid://623621260"
SpecialMesh3002.Offset = Vector3.new(0, 3.4100000858306885, 0)
SpecialMesh3002.TextureId = "rbxassetid://623618671"
SpecialMesh3002.MeshType = Enum.MeshType.FileMesh
Part3003.Name = "TreeMeshTop"
Part3003.Parent = Model3000
Part3003.CFrame = CFrame.new(1059.49988, 127.454117, 397.997803, 0.680369496, 0.069581911, -0.729558349, 0.114693046, 0.97310698, 0.19977054, 0.723838806, -0.219593078, 0.654091835)
Part3003.Orientation = Vector3.new(-11.520000457763672, -48.119998931884766, 6.71999979019165)
Part3003.Position = Vector3.new(1059.4998779296875, 127.45411682128906, 397.997802734375)
Part3003.Rotation = Vector3.new(-16.979999542236328, -46.849998474121094, -5.840000152587891)
Part3003.Transparency = 0.05000000074505806
Part3003.Size = Vector3.new(8.250000953674316, 0.2499980926513672, 7)
Part3003.Anchored = true
Part3003.CanCollide = false
Part3003.Material = Enum.Material.Fabric
SpecialMesh3004.Name = "TopTreeMesh"
SpecialMesh3004.Parent = Part3003
SpecialMesh3004.MeshId = "rbxassetid://623621456"
SpecialMesh3004.Offset = Vector3.new(0, 3.4100000858306885, 0)
SpecialMesh3004.Scale = Vector3.new(1.600000023841858, 1.600000023841858, 1.600000023841858)
SpecialMesh3004.TextureId = "rbxassetid://745556120"
SpecialMesh3004.MeshType = Enum.MeshType.FileMesh
Model3005.Name = "茂み"
Model3005.Parent = Folder0
Part3006.Name = "TreeMesh Bottom"
Part3006.Parent = Model3005
Part3006.CFrame = CFrame.new(1059.49878, 97.3140564, 450.998657, 3.3160708e-05, 0.069581911, -0.997576058, 0.220124364, 0.97310698, 0.0678824484, 0.975471735, -0.219593078, -0.015284407)
Part3006.Orientation = Vector3.new(-3.890000104904175, -90.87999725341797, 12.75)
Part3006.Position = Vector3.new(1059.498779296875, 97.31405639648438, 450.9986572265625)
Part3006.Rotation = Vector3.new(-102.69000244140625, -86.01000213623047, -89.97000122070312)
Part3006.Size = Vector3.new(8.250000953674316, 0.2499980926513672, 7)
Part3006.Anchored = true
Part3006.CanCollide = false
Part3006.Material = Enum.Material.Fabric
SpecialMesh3007.Name = "BarkMesh"
SpecialMesh3007.Parent = Part3006
SpecialMesh3007.MeshId = "rbxassetid://623621260"
SpecialMesh3007.Offset = Vector3.new(0, 3.4100000858306885, 0)
SpecialMesh3007.TextureId = "rbxassetid://623618671"
SpecialMesh3007.MeshType = Enum.MeshType.FileMesh
Part3008.Name = "TreeMeshTop"
Part3008.Parent = Model3005
Part3008.CFrame = CFrame.new(1059.49988, 127.454117, 450.997803, 3.3160708e-05, 0.069581911, -0.997576058, 0.220124364, 0.97310698, 0.0678824484, 0.975471735, -0.219593078, -0.015284407)
Part3008.Orientation = Vector3.new(-3.890000104904175, -90.87999725341797, 12.75)
Part3008.Position = Vector3.new(1059.4998779296875, 127.45411682128906, 450.997802734375)
Part3008.Rotation = Vector3.new(-102.69000244140625, -86.01000213623047, -89.97000122070312)
Part3008.Transparency = 0.05000000074505806
Part3008.Size = Vector3.new(8.250000953674316, 0.2499980926513672, 7)
Part3008.Anchored = true
Part3008.CanCollide = false
Part3008.Material = Enum.Material.Fabric
SpecialMesh3009.Name = "TopTreeMesh"
SpecialMesh3009.Parent = Part3008
SpecialMesh3009.MeshId = "rbxassetid://623621456"
SpecialMesh3009.Offset = Vector3.new(0, 3.4100000858306885, 0)
SpecialMesh3009.Scale = Vector3.new(1.600000023841858, 1.600000023841858, 1.600000023841858)
SpecialMesh3009.TextureId = "rbxassetid://745556120"
SpecialMesh3009.MeshType = Enum.MeshType.FileMesh
Model3010.Name = "茂み"
Model3010.Parent = Folder0
Part3011.Name = "TreeMesh Bottom"
Part3011.Parent = Model3010
Part3011.CFrame = CFrame.new(599.154724, 209.004578, 505.124817, 0.469471544, 0, -0.882947564, 0, 1, 0, 0.882947564, 0, 0.469471544)
Part3011.Orientation = Vector3.new(0, -62, 0)
Part3011.Position = Vector3.new(599.1547241210938, 209.00457763671875, 505.12481689453125)
Part3011.Rotation = Vector3.new(0, -62, 0)
Part3011.Size = Vector3.new(8.250000953674316, 0.2499980926513672, 7)
Part3011.Anchored = true
Part3011.CanCollide = false
Part3011.Material = Enum.Material.Fabric
SpecialMesh3012.Name = "BarkMesh"
SpecialMesh3012.Parent = Part3011
SpecialMesh3012.MeshId = "rbxassetid://623621260"
SpecialMesh3012.Offset = Vector3.new(0, 3.4100000858306885, 0)
SpecialMesh3012.TextureId = "rbxassetid://623618671"
SpecialMesh3012.MeshType = Enum.MeshType.FileMesh
Part3013.Name = "TreeMeshTop"
Part3013.Parent = Model3010
Part3013.CFrame = CFrame.new(600.508667, 239.113525, 504.976868, 0.469471544, 0, -0.882947564, 0, 1, 0, 0.882947564, 0, 0.469471544)
Part3013.Orientation = Vector3.new(0, -62, 0)
Part3013.Position = Vector3.new(600.5086669921875, 239.113525390625, 504.97686767578125)
Part3013.Rotation = Vector3.new(0, -62, 0)
Part3013.Transparency = 0.05000000074505806
Part3013.Size = Vector3.new(8.250000953674316, 0.2499980926513672, 7)
Part3013.Anchored = true
Part3013.CanCollide = false
Part3013.Material = Enum.Material.Fabric
SpecialMesh3014.Name = "TopTreeMesh"
SpecialMesh3014.Parent = Part3013
SpecialMesh3014.MeshId = "rbxassetid://623621456"
SpecialMesh3014.Offset = Vector3.new(0, 3.4100000858306885, 0)
SpecialMesh3014.Scale = Vector3.new(1.600000023841858, 1.600000023841858, 1.600000023841858)
SpecialMesh3014.TextureId = "rbxassetid://745556120"
SpecialMesh3014.MeshType = Enum.MeshType.FileMesh
Model3015.Name = "茂み"
Model3015.Parent = Folder0
Part3016.Name = "TreeMesh Bottom"
Part3016.Parent = Model3015
Part3016.CFrame = CFrame.new(505.25592, 213.369217, 535.124573, -4.37113883e-08, 0, -1, 0, 1, 0, 1, 0, -4.37113883e-08)
Part3016.Orientation = Vector3.new(0, -90, 0)
Part3016.Position = Vector3.new(505.25592041015625, 213.3692169189453, 535.1245727539062)
Part3016.Rotation = Vector3.new(0, -90, 0)
Part3016.Size = Vector3.new(8.250000953674316, 0.2499980926513672, 7)
Part3016.Anchored = true
Part3016.CanCollide = false
Part3016.Material = Enum.Material.Fabric
SpecialMesh3017.Name = "BarkMesh"
SpecialMesh3017.Parent = Part3016
SpecialMesh3017.MeshId = "rbxassetid://623621260"
SpecialMesh3017.Offset = Vector3.new(0, 3.4100000858306885, 0)
SpecialMesh3017.TextureId = "rbxassetid://623618671"
SpecialMesh3017.MeshType = Enum.MeshType.FileMesh
Part3018.Name = "TreeMeshTop"
Part3018.Parent = Model3015
Part3018.CFrame = CFrame.new(506.609863, 243.478165, 534.976624, -4.37113883e-08, 0, -1, 0, 1, 0, 1, 0, -4.37113883e-08)
Part3018.Orientation = Vector3.new(0, -90, 0)
Part3018.Position = Vector3.new(506.60986328125, 243.47816467285156, 534.9766235351562)
Part3018.Rotation = Vector3.new(0, -90, 0)
Part3018.Transparency = 0.05000000074505806
Part3018.Size = Vector3.new(8.250000953674316, 0.2499980926513672, 7)
Part3018.Anchored = true
Part3018.CanCollide = false
Part3018.Material = Enum.Material.Fabric
SpecialMesh3019.Name = "TopTreeMesh"
SpecialMesh3019.Parent = Part3018
SpecialMesh3019.MeshId = "rbxassetid://623621456"
SpecialMesh3019.Offset = Vector3.new(0, 3.4100000858306885, 0)
