SpecialMesh2334.Name = "BarkMesh"
SpecialMesh2334.Parent = Part2333
SpecialMesh2334.MeshId = "rbxassetid://623621260"
SpecialMesh2334.Offset = Vector3.new(0, 3.4100000858306885, 0)
SpecialMesh2334.TextureId = "rbxassetid://623618671"
SpecialMesh2334.MeshType = Enum.MeshType.FileMesh
Part2335.Name = "TreeMeshTop"
Part2335.Parent = Model2332
Part2335.CFrame = CFrame.new(-28.6835709, 248.303604, -9.32843018, 0.00386963552, -0.0347064361, -0.999394298, -0.110575758, 0.993257999, -0.0349214077, 0.993860722, 0.110642053, 5.8966084e-06)
Part2335.Orientation = Vector3.new(2, -90, -6.349999904632568)
Part2335.Position = Vector3.new(-28.683570861816406, 248.30360412597656, -9.32843017578125)
Part2335.Rotation = Vector3.new(89.98999786376953, -88.01000213623047, 83.63999938964844)
Part2335.Transparency = 0.05000000074505806
Part2335.Size = Vector3.new(8.250000953674316, 0.2499980926513672, 7)
Part2335.Anchored = true
Part2335.CanCollide = false
Part2335.Material = Enum.Material.Fabric
SpecialMesh2336.Name = "TopTreeMesh"
SpecialMesh2336.Parent = Part2335
SpecialMesh2336.MeshId = "rbxassetid://623621456"
SpecialMesh2336.Offset = Vector3.new(0, 3.4100000858306885, 0)
SpecialMesh2336.Scale = Vector3.new(1.600000023841858, 1.600000023841858, 1.600000023841858)
SpecialMesh2336.TextureId = "rbxassetid://745556120"
SpecialMesh2336.MeshType = Enum.MeshType.FileMesh
Model2337.Name = "茂み"
Model2337.Parent = Folder0
Part2338.Name = "TreeMesh Bottom"
Part2338.Parent = Model2337
Part2338.CFrame = CFrame.new(-40.5015793, 212.124924, 68.1261749, 3.25701671e-06, -6.73100317e-07, -1.00000441, -2.38418636e-07, 1.00000405, -6.11509904e-07, 1.00000048, -7.82311645e-07, 3.26018289e-06)
Part2338.Orientation = Vector3.new(0, -90, 0)
Part2338.Position = Vector3.new(-40.50157928466797, 212.1249237060547, 68.12617492675781)
Part2338.Rotation = Vector3.new(0, -90, 0)
Part2338.Size = Vector3.new(8.250000953674316, 0.2499980926513672, 7)
Part2338.Anchored = true
Part2338.CanCollide = false
Part2338.Material = Enum.Material.Fabric
SpecialMesh2339.Name = "BarkMesh"
SpecialMesh2339.Parent = Part2338
SpecialMesh2339.MeshId = "rbxassetid://623621260"
SpecialMesh2339.Offset = Vector3.new(0, 3.4100000858306885, 0)
SpecialMesh2339.TextureId = "rbxassetid://623618671"
SpecialMesh2339.MeshType = Enum.MeshType.FileMesh
Part2340.Name = "TreeMeshTop"
Part2340.Parent = Model2337
Part2340.CFrame = CFrame.new(-40.5002747, 242.264908, 68.1249237, 6.05666582e-06, -1.32679918e-06, -1.00000441, 3.69482223e-13, 1.00000405, -1.25899226e-06, 1.00000048, -1.03563139e-06, 6.05973946e-06)
Part2340.Orientation = Vector3.new(0, -90, 0)
Part2340.Position = Vector3.new(-40.500274658203125, 242.26490783691406, 68.12492370605469)
Part2340.Rotation = Vector3.new(0, -90, 0)
Part2340.Transparency = 0.05000000074505806
Part2340.Size = Vector3.new(8.250000953674316, 0.2499980926513672, 7)
Part2340.Anchored = true
Part2340.CanCollide = false
Part2340.Material = Enum.Material.Fabric
SpecialMesh2341.Name = "TopTreeMesh"
SpecialMesh2341.Parent = Part2340
SpecialMesh2341.MeshId = "rbxassetid://623621456"
SpecialMesh2341.Offset = Vector3.new(0, 3.4100000858306885, 0)
SpecialMesh2341.Scale = Vector3.new(1.600000023841858, 1.600000023841858, 1.600000023841858)
SpecialMesh2341.TextureId = "rbxassetid://745556120"
SpecialMesh2341.MeshType = Enum.MeshType.FileMesh
Model2342.Name = "茂み"
Model2342.Parent = Folder0
Part2343.Name = "TreeMesh Bottom"
Part2343.Parent = Model2342
Part2343.CFrame = CFrame.new(91.4988022, 212.125153, 40.8732529, -0.681998968, -8.39239988e-07, -0.731359363, -8.73564659e-07, 0.999999881, -2.81307223e-07, 0.731359541, -8.86623525e-07, -0.681999147)
Part2343.Orientation = Vector3.new(0, -133, 0)
Part2343.Position = Vector3.new(91.4988021850586, 212.12515258789062, 40.873252868652344)
Part2343.Rotation = Vector3.new(180, -47, 180)
Part2343.Size = Vector3.new(8.250000953674316, 0.2499980926513672, 7)
Part2343.Anchored = true
Part2343.CanCollide = false
Part2343.Material = Enum.Material.Fabric
SpecialMesh2344.Name = "BarkMesh"
SpecialMesh2344.Parent = Part2343
SpecialMesh2344.MeshId = "rbxassetid://623621260"
SpecialMesh2344.Offset = Vector3.new(0, 3.4100000858306885, 0)
SpecialMesh2344.TextureId = "rbxassetid://623618671"
SpecialMesh2344.MeshType = Enum.MeshType.FileMesh
Part2345.Name = "TreeMeshTop"
Part2345.Parent = Model2342
Part2345.CFrame = CFrame.new(91.5001831, 242.264969, 40.872364, -0.681996942, -1.48363654e-06, -0.73136127, -1.13786859e-06, 0.999999881, -9.25250674e-07, 0.731361449, -1.11759255e-06, -0.68199712)
Part2345.Orientation = Vector3.new(0, -133, 0)
Part2345.Position = Vector3.new(91.50018310546875, 242.2649688720703, 40.87236404418945)
Part2345.Rotation = Vector3.new(180, -47, 180)
Part2345.Transparency = 0.05000000074505806
Part2345.Size = Vector3.new(8.250000953674316, 0.2499980926513672, 7)
Part2345.Anchored = true
Part2345.CanCollide = false
Part2345.Material = Enum.Material.Fabric
SpecialMesh2346.Name = "TopTreeMesh"
SpecialMesh2346.Parent = Part2345
SpecialMesh2346.MeshId = "rbxassetid://623621456"
SpecialMesh2346.Offset = Vector3.new(0, 3.4100000858306885, 0)
SpecialMesh2346.Scale = Vector3.new(1.600000023841858, 1.600000023841858, 1.600000023841858)
SpecialMesh2346.TextureId = "rbxassetid://745556120"
SpecialMesh2346.MeshType = Enum.MeshType.FileMesh
Model2347.Name = "茂み"
Model2347.Parent = Folder0
Part2348.Name = "TreeMesh Bottom"
Part2348.Parent = Model2347
Part2348.CFrame = CFrame.new(16.498703, 212.124939, 74.8757782, 3.25620181e-06, -6.76825607e-07, -1.00000441, -2.53319826e-07, 1.00000405, -6.15275269e-07, 1.00000048, -7.74861064e-07, 3.26009558e-06)
Part2348.Orientation = Vector3.new(0, -90, 0)
Part2348.Position = Vector3.new(16.498703002929688, 212.12493896484375, 74.87577819824219)
Part2348.Rotation = Vector3.new(0, -90, 0)
Part2348.Size = Vector3.new(8.250000953674316, 0.2499980926513672, 7)
Part2348.Anchored = true
Part2348.CanCollide = false
Part2348.Material = Enum.Material.Fabric
SpecialMesh2349.Name = "BarkMesh"
SpecialMesh2349.Parent = Part2348
SpecialMesh2349.MeshId = "rbxassetid://623621260"
SpecialMesh2349.Offset = Vector3.new(0, 3.4100000858306885, 0)
SpecialMesh2349.TextureId = "rbxassetid://623618671"
SpecialMesh2349.MeshType = Enum.MeshType.FileMesh
Part2350.Name = "TreeMeshTop"
Part2350.Parent = Model2347
Part2350.CFrame = CFrame.new(16.4999542, 242.264908, 74.8750153, 6.05666582e-06, -1.32679918e-06, -1.00000441, 3.69482223e-13, 1.00000405, -1.25524514e-06, 1.00000048, -1.03563139e-06, 6.05962305e-06)
Part2350.Orientation = Vector3.new(0, -90, 0)
Part2350.Position = Vector3.new(16.499954223632812, 242.26490783691406, 74.87501525878906)
Part2350.Rotation = Vector3.new(0, -90, 0)
Part2350.Transparency = 0.05000000074505806
Part2350.Size = Vector3.new(8.250000953674316, 0.2499980926513672, 7)
Part2350.Anchored = true
Part2350.CanCollide = false
Part2350.Material = Enum.Material.Fabric
SpecialMesh2351.Name = "TopTreeMesh"
SpecialMesh2351.Parent = Part2350
SpecialMesh2351.MeshId = "rbxassetid://623621456"
SpecialMesh2351.Offset = Vector3.new(0, 3.4100000858306885, 0)
SpecialMesh2351.Scale = Vector3.new(1.600000023841858, 1.600000023841858, 1.600000023841858)
SpecialMesh2351.TextureId = "rbxassetid://745556120"
SpecialMesh2351.MeshType = Enum.MeshType.FileMesh
Model2352.Name = "茂み"
Model2352.Parent = Folder0
Part2353.Name = "TreeMesh Bottom"
Part2353.Parent = Model2352
Part2353.CFrame = CFrame.new(-84.4957275, 211.207092, -100.033211, 3.16463024e-06, 0.0419158526, -0.99912113, 0.0429275259, 0.998200119, 0.041877348, 0.999078214, -0.042889934, -0.00179618481)
Part2353.Orientation = Vector3.new(-2.4000000953674316, -90.0999984741211, 2.4600000381469727)
Part2353.Position = Vector3.new(-84.4957275390625, 211.20709228515625, -100.03321075439453)
Part2353.Rotation = Vector3.new(-92.45999908447266, -87.5999984741211, -90)
Part2353.Size = Vector3.new(8.250000953674316, 0.2499980926513672, 7)
Part2353.Anchored = true
Part2353.CanCollide = false
Part2353.Material = Enum.Material.Fabric
SpecialMesh2354.Name = "BarkMesh"
SpecialMesh2354.Parent = Part2353
SpecialMesh2354.MeshId = "rbxassetid://623621260"
SpecialMesh2354.Offset = Vector3.new(0, 3.4100000858306885, 0)
SpecialMesh2354.TextureId = "rbxassetid://623618671"
SpecialMesh2354.MeshType = Enum.MeshType.FileMesh
Part2355.Name = "TreeMeshTop"
Part2355.Parent = Model2352
Part2355.CFrame = CFrame.new(-83.2309647, 241.29274, -101.326874, 5.9748927e-06, 0.0419152267, -0.99912113, 0.04292766, 0.998200178, 0.0418768376, 0.999078214, -0.0428901836, -0.00179335824)
Part2355.Orientation = Vector3.new(-2.4000000953674316, -90.0999984741211, 2.4600000381469727)
Part2355.Position = Vector3.new(-83.23096466064453, 241.29273986816406, -101.32687377929688)
Part2355.Rotation = Vector3.new(-92.44999694824219, -87.5999984741211, -89.98999786376953)
Part2355.Transparency = 0.05000000074505806
Part2355.Size = Vector3.new(8.250000953674316, 0.2499980926513672, 7)
Part2355.Anchored = true
Part2355.CanCollide = false
Part2355.Material = Enum.Material.Fabric
SpecialMesh2356.Name = "TopTreeMesh"
SpecialMesh2356.Parent = Part2355
SpecialMesh2356.MeshId = "rbxassetid://623621456"
SpecialMesh2356.Offset = Vector3.new(0, 3.4100000858306885, 0)
SpecialMesh2356.Scale = Vector3.new(1.600000023841858, 1.600000023841858, 1.600000023841858)
SpecialMesh2356.TextureId = "rbxassetid://745556120"
SpecialMesh2356.MeshType = Enum.MeshType.FileMesh
Model2357.Name = "茂み"
Model2357.Parent = Folder0
Part2358.Name = "TreeMesh Bottom"
Part2358.Parent = Model2357
Part2358.CFrame = CFrame.new(-84.4957275, 211.207092, -100.033211, 3.16463024e-06, 0.0419158526, -0.99912113, 0.0429275259, 0.998200119, 0.041877348, 0.999078214, -0.042889934, -0.00179618481)
Part2358.Orientation = Vector3.new(-2.4000000953674316, -90.0999984741211, 2.4600000381469727)
Part2358.Position = Vector3.new(-84.4957275390625, 211.20709228515625, -100.03321075439453)
Part2358.Rotation = Vector3.new(-92.45999908447266, -87.5999984741211, -90)
Part2358.Size = Vector3.new(8.250000953674316, 0.2499980926513672, 7)
Part2358.Anchored = true
Part2358.CanCollide = false
Part2358.Material = Enum.Material.Fabric
SpecialMesh2359.Name = "BarkMesh"
SpecialMesh2359.Parent = Part2358
SpecialMesh2359.MeshId = "rbxassetid://623621260"
SpecialMesh2359.Offset = Vector3.new(0, 3.4100000858306885, 0)
SpecialMesh2359.TextureId = "rbxassetid://623618671"
SpecialMesh2359.MeshType = Enum.MeshType.FileMesh
Part2360.Name = "TreeMeshTop"
Part2360.Parent = Model2357
Part2360.CFrame = CFrame.new(-83.2309647, 241.29274, -101.326874, 5.9748927e-06, 0.0419152267, -0.99912113, 0.04292766, 0.998200178, 0.0418768376, 0.999078214, -0.0428901836, -0.00179335824)
Part2360.Orientation = Vector3.new(-2.4000000953674316, -90.0999984741211, 2.4600000381469727)
Part2360.Position = Vector3.new(-83.23096466064453, 241.29273986816406, -101.32687377929688)
Part2360.Rotation = Vector3.new(-92.44999694824219, -87.5999984741211, -89.98999786376953)
Part2360.Transparency = 0.05000000074505806
Part2360.Size = Vector3.new(8.250000953674316, 0.2499980926513672, 7)
Part2360.Anchored = true
Part2360.CanCollide = false
Part2360.Material = Enum.Material.Fabric
SpecialMesh2361.Name = "TopTreeMesh"
SpecialMesh2361.Parent = Part2360
SpecialMesh2361.MeshId = "rbxassetid://623621456"
SpecialMesh2361.Offset = Vector3.new(0, 3.4100000858306885, 0)
SpecialMesh2361.Scale = Vector3.new(1.600000023841858, 1.600000023841858, 1.600000023841858)
SpecialMesh2361.TextureId = "rbxassetid://745556120"
SpecialMesh2361.MeshType = Enum.MeshType.FileMesh
Model2362.Name = "茂み"
Model2362.Parent = Folder0
Part2363.Name = "TreeMesh Bottom"
Part2363.Parent = Model2362
Part2363.CFrame = CFrame.new(-107.082802, 209.197876, -195.878052, 0.00595063297, 0.18789877, -0.982170343, 0.031071702, 0.981678724, 0.187993005, 0.999499559, -0.0316363834, 3.27522866e-06)
Part2363.Orientation = Vector3.new(-10.84000015258789, -90, 1.809999942779541)
Part2363.Position = Vector3.new(-107.08280181884766, 209.1978759765625, -195.8780517578125)
Part2363.Rotation = Vector3.new(-90, -79.16000366210938, -88.19000244140625)
Part2363.Size = Vector3.new(8.250000953674316, 0.2499980926513672, 7)
Part2363.Anchored = true
Part2363.CanCollide = false
Part2363.Material = Enum.Material.Fabric
SpecialMesh2364.Name = "BarkMesh"
SpecialMesh2364.Parent = Part2363
SpecialMesh2364.MeshId = "rbxassetid://623621260"
SpecialMesh2364.Offset = Vector3.new(0, 3.4100000858306885, 0)
SpecialMesh2364.TextureId = "rbxassetid://623618671"
SpecialMesh2364.MeshType = Enum.MeshType.FileMesh
Part2365.Name = "TreeMeshTop"
Part2365.Parent = Model2362
Part2365.CFrame = CFrame.new(-101.418144, 238.785355, -196.83255, 0.00595343253, 0.187898174, -0.982170403, 0.0310714226, 0.981678903, 0.187992468, 0.999499559, -0.031636633, 6.09597191e-06)
Part2365.Orientation = Vector3.new(-10.84000015258789, -90, 1.809999942779541)
Part2365.Position = Vector3.new(-101.41814422607422, 238.7853546142578, -196.83255004882812)
Part2365.Rotation = Vector3.new(-90, -79.16000366210938, -88.19000244140625)
Part2365.Transparency = 0.05000000074505806
Part2365.Size = Vector3.new(8.250000953674316, 0.2499980926513672, 7)
Part2365.Anchored = true
Part2365.CanCollide = false
Part2365.Material = Enum.Material.Fabric
SpecialMesh2366.Name = "TopTreeMesh"
SpecialMesh2366.Parent = Part2365
SpecialMesh2366.MeshId = "rbxassetid://623621456"
SpecialMesh2366.Offset = Vector3.new(0, 3.4100000858306885, 0)
SpecialMesh2366.Scale = Vector3.new(1.600000023841858, 1.600000023841858, 1.600000023841858)
SpecialMesh2366.TextureId = "rbxassetid://745556120"
SpecialMesh2366.MeshType = Enum.MeshType.FileMesh
Model2367.Name = "茂み"
Model2367.Parent = Folder0
Part2368.Name = "TreeMesh Bottom"
Part2368.Parent = Model2367
Part2368.CFrame = CFrame.new(-107.082802, 209.197876, -195.878052, 0.00595063297, 0.18789877, -0.982170343, 0.031071702, 0.981678724, 0.187993005, 0.999499559, -0.0316363834, 3.27522866e-06)
Part2368.Orientation = Vector3.new(-10.84000015258789, -90, 1.809999942779541)
Part2368.Position = Vector3.new(-107.08280181884766, 209.1978759765625, -195.8780517578125)
Part2368.Rotation = Vector3.new(-90, -79.16000366210938, -88.19000244140625)
Part2368.Size = Vector3.new(8.250000953674316, 0.2499980926513672, 7)
Part2368.Anchored = true
Part2368.CanCollide = false
Part2368.Material = Enum.Material.Fabric
SpecialMesh2369.Name = "BarkMesh"
SpecialMesh2369.Parent = Part2368
SpecialMesh2369.MeshId = "rbxassetid://623621260"
SpecialMesh2369.Offset = Vector3.new(0, 3.4100000858306885, 0)
SpecialMesh2369.TextureId = "rbxassetid://623618671"
SpecialMesh2369.MeshType = Enum.MeshType.FileMesh
Part2370.Name = "TreeMeshTop"
Part2370.Parent = Model2367
Part2370.CFrame = CFrame.new(-101.418144, 238.785355, -196.83255, 0.00595343253, 0.187898174, -0.982170403, 0.0310714226, 0.981678903, 0.187992468, 0.999499559, -0.031636633, 6.09597191e-06)
Part2370.Orientation = Vector3.new(-10.84000015258789, -90, 1.809999942779541)
Part2370.Position = Vector3.new(-101.41814422607422, 238.7853546142578, -196.83255004882812)
Part2370.Rotation = Vector3.new(-90, -79.16000366210938, -88.19000244140625)
Part2370.Transparency = 0.05000000074505806
Part2370.Size = Vector3.new(8.250000953674316, 0.2499980926513672, 7)
Part2370.Anchored = true
Part2370.CanCollide = false
Part2370.Material = Enum.Material.Fabric
SpecialMesh2371.Name = "TopTreeMesh"
SpecialMesh2371.Parent = Part2370
SpecialMesh2371.MeshId = "rbxassetid://623621456"
SpecialMesh2371.Offset = Vector3.new(0, 3.4100000858306885, 0)
SpecialMesh2371.Scale = Vector3.new(1.600000023841858, 1.600000023841858, 1.600000023841858)
SpecialMesh2371.TextureId = "rbxassetid://745556120"
SpecialMesh2371.MeshType = Enum.MeshType.FileMesh
Model2372.Name = "茂み"
Model2372.Parent = Folder0
Part2373.Name = "TreeMesh Bottom"
Part2373.Parent = Model2372
Part2373.CFrame = CFrame.new(-107.082802, 209.197876, -195.878052, 0.00595063297, 0.18789877, -0.982170343, 0.031071702, 0.981678724, 0.187993005, 0.999499559, -0.0316363834, 3.27522866e-06)
Part2373.Orientation = Vector3.new(-10.84000015258789, -90, 1.809999942779541)
Part2373.Position = Vector3.new(-107.08280181884766, 209.1978759765625, -195.8780517578125)
Part2373.Rotation = Vector3.new(-90, -79.16000366210938, -88.19000244140625)
Part2373.Size = Vector3.new(8.250000953674316, 0.2499980926513672, 7)
Part2373.Anchored = true
Part2373.CanCollide = false
Part2373.Material = Enum.Material.Fabric
SpecialMesh2374.Name = "BarkMesh"
SpecialMesh2374.Parent = Part2373
SpecialMesh2374.MeshId = "rbxassetid://623621260"
SpecialMesh2374.Offset = Vector3.new(0, 3.4100000858306885, 0)
SpecialMesh2374.TextureId = "rbxassetid://623618671"
SpecialMesh2374.MeshType = Enum.MeshType.FileMesh
Part2375.Name = "TreeMeshTop"
Part2375.Parent = Model2372
Part2375.CFrame = CFrame.new(-101.418144, 238.785355, -196.83255, 0.00595343253, 0.187898174, -0.982170403, 0.0310714226, 0.981678903, 0.187992468, 0.999499559, -0.031636633, 6.09597191e-06)
Part2375.Orientation = Vector3.new(-10.84000015258789, -90, 1.809999942779541)
Part2375.Position = Vector3.new(-101.41814422607422, 238.7853546142578, -196.83255004882812)
Part2375.Rotation = Vector3.new(-90, -79.16000366210938, -88.19000244140625)
Part2375.Transparency = 0.05000000074505806
Part2375.Size = Vector3.new(8.250000953674316, 0.2499980926513672, 7)
Part2375.Anchored = true
Part2375.CanCollide = false
Part2375.Material = Enum.Material.Fabric
SpecialMesh2376.Name = "TopTreeMesh"
SpecialMesh2376.Parent = Part2375
SpecialMesh2376.MeshId = "rbxassetid://623621456"
SpecialMesh2376.Offset = Vector3.new(0, 3.4100000858306885, 0)
SpecialMesh2376.Scale = Vector3.new(1.600000023841858, 1.600000023841858, 1.600000023841858)
SpecialMesh2376.TextureId = "rbxassetid://745556120"
SpecialMesh2376.MeshType = Enum.MeshType.FileMesh
Model2377.Name = "茂み"
Model2377.Parent = Folder0
Part2378.Name = "TreeMesh Bottom"
Part2378.Parent = Model2377
Part2378.CFrame = CFrame.new(-107.082802, 209.197876, -195.878052, 0.00595063297, 0.18789877, -0.982170343, 0.031071702, 0.981678724, 0.187993005, 0.999499559, -0.0316363834, 3.27522866e-06)
Part2378.Orientation = Vector3.new(-10.84000015258789, -90, 1.809999942779541)
Part2378.Position = Vector3.new(-107.08280181884766, 209.1978759765625, -195.8780517578125)
Part2378.Rotation = Vector3.new(-90, -79.16000366210938, -88.19000244140625)
Part2378.Size = Vector3.new(8.250000953674316, 0.2499980926513672, 7)
Part2378.Anchored = true
Part2378.CanCollide = false
Part2378.Material = Enum.Material.Fabric
SpecialMesh2379.Name = "BarkMesh"
SpecialMesh2379.Parent = Part2378
SpecialMesh2379.MeshId = "rbxassetid://623621260"
SpecialMesh2379.Offset = Vector3.new(0, 3.4100000858306885, 0)
SpecialMesh2379.TextureId = "rbxassetid://623618671"
SpecialMesh2379.MeshType = Enum.MeshType.FileMesh
Part2380.Name = "TreeMeshTop"
Part2380.Parent = Model2377
Part2380.CFrame = CFrame.new(-101.418144, 238.785355, -196.83255, 0.00595343253, 0.187898174, -0.982170403, 0.0310714226, 0.981678903, 0.187992468, 0.999499559, -0.031636633, 6.09597191e-06)
Part2380.Orientation = Vector3.new(-10.84000015258789, -90, 1.809999942779541)
Part2380.Position = Vector3.new(-101.41814422607422, 238.7853546142578, -196.83255004882812)
Part2380.Rotation = Vector3.new(-90, -79.16000366210938, -88.19000244140625)
Part2380.Transparency = 0.05000000074505806
Part2380.Size = Vector3.new(8.250000953674316, 0.2499980926513672, 7)
Part2380.Anchored = true
Part2380.CanCollide = false
Part2380.Material = Enum.Material.Fabric
SpecialMesh2381.Name = "TopTreeMesh"
SpecialMesh2381.Parent = Part2380
SpecialMesh2381.MeshId = "rbxassetid://623621456"
SpecialMesh2381.Offset = Vector3.new(0, 3.4100000858306885, 0)
SpecialMesh2381.Scale = Vector3.new(1.600000023841858, 1.600000023841858, 1.600000023841858)
SpecialMesh2381.TextureId = "rbxassetid://745556120"
SpecialMesh2381.MeshType = Enum.MeshType.FileMesh
Model2382.Name = "茂み"
Model2382.Parent = Folder0
Part2383.Name = "TreeMesh Bottom"
Part2383.Parent = Model2382
Part2383.CFrame = CFrame.new(-143.248566, 209.873795, -297.87854, 0.00247346517, 0.0846192241, -0.99641031, 0.0290745106, 0.995985985, 0.0846554413, 0.999574542, -0.0291795321, 3.27370617e-06)
Part2383.Orientation = Vector3.new(-4.860000133514404, -90, 1.6699999570846558)
Part2383.Position = Vector3.new(-143.24856567382812, 209.87379455566406, -297.8785400390625)
Part2383.Rotation = Vector3.new(-90, -85.13999938964844, -88.33000183105469)
Part2383.Size = Vector3.new(8.250000953674316, 0.2499980926513672, 7)
Part2383.Anchored = true
Part2383.CanCollide = false
Part2383.Material = Enum.Material.Fabric
SpecialMesh2384.Name = "BarkMesh"
SpecialMesh2384.Parent = Part2383
SpecialMesh2384.MeshId = "rbxassetid://623621260"
SpecialMesh2384.Offset = Vector3.new(0, 3.4100000858306885, 0)
SpecialMesh2384.TextureId = "rbxassetid://623618671"
SpecialMesh2384.MeshType = Enum.MeshType.FileMesh
Part2385.Name = "TreeMeshTop"
Part2385.Parent = Model2382
Part2385.CFrame = CFrame.new(-140.696716, 239.892639, -298.758972, 0.00247627846, 0.084618628, -0.99641031, 0.0290745255, 0.995986104, 0.08465489, 0.999574542, -0.0291797817, 6.09310246e-06)
Part2385.Orientation = Vector3.new(-4.860000133514404, -90, 1.6699999570846558)
Part2385.Position = Vector3.new(-140.69671630859375, 239.89263916015625, -298.75897216796875)
Part2385.Rotation = Vector3.new(-90, -85.13999938964844, -88.31999969482422)
Part2385.Transparency = 0.05000000074505806
Part2385.Size = Vector3.new(8.250000953674316, 0.2499980926513672, 7)
Part2385.Anchored = true
Part2385.CanCollide = false
Part2385.Material = Enum.Material.Fabric
SpecialMesh2386.Name = "TopTreeMesh"
SpecialMesh2386.Parent = Part2385
SpecialMesh2386.MeshId = "rbxassetid://623621456"
SpecialMesh2386.Offset = Vector3.new(0, 3.4100000858306885, 0)
SpecialMesh2386.Scale = Vector3.new(1.600000023841858, 1.600000023841858, 1.600000023841858)
SpecialMesh2386.TextureId = "rbxassetid://745556120"
SpecialMesh2386.MeshType = Enum.MeshType.FileMesh
Model2387.Name = "茂み"
Model2387.Parent = Folder0
Part2388.Name = "TreeMesh Bottom"
Part2388.Parent = Model2387
Part2388.CFrame = CFrame.new(-143.248566, 209.873795, -297.87854, 0.00247346517, 0.0846192241, -0.99641031, 0.0290745106, 0.995985985, 0.0846554413, 0.999574542, -0.0291795321, 3.27370617e-06)
Part2388.Orientation = Vector3.new(-4.860000133514404, -90, 1.6699999570846558)
Part2388.Position = Vector3.new(-143.24856567382812, 209.87379455566406, -297.8785400390625)
Part2388.Rotation = Vector3.new(-90, -85.13999938964844, -88.33000183105469)
Part2388.Size = Vector3.new(8.250000953674316, 0.2499980926513672, 7)
Part2388.Anchored = true
Part2388.CanCollide = false
Part2388.Material = Enum.Material.Fabric
SpecialMesh2389.Name = "BarkMesh"
SpecialMesh2389.Parent = Part2388
SpecialMesh2389.MeshId = "rbxassetid://623621260"
SpecialMesh2389.Offset = Vector3.new(0, 3.4100000858306885, 0)
SpecialMesh2389.TextureId = "rbxassetid://623618671"
SpecialMesh2389.MeshType = Enum.MeshType.FileMesh
Part2390.Name = "TreeMeshTop"
Part2390.Parent = Model2387
Part2390.CFrame = CFrame.new(-140.696716, 239.892639, -298.758972, 0.00247627846, 0.084618628, -0.99641031, 0.0290745255, 0.995986104, 0.08465489, 0.999574542, -0.0291797817, 6.09310246e-06)
Part2390.Orientation = Vector3.new(-4.860000133514404, -90, 1.6699999570846558)
Part2390.Position = Vector3.new(-140.69671630859375, 239.89263916015625, -298.75897216796875)
Part2390.Rotation = Vector3.new(-90, -85.13999938964844, -88.31999969482422)
Part2390.Transparency = 0.05000000074505806
Part2390.Size = Vector3.new(8.250000953674316, 0.2499980926513672, 7)
Part2390.Anchored = true
Part2390.CanCollide = false
Part2390.Material = Enum.Material.Fabric
SpecialMesh2391.Name = "TopTreeMesh"
SpecialMesh2391.Parent = Part2390
SpecialMesh2391.MeshId = "rbxassetid://623621456"
SpecialMesh2391.Offset = Vector3.new(0, 3.4100000858306885, 0)
SpecialMesh2391.Scale = Vector3.new(1.600000023841858, 1.600000023841858, 1.600000023841858)
SpecialMesh2391.TextureId = "rbxassetid://745556120"
SpecialMesh2391.MeshType = Enum.MeshType.FileMesh
Model2392.Name = "茂み"
Model2392.Parent = Folder0
Part2393.Name = "TreeMesh Bottom"
Part2393.Parent = Model2392
Part2393.CFrame = CFrame.new(1788.52185, 202.707642, 2276.47876, 0.0510198176, 0.359459192, -0.931766748, 0.130936205, 0.922521889, 0.363061666, 0.990080595, -0.140524939, 1.13248825e-06)
Part2393.Orientation = Vector3.new(-21.290000915527344, -90, 8.079999923706055)
Part2393.Position = Vector3.new(1788.5218505859375, 202.7076416015625, 2276.478759765625)
Part2393.Rotation = Vector3.new(-90, -68.70999908447266, -81.91999816894531)
Part2393.Size = Vector3.new(8.250000953674316, 0.2499980926513672, 7)
Part2393.Anchored = true
Part2393.CanCollide = false
Part2393.Material = Enum.Material.Fabric
SpecialMesh2394.Name = "BarkMesh"
SpecialMesh2394.Parent = Part2393
SpecialMesh2394.MeshId = "rbxassetid://623621260"
SpecialMesh2394.Offset = Vector3.new(0, 3.4100000858306885, 0)
SpecialMesh2394.TextureId = "rbxassetid://623618671"
SpecialMesh2394.MeshType = Enum.MeshType.FileMesh
Part2395.Name = "TreeMeshTop"
Part2395.Parent = Model2392
Part2395.CFrame = CFrame.new(1799.35693, 230.511963, 2272.24292, 0.0510198176, 0.359459192, -0.931766748, 0.130936205, 0.922521889, 0.363061666, 0.990080595, -0.140524939, 1.13248825e-06)
Part2395.Orientation = Vector3.new(-21.290000915527344, -90, 8.079999923706055)
Part2395.Position = Vector3.new(1799.35693359375, 230.511962890625, 2272.242919921875)
Part2395.Rotation = Vector3.new(-90, -68.70999908447266, -81.91999816894531)
Part2395.Transparency = 0.05000000074505806
Part2395.Size = Vector3.new(8.250000953674316, 0.2499980926513672, 7)
Part2395.Anchored = true
Part2395.CanCollide = false
Part2395.Material = Enum.Material.Fabric
SpecialMesh2396.Name = "TopTreeMesh"
SpecialMesh2396.Parent = Part2395
SpecialMesh2396.MeshId = "rbxassetid://623621456"
SpecialMesh2396.Offset = Vector3.new(0, 3.4100000858306885, 0)
SpecialMesh2396.Scale = Vector3.new(1.600000023841858, 1.600000023841858, 1.600000023841858)
SpecialMesh2396.TextureId = "rbxassetid://745556120"
SpecialMesh2396.MeshType = Enum.MeshType.FileMesh
Model2397.Name = "茂み"
Model2397.Parent = Folder0
Part2398.Name = "TreeMesh Bottom"
Part2398.Parent = Model2397
Part2398.CFrame = CFrame.new(1756.55176, 208.795044, 2260.05029, 9.05245543e-07, 0.133467436, -0.991055369, 0.34630087, 0.929732502, 0.125209421, 0.938127756, -0.343201995, -0.0462188907)
Part2398.Orientation = Vector3.new(-7.190000057220459, -92.66999816894531, 20.43000030517578)
Part2398.Position = Vector3.new(1756.5517578125, 208.7950439453125, 2260.05029296875)
Part2398.Rotation = Vector3.new(-110.26000213623047, -82.33000183105469, -90)
Part2398.Size = Vector3.new(8.250000953674316, 0.2499980926513672, 7)
Part2398.Anchored = true
Part2398.CanCollide = false
Part2398.Material = Enum.Material.Fabric
SpecialMesh2399.Name = "BarkMesh"
SpecialMesh2399.Parent = Part2398
SpecialMesh2399.MeshId = "rbxassetid://623621260"
SpecialMesh2399.Offset = Vector3.new(0, 3.4100000858306885, 0)
SpecialMesh2399.TextureId = "rbxassetid://623618671"
SpecialMesh2399.MeshType = Enum.MeshType.FileMesh
Part2400.Name = "TreeMeshTop"
Part2400.Parent = Model2397
Part2400.CFrame = CFrame.new(1760.57556, 236.816895, 2249.70557, 9.05245543e-07, 0.133467436, -0.991055369, 0.34630087, 0.929732502, 0.125209421, 0.938127756, -0.343201995, -0.0462188907)
Part2400.Orientation = Vector3.new(-7.190000057220459, -92.66999816894531, 20.43000030517578)
Part2400.Position = Vector3.new(1760.5755615234375, 236.81689453125, 2249.70556640625)
Part2400.Rotation = Vector3.new(-110.26000213623047, -82.33000183105469, -90)
Part2400.Transparency = 0.05000000074505806
Part2400.Size = Vector3.new(8.250000953674316, 0.2499980926513672, 7)
Part2400.Anchored = true
Part2400.CanCollide = false
Part2400.Material = Enum.Material.Fabric
SpecialMesh2401.Name = "TopTreeMesh"
SpecialMesh2401.Parent = Part2400
SpecialMesh2401.MeshId = "rbxassetid://623621456"
SpecialMesh2401.Offset = Vector3.new(0, 3.4100000858306885, 0)
SpecialMesh2401.Scale = Vector3.new(1.600000023841858, 1.600000023841858, 1.600000023841858)
SpecialMesh2401.TextureId = "rbxassetid://745556120"
SpecialMesh2401.MeshType = Enum.MeshType.FileMesh
Model2402.Name = "茂み"
Model2402.Parent = Folder0
Part2403.Name = "TreeMesh Bottom"
Part2403.Parent = Model2402
Part2403.CFrame = CFrame.new(1743.50879, 223.106232, 2340.60596, 6.2584877e-07, 0.0694339722, -0.997588158, 0.10357473, 0.99222362, 0.0690606162, 0.994624972, -0.103324644, -0.00719040632)
Part2403.Orientation = Vector3.new(-3.9600000381469727, -90.41000366210938, 5.960000038146973)
Part2403.Position = Vector3.new(1743.5087890625, 223.10623168945312, 2340.60595703125)
Part2403.Rotation = Vector3.new(-95.94000244140625, -86.0199966430664, -90)
Part2403.Size = Vector3.new(8.250000953674316, 0.2499980926513672, 7)
Part2403.Anchored = true
Part2403.CanCollide = false
Part2403.Material = Enum.Material.Fabric
SpecialMesh2404.Name = "BarkMesh"
SpecialMesh2404.Parent = Part2403
SpecialMesh2404.MeshId = "rbxassetid://623621260"
SpecialMesh2404.Offset = Vector3.new(0, 3.4100000858306885, 0)
SpecialMesh2404.TextureId = "rbxassetid://623618671"
SpecialMesh2404.MeshType = Enum.MeshType.FileMesh
Part2405.Name = "TreeMeshTop"
Part2405.Parent = Model2402
Part2405.CFrame = CFrame.new(1745.60242, 253.011658, 2337.49121, 6.2584877e-07, 0.0694339722, -0.997588158, 0.10357473, 0.99222362, 0.0690606162, 0.994624972, -0.103324644, -0.00719040632)
Part2405.Orientation = Vector3.new(-3.9600000381469727, -90.41000366210938, 5.960000038146973)
Part2405.Position = Vector3.new(1745.6024169921875, 253.01165771484375, 2337.4912109375)
Part2405.Rotation = Vector3.new(-95.94000244140625, -86.0199966430664, -90)
Part2405.Transparency = 0.05000000074505806
Part2405.Size = Vector3.new(8.250000953674316, 0.2499980926513672, 7)
Part2405.Anchored = true
Part2405.CanCollide = false
Part2405.Material = Enum.Material.Fabric
SpecialMesh2406.Name = "TopTreeMesh"
SpecialMesh2406.Parent = Part2405
SpecialMesh2406.MeshId = "rbxassetid://623621456"
SpecialMesh2406.Offset = Vector3.new(0, 3.4100000858306885, 0)
SpecialMesh2406.Scale = Vector3.new(1.600000023841858, 1.600000023841858, 1.600000023841858)
SpecialMesh2406.TextureId = "rbxassetid://745556120"
SpecialMesh2406.MeshType = Enum.MeshType.FileMesh
Model2407.Name = "茂み"
Model2407.Parent = Folder0
Part2408.Name = "TreeMesh Bottom"
Part2408.Parent = Model2407
Part2408.CFrame = CFrame.new(1707.8916, 237.226715, 2409.92871, 0.512444794, 0.210739642, -0.83246541, -0.00354338437, 0.96993494, 0.243358642, 0.858718455, -0.121757507, 0.497781903)
Part2408.Orientation = Vector3.new(-14.079999923706055, -59.119998931884766, -0.20999999344348907)
Part2408.Position = Vector3.new(1707.8916015625, 237.22671508789062, 2409.9287109375)
Part2408.Rotation = Vector3.new(-26.049999237060547, -56.349998474121094, -22.350000381469727)
Part2408.Size = Vector3.new(8.250000953674316, 0.2499980926513672, 7)
Part2408.Anchored = true
Part2408.CanCollide = false
Part2408.Material = Enum.Material.Fabric
SpecialMesh2409.Name = "BarkMesh"
SpecialMesh2409.Parent = Part2408
SpecialMesh2409.MeshId = "rbxassetid://623621260"
SpecialMesh2409.Offset = Vector3.new(0, 3.4100000858306885, 0)
SpecialMesh2409.TextureId = "rbxassetid://623618671"
SpecialMesh2409.MeshType = Enum.MeshType.FileMesh
Part2410.Name = "TreeMeshTop"
Part2410.Parent = Model2407
Part2410.CFrame = CFrame.new(1714.24377, 266.460236, 2406.25806, 0.512444794, 0.210739642, -0.83246541, -0.00354338437, 0.96993494, 0.243358642, 0.858718455, -0.121757507, 0.497781903)
Part2410.Orientation = Vector3.new(-14.079999923706055, -59.119998931884766, -0.20999999344348907)
Part2410.Position = Vector3.new(1714.2437744140625, 266.4602355957031, 2406.258056640625)
Part2410.Rotation = Vector3.new(-26.049999237060547, -56.349998474121094, -22.350000381469727)
Part2410.Transparency = 0.05000000074505806
Part2410.Size = Vector3.new(8.250000953674316, 0.2499980926513672, 7)
Part2410.Anchored = true
Part2410.CanCollide = false
Part2410.Material = Enum.Material.Fabric
SpecialMesh2411.Name = "TopTreeMesh"
SpecialMesh2411.Parent = Part2410
SpecialMesh2411.MeshId = "rbxassetid://623621456"
SpecialMesh2411.Offset = Vector3.new(0, 3.4100000858306885, 0)
SpecialMesh2411.Scale = Vector3.new(1.600000023841858, 1.600000023841858, 1.600000023841858)
SpecialMesh2411.TextureId = "rbxassetid://745556120"
SpecialMesh2411.MeshType = Enum.MeshType.FileMesh
Model2412.Name = "茂み"
Model2412.Parent = Folder0
Part2413.Name = "TreeMesh Bottom"
Part2413.Parent = Model2412
Part2413.CFrame = CFrame.new(1736.00122, 234.544983, 2437.21826, -0.83246541, 0.210739419, -0.5124439, 0.243358552, 0.969932854, 0.00354396552, 0.497781187, -0.121756896, -0.858716011)
Part2413.Orientation = Vector3.new(-0.20000000298023224, -149.1699981689453, 14.079999923706055)
Part2413.Position = Vector3.new(1736.001220703125, 234.54498291015625, 2437.21826171875)
Part2413.Rotation = Vector3.new(-179.75999450683594, -30.829999923706055, -165.7899932861328)
Part2413.Size = Vector3.new(8.250000953674316, 0.2499980926513672, 7)
Part2413.Anchored = true
Part2413.CanCollide = false
Part2413.Material = Enum.Material.Fabric
SpecialMesh2414.Name = "BarkMesh"
SpecialMesh2414.Parent = Part2413
SpecialMesh2414.MeshId = "rbxassetid://623621260"
SpecialMesh2414.Offset = Vector3.new(0, 3.4100000858306885, 0)
SpecialMesh2414.TextureId = "rbxassetid://623618671"
SpecialMesh2414.MeshType = Enum.MeshType.FileMesh
Part2415.Name = "TreeMeshTop"
Part2415.Parent = Model2412
Part2415.CFrame = CFrame.new(1742.35352, 263.778503, 2433.54858, -0.83246541, 0.210739419, -0.5124439, 0.243358552, 0.969932854, 0.00354396552, 0.497781187, -0.121756896, -0.858716011)
Part2415.Orientation = Vector3.new(-0.20000000298023224, -149.1699981689453, 14.079999923706055)
Part2415.Position = Vector3.new(1742.353515625, 263.77850341796875, 2433.548583984375)
Part2415.Rotation = Vector3.new(-179.75999450683594, -30.829999923706055, -165.7899932861328)
Part2415.Transparency = 0.05000000074505806
Part2415.Size = Vector3.new(8.250000953674316, 0.2499980926513672, 7)
Part2415.Anchored = true
Part2415.CanCollide = false
Part2415.Material = Enum.Material.Fabric
SpecialMesh2416.Name = "TopTreeMesh"
SpecialMesh2416.Parent = Part2415
SpecialMesh2416.MeshId = "rbxassetid://623621456"
SpecialMesh2416.Offset = Vector3.new(0, 3.4100000858306885, 0)
SpecialMesh2416.Scale = Vector3.new(1.600000023841858, 1.600000023841858, 1.600000023841858)
SpecialMesh2416.TextureId = "rbxassetid://745556120"
SpecialMesh2416.MeshType = Enum.MeshType.FileMesh
Model2417.Name = "茂み"
Model2417.Parent = Folder0
Part2418.Name = "TreeMesh Bottom"
Part2418.Parent = Model2417
Part2418.CFrame = CFrame.new(1804.04626, 210.691315, 2352.43896, 0.512443423, 0.022226885, -0.858434975, -0.00354350242, 0.999713778, 0.023769537, 0.858717322, -0.00913860928, 0.512373865)
Part2418.Orientation = Vector3.new(-1.3600000143051147, -59.16999816894531, -0.20000000298023224)
Part2418.Position = Vector3.new(1804.0462646484375, 210.69131469726562, 2352.43896484375)
Part2418.Rotation = Vector3.new(-2.6600000858306885, -59.13999938964844, -2.4800000190734863)
Part2418.Size = Vector3.new(8.250000953674316, 0.2499980926513672, 7)
Part2418.Anchored = true
Part2418.CanCollide = false
Part2418.Material = Enum.Material.Fabric
SpecialMesh2419.Name = "BarkMesh"
SpecialMesh2419.Parent = Part2418
SpecialMesh2419.MeshId = "rbxassetid://623621260"
SpecialMesh2419.Offset = Vector3.new(0, 3.4100000858306885, 0)
SpecialMesh2419.TextureId = "rbxassetid://623618671"
SpecialMesh2419.MeshType = Enum.MeshType.FileMesh
Part2420.Name = "TreeMeshTop"
Part2420.Parent = Model2417
Part2420.CFrame = CFrame.new(1804.7168, 240.822601, 2352.1626, 0.512443423, 0.022226885, -0.858434975, -0.00354350242, 0.999713778, 0.023769537, 0.858717322, -0.00913860928, 0.512373865)
Part2420.Orientation = Vector3.new(-1.3600000143051147, -59.16999816894531, -0.20000000298023224)
Part2420.Position = Vector3.new(1804.716796875, 240.82260131835938, 2352.16259765625)
Part2420.Rotation = Vector3.new(-2.6600000858306885, -59.13999938964844, -2.4800000190734863)
Part2420.Transparency = 0.05000000074505806
Part2420.Size = Vector3.new(8.250000953674316, 0.2499980926513672, 7)
Part2420.Anchored = true
Part2420.CanCollide = false
Part2420.Material = Enum.Material.Fabric
SpecialMesh2421.Name = "TopTreeMesh"
SpecialMesh2421.Parent = Part2420
SpecialMesh2421.MeshId = "rbxassetid://623621456"
SpecialMesh2421.Offset = Vector3.new(0, 3.4100000858306885, 0)
SpecialMesh2421.Scale = Vector3.new(1.600000023841858, 1.600000023841858, 1.600000023841858)
SpecialMesh2421.TextureId = "rbxassetid://745556120"
SpecialMesh2421.MeshType = Enum.MeshType.FileMesh
Model2422.Name = "茂み"
Model2422.Parent = Folder0
Part2423.Name = "TreeMesh Bottom"
Part2423.Parent = Model2422
Part2423.CFrame = CFrame.new(1704.51379, 207.296783, 2234.53638, 1.33923504e-06, 0.209613249, -0.977784395, 0.386339873, 0.901865721, 0.193338647, 0.922356546, -0.377757311, -0.0809807479)
Part2423.Orientation = Vector3.new(-11.149999618530273, -94.7300033569336, 23.190000534057617)
Part2423.Position = Vector3.new(1704.5137939453125, 207.29678344726562, 2234.536376953125)
Part2423.Rotation = Vector3.new(-112.7300033569336, -77.9000015258789, -90)
Part2423.Size = Vector3.new(8.250000953674316, 0.2499980926513672, 7)
Part2423.Anchored = true
Part2423.CanCollide = false
Part2423.Material = Enum.Material.Fabric
SpecialMesh2424.Name = "BarkMesh"
SpecialMesh2424.Parent = Part2423
SpecialMesh2424.MeshId = "rbxassetid://623621260"
SpecialMesh2424.Offset = Vector3.new(0, 3.4100000858306885, 0)
SpecialMesh2424.TextureId = "rbxassetid://623618671"
SpecialMesh2424.MeshType = Enum.MeshType.FileMesh
Part2425.Name = "TreeMeshTop"
Part2425.Parent = Model2422
Part2425.CFrame = CFrame.new(1710.83264, 234.478653, 2223.15039, 1.33923504e-06, 0.209613249, -0.977784395, 0.386339873, 0.901865721, 0.193338647, 0.922356546, -0.377757311, -0.0809807479)
Part2425.Orientation = Vector3.new(-11.149999618530273, -94.7300033569336, 23.190000534057617)
Part2425.Position = Vector3.new(1710.8326416015625, 234.47865295410156, 2223.150390625)
Part2425.Rotation = Vector3.new(-112.7300033569336, -77.9000015258789, -90)
Part2425.Transparency = 0.05000000074505806
Part2425.Size = Vector3.new(8.250000953674316, 0.2499980926513672, 7)
Part2425.Anchored = true
Part2425.CanCollide = false
Part2425.Material = Enum.Material.Fabric
SpecialMesh2426.Name = "TopTreeMesh"
SpecialMesh2426.Parent = Part2425
SpecialMesh2426.MeshId = "rbxassetid://623621456"
SpecialMesh2426.Offset = Vector3.new(0, 3.4100000858306885, 0)
SpecialMesh2426.Scale = Vector3.new(1.600000023841858, 1.600000023841858, 1.600000023841858)
SpecialMesh2426.TextureId = "rbxassetid://745556120"
SpecialMesh2426.MeshType = Enum.MeshType.FileMesh
Model2427.Name = "茂み"
Model2427.Parent = Folder0
Part2428.Name = "TreeMesh Bottom"
Part2428.Parent = Model2427
Part2428.CFrame = CFrame.new(1704.51379, 207.296783, 2234.53638, 1.33923504e-06, 0.209613249, -0.977784395, 0.386339873, 0.901865721, 0.193338647, 0.922356546, -0.377757311, -0.0809807479)
Part2428.Orientation = Vector3.new(-11.149999618530273, -94.7300033569336, 23.190000534057617)
Part2428.Position = Vector3.new(1704.5137939453125, 207.29678344726562, 2234.536376953125)
Part2428.Rotation = Vector3.new(-112.7300033569336, -77.9000015258789, -90)
Part2428.Size = Vector3.new(8.250000953674316, 0.2499980926513672, 7)
Part2428.Anchored = true
Part2428.CanCollide = false
Part2428.Material = Enum.Material.Fabric
SpecialMesh2429.Name = "BarkMesh"
SpecialMesh2429.Parent = Part2428
SpecialMesh2429.MeshId = "rbxassetid://623621260"
SpecialMesh2429.Offset = Vector3.new(0, 3.4100000858306885, 0)
SpecialMesh2429.TextureId = "rbxassetid://623618671"
SpecialMesh2429.MeshType = Enum.MeshType.FileMesh
Part2430.Name = "TreeMeshTop"
Part2430.Parent = Model2427
