SpecialMesh2621.Name = "TopTreeMesh"
SpecialMesh2621.Parent = Part2620
SpecialMesh2621.MeshId = "rbxassetid://623621456"
SpecialMesh2621.Offset = Vector3.new(0, 3.4100000858306885, 0)
SpecialMesh2621.Scale = Vector3.new(1.600000023841858, 1.600000023841858, 1.600000023841858)
SpecialMesh2621.TextureId = "rbxassetid://745556120"
SpecialMesh2621.MeshType = Enum.MeshType.FileMesh
Part2622.Name = "石"
Part2622.Parent = Folder0
Part2622.CFrame = CFrame.new(1493.52039, 206.27153, 1832.89404, 0.00500720041, 0.880892992, 0.473289073, 0.00931896642, -0.473315537, 0.880843759, 0.999944031, 3.72453712e-09, -0.0105789993)
Part2622.Orientation = Vector3.new(-61.7400016784668, 91.27999877929688, 178.8699951171875)
Part2622.Position = Vector3.new(1493.5203857421875, 206.2715301513672, 1832.89404296875)
Part2622.Rotation = Vector3.new(-90.69000244140625, 28.25, -89.66999816894531)
Part2622.Size = Vector3.new(40, 20, 20)
Part2622.Anchored = true
Part2622.BottomSurface = Enum.SurfaceType.Smooth
Part2622.TopSurface = Enum.SurfaceType.Smooth
SpecialMesh2623.Parent = Part2622
SpecialMesh2623.MeshId = "rbxassetid://473211502"
SpecialMesh2623.TextureId = "rbxassetid://473212369"
SpecialMesh2623.MeshType = Enum.MeshType.FileMesh
Model2624.Name = "茂み"
Model2624.Parent = Folder0
Part2625.Name = "TreeMesh Bottom"
Part2625.Parent = Model2624
Part2625.CFrame = CFrame.new(1176.87378, 210.548248, 1427.87744, 0.0132171623, 0.177752659, -0.983986676, 0.0729623064, 0.981277466, 0.178243637, 0.997248232, -0.0741498247, 4.60617287e-07)
Part2625.Orientation = Vector3.new(-10.270000457763672, -90, 4.25)
Part2625.Position = Vector3.new(1176.873779296875, 210.54824829101562, 1427.87744140625)
Part2625.Rotation = Vector3.new(-90, -79.7300033569336, -85.75)
Part2625.Size = Vector3.new(8.250000953674316, 0.2499980926513672, 7)
Part2625.Anchored = true
Part2625.CanCollide = false
Part2625.Material = Enum.Material.Fabric
SpecialMesh2626.Name = "BarkMesh"
SpecialMesh2626.Parent = Part2625
SpecialMesh2626.MeshId = "rbxassetid://623621260"
SpecialMesh2626.Offset = Vector3.new(0, 3.4100000858306885, 0)
SpecialMesh2626.TextureId = "rbxassetid://623618671"
SpecialMesh2626.MeshType = Enum.MeshType.FileMesh
Part2627.Name = "TreeMeshTop"
Part2627.Parent = Model2624
Part2627.CFrame = CFrame.new(1182.23218, 240.123505, 1425.64209, 0.0132171623, 0.177752659, -0.983986676, 0.0729623064, 0.981277466, 0.178243637, 0.997248232, -0.0741498247, 4.60617287e-07)
Part2627.Orientation = Vector3.new(-10.270000457763672, -90, 4.25)
Part2627.Position = Vector3.new(1182.232177734375, 240.12350463867188, 1425.64208984375)
Part2627.Rotation = Vector3.new(-90, -79.7300033569336, -85.75)
Part2627.Transparency = 0.05000000074505806
Part2627.Size = Vector3.new(8.250000953674316, 0.2499980926513672, 7)
Part2627.Anchored = true
Part2627.CanCollide = false
Part2627.Material = Enum.Material.Fabric
SpecialMesh2628.Name = "TopTreeMesh"
SpecialMesh2628.Parent = Part2627
SpecialMesh2628.MeshId = "rbxassetid://623621456"
SpecialMesh2628.Offset = Vector3.new(0, 3.4100000858306885, 0)
SpecialMesh2628.Scale = Vector3.new(1.600000023841858, 1.600000023841858, 1.600000023841858)
SpecialMesh2628.TextureId = "rbxassetid://745556120"
SpecialMesh2628.MeshType = Enum.MeshType.FileMesh
Model2629.Name = "茂み"
Model2629.Parent = Folder0
Part2630.Name = "TreeMesh Bottom"
Part2630.Parent = Model2629
Part2630.CFrame = CFrame.new(1176.87378, 210.548248, 1427.87744, 0.0132171623, 0.177752659, -0.983986676, 0.0729623064, 0.981277466, 0.178243637, 0.997248232, -0.0741498247, 4.60617287e-07)
Part2630.Orientation = Vector3.new(-10.270000457763672, -90, 4.25)
Part2630.Position = Vector3.new(1176.873779296875, 210.54824829101562, 1427.87744140625)
Part2630.Rotation = Vector3.new(-90, -79.7300033569336, -85.75)
Part2630.Size = Vector3.new(8.250000953674316, 0.2499980926513672, 7)
Part2630.Anchored = true
Part2630.CanCollide = false
Part2630.Material = Enum.Material.Fabric
SpecialMesh2631.Name = "BarkMesh"
SpecialMesh2631.Parent = Part2630
SpecialMesh2631.MeshId = "rbxassetid://623621260"
SpecialMesh2631.Offset = Vector3.new(0, 3.4100000858306885, 0)
SpecialMesh2631.TextureId = "rbxassetid://623618671"
SpecialMesh2631.MeshType = Enum.MeshType.FileMesh
Part2632.Name = "TreeMeshTop"
Part2632.Parent = Model2629
Part2632.CFrame = CFrame.new(1182.23218, 240.123505, 1425.64209, 0.0132171623, 0.177752659, -0.983986676, 0.0729623064, 0.981277466, 0.178243637, 0.997248232, -0.0741498247, 4.60617287e-07)
Part2632.Orientation = Vector3.new(-10.270000457763672, -90, 4.25)
Part2632.Position = Vector3.new(1182.232177734375, 240.12350463867188, 1425.64208984375)
Part2632.Rotation = Vector3.new(-90, -79.7300033569336, -85.75)
Part2632.Transparency = 0.05000000074505806
Part2632.Size = Vector3.new(8.250000953674316, 0.2499980926513672, 7)
Part2632.Anchored = true
Part2632.CanCollide = false
Part2632.Material = Enum.Material.Fabric
SpecialMesh2633.Name = "TopTreeMesh"
SpecialMesh2633.Parent = Part2632
SpecialMesh2633.MeshId = "rbxassetid://623621456"
SpecialMesh2633.Offset = Vector3.new(0, 3.4100000858306885, 0)
SpecialMesh2633.Scale = Vector3.new(1.600000023841858, 1.600000023841858, 1.600000023841858)
SpecialMesh2633.TextureId = "rbxassetid://745556120"
SpecialMesh2633.MeshType = Enum.MeshType.FileMesh
Model2634.Name = "茂み"
Model2634.Parent = Folder0
Part2635.Name = "TreeMesh Bottom"
Part2635.Parent = Model2634
Part2635.CFrame = CFrame.new(1176.87378, 210.548248, 1427.87744, 0.0132171623, 0.177752659, -0.983986676, 0.0729623064, 0.981277466, 0.178243637, 0.997248232, -0.0741498247, 4.60617287e-07)
Part2635.Orientation = Vector3.new(-10.270000457763672, -90, 4.25)
Part2635.Position = Vector3.new(1176.873779296875, 210.54824829101562, 1427.87744140625)
Part2635.Rotation = Vector3.new(-90, -79.7300033569336, -85.75)
Part2635.Size = Vector3.new(8.250000953674316, 0.2499980926513672, 7)
Part2635.Anchored = true
Part2635.CanCollide = false
Part2635.Material = Enum.Material.Fabric
SpecialMesh2636.Name = "BarkMesh"
SpecialMesh2636.Parent = Part2635
SpecialMesh2636.MeshId = "rbxassetid://623621260"
SpecialMesh2636.Offset = Vector3.new(0, 3.4100000858306885, 0)
SpecialMesh2636.TextureId = "rbxassetid://623618671"
SpecialMesh2636.MeshType = Enum.MeshType.FileMesh
Part2637.Name = "TreeMeshTop"
Part2637.Parent = Model2634
Part2637.CFrame = CFrame.new(1182.23218, 240.123505, 1425.64209, 0.0132171623, 0.177752659, -0.983986676, 0.0729623064, 0.981277466, 0.178243637, 0.997248232, -0.0741498247, 4.60617287e-07)
Part2637.Orientation = Vector3.new(-10.270000457763672, -90, 4.25)
Part2637.Position = Vector3.new(1182.232177734375, 240.12350463867188, 1425.64208984375)
Part2637.Rotation = Vector3.new(-90, -79.7300033569336, -85.75)
Part2637.Transparency = 0.05000000074505806
Part2637.Size = Vector3.new(8.250000953674316, 0.2499980926513672, 7)
Part2637.Anchored = true
Part2637.CanCollide = false
Part2637.Material = Enum.Material.Fabric
SpecialMesh2638.Name = "TopTreeMesh"
SpecialMesh2638.Parent = Part2637
SpecialMesh2638.MeshId = "rbxassetid://623621456"
SpecialMesh2638.Offset = Vector3.new(0, 3.4100000858306885, 0)
SpecialMesh2638.Scale = Vector3.new(1.600000023841858, 1.600000023841858, 1.600000023841858)
SpecialMesh2638.TextureId = "rbxassetid://745556120"
SpecialMesh2638.MeshType = Enum.MeshType.FileMesh
Model2639.Name = "茂み"
Model2639.Parent = Folder0
Part2640.Name = "TreeMesh Bottom"
Part2640.Parent = Model2639
Part2640.CFrame = CFrame.new(1176.87378, 210.548248, 1427.87744, 0.0132171623, 0.177752659, -0.983986676, 0.0729623064, 0.981277466, 0.178243637, 0.997248232, -0.0741498247, 4.60617287e-07)
Part2640.Orientation = Vector3.new(-10.270000457763672, -90, 4.25)
Part2640.Position = Vector3.new(1176.873779296875, 210.54824829101562, 1427.87744140625)
Part2640.Rotation = Vector3.new(-90, -79.7300033569336, -85.75)
Part2640.Size = Vector3.new(8.250000953674316, 0.2499980926513672, 7)
Part2640.Anchored = true
Part2640.CanCollide = false
Part2640.Material = Enum.Material.Fabric
SpecialMesh2641.Name = "BarkMesh"
SpecialMesh2641.Parent = Part2640
SpecialMesh2641.MeshId = "rbxassetid://623621260"
SpecialMesh2641.Offset = Vector3.new(0, 3.4100000858306885, 0)
SpecialMesh2641.TextureId = "rbxassetid://623618671"
SpecialMesh2641.MeshType = Enum.MeshType.FileMesh
Part2642.Name = "TreeMeshTop"
Part2642.Parent = Model2639
Part2642.CFrame = CFrame.new(1182.23218, 240.123505, 1425.64209, 0.0132171623, 0.177752659, -0.983986676, 0.0729623064, 0.981277466, 0.178243637, 0.997248232, -0.0741498247, 4.60617287e-07)
Part2642.Orientation = Vector3.new(-10.270000457763672, -90, 4.25)
Part2642.Position = Vector3.new(1182.232177734375, 240.12350463867188, 1425.64208984375)
Part2642.Rotation = Vector3.new(-90, -79.7300033569336, -85.75)
Part2642.Transparency = 0.05000000074505806
Part2642.Size = Vector3.new(8.250000953674316, 0.2499980926513672, 7)
Part2642.Anchored = true
Part2642.CanCollide = false
Part2642.Material = Enum.Material.Fabric
SpecialMesh2643.Name = "TopTreeMesh"
SpecialMesh2643.Parent = Part2642
SpecialMesh2643.MeshId = "rbxassetid://623621456"
SpecialMesh2643.Offset = Vector3.new(0, 3.4100000858306885, 0)
SpecialMesh2643.Scale = Vector3.new(1.600000023841858, 1.600000023841858, 1.600000023841858)
SpecialMesh2643.TextureId = "rbxassetid://745556120"
SpecialMesh2643.MeshType = Enum.MeshType.FileMesh
Model2644.Name = "茂み"
Model2644.Parent = Folder0
Part2645.Name = "TreeMesh Bottom"
Part2645.Parent = Model2644
Part2645.CFrame = CFrame.new(1200.5, 212.21788, 1757.24109, -0.990230441, 0.0087870108, 0.139167249, 0.00611856813, 0.999788821, -0.0195936114, -0.139310211, -0.0185508803, -0.990077376)
Part2645.Orientation = Vector3.new(1.1200000047683716, 172, 0.3499999940395355)
Part2645.Position = Vector3.new(1200.5, 212.21788024902344, 1757.2410888671875)
Part2645.Rotation = Vector3.new(178.8699951171875, 8, -179.49000549316406)
Part2645.Size = Vector3.new(8.250000953674316, 0.2499980926513672, 7)
Part2645.Anchored = true
Part2645.CanCollide = false
Part2645.Material = Enum.Material.Fabric
SpecialMesh2646.Name = "BarkMesh"
SpecialMesh2646.Parent = Part2645
SpecialMesh2646.MeshId = "rbxassetid://623621260"
SpecialMesh2646.Offset = Vector3.new(0, 3.4100000858306885, 0)
SpecialMesh2646.TextureId = "rbxassetid://623618671"
SpecialMesh2646.MeshType = Enum.MeshType.FileMesh
Part2647.Name = "TreeMeshTop"
Part2647.Parent = Model2644
Part2647.CFrame = CFrame.new(1200.76587, 242.351273, 1756.6814, -0.990230441, 0.0087870108, 0.139167249, 0.00611856813, 0.999788821, -0.0195936114, -0.139310211, -0.0185508803, -0.990077376)
Part2647.Orientation = Vector3.new(1.1200000047683716, 172, 0.3499999940395355)
Part2647.Position = Vector3.new(1200.765869140625, 242.3512725830078, 1756.681396484375)
Part2647.Rotation = Vector3.new(178.8699951171875, 8, -179.49000549316406)
Part2647.Transparency = 0.05000000074505806
Part2647.Size = Vector3.new(8.250000953674316, 0.2499980926513672, 7)
Part2647.Anchored = true
Part2647.CanCollide = false
Part2647.Material = Enum.Material.Fabric
SpecialMesh2648.Name = "TopTreeMesh"
SpecialMesh2648.Parent = Part2647
SpecialMesh2648.MeshId = "rbxassetid://623621456"
SpecialMesh2648.Offset = Vector3.new(0, 3.4100000858306885, 0)
SpecialMesh2648.Scale = Vector3.new(1.600000023841858, 1.600000023841858, 1.600000023841858)
SpecialMesh2648.TextureId = "rbxassetid://745556120"
SpecialMesh2648.MeshType = Enum.MeshType.FileMesh
Model2649.Name = "茂み"
Model2649.Parent = Folder0
Part2650.Name = "TreeMesh Bottom"
Part2650.Parent = Model2649
Part2650.CFrame = CFrame.new(1200.5, 212.21788, 1757.24109, -0.990230441, 0.0087870108, 0.139167249, 0.00611856813, 0.999788821, -0.0195936114, -0.139310211, -0.0185508803, -0.990077376)
Part2650.Orientation = Vector3.new(1.1200000047683716, 172, 0.3499999940395355)
Part2650.Position = Vector3.new(1200.5, 212.21788024902344, 1757.2410888671875)
Part2650.Rotation = Vector3.new(178.8699951171875, 8, -179.49000549316406)
Part2650.Size = Vector3.new(8.250000953674316, 0.2499980926513672, 7)
Part2650.Anchored = true
Part2650.CanCollide = false
Part2650.Material = Enum.Material.Fabric
SpecialMesh2651.Name = "BarkMesh"
SpecialMesh2651.Parent = Part2650
SpecialMesh2651.MeshId = "rbxassetid://623621260"
SpecialMesh2651.Offset = Vector3.new(0, 3.4100000858306885, 0)
SpecialMesh2651.TextureId = "rbxassetid://623618671"
SpecialMesh2651.MeshType = Enum.MeshType.FileMesh
Part2652.Name = "TreeMeshTop"
Part2652.Parent = Model2649
Part2652.CFrame = CFrame.new(1200.76587, 242.351273, 1756.6814, -0.990230441, 0.0087870108, 0.139167249, 0.00611856813, 0.999788821, -0.0195936114, -0.139310211, -0.0185508803, -0.990077376)
Part2652.Orientation = Vector3.new(1.1200000047683716, 172, 0.3499999940395355)
Part2652.Position = Vector3.new(1200.765869140625, 242.3512725830078, 1756.681396484375)
Part2652.Rotation = Vector3.new(178.8699951171875, 8, -179.49000549316406)
Part2652.Transparency = 0.05000000074505806
Part2652.Size = Vector3.new(8.250000953674316, 0.2499980926513672, 7)
Part2652.Anchored = true
Part2652.CanCollide = false
Part2652.Material = Enum.Material.Fabric
SpecialMesh2653.Name = "TopTreeMesh"
SpecialMesh2653.Parent = Part2652
SpecialMesh2653.MeshId = "rbxassetid://623621456"
SpecialMesh2653.Offset = Vector3.new(0, 3.4100000858306885, 0)
SpecialMesh2653.Scale = Vector3.new(1.600000023841858, 1.600000023841858, 1.600000023841858)
SpecialMesh2653.TextureId = "rbxassetid://745556120"
SpecialMesh2653.MeshType = Enum.MeshType.FileMesh
Model2654.Name = "茂み"
Model2654.Parent = Folder0
Part2655.Name = "TreeMesh Bottom"
Part2655.Parent = Model2654
Part2655.CFrame = CFrame.new(1200.5, 212.21788, 1757.24109, -0.990230441, 0.0087870108, 0.139167249, 0.00611856813, 0.999788821, -0.0195936114, -0.139310211, -0.0185508803, -0.990077376)
Part2655.Orientation = Vector3.new(1.1200000047683716, 172, 0.3499999940395355)
Part2655.Position = Vector3.new(1200.5, 212.21788024902344, 1757.2410888671875)
Part2655.Rotation = Vector3.new(178.8699951171875, 8, -179.49000549316406)
Part2655.Size = Vector3.new(8.250000953674316, 0.2499980926513672, 7)
Part2655.Anchored = true
Part2655.CanCollide = false
Part2655.Material = Enum.Material.Fabric
SpecialMesh2656.Name = "BarkMesh"
SpecialMesh2656.Parent = Part2655
SpecialMesh2656.MeshId = "rbxassetid://623621260"
SpecialMesh2656.Offset = Vector3.new(0, 3.4100000858306885, 0)
SpecialMesh2656.TextureId = "rbxassetid://623618671"
SpecialMesh2656.MeshType = Enum.MeshType.FileMesh
Part2657.Name = "TreeMeshTop"
Part2657.Parent = Model2654
Part2657.CFrame = CFrame.new(1200.76587, 242.351273, 1756.6814, -0.990230441, 0.0087870108, 0.139167249, 0.00611856813, 0.999788821, -0.0195936114, -0.139310211, -0.0185508803, -0.990077376)
Part2657.Orientation = Vector3.new(1.1200000047683716, 172, 0.3499999940395355)
Part2657.Position = Vector3.new(1200.765869140625, 242.3512725830078, 1756.681396484375)
Part2657.Rotation = Vector3.new(178.8699951171875, 8, -179.49000549316406)
Part2657.Transparency = 0.05000000074505806
Part2657.Size = Vector3.new(8.250000953674316, 0.2499980926513672, 7)
Part2657.Anchored = true
Part2657.CanCollide = false
Part2657.Material = Enum.Material.Fabric
SpecialMesh2658.Name = "TopTreeMesh"
SpecialMesh2658.Parent = Part2657
SpecialMesh2658.MeshId = "rbxassetid://623621456"
SpecialMesh2658.Offset = Vector3.new(0, 3.4100000858306885, 0)
SpecialMesh2658.Scale = Vector3.new(1.600000023841858, 1.600000023841858, 1.600000023841858)
SpecialMesh2658.TextureId = "rbxassetid://745556120"
SpecialMesh2658.MeshType = Enum.MeshType.FileMesh
Model2659.Name = "茂み"
Model2659.Parent = Folder0
Part2660.Name = "TreeMesh Bottom"
Part2660.Parent = Model2659
Part2660.CFrame = CFrame.new(1200.5, 212.21788, 1757.24109, -0.990230441, 0.0087870108, 0.139167249, 0.00611856813, 0.999788821, -0.0195936114, -0.139310211, -0.0185508803, -0.990077376)
Part2660.Orientation = Vector3.new(1.1200000047683716, 172, 0.3499999940395355)
Part2660.Position = Vector3.new(1200.5, 212.21788024902344, 1757.2410888671875)
Part2660.Rotation = Vector3.new(178.8699951171875, 8, -179.49000549316406)
Part2660.Size = Vector3.new(8.250000953674316, 0.2499980926513672, 7)
Part2660.Anchored = true
Part2660.CanCollide = false
Part2660.Material = Enum.Material.Fabric
SpecialMesh2661.Name = "BarkMesh"
SpecialMesh2661.Parent = Part2660
SpecialMesh2661.MeshId = "rbxassetid://623621260"
SpecialMesh2661.Offset = Vector3.new(0, 3.4100000858306885, 0)
SpecialMesh2661.TextureId = "rbxassetid://623618671"
SpecialMesh2661.MeshType = Enum.MeshType.FileMesh
Part2662.Name = "TreeMeshTop"
Part2662.Parent = Model2659
Part2662.CFrame = CFrame.new(1200.76587, 242.351273, 1756.6814, -0.990230441, 0.0087870108, 0.139167249, 0.00611856813, 0.999788821, -0.0195936114, -0.139310211, -0.0185508803, -0.990077376)
Part2662.Orientation = Vector3.new(1.1200000047683716, 172, 0.3499999940395355)
Part2662.Position = Vector3.new(1200.765869140625, 242.3512725830078, 1756.681396484375)
Part2662.Rotation = Vector3.new(178.8699951171875, 8, -179.49000549316406)
Part2662.Transparency = 0.05000000074505806
Part2662.Size = Vector3.new(8.250000953674316, 0.2499980926513672, 7)
Part2662.Anchored = true
Part2662.CanCollide = false
Part2662.Material = Enum.Material.Fabric
SpecialMesh2663.Name = "TopTreeMesh"
SpecialMesh2663.Parent = Part2662
SpecialMesh2663.MeshId = "rbxassetid://623621456"
SpecialMesh2663.Offset = Vector3.new(0, 3.4100000858306885, 0)
SpecialMesh2663.Scale = Vector3.new(1.600000023841858, 1.600000023841858, 1.600000023841858)
SpecialMesh2663.TextureId = "rbxassetid://745556120"
SpecialMesh2663.MeshType = Enum.MeshType.FileMesh
Model2664.Name = "茂み"
Model2664.Parent = Folder0
Part2665.Name = "TreeMesh Bottom"
Part2665.Parent = Model2664
Part2665.CFrame = CFrame.new(1119.50024, 214.137634, 1705.10095, -0.2588121, 0.00716623664, -0.965902328, 0.0461408384, 0.998921514, -0.00495124608, 0.964829683, -0.045849178, -0.25886482)
Part2665.Orientation = Vector3.new(0.2800000011920929, -105, 2.640000104904175)
Part2665.Position = Vector3.new(1119.500244140625, 214.13763427734375, 1705.1009521484375)
Part2665.Rotation = Vector3.new(178.89999389648438, -74.98999786376953, -178.41000366210938)
Part2665.Size = Vector3.new(8.250000953674316, 0.2499980926513672, 7)
Part2665.Anchored = true
Part2665.CanCollide = false
Part2665.Material = Enum.Material.Fabric
SpecialMesh2666.Name = "BarkMesh"
SpecialMesh2666.Parent = Part2665
SpecialMesh2666.MeshId = "rbxassetid://623621260"
SpecialMesh2666.Offset = Vector3.new(0, 3.4100000858306885, 0)
SpecialMesh2666.TextureId = "rbxassetid://623618671"
SpecialMesh2666.MeshType = Enum.MeshType.FileMesh
Part2667.Name = "TreeMeshTop"
Part2667.Parent = Model2664
Part2667.CFrame = CFrame.new(1119.71716, 244.244843, 1703.71838, -0.2588121, 0.00716623664, -0.965902328, 0.0461408384, 0.998921514, -0.00495124608, 0.964829683, -0.045849178, -0.25886482)
Part2667.Orientation = Vector3.new(0.2800000011920929, -105, 2.640000104904175)
Part2667.Position = Vector3.new(1119.7171630859375, 244.24484252929688, 1703.7183837890625)
Part2667.Rotation = Vector3.new(178.89999389648438, -74.98999786376953, -178.41000366210938)
Part2667.Transparency = 0.05000000074505806
Part2667.Size = Vector3.new(8.250000953674316, 0.2499980926513672, 7)
Part2667.Anchored = true
Part2667.CanCollide = false
Part2667.Material = Enum.Material.Fabric
SpecialMesh2668.Name = "TopTreeMesh"
SpecialMesh2668.Parent = Part2667
SpecialMesh2668.MeshId = "rbxassetid://623621456"
SpecialMesh2668.Offset = Vector3.new(0, 3.4100000858306885, 0)
SpecialMesh2668.Scale = Vector3.new(1.600000023841858, 1.600000023841858, 1.600000023841858)
SpecialMesh2668.TextureId = "rbxassetid://745556120"
SpecialMesh2668.MeshType = Enum.MeshType.FileMesh
Model2669.Name = "茂み"
Model2669.Parent = Folder0
Part2670.Name = "TreeMesh Bottom"
Part2670.Parent = Model2669
Part2670.CFrame = CFrame.new(1119.50024, 214.137634, 1705.10095, -0.2588121, 0.00716623664, -0.965902328, 0.0461408384, 0.998921514, -0.00495124608, 0.964829683, -0.045849178, -0.25886482)
Part2670.Orientation = Vector3.new(0.2800000011920929, -105, 2.640000104904175)
Part2670.Position = Vector3.new(1119.500244140625, 214.13763427734375, 1705.1009521484375)
Part2670.Rotation = Vector3.new(178.89999389648438, -74.98999786376953, -178.41000366210938)
Part2670.Size = Vector3.new(8.250000953674316, 0.2499980926513672, 7)
Part2670.Anchored = true
Part2670.CanCollide = false
Part2670.Material = Enum.Material.Fabric
SpecialMesh2671.Name = "BarkMesh"
SpecialMesh2671.Parent = Part2670
SpecialMesh2671.MeshId = "rbxassetid://623621260"
SpecialMesh2671.Offset = Vector3.new(0, 3.4100000858306885, 0)
SpecialMesh2671.TextureId = "rbxassetid://623618671"
SpecialMesh2671.MeshType = Enum.MeshType.FileMesh
Part2672.Name = "TreeMeshTop"
Part2672.Parent = Model2669
Part2672.CFrame = CFrame.new(1119.71716, 244.244843, 1703.71838, -0.2588121, 0.00716623664, -0.965902328, 0.0461408384, 0.998921514, -0.00495124608, 0.964829683, -0.045849178, -0.25886482)
Part2672.Orientation = Vector3.new(0.2800000011920929, -105, 2.640000104904175)
Part2672.Position = Vector3.new(1119.7171630859375, 244.24484252929688, 1703.7183837890625)
Part2672.Rotation = Vector3.new(178.89999389648438, -74.98999786376953, -178.41000366210938)
Part2672.Transparency = 0.05000000074505806
Part2672.Size = Vector3.new(8.250000953674316, 0.2499980926513672, 7)
Part2672.Anchored = true
Part2672.CanCollide = false
Part2672.Material = Enum.Material.Fabric
SpecialMesh2673.Name = "TopTreeMesh"
SpecialMesh2673.Parent = Part2672
SpecialMesh2673.MeshId = "rbxassetid://623621456"
SpecialMesh2673.Offset = Vector3.new(0, 3.4100000858306885, 0)
SpecialMesh2673.Scale = Vector3.new(1.600000023841858, 1.600000023841858, 1.600000023841858)
SpecialMesh2673.TextureId = "rbxassetid://745556120"
SpecialMesh2673.MeshType = Enum.MeshType.FileMesh
Model2674.Name = "茂み"
Model2674.Parent = Folder0
Part2675.Name = "TreeMesh Bottom"
Part2675.Parent = Model2674
Part2675.CFrame = CFrame.new(1119.50024, 214.137634, 1705.10095, -0.2588121, 0.00716623664, -0.965902328, 0.0461408384, 0.998921514, -0.00495124608, 0.964829683, -0.045849178, -0.25886482)
Part2675.Orientation = Vector3.new(0.2800000011920929, -105, 2.640000104904175)
Part2675.Position = Vector3.new(1119.500244140625, 214.13763427734375, 1705.1009521484375)
Part2675.Rotation = Vector3.new(178.89999389648438, -74.98999786376953, -178.41000366210938)
Part2675.Size = Vector3.new(8.250000953674316, 0.2499980926513672, 7)
Part2675.Anchored = true
Part2675.CanCollide = false
Part2675.Material = Enum.Material.Fabric
SpecialMesh2676.Name = "BarkMesh"
SpecialMesh2676.Parent = Part2675
SpecialMesh2676.MeshId = "rbxassetid://623621260"
SpecialMesh2676.Offset = Vector3.new(0, 3.4100000858306885, 0)
SpecialMesh2676.TextureId = "rbxassetid://623618671"
SpecialMesh2676.MeshType = Enum.MeshType.FileMesh
Part2677.Name = "TreeMeshTop"
Part2677.Parent = Model2674
Part2677.CFrame = CFrame.new(1119.71716, 244.244843, 1703.71838, -0.2588121, 0.00716623664, -0.965902328, 0.0461408384, 0.998921514, -0.00495124608, 0.964829683, -0.045849178, -0.25886482)
Part2677.Orientation = Vector3.new(0.2800000011920929, -105, 2.640000104904175)
Part2677.Position = Vector3.new(1119.7171630859375, 244.24484252929688, 1703.7183837890625)
Part2677.Rotation = Vector3.new(178.89999389648438, -74.98999786376953, -178.41000366210938)
Part2677.Transparency = 0.05000000074505806
Part2677.Size = Vector3.new(8.250000953674316, 0.2499980926513672, 7)
Part2677.Anchored = true
Part2677.CanCollide = false
Part2677.Material = Enum.Material.Fabric
SpecialMesh2678.Name = "TopTreeMesh"
SpecialMesh2678.Parent = Part2677
SpecialMesh2678.MeshId = "rbxassetid://623621456"
SpecialMesh2678.Offset = Vector3.new(0, 3.4100000858306885, 0)
SpecialMesh2678.Scale = Vector3.new(1.600000023841858, 1.600000023841858, 1.600000023841858)
SpecialMesh2678.TextureId = "rbxassetid://745556120"
SpecialMesh2678.MeshType = Enum.MeshType.FileMesh
Model2679.Name = "茂み"
Model2679.Parent = Folder0
Part2680.Name = "TreeMesh Bottom"
Part2680.Parent = Model2679
Part2680.CFrame = CFrame.new(1119.50024, 214.137589, 1705.10571, -0.848025918, 0.00716629252, -0.529906332, 0.0303674545, 0.998922765, -0.0350888744, 0.529083967, -0.0458481833, -0.847329974)
Part2680.Orientation = Vector3.new(2.009999990463257, -147.97999572753906, 1.7400000095367432)
Part2680.Position = Vector3.new(1119.500244140625, 214.13758850097656, 1705.105712890625)
Part2680.Rotation = Vector3.new(177.6300048828125, -32, -179.52000427246094)
Part2680.Size = Vector3.new(8.250000953674316, 0.2499980926513672, 7)
Part2680.Anchored = true
Part2680.CanCollide = false
Part2680.Material = Enum.Material.Fabric
SpecialMesh2681.Name = "BarkMesh"
SpecialMesh2681.Parent = Part2680
SpecialMesh2681.MeshId = "rbxassetid://623621260"
SpecialMesh2681.Offset = Vector3.new(0, 3.4100000858306885, 0)
SpecialMesh2681.TextureId = "rbxassetid://623618671"
SpecialMesh2681.MeshType = Enum.MeshType.FileMesh
Part2682.Name = "TreeMeshTop"
Part2682.Parent = Model2679
Part2682.CFrame = CFrame.new(1119.71716, 244.244675, 1703.72314, -0.848025918, 0.00716629252, -0.529906332, 0.0303674545, 0.998922765, -0.0350888744, 0.529083967, -0.0458481833, -0.847329974)
Part2682.Orientation = Vector3.new(2.009999990463257, -147.97999572753906, 1.7400000095367432)
Part2682.Position = Vector3.new(1119.7171630859375, 244.2446746826172, 1703.72314453125)
Part2682.Rotation = Vector3.new(177.6300048828125, -32, -179.52000427246094)
Part2682.Transparency = 0.05000000074505806
Part2682.Size = Vector3.new(8.250000953674316, 0.2499980926513672, 7)
Part2682.Anchored = true
Part2682.CanCollide = false
Part2682.Material = Enum.Material.Fabric
SpecialMesh2683.Name = "TopTreeMesh"
SpecialMesh2683.Parent = Part2682
SpecialMesh2683.MeshId = "rbxassetid://623621456"
SpecialMesh2683.Offset = Vector3.new(0, 3.4100000858306885, 0)
SpecialMesh2683.Scale = Vector3.new(1.600000023841858, 1.600000023841858, 1.600000023841858)
SpecialMesh2683.TextureId = "rbxassetid://745556120"
SpecialMesh2683.MeshType = Enum.MeshType.FileMesh
Model2684.Name = "茂み"
Model2684.Parent = Folder0
Part2685.Name = "TreeMesh Bottom"
Part2685.Parent = Model2684
Part2685.CFrame = CFrame.new(992.202637, 215.04718, 1601.08459, 0.0160606056, 0.152479425, -0.988176167, 0.103508562, 0.982740104, 0.15332292, 0.994498909, -0.104747154, 4.75589246e-07)
Part2685.Orientation = Vector3.new(-8.819999694824219, -90, 6.010000228881836)
Part2685.Position = Vector3.new(992.20263671875, 215.04718017578125, 1601.0845947265625)
Part2685.Rotation = Vector3.new(-90, -81.18000030517578, -83.98999786376953)
Part2685.Size = Vector3.new(8.250000953674316, 0.2499980926513672, 7)
Part2685.Anchored = true
Part2685.CanCollide = false
Part2685.Material = Enum.Material.Fabric
SpecialMesh2686.Name = "BarkMesh"
SpecialMesh2686.Parent = Part2685
SpecialMesh2686.MeshId = "rbxassetid://623621260"
SpecialMesh2686.Offset = Vector3.new(0, 3.4100000858306885, 0)
SpecialMesh2686.TextureId = "rbxassetid://623618671"
SpecialMesh2686.MeshType = Enum.MeshType.FileMesh
Part2687.Name = "TreeMeshTop"
Part2687.Parent = Model2684
Part2687.CFrame = CFrame.new(996.799316, 244.666443, 1597.92688, 0.0160606056, 0.152479425, -0.988176167, 0.103508562, 0.982740104, 0.15332292, 0.994498909, -0.104747154, 4.75589246e-07)
Part2687.Orientation = Vector3.new(-8.819999694824219, -90, 6.010000228881836)
Part2687.Position = Vector3.new(996.79931640625, 244.66644287109375, 1597.9268798828125)
Part2687.Rotation = Vector3.new(-90, -81.18000030517578, -83.98999786376953)
Part2687.Transparency = 0.05000000074505806
Part2687.Size = Vector3.new(8.250000953674316, 0.2499980926513672, 7)
Part2687.Anchored = true
Part2687.CanCollide = false
Part2687.Material = Enum.Material.Fabric
SpecialMesh2688.Name = "TopTreeMesh"
SpecialMesh2688.Parent = Part2687
SpecialMesh2688.MeshId = "rbxassetid://623621456"
SpecialMesh2688.Offset = Vector3.new(0, 3.4100000858306885, 0)
SpecialMesh2688.Scale = Vector3.new(1.600000023841858, 1.600000023841858, 1.600000023841858)
SpecialMesh2688.TextureId = "rbxassetid://745556120"
SpecialMesh2688.MeshType = Enum.MeshType.FileMesh
Model2689.Name = "茂み"
Model2689.Parent = Folder0
Part2690.Name = "TreeMesh Bottom"
Part2690.Parent = Model2689
Part2690.CFrame = CFrame.new(992.202637, 215.04718, 1601.08459, 0.0160606056, 0.152479425, -0.988176167, 0.103508562, 0.982740104, 0.15332292, 0.994498909, -0.104747154, 4.75589246e-07)
Part2690.Orientation = Vector3.new(-8.819999694824219, -90, 6.010000228881836)
Part2690.Position = Vector3.new(992.20263671875, 215.04718017578125, 1601.0845947265625)
Part2690.Rotation = Vector3.new(-90, -81.18000030517578, -83.98999786376953)
Part2690.Size = Vector3.new(8.250000953674316, 0.2499980926513672, 7)
Part2690.Anchored = true
Part2690.CanCollide = false
Part2690.Material = Enum.Material.Fabric
SpecialMesh2691.Name = "BarkMesh"
SpecialMesh2691.Parent = Part2690
SpecialMesh2691.MeshId = "rbxassetid://623621260"
SpecialMesh2691.Offset = Vector3.new(0, 3.4100000858306885, 0)
SpecialMesh2691.TextureId = "rbxassetid://623618671"
SpecialMesh2691.MeshType = Enum.MeshType.FileMesh
Part2692.Name = "TreeMeshTop"
Part2692.Parent = Model2689
Part2692.CFrame = CFrame.new(996.799316, 244.666443, 1597.92688, 0.0160606056, 0.152479425, -0.988176167, 0.103508562, 0.982740104, 0.15332292, 0.994498909, -0.104747154, 4.75589246e-07)
Part2692.Orientation = Vector3.new(-8.819999694824219, -90, 6.010000228881836)
Part2692.Position = Vector3.new(996.79931640625, 244.66644287109375, 1597.9268798828125)
Part2692.Rotation = Vector3.new(-90, -81.18000030517578, -83.98999786376953)
Part2692.Transparency = 0.05000000074505806
Part2692.Size = Vector3.new(8.250000953674316, 0.2499980926513672, 7)
Part2692.Anchored = true
Part2692.CanCollide = false
Part2692.Material = Enum.Material.Fabric
SpecialMesh2693.Name = "TopTreeMesh"
SpecialMesh2693.Parent = Part2692
SpecialMesh2693.MeshId = "rbxassetid://623621456"
SpecialMesh2693.Offset = Vector3.new(0, 3.4100000858306885, 0)
SpecialMesh2693.Scale = Vector3.new(1.600000023841858, 1.600000023841858, 1.600000023841858)
SpecialMesh2693.TextureId = "rbxassetid://745556120"
SpecialMesh2693.MeshType = Enum.MeshType.FileMesh
Model2694.Name = "茂み"
Model2694.Parent = Folder0
Part2695.Name = "TreeMesh Bottom"
Part2695.Parent = Model2694
Part2695.CFrame = CFrame.new(992.202637, 215.04718, 1601.08459, 0.0160606056, 0.152479425, -0.988176167, 0.103508562, 0.982740104, 0.15332292, 0.994498909, -0.104747154, 4.75589246e-07)
Part2695.Orientation = Vector3.new(-8.819999694824219, -90, 6.010000228881836)
Part2695.Position = Vector3.new(992.20263671875, 215.04718017578125, 1601.0845947265625)
Part2695.Rotation = Vector3.new(-90, -81.18000030517578, -83.98999786376953)
Part2695.Size = Vector3.new(8.250000953674316, 0.2499980926513672, 7)
Part2695.Anchored = true
Part2695.CanCollide = false
Part2695.Material = Enum.Material.Fabric
SpecialMesh2696.Name = "BarkMesh"
SpecialMesh2696.Parent = Part2695
SpecialMesh2696.MeshId = "rbxassetid://623621260"
SpecialMesh2696.Offset = Vector3.new(0, 3.4100000858306885, 0)
SpecialMesh2696.TextureId = "rbxassetid://623618671"
SpecialMesh2696.MeshType = Enum.MeshType.FileMesh
Part2697.Name = "TreeMeshTop"
Part2697.Parent = Model2694
Part2697.CFrame = CFrame.new(996.799316, 244.666443, 1597.92688, 0.0160606056, 0.152479425, -0.988176167, 0.103508562, 0.982740104, 0.15332292, 0.994498909, -0.104747154, 4.75589246e-07)
Part2697.Orientation = Vector3.new(-8.819999694824219, -90, 6.010000228881836)
Part2697.Position = Vector3.new(996.79931640625, 244.66644287109375, 1597.9268798828125)
Part2697.Rotation = Vector3.new(-90, -81.18000030517578, -83.98999786376953)
Part2697.Transparency = 0.05000000074505806
Part2697.Size = Vector3.new(8.250000953674316, 0.2499980926513672, 7)
Part2697.Anchored = true
Part2697.CanCollide = false
Part2697.Material = Enum.Material.Fabric
SpecialMesh2698.Name = "TopTreeMesh"
SpecialMesh2698.Parent = Part2697
SpecialMesh2698.MeshId = "rbxassetid://623621456"
SpecialMesh2698.Offset = Vector3.new(0, 3.4100000858306885, 0)
SpecialMesh2698.Scale = Vector3.new(1.600000023841858, 1.600000023841858, 1.600000023841858)
SpecialMesh2698.TextureId = "rbxassetid://745556120"
SpecialMesh2698.MeshType = Enum.MeshType.FileMesh
Model2699.Name = "茂み"
Model2699.Parent = Folder0
Part2700.Name = "TreeMesh Bottom"
Part2700.Parent = Model2699
Part2700.CFrame = CFrame.new(992.202637, 215.04718, 1601.08459, 0.0160606056, 0.152479425, -0.988176167, 0.103508562, 0.982740104, 0.15332292, 0.994498909, -0.104747154, 4.75589246e-07)
Part2700.Orientation = Vector3.new(-8.819999694824219, -90, 6.010000228881836)
Part2700.Position = Vector3.new(992.20263671875, 215.04718017578125, 1601.0845947265625)
Part2700.Rotation = Vector3.new(-90, -81.18000030517578, -83.98999786376953)
Part2700.Size = Vector3.new(8.250000953674316, 0.2499980926513672, 7)
Part2700.Anchored = true
Part2700.CanCollide = false
Part2700.Material = Enum.Material.Fabric
SpecialMesh2701.Name = "BarkMesh"
SpecialMesh2701.Parent = Part2700
SpecialMesh2701.MeshId = "rbxassetid://623621260"
SpecialMesh2701.Offset = Vector3.new(0, 3.4100000858306885, 0)
SpecialMesh2701.TextureId = "rbxassetid://623618671"
SpecialMesh2701.MeshType = Enum.MeshType.FileMesh
Part2702.Name = "TreeMeshTop"
Part2702.Parent = Model2699
Part2702.CFrame = CFrame.new(996.799316, 244.666443, 1597.92688, 0.0160606056, 0.152479425, -0.988176167, 0.103508562, 0.982740104, 0.15332292, 0.994498909, -0.104747154, 4.75589246e-07)
Part2702.Orientation = Vector3.new(-8.819999694824219, -90, 6.010000228881836)
Part2702.Position = Vector3.new(996.79931640625, 244.66644287109375, 1597.9268798828125)
Part2702.Rotation = Vector3.new(-90, -81.18000030517578, -83.98999786376953)
Part2702.Transparency = 0.05000000074505806
Part2702.Size = Vector3.new(8.250000953674316, 0.2499980926513672, 7)
Part2702.Anchored = true
Part2702.CanCollide = false
Part2702.Material = Enum.Material.Fabric
SpecialMesh2703.Name = "TopTreeMesh"
SpecialMesh2703.Parent = Part2702
SpecialMesh2703.MeshId = "rbxassetid://623621456"
SpecialMesh2703.Offset = Vector3.new(0, 3.4100000858306885, 0)
SpecialMesh2703.Scale = Vector3.new(1.600000023841858, 1.600000023841858, 1.600000023841858)
SpecialMesh2703.TextureId = "rbxassetid://745556120"
SpecialMesh2703.MeshType = Enum.MeshType.FileMesh
Model2704.Name = "茂み"
Model2704.Parent = Folder0
Part2705.Name = "TreeMesh Bottom"
Part2705.Parent = Model2704
Part2705.CFrame = CFrame.new(1033.10132, 269.374634, 1911.86475, 0.0123096658, 0.133895814, -0.990919948, 0.0907136947, 0.9867571, 0.134461597, 0.995805621, -0.0915450752, 4.55489499e-07)
Part2705.Orientation = Vector3.new(-7.730000019073486, -90, 5.25)
Part2705.Position = Vector3.new(1033.101318359375, 269.3746337890625, 1911.86474609375)
Part2705.Rotation = Vector3.new(-90, -82.2699966430664, -84.75)
Part2705.Size = Vector3.new(8.250000953674316, 0.2499980926513672, 7)
Part2705.Anchored = true
Part2705.CanCollide = false
Part2705.Material = Enum.Material.Fabric
SpecialMesh2706.Name = "BarkMesh"
SpecialMesh2706.Parent = Part2705
SpecialMesh2706.MeshId = "rbxassetid://623621260"
SpecialMesh2706.Offset = Vector3.new(0, 3.4100000858306885, 0)
SpecialMesh2706.TextureId = "rbxassetid://623618671"
SpecialMesh2706.MeshType = Enum.MeshType.FileMesh
Part2707.Name = "TreeMeshTop"
Part2707.Parent = Model2704
Part2707.CFrame = CFrame.new(1037.13794, 299.115112, 1909.10498, 0.0123096658, 0.133895814, -0.990919948, 0.0907136947, 0.9867571, 0.134461597, 0.995805621, -0.0915450752, 4.55489499e-07)
Part2707.Orientation = Vector3.new(-7.730000019073486, -90, 5.25)
Part2707.Position = Vector3.new(1037.137939453125, 299.1151123046875, 1909.10498046875)
Part2707.Rotation = Vector3.new(-90, -82.2699966430664, -84.75)
Part2707.Transparency = 0.05000000074505806
Part2707.Size = Vector3.new(8.250000953674316, 0.2499980926513672, 7)
Part2707.Anchored = true
Part2707.CanCollide = false
Part2707.Material = Enum.Material.Fabric
SpecialMesh2708.Name = "TopTreeMesh"
SpecialMesh2708.Parent = Part2707
SpecialMesh2708.MeshId = "rbxassetid://623621456"
SpecialMesh2708.Offset = Vector3.new(0, 3.4100000858306885, 0)
SpecialMesh2708.Scale = Vector3.new(1.600000023841858, 1.600000023841858, 1.600000023841858)
SpecialMesh2708.TextureId = "rbxassetid://745556120"
SpecialMesh2708.MeshType = Enum.MeshType.FileMesh
Model2709.Name = "茂み"
Model2709.Parent = Folder0
Part2710.Name = "TreeMesh Bottom"
Part2710.Parent = Model2709
Part2710.CFrame = CFrame.new(1033.10132, 269.374634, 1911.86475, 0.0123096658, 0.133895814, -0.990919948, 0.0907136947, 0.9867571, 0.134461597, 0.995805621, -0.0915450752, 4.55489499e-07)
Part2710.Orientation = Vector3.new(-7.730000019073486, -90, 5.25)
Part2710.Position = Vector3.new(1033.101318359375, 269.3746337890625, 1911.86474609375)
Part2710.Rotation = Vector3.new(-90, -82.2699966430664, -84.75)
Part2710.Size = Vector3.new(8.250000953674316, 0.2499980926513672, 7)
Part2710.Anchored = true
Part2710.CanCollide = false
Part2710.Material = Enum.Material.Fabric
SpecialMesh2711.Name = "BarkMesh"
SpecialMesh2711.Parent = Part2710
SpecialMesh2711.MeshId = "rbxassetid://623621260"
SpecialMesh2711.Offset = Vector3.new(0, 3.4100000858306885, 0)
SpecialMesh2711.TextureId = "rbxassetid://623618671"
SpecialMesh2711.MeshType = Enum.MeshType.FileMesh
Part2712.Name = "TreeMeshTop"
Part2712.Parent = Model2709
Part2712.CFrame = CFrame.new(1037.13794, 299.115112, 1909.10498, 0.0123096658, 0.133895814, -0.990919948, 0.0907136947, 0.9867571, 0.134461597, 0.995805621, -0.0915450752, 4.55489499e-07)
Part2712.Orientation = Vector3.new(-7.730000019073486, -90, 5.25)
Part2712.Position = Vector3.new(1037.137939453125, 299.1151123046875, 1909.10498046875)
Part2712.Rotation = Vector3.new(-90, -82.2699966430664, -84.75)
Part2712.Transparency = 0.05000000074505806
Part2712.Size = Vector3.new(8.250000953674316, 0.2499980926513672, 7)
Part2712.Anchored = true
Part2712.CanCollide = false
Part2712.Material = Enum.Material.Fabric
SpecialMesh2713.Name = "TopTreeMesh"
SpecialMesh2713.Parent = Part2712
SpecialMesh2713.MeshId = "rbxassetid://623621456"
SpecialMesh2713.Offset = Vector3.new(0, 3.4100000858306885, 0)
SpecialMesh2713.Scale = Vector3.new(1.600000023841858, 1.600000023841858, 1.600000023841858)
SpecialMesh2713.TextureId = "rbxassetid://745556120"
SpecialMesh2713.MeshType = Enum.MeshType.FileMesh
Model2714.Name = "茂み"
Model2714.Parent = Folder0
Part2715.Name = "TreeMesh Bottom"
Part2715.Parent = Model2714
Part2715.CFrame = CFrame.new(1033.10132, 269.374634, 1911.86475, 0.0123096658, 0.133895814, -0.990919948, 0.0907136947, 0.9867571, 0.134461597, 0.995805621, -0.0915450752, 4.55489499e-07)
Part2715.Orientation = Vector3.new(-7.730000019073486, -90, 5.25)
Part2715.Position = Vector3.new(1033.101318359375, 269.3746337890625, 1911.86474609375)
Part2715.Rotation = Vector3.new(-90, -82.2699966430664, -84.75)
Part2715.Size = Vector3.new(8.250000953674316, 0.2499980926513672, 7)
Part2715.Anchored = true
Part2715.CanCollide = false
Part2715.Material = Enum.Material.Fabric
SpecialMesh2716.Name = "BarkMesh"
SpecialMesh2716.Parent = Part2715
SpecialMesh2716.MeshId = "rbxassetid://623621260"
SpecialMesh2716.Offset = Vector3.new(0, 3.4100000858306885, 0)
SpecialMesh2716.TextureId = "rbxassetid://623618671"
SpecialMesh2716.MeshType = Enum.MeshType.FileMesh
Part2717.Name = "TreeMeshTop"
Part2717.Parent = Model2714
Part2717.CFrame = CFrame.new(1037.13794, 299.115112, 1909.10498, 0.0123096658, 0.133895814, -0.990919948, 0.0907136947, 0.9867571, 0.134461597, 0.995805621, -0.0915450752, 4.55489499e-07)
Part2717.Orientation = Vector3.new(-7.730000019073486, -90, 5.25)
Part2717.Position = Vector3.new(1037.137939453125, 299.1151123046875, 1909.10498046875)
Part2717.Rotation = Vector3.new(-90, -82.2699966430664, -84.75)
Part2717.Transparency = 0.05000000074505806
Part2717.Size = Vector3.new(8.250000953674316, 0.2499980926513672, 7)
Part2717.Anchored = true
Part2717.CanCollide = false
Part2717.Material = Enum.Material.Fabric
SpecialMesh2718.Name = "TopTreeMesh"
