SpecialMesh3173 = Instance.new("SpecialMesh")
Part3174 = Instance.new("Part")
SpecialMesh3175 = Instance.new("SpecialMesh")
Model3176 = Instance.new("Model")
Part3177 = Instance.new("Part")
SpecialMesh3178 = Instance.new("SpecialMesh")
Part3179 = Instance.new("Part")
SpecialMesh3180 = Instance.new("SpecialMesh")
Model3181 = Instance.new("Model")
Part3182 = Instance.new("Part")
SpecialMesh3183 = Instance.new("SpecialMesh")
Part3184 = Instance.new("Part")
SpecialMesh3185 = Instance.new("SpecialMesh")
Folder0.Name = "AX+2"
Folder0.Parent = mas
Model1.Name = "茂み"
Model1.Parent = Folder0
Part2.Name = "TreeMesh Bottom"
Part2.Parent = Model1
Part2.CFrame = CFrame.new(2094.28711, 112.254623, 2482.76685, -0.292432755, -4.8471037e-07, -0.956286907, -3.52039933e-07, 1.00000143, -3.85875893e-07, 0.956287563, 2.41333623e-07, -0.29243207)
Part2.Orientation = Vector3.new(0, -107, 0)
Part2.Position = Vector3.new(2094.287109375, 112.25462341308594, 2482.766845703125)
Part2.Rotation = Vector3.new(180, -73, 180)
Part2.Size = Vector3.new(8.250000953674316, 0.2499980926513672, 7)
Part2.Anchored = true
Part2.CanCollide = false
Part2.Material = Enum.Material.Fabric
SpecialMesh3.Name = "BarkMesh"
SpecialMesh3.Parent = Part2
SpecialMesh3.MeshId = "rbxassetid://623621260"
SpecialMesh3.Offset = Vector3.new(0, 3.4100000858306885, 0)
SpecialMesh3.TextureId = "rbxassetid://623618671"
SpecialMesh3.MeshType = Enum.MeshType.FileMesh
Part4.Name = "TreeMeshTop"
Part4.Parent = Model1
Part4.CFrame = CFrame.new(2094.28833, 142.394577, 2482.76636, -0.292432755, -4.8471037e-07, -0.956286907, -3.52039933e-07, 1.00000143, -3.85875893e-07, 0.956287563, 2.41333623e-07, -0.29243207)
Part4.Orientation = Vector3.new(0, -107, 0)
Part4.Position = Vector3.new(2094.288330078125, 142.3945770263672, 2482.766357421875)
Part4.Rotation = Vector3.new(180, -73, 180)
Part4.Transparency = 0.05000000074505806
Part4.Size = Vector3.new(8.250000953674316, 0.2499980926513672, 7)
Part4.Anchored = true
Part4.CanCollide = false
Part4.Material = Enum.Material.Fabric
SpecialMesh5.Name = "TopTreeMesh"
SpecialMesh5.Parent = Part4
SpecialMesh5.MeshId = "rbxassetid://623621456"
SpecialMesh5.Offset = Vector3.new(0, 3.4100000858306885, 0)
SpecialMesh5.Scale = Vector3.new(1.600000023841858, 1.600000023841858, 1.600000023841858)
SpecialMesh5.TextureId = "rbxassetid://745556120"
SpecialMesh5.MeshType = Enum.MeshType.FileMesh
Sound6.Name = "Forest Ambience"
Sound6.Parent = Folder0
Sound6.Looped = true
Sound6.PlayOnRemove = true
Sound6.Playing = true
Sound6.SoundId = "rbxassetid://1524367820"
Sound6.Volume = 0.4000000059604645
Model7.Name = "茂み"
Model7.Parent = Folder0
Part8.Name = "TreeMesh Bottom"
Part8.Parent = Model7
Part8.CFrame = CFrame.new(2709.27954, 196.955139, 2416.65356, -0.627056718, -0.00913918577, -0.778921187, 0.0115848463, 0.999710679, -0.0210559554, 0.778888762, -0.0222269129, -0.626769483)
Part8.Orientation = Vector3.new(1.2100000381469727, -128.82000732421875, 0.6600000262260437)
Part8.Position = Vector3.new(2709.279541015625, 196.95513916015625, 2416.653564453125)
Part8.Rotation = Vector3.new(178.0800018310547, -51.15999984741211, 179.16000366210938)
Part8.Size = Vector3.new(8.250000953674316, 0.2499980926513672, 7)
Part8.Anchored = true
Part8.CanCollide = false
Part8.Material = Enum.Material.Fabric
SpecialMesh9.Name = "BarkMesh"
SpecialMesh9.Parent = Part8
SpecialMesh9.MeshId = "rbxassetid://623621260"
SpecialMesh9.Offset = Vector3.new(0, 3.4100000858306885, 0)
SpecialMesh9.TextureId = "rbxassetid://623618671"
SpecialMesh9.MeshType = Enum.MeshType.FileMesh
Part10.Name = "TreeMeshTop"
Part10.Parent = Model7
Part10.CFrame = CFrame.new(2709.00537, 227.086563, 2415.98438, -0.627056718, -0.00913918577, -0.778921187, 0.0115848463, 0.999710679, -0.0210559554, 0.778888762, -0.0222269129, -0.626769483)
Part10.Orientation = Vector3.new(1.2100000381469727, -128.82000732421875, 0.6600000262260437)
Part10.Position = Vector3.new(2709.00537109375, 227.08656311035156, 2415.984375)
Part10.Rotation = Vector3.new(178.0800018310547, -51.15999984741211, 179.16000366210938)
Part10.Transparency = 0.05000000074505806
Part10.Size = Vector3.new(8.250000953674316, 0.2499980926513672, 7)
Part10.Anchored = true
Part10.CanCollide = false
Part10.Material = Enum.Material.Fabric
SpecialMesh11.Name = "TopTreeMesh"
SpecialMesh11.Parent = Part10
SpecialMesh11.MeshId = "rbxassetid://623621456"
SpecialMesh11.Offset = Vector3.new(0, 3.4100000858306885, 0)
SpecialMesh11.Scale = Vector3.new(1.600000023841858, 1.600000023841858, 1.600000023841858)
SpecialMesh11.TextureId = "rbxassetid://745556120"
SpecialMesh11.MeshType = Enum.MeshType.FileMesh
Model12.Name = "茂み"
Model12.Parent = Folder0
Part13.Name = "TreeMesh Bottom"
Part13.Parent = Model12
Part13.CFrame = CFrame.new(2415.57104, 204.101196, 3191.61963, 0.114296794, 0.021571463, -0.993212461, 0.00589565327, 0.999731898, 0.0223915186, 0.993429184, -0.0084149139, 0.114138976)
Part13.Orientation = Vector3.new(-1.2799999713897705, -83.44000244140625, 0.3400000035762787)
Part13.Position = Vector3.new(2415.571044921875, 204.1011962890625, 3191.61962890625)
Part13.Rotation = Vector3.new(-11.100000381469727, -83.31999969482422, -10.6899995803833)
Part13.Size = Vector3.new(8.250000953674316, 0.2499980926513672, 7)
Part13.Anchored = true
Part13.CanCollide = false
Part13.Material = Enum.Material.Fabric
SpecialMesh14.Name = "BarkMesh"
SpecialMesh14.Parent = Part13
SpecialMesh14.MeshId = "rbxassetid://623621260"
SpecialMesh14.Offset = Vector3.new(0, 3.4100000858306885, 0)
SpecialMesh14.TextureId = "rbxassetid://623618671"
SpecialMesh14.MeshType = Enum.MeshType.FileMesh
Part15.Name = "TreeMeshTop"
Part15.Parent = Model12
Part15.CFrame = CFrame.new(2416.22192, 234.233093, 3191.36499, 0.114296794, 0.021571463, -0.993212461, 0.00589565327, 0.999731898, 0.0223915186, 0.993429184, -0.0084149139, 0.114138976)
Part15.Orientation = Vector3.new(-1.2799999713897705, -83.44000244140625, 0.3400000035762787)
Part15.Position = Vector3.new(2416.221923828125, 234.23309326171875, 3191.364990234375)
Part15.Rotation = Vector3.new(-11.100000381469727, -83.31999969482422, -10.6899995803833)
Part15.Transparency = 0.05000000074505806
Part15.Size = Vector3.new(8.250000953674316, 0.2499980926513672, 7)
Part15.Anchored = true
Part15.CanCollide = false
Part15.Material = Enum.Material.Fabric
SpecialMesh16.Name = "TopTreeMesh"
SpecialMesh16.Parent = Part15
SpecialMesh16.MeshId = "rbxassetid://623621456"
SpecialMesh16.Offset = Vector3.new(0, 3.4100000858306885, 0)
SpecialMesh16.Scale = Vector3.new(1.600000023841858, 1.600000023841858, 1.600000023841858)
SpecialMesh16.TextureId = "rbxassetid://745556120"
SpecialMesh16.MeshType = Enum.MeshType.FileMesh
Model17.Name = "茂み"
Model17.Parent = Folder0
Part18.Name = "TreeMesh Bottom"
Part18.Parent = Model17
Part18.CFrame = CFrame.new(2227.82227, 199.981415, 3060.27832, 0.609613776, 0.0206017476, -0.792430818, -0.00597916497, 0.999753356, 0.0213920046, 0.792676032, -0.00830278546, 0.609586596)
Part18.Orientation = Vector3.new(-1.2300000190734863, -52.43000030517578, -0.3400000035762787)
Part18.Position = Vector3.new(2227.822265625, 199.98141479492188, 3060.2783203125)
Part18.Rotation = Vector3.new(-2.009999990463257, -52.40999984741211, -1.940000057220459)
Part18.Size = Vector3.new(8.250000953674316, 0.2499980926513672, 7)
Part18.Anchored = true
Part18.CanCollide = false
Part18.Material = Enum.Material.Fabric
SpecialMesh19.Name = "BarkMesh"
SpecialMesh19.Parent = Part18
SpecialMesh19.MeshId = "rbxassetid://623621260"
SpecialMesh19.Offset = Vector3.new(0, 3.4100000858306885, 0)
SpecialMesh19.TextureId = "rbxassetid://623618671"
SpecialMesh19.MeshType = Enum.MeshType.FileMesh
Part20.Name = "TreeMeshTop"
Part20.Parent = Model17
Part20.CFrame = CFrame.new(2228.4436, 230.114166, 3060.02637, 0.609613776, 0.0206017476, -0.792430818, -0.00597916497, 0.999753356, 0.0213920046, 0.792676032, -0.00830278546, 0.609586596)
Part20.Orientation = Vector3.new(-1.2300000190734863, -52.43000030517578, -0.3400000035762787)
Part20.Position = Vector3.new(2228.443603515625, 230.11416625976562, 3060.0263671875)
Part20.Rotation = Vector3.new(-2.009999990463257, -52.40999984741211, -1.940000057220459)
Part20.Transparency = 0.05000000074505806
Part20.Size = Vector3.new(8.250000953674316, 0.2499980926513672, 7)
Part20.Anchored = true
Part20.CanCollide = false
Part20.Material = Enum.Material.Fabric
SpecialMesh21.Name = "TopTreeMesh"
SpecialMesh21.Parent = Part20
SpecialMesh21.MeshId = "rbxassetid://623621456"
SpecialMesh21.Offset = Vector3.new(0, 3.4100000858306885, 0)
SpecialMesh21.Scale = Vector3.new(1.600000023841858, 1.600000023841858, 1.600000023841858)
SpecialMesh21.TextureId = "rbxassetid://745556120"
SpecialMesh21.MeshType = Enum.MeshType.FileMesh
Model22.Name = "茂み"
Model22.Parent = Folder0
Part23.Name = "TreeMesh Bottom"
Part23.Parent = Model22
Part23.CFrame = CFrame.new(2345.13965, 205.40097, 3165.49023, 0.114296794, 0.021571463, -0.993212461, 0.00589565327, 0.999731898, 0.0223915186, 0.993429184, -0.0084149139, 0.114138976)
Part23.Orientation = Vector3.new(-1.2799999713897705, -83.44000244140625, 0.3400000035762787)
Part23.Position = Vector3.new(2345.1396484375, 205.40097045898438, 3165.490234375)
Part23.Rotation = Vector3.new(-11.100000381469727, -83.31999969482422, -10.6899995803833)
Part23.Size = Vector3.new(8.250000953674316, 0.2499980926513672, 7)
Part23.Anchored = true
Part23.CanCollide = false
Part23.Material = Enum.Material.Fabric
SpecialMesh24.Name = "BarkMesh"
SpecialMesh24.Parent = Part23
SpecialMesh24.MeshId = "rbxassetid://623621260"
SpecialMesh24.Offset = Vector3.new(0, 3.4100000858306885, 0)
SpecialMesh24.TextureId = "rbxassetid://623618671"
SpecialMesh24.MeshType = Enum.MeshType.FileMesh
Part25.Name = "TreeMeshTop"
Part25.Parent = Model22
Part25.CFrame = CFrame.new(2345.79028, 235.532867, 3165.2356, 0.114296794, 0.021571463, -0.993212461, 0.00589565327, 0.999731898, 0.0223915186, 0.993429184, -0.0084149139, 0.114138976)
Part25.Orientation = Vector3.new(-1.2799999713897705, -83.44000244140625, 0.3400000035762787)
Part25.Position = Vector3.new(2345.790283203125, 235.53286743164062, 3165.235595703125)
Part25.Rotation = Vector3.new(-11.100000381469727, -83.31999969482422, -10.6899995803833)
Part25.Transparency = 0.05000000074505806
Part25.Size = Vector3.new(8.250000953674316, 0.2499980926513672, 7)
Part25.Anchored = true
Part25.CanCollide = false
Part25.Material = Enum.Material.Fabric
SpecialMesh26.Name = "TopTreeMesh"
SpecialMesh26.Parent = Part25
SpecialMesh26.MeshId = "rbxassetid://623621456"
SpecialMesh26.Offset = Vector3.new(0, 3.4100000858306885, 0)
SpecialMesh26.Scale = Vector3.new(1.600000023841858, 1.600000023841858, 1.600000023841858)
SpecialMesh26.TextureId = "rbxassetid://745556120"
SpecialMesh26.MeshType = Enum.MeshType.FileMesh
Model27.Name = "茂み"
Model27.Parent = Folder0
Part28.Name = "TreeMesh Bottom"
Part28.Parent = Model27
Part28.CFrame = CFrame.new(2594.05127, 144.677994, 2407.24609, -0.821532547, -0.0091392789, -0.570090115, 0.00516559277, 0.999710679, -0.023470629, 0.570139885, -0.0222266931, -0.821247935)
Part28.Orientation = Vector3.new(1.340000033378601, -145.22999572753906, 0.30000001192092896)
Part28.Position = Vector3.new(2594.05126953125, 144.67799377441406, 2407.24609375)
Part28.Rotation = Vector3.new(178.36000061035156, -34.7599983215332, 179.36000061035156)
Part28.Size = Vector3.new(8.250000953674316, 0.2499980926513672, 7)
Part28.Anchored = true
Part28.CanCollide = false
Part28.Material = Enum.Material.Fabric
SpecialMesh29.Name = "BarkMesh"
SpecialMesh29.Parent = Part28
SpecialMesh29.MeshId = "rbxassetid://623621260"
SpecialMesh29.Offset = Vector3.new(0, 3.4100000858306885, 0)
SpecialMesh29.TextureId = "rbxassetid://623618671"
SpecialMesh29.MeshType = Enum.MeshType.FileMesh
Part30.Name = "TreeMeshTop"
Part30.Parent = Model27
Part30.CFrame = CFrame.new(2593.77783, 174.809418, 2406.57715, -0.821532547, -0.0091392789, -0.570090115, 0.00516559277, 0.999710679, -0.023470629, 0.570139885, -0.0222266931, -0.821247935)
Part30.Orientation = Vector3.new(1.340000033378601, -145.22999572753906, 0.30000001192092896)
Part30.Position = Vector3.new(2593.77783203125, 174.80941772460938, 2406.5771484375)
Part30.Rotation = Vector3.new(178.36000061035156, -34.7599983215332, 179.36000061035156)
Part30.Transparency = 0.05000000074505806
Part30.Size = Vector3.new(8.250000953674316, 0.2499980926513672, 7)
Part30.Anchored = true
Part30.CanCollide = false
Part30.Material = Enum.Material.Fabric
SpecialMesh31.Name = "TopTreeMesh"
SpecialMesh31.Parent = Part30
SpecialMesh31.MeshId = "rbxassetid://623621456"
SpecialMesh31.Offset = Vector3.new(0, 3.4100000858306885, 0)
SpecialMesh31.Scale = Vector3.new(1.600000023841858, 1.600000023841858, 1.600000023841858)
SpecialMesh31.TextureId = "rbxassetid://745556120"
SpecialMesh31.MeshType = Enum.MeshType.FileMesh
Model32.Name = "茂み"
Model32.Parent = Folder0
Part33.Name = "TreeMesh Bottom"
Part33.Parent = Model32
Part33.CFrame = CFrame.new(2613.25024, 117.254616, 2270.32422, 0.937538385, -1.66162017e-08, 0.347895294, -2.18002487e-08, 0.999997497, -1.21265522e-08, -0.347894579, -1.86066096e-08, 0.937538147)
Part33.Orientation = Vector3.new(0, 20.360000610351562, 0)
Part33.Position = Vector3.new(2613.250244140625, 117.2546157836914, 2270.32421875)
Part33.Rotation = Vector3.new(0, 20.360000610351562, 0)
Part33.Size = Vector3.new(8.250000953674316, 0.2499980926513672, 7)
Part33.Anchored = true
Part33.CanCollide = false
Part33.Material = Enum.Material.Fabric
SpecialMesh34.Name = "BarkMesh"
SpecialMesh34.Parent = Part33
SpecialMesh34.MeshId = "rbxassetid://623621260"
SpecialMesh34.Offset = Vector3.new(0, 3.4100000858306885, 0)
SpecialMesh34.TextureId = "rbxassetid://623618671"
SpecialMesh34.MeshType = Enum.MeshType.FileMesh
Part35.Name = "TreeMeshTop"
Part35.Parent = Model32
Part35.CFrame = CFrame.new(2613.24976, 147.394623, 2270.32275, 0.937538385, -1.66162017e-08, 0.347895294, -2.18002487e-08, 0.999997497, -1.21265522e-08, -0.347894579, -1.86066096e-08, 0.937538147)
Part35.Orientation = Vector3.new(0, 20.360000610351562, 0)
Part35.Position = Vector3.new(2613.249755859375, 147.39462280273438, 2270.32275390625)
Part35.Rotation = Vector3.new(0, 20.360000610351562, 0)
Part35.Transparency = 0.05000000074505806
Part35.Size = Vector3.new(8.250000953674316, 0.2499980926513672, 7)
Part35.Anchored = true
Part35.CanCollide = false
Part35.Material = Enum.Material.Fabric
SpecialMesh36.Name = "TopTreeMesh"
SpecialMesh36.Parent = Part35
SpecialMesh36.MeshId = "rbxassetid://623621456"
SpecialMesh36.Offset = Vector3.new(0, 3.4100000858306885, 0)
SpecialMesh36.Scale = Vector3.new(1.600000023841858, 1.600000023841858, 1.600000023841858)
SpecialMesh36.TextureId = "rbxassetid://745556120"
SpecialMesh36.MeshType = Enum.MeshType.FileMesh
Model37.Name = "茂み"
Model37.Parent = Folder0
Part38.Name = "TreeMesh Bottom"
Part38.Parent = Model37
Part38.CFrame = CFrame.new(2126.33862, 218.36438, 2924.77881, -0.113110855, 0.0355230421, 0.992947161, 0.0261165313, 0.999121726, -0.032768894, -0.993239045, 0.0222258195, -0.113939241)
Part38.Orientation = Vector3.new(1.8799999952316284, 96.55000305175781, 1.5)
Part38.Position = Vector3.new(2126.338623046875, 218.3643798828125, 2924.77880859375)
Part38.Rotation = Vector3.new(163.9499969482422, 83.19000244140625, -162.55999755859375)
Part38.Size = Vector3.new(8.250000953674316, 0.2499980926513672, 7)
Part38.Anchored = true
Part38.CanCollide = false
Part38.Material = Enum.Material.Fabric
SpecialMesh39.Name = "BarkMesh"
SpecialMesh39.Parent = Part38
SpecialMesh39.MeshId = "rbxassetid://623621260"
SpecialMesh39.Offset = Vector3.new(0, 3.4100000858306885, 0)
SpecialMesh39.TextureId = "rbxassetid://623618671"
SpecialMesh39.MeshType = Enum.MeshType.FileMesh
Part40.Name = "TreeMeshTop"
Part40.Parent = Model37
Part40.CFrame = CFrame.new(2127.40845, 248.477966, 2925.44946, -0.113110855, 0.0355230421, 0.992947161, 0.0261165313, 0.999121726, -0.032768894, -0.993239045, 0.0222258195, -0.113939241)
Part40.Orientation = Vector3.new(1.8799999952316284, 96.55000305175781, 1.5)
Part40.Position = Vector3.new(2127.408447265625, 248.47796630859375, 2925.449462890625)
Part40.Rotation = Vector3.new(163.9499969482422, 83.19000244140625, -162.55999755859375)
Part40.Transparency = 0.05000000074505806
Part40.Size = Vector3.new(8.250000953674316, 0.2499980926513672, 7)
Part40.Anchored = true
Part40.CanCollide = false
Part40.Material = Enum.Material.Fabric
SpecialMesh41.Name = "TopTreeMesh"
SpecialMesh41.Parent = Part40
SpecialMesh41.MeshId = "rbxassetid://623621456"
SpecialMesh41.Offset = Vector3.new(0, 3.4100000858306885, 0)
SpecialMesh41.Scale = Vector3.new(1.600000023841858, 1.600000023841858, 1.600000023841858)
SpecialMesh41.TextureId = "rbxassetid://745556120"
SpecialMesh41.MeshType = Enum.MeshType.FileMesh
Model42.Name = "茂み"
Model42.Parent = Folder0
Part43.Name = "TreeMesh Bottom"
Part43.Parent = Model42
Part43.CFrame = CFrame.new(2164.2063, 204.249023, 3005.75146, -0.60787791, 0.0660233796, 0.791280925, 0.0460158512, 0.997791469, -0.0479040332, -0.792696118, 0.00729165738, -0.609573483)
Part43.Orientation = Vector3.new(2.75, 127.61000061035156, 2.640000104904175)
Part43.Position = Vector3.new(2164.206298828125, 204.2490234375, 3005.75146484375)
Part43.Rotation = Vector3.new(175.50999450683594, 52.310001373291016, -173.8000030517578)
Part43.Size = Vector3.new(8.250000953674316, 0.2499980926513672, 7)
Part43.Anchored = true
Part43.CanCollide = false
Part43.Material = Enum.Material.Fabric
SpecialMesh44.Name = "BarkMesh"
SpecialMesh44.Parent = Part43
SpecialMesh44.MeshId = "rbxassetid://623621260"
SpecialMesh44.Offset = Vector3.new(0, 3.4100000858306885, 0)
SpecialMesh44.TextureId = "rbxassetid://623618671"
SpecialMesh44.MeshType = Enum.MeshType.FileMesh
Part45.Name = "TreeMeshTop"
Part45.Parent = Model42
Part45.CFrame = CFrame.new(2166.19604, 234.322723, 3005.97266, -0.60787791, 0.0660233796, 0.791280925, 0.0460158512, 0.997791469, -0.0479040332, -0.792696118, 0.00729165738, -0.609573483)
Part45.Orientation = Vector3.new(2.75, 127.61000061035156, 2.640000104904175)
Part45.Position = Vector3.new(2166.196044921875, 234.32272338867188, 3005.97265625)
Part45.Rotation = Vector3.new(175.50999450683594, 52.310001373291016, -173.8000030517578)
Part45.Transparency = 0.05000000074505806
Part45.Size = Vector3.new(8.250000953674316, 0.2499980926513672, 7)
Part45.Anchored = true
Part45.CanCollide = false
Part45.Material = Enum.Material.Fabric
SpecialMesh46.Name = "TopTreeMesh"
SpecialMesh46.Parent = Part45
SpecialMesh46.MeshId = "rbxassetid://623621456"
SpecialMesh46.Offset = Vector3.new(0, 3.4100000858306885, 0)
SpecialMesh46.Scale = Vector3.new(1.600000023841858, 1.600000023841858, 1.600000023841858)
SpecialMesh46.TextureId = "rbxassetid://745556120"
SpecialMesh46.MeshType = Enum.MeshType.FileMesh
Model47.Name = "茂み"
Model47.Parent = Folder0
Part48.Name = "TreeMesh Bottom"
Part48.Parent = Model47
Part48.CFrame = CFrame.new(2561.37793, 208.994339, 2769.90137, -0.671342373, -0.00841493905, -0.741099596, 0.0103399893, 0.999731898, -0.0207183436, 0.741075277, -0.0215720646, -0.671075344)
Part48.Orientation = Vector3.new(1.190000057220459, -132.16000366210938, 0.5899999737739563)
Part48.Position = Vector3.new(2561.3779296875, 208.9943389892578, 2769.9013671875)
Part48.Rotation = Vector3.new(178.22999572753906, -47.83000183105469, 179.27999877929688)
Part48.Size = Vector3.new(8.250000953674316, 0.2499980926513672, 7)
Part48.Anchored = true
Part48.CanCollide = false
Part48.Material = Enum.Material.Fabric
SpecialMesh49.Name = "BarkMesh"
SpecialMesh49.Parent = Part48
SpecialMesh49.MeshId = "rbxassetid://623621260"
SpecialMesh49.Offset = Vector3.new(0, 3.4100000858306885, 0)
SpecialMesh49.TextureId = "rbxassetid://623618671"
SpecialMesh49.MeshType = Enum.MeshType.FileMesh
Part50.Name = "TreeMeshTop"
Part50.Parent = Model47
Part50.CFrame = CFrame.new(2561.125, 239.126144, 2769.25073, -0.671342373, -0.00841493905, -0.741099596, 0.0103399893, 0.999731898, -0.0207183436, 0.741075277, -0.0215720646, -0.671075344)
Part50.Orientation = Vector3.new(1.190000057220459, -132.16000366210938, 0.5899999737739563)
Part50.Position = Vector3.new(2561.125, 239.1261444091797, 2769.250732421875)
Part50.Rotation = Vector3.new(178.22999572753906, -47.83000183105469, 179.27999877929688)
Part50.Transparency = 0.05000000074505806
Part50.Size = Vector3.new(8.250000953674316, 0.2499980926513672, 7)
Part50.Anchored = true
Part50.CanCollide = false
Part50.Material = Enum.Material.Fabric
SpecialMesh51.Name = "TopTreeMesh"
SpecialMesh51.Parent = Part50
SpecialMesh51.MeshId = "rbxassetid://623621456"
SpecialMesh51.Offset = Vector3.new(0, 3.4100000858306885, 0)
SpecialMesh51.Scale = Vector3.new(1.600000023841858, 1.600000023841858, 1.600000023841858)
SpecialMesh51.TextureId = "rbxassetid://745556120"
SpecialMesh51.MeshType = Enum.MeshType.FileMesh
Model52.Name = "茂み"
Model52.Parent = Folder0
Part53.Name = "TreeMesh Bottom"
Part53.Parent = Model52
Part53.CFrame = CFrame.new(2274.3457, 206.751328, 3152.43188, 0.114296794, 0.021571463, -0.993212461, 0.00589565327, 0.999731898, 0.0223915186, 0.993429184, -0.0084149139, 0.114138976)
Part53.Orientation = Vector3.new(-1.2799999713897705, -83.44000244140625, 0.3400000035762787)
Part53.Position = Vector3.new(2274.345703125, 206.75132751464844, 3152.431884765625)
Part53.Rotation = Vector3.new(-11.100000381469727, -83.31999969482422, -10.6899995803833)
Part53.Size = Vector3.new(8.250000953674316, 0.2499980926513672, 7)
Part53.Anchored = true
Part53.CanCollide = false
Part53.Material = Enum.Material.Fabric
SpecialMesh54.Name = "BarkMesh"
SpecialMesh54.Parent = Part53
SpecialMesh54.MeshId = "rbxassetid://623621260"
SpecialMesh54.Offset = Vector3.new(0, 3.4100000858306885, 0)
SpecialMesh54.TextureId = "rbxassetid://623618671"
SpecialMesh54.MeshType = Enum.MeshType.FileMesh
Part55.Name = "TreeMeshTop"
Part55.Parent = Model52
Part55.CFrame = CFrame.new(2274.99658, 236.88324, 3152.17773, 0.114296794, 0.021571463, -0.993212461, 0.00589565327, 0.999731898, 0.0223915186, 0.993429184, -0.0084149139, 0.114138976)
Part55.Orientation = Vector3.new(-1.2799999713897705, -83.44000244140625, 0.3400000035762787)
Part55.Position = Vector3.new(2274.99658203125, 236.88323974609375, 3152.177734375)
Part55.Rotation = Vector3.new(-11.100000381469727, -83.31999969482422, -10.6899995803833)
Part55.Transparency = 0.05000000074505806
Part55.Size = Vector3.new(8.250000953674316, 0.2499980926513672, 7)
Part55.Anchored = true
Part55.CanCollide = false
Part55.Material = Enum.Material.Fabric
SpecialMesh56.Name = "TopTreeMesh"
SpecialMesh56.Parent = Part55
SpecialMesh56.MeshId = "rbxassetid://623621456"
SpecialMesh56.Offset = Vector3.new(0, 3.4100000858306885, 0)
SpecialMesh56.Scale = Vector3.new(1.600000023841858, 1.600000023841858, 1.600000023841858)
SpecialMesh56.TextureId = "rbxassetid://745556120"
SpecialMesh56.MeshType = Enum.MeshType.FileMesh
Model57.Name = "茂み"
Model57.Parent = Folder0
Part58.Name = "TreeMesh Bottom"
Part58.Parent = Model57
Part58.CFrame = CFrame.new(2676.33325, 182.597626, 2369.3103, -0.627056718, -0.00913918577, -0.778921187, 0.0115848463, 0.999710679, -0.0210559554, 0.778888762, -0.0222269129, -0.626769483)
Part58.Orientation = Vector3.new(1.2100000381469727, -128.82000732421875, 0.6600000262260437)
Part58.Position = Vector3.new(2676.333251953125, 182.59762573242188, 2369.310302734375)
Part58.Rotation = Vector3.new(178.0800018310547, -51.15999984741211, 179.16000366210938)
Part58.Size = Vector3.new(8.250000953674316, 0.2499980926513672, 7)
Part58.Anchored = true
Part58.CanCollide = false
Part58.Material = Enum.Material.Fabric
SpecialMesh59.Name = "BarkMesh"
SpecialMesh59.Parent = Part58
SpecialMesh59.MeshId = "rbxassetid://623621260"
SpecialMesh59.Offset = Vector3.new(0, 3.4100000858306885, 0)
SpecialMesh59.TextureId = "rbxassetid://623618671"
SpecialMesh59.MeshType = Enum.MeshType.FileMesh
Part60.Name = "TreeMeshTop"
Part60.Parent = Model57
Part60.CFrame = CFrame.new(2676.05908, 212.729034, 2368.64111, -0.627056718, -0.00913918577, -0.778921187, 0.0115848463, 0.999710679, -0.0210559554, 0.778888762, -0.0222269129, -0.626769483)
Part60.Orientation = Vector3.new(1.2100000381469727, -128.82000732421875, 0.6600000262260437)
Part60.Position = Vector3.new(2676.05908203125, 212.72903442382812, 2368.64111328125)
Part60.Rotation = Vector3.new(178.0800018310547, -51.15999984741211, 179.16000366210938)
Part60.Transparency = 0.05000000074505806
Part60.Size = Vector3.new(8.250000953674316, 0.2499980926513672, 7)
Part60.Anchored = true
Part60.CanCollide = false
Part60.Material = Enum.Material.Fabric
SpecialMesh61.Name = "TopTreeMesh"
SpecialMesh61.Parent = Part60
SpecialMesh61.MeshId = "rbxassetid://623621456"
SpecialMesh61.Offset = Vector3.new(0, 3.4100000858306885, 0)
SpecialMesh61.Scale = Vector3.new(1.600000023841858, 1.600000023841858, 1.600000023841858)
SpecialMesh61.TextureId = "rbxassetid://745556120"
SpecialMesh61.MeshType = Enum.MeshType.FileMesh
Model62.Name = "茂み"
Model62.Parent = Folder0
Part63.Name = "TreeMesh Bottom"
Part63.Parent = Model62
Part63.CFrame = CFrame.new(2548.38452, 145.998474, 2485.41626, -0.348064989, -0.00913917553, -0.937426031, 0.0176572688, 0.999711096, -0.0163025297, 0.937304378, -0.0222267155, -0.347803026)
Part63.Orientation = Vector3.new(0.9300000071525574, -110.36000061035156, 1.0099999904632568)
Part63.Position = Vector3.new(2548.384521484375, 145.99847412109375, 2485.416259765625)
Part63.Rotation = Vector3.new(177.32000732421875, -69.62000274658203, 178.5)
Part63.Size = Vector3.new(8.250000953674316, 0.2499980926513672, 7)
Part63.Anchored = true
Part63.CanCollide = false
Part63.Material = Enum.Material.Fabric
SpecialMesh64.Name = "BarkMesh"
SpecialMesh64.Parent = Part63
SpecialMesh64.MeshId = "rbxassetid://623621260"
SpecialMesh64.Offset = Vector3.new(0, 3.4100000858306885, 0)
SpecialMesh64.TextureId = "rbxassetid://623618671"
SpecialMesh64.MeshType = Enum.MeshType.FileMesh
Part65.Name = "TreeMeshTop"
Part65.Parent = Model62
Part65.CFrame = CFrame.new(2548.11035, 176.129883, 2484.74658, -0.348064989, -0.00913917553, -0.937426031, 0.0176572688, 0.999711096, -0.0163025297, 0.937304378, -0.0222267155, -0.347803026)
Part65.Orientation = Vector3.new(0.9300000071525574, -110.36000061035156, 1.0099999904632568)
Part65.Position = Vector3.new(2548.1103515625, 176.1298828125, 2484.74658203125)
Part65.Rotation = Vector3.new(177.32000732421875, -69.62000274658203, 178.5)
Part65.Transparency = 0.05000000074505806
Part65.Size = Vector3.new(8.250000953674316, 0.2499980926513672, 7)
Part65.Anchored = true
Part65.CanCollide = false
Part65.Material = Enum.Material.Fabric
SpecialMesh66.Name = "TopTreeMesh"
SpecialMesh66.Parent = Part65
SpecialMesh66.MeshId = "rbxassetid://623621456"
SpecialMesh66.Offset = Vector3.new(0, 3.4100000858306885, 0)
SpecialMesh66.Scale = Vector3.new(1.600000023841858, 1.600000023841858, 1.600000023841858)
SpecialMesh66.TextureId = "rbxassetid://745556120"
SpecialMesh66.MeshType = Enum.MeshType.FileMesh
Model67.Name = "茂み"
Model67.Parent = Folder0
Part68.Name = "TreeMesh Bottom"
Part68.Parent = Model67
Part68.CFrame = CFrame.new(2648.17578, 143.435104, 2329.09229, -0.627056718, -0.00913918577, -0.778921187, 0.0115848463, 0.999710679, -0.0210559554, 0.778888762, -0.0222269129, -0.626769483)
Part68.Orientation = Vector3.new(1.2100000381469727, -128.82000732421875, 0.6600000262260437)
Part68.Position = Vector3.new(2648.17578125, 143.4351043701172, 2329.09228515625)
Part68.Rotation = Vector3.new(178.0800018310547, -51.15999984741211, 179.16000366210938)
Part68.Size = Vector3.new(8.250000953674316, 0.2499980926513672, 7)
Part68.Anchored = true
Part68.CanCollide = false
Part68.Material = Enum.Material.Fabric
SpecialMesh69.Name = "BarkMesh"
SpecialMesh69.Parent = Part68
SpecialMesh69.MeshId = "rbxassetid://623621260"
SpecialMesh69.Offset = Vector3.new(0, 3.4100000858306885, 0)
SpecialMesh69.TextureId = "rbxassetid://623618671"
SpecialMesh69.MeshType = Enum.MeshType.FileMesh
Part70.Name = "TreeMeshTop"
Part70.Parent = Model67
Part70.CFrame = CFrame.new(2647.90161, 173.566513, 2328.4231, -0.627056718, -0.00913918577, -0.778921187, 0.0115848463, 0.999710679, -0.0210559554, 0.778888762, -0.0222269129, -0.626769483)
Part70.Orientation = Vector3.new(1.2100000381469727, -128.82000732421875, 0.6600000262260437)
Part70.Position = Vector3.new(2647.901611328125, 173.56651306152344, 2328.423095703125)
Part70.Rotation = Vector3.new(178.0800018310547, -51.15999984741211, 179.16000366210938)
Part70.Transparency = 0.05000000074505806
Part70.Size = Vector3.new(8.250000953674316, 0.2499980926513672, 7)
Part70.Anchored = true
Part70.CanCollide = false
Part70.Material = Enum.Material.Fabric
SpecialMesh71.Name = "TopTreeMesh"
SpecialMesh71.Parent = Part70
SpecialMesh71.MeshId = "rbxassetid://623621456"
SpecialMesh71.Offset = Vector3.new(0, 3.4100000858306885, 0)
SpecialMesh71.Scale = Vector3.new(1.600000023841858, 1.600000023841858, 1.600000023841858)
SpecialMesh71.TextureId = "rbxassetid://745556120"
SpecialMesh71.MeshType = Enum.MeshType.FileMesh
Model72.Name = "茂み"
Model72.Parent = Folder0
Part73.Name = "TreeMesh Bottom"
Part73.Parent = Model72
Part73.CFrame = CFrame.new(2344.7771, 205.451584, 3178.56177, 0.114296794, 0.021571463, -0.993212461, 0.00589565327, 0.999731898, 0.0223915186, 0.993429184, -0.0084149139, 0.114138976)
Part73.Orientation = Vector3.new(-1.2799999713897705, -83.44000244140625, 0.3400000035762787)
Part73.Position = Vector3.new(2344.777099609375, 205.4515838623047, 3178.561767578125)
Part73.Rotation = Vector3.new(-11.100000381469727, -83.31999969482422, -10.6899995803833)
Part73.Size = Vector3.new(8.250000953674316, 0.2499980926513672, 7)
Part73.Anchored = true
Part73.CanCollide = false
Part73.Material = Enum.Material.Fabric
SpecialMesh74.Name = "BarkMesh"
SpecialMesh74.Parent = Part73
SpecialMesh74.MeshId = "rbxassetid://623621260"
SpecialMesh74.Offset = Vector3.new(0, 3.4100000858306885, 0)
SpecialMesh74.TextureId = "rbxassetid://623618671"
SpecialMesh74.MeshType = Enum.MeshType.FileMesh
Part75.Name = "TreeMeshTop"
Part75.Parent = Model72
Part75.CFrame = CFrame.new(2345.42773, 235.583466, 3178.30737, 0.114296794, 0.021571463, -0.993212461, 0.00589565327, 0.999731898, 0.0223915186, 0.993429184, -0.0084149139, 0.114138976)
Part75.Orientation = Vector3.new(-1.2799999713897705, -83.44000244140625, 0.3400000035762787)
Part75.Position = Vector3.new(2345.427734375, 235.58346557617188, 3178.307373046875)
Part75.Rotation = Vector3.new(-11.100000381469727, -83.31999969482422, -10.6899995803833)
Part75.Transparency = 0.05000000074505806
Part75.Size = Vector3.new(8.250000953674316, 0.2499980926513672, 7)
Part75.Anchored = true
Part75.CanCollide = false
Part75.Material = Enum.Material.Fabric
SpecialMesh76.Name = "TopTreeMesh"
SpecialMesh76.Parent = Part75
SpecialMesh76.MeshId = "rbxassetid://623621456"
SpecialMesh76.Offset = Vector3.new(0, 3.4100000858306885, 0)
SpecialMesh76.Scale = Vector3.new(1.600000023841858, 1.600000023841858, 1.600000023841858)
SpecialMesh76.TextureId = "rbxassetid://745556120"
SpecialMesh76.MeshType = Enum.MeshType.FileMesh
Model77.Name = "茂み"
Model77.Parent = Folder0
Part78.Name = "TreeMesh Bottom"
Part78.Parent = Model77
Part78.CFrame = CFrame.new(2561.5022, 186.804932, 2605.75562, -0.598671317, -0.00913919229, -0.800942957, 0.0123333726, 0.999711096, -0.020625934, 0.800900042, -0.022226477, -0.598385692)
Part78.Orientation = Vector3.new(1.1799999475479126, -126.76000213623047, 0.7099999785423279)
Part78.Position = Vector3.new(2561.502197265625, 186.804931640625, 2605.755615234375)
Part78.Rotation = Vector3.new(178.02999877929688, -53.220001220703125, 179.1300048828125)
Part78.Size = Vector3.new(8.250000953674316, 0.2499980926513672, 7)
Part78.Anchored = true
Part78.CanCollide = false
Part78.Material = Enum.Material.Fabric
SpecialMesh79.Name = "BarkMesh"
SpecialMesh79.Parent = Part78
SpecialMesh79.MeshId = "rbxassetid://623621260"
SpecialMesh79.Offset = Vector3.new(0, 3.4100000858306885, 0)
SpecialMesh79.TextureId = "rbxassetid://623618671"
SpecialMesh79.MeshType = Enum.MeshType.FileMesh
Part80.Name = "TreeMeshTop"
Part80.Parent = Model77
Part80.CFrame = CFrame.new(2561.22876, 216.93634, 2605.08594, -0.598671317, -0.00913919229, -0.800942957, 0.0123333726, 0.999711096, -0.020625934, 0.800900042, -0.022226477, -0.598385692)
Part80.Orientation = Vector3.new(1.1799999475479126, -126.76000213623047, 0.7099999785423279)
Part80.Position = Vector3.new(2561.228759765625, 216.93634033203125, 2605.0859375)
Part80.Rotation = Vector3.new(178.02999877929688, -53.220001220703125, 179.1300048828125)
Part80.Transparency = 0.05000000074505806
Part80.Size = Vector3.new(8.250000953674316, 0.2499980926513672, 7)
Part80.Anchored = true
Part80.CanCollide = false
Part80.Material = Enum.Material.Fabric
SpecialMesh81.Name = "TopTreeMesh"
SpecialMesh81.Parent = Part80
SpecialMesh81.MeshId = "rbxassetid://623621456"
SpecialMesh81.Offset = Vector3.new(0, 3.4100000858306885, 0)
SpecialMesh81.Scale = Vector3.new(1.600000023841858, 1.600000023841858, 1.600000023841858)
SpecialMesh81.TextureId = "rbxassetid://745556120"
SpecialMesh81.MeshType = Enum.MeshType.FileMesh
Model82.Name = "茂み"
Model82.Parent = Folder0
Part83.Name = "TreeMesh Bottom"
Part83.Parent = Model82
Part83.CFrame = CFrame.new(2634.42041, 199.211304, 2548.90845, -0.348064989, -0.00913917553, -0.937426031, 0.0176572688, 0.999711096, -0.0163025297, 0.937304378, -0.0222267155, -0.347803026)
Part83.Orientation = Vector3.new(0.9300000071525574, -110.36000061035156, 1.0099999904632568)
Part83.Position = Vector3.new(2634.42041015625, 199.2113037109375, 2548.908447265625)
Part83.Rotation = Vector3.new(177.32000732421875, -69.62000274658203, 178.5)
Part83.Size = Vector3.new(8.250000953674316, 0.2499980926513672, 7)
Part83.Anchored = true
Part83.CanCollide = false
Part83.Material = Enum.Material.Fabric
SpecialMesh84.Name = "BarkMesh"
SpecialMesh84.Parent = Part83
SpecialMesh84.MeshId = "rbxassetid://623621260"
SpecialMesh84.Offset = Vector3.new(0, 3.4100000858306885, 0)
SpecialMesh84.TextureId = "rbxassetid://623618671"
SpecialMesh84.MeshType = Enum.MeshType.FileMesh
Part85.Name = "TreeMeshTop"
Part85.Parent = Model82
Part85.CFrame = CFrame.new(2634.14624, 229.342712, 2548.23877, -0.348064989, -0.00913917553, -0.937426031, 0.0176572688, 0.999711096, -0.0163025297, 0.937304378, -0.0222267155, -0.347803026)
Part85.Orientation = Vector3.new(0.9300000071525574, -110.36000061035156, 1.0099999904632568)
Part85.Position = Vector3.new(2634.146240234375, 229.34271240234375, 2548.23876953125)
Part85.Rotation = Vector3.new(177.32000732421875, -69.62000274658203, 178.5)
Part85.Transparency = 0.05000000074505806
Part85.Size = Vector3.new(8.250000953674316, 0.2499980926513672, 7)
Part85.Anchored = true
Part85.CanCollide = false
Part85.Material = Enum.Material.Fabric
SpecialMesh86.Name = "TopTreeMesh"
SpecialMesh86.Parent = Part85
SpecialMesh86.MeshId = "rbxassetid://623621456"
SpecialMesh86.Offset = Vector3.new(0, 3.4100000858306885, 0)
SpecialMesh86.Scale = Vector3.new(1.600000023841858, 1.600000023841858, 1.600000023841858)
SpecialMesh86.TextureId = "rbxassetid://745556120"
SpecialMesh86.MeshType = Enum.MeshType.FileMesh
Model87.Name = "茂み"
Model87.Parent = Folder0
Part88.Name = "TreeMesh Bottom"
Part88.Parent = Model87
Part88.CFrame = CFrame.new(2420.23486, 196.745804, 2770.65015, 0.980866373, -0.0222268291, -0.193409592, 0.0200374946, 0.999711156, -0.0132687651, 0.193648666, 0.00913944095, 0.981028378)
Part88.Orientation = Vector3.new(0.7599999904632568, -11.149999618530273, 1.149999976158142)
Part88.Position = Vector3.new(2420.23486328125, 196.7458038330078, 2770.650146484375)
Part88.Rotation = Vector3.new(0.7699999809265137, -11.149999618530273, 1.2999999523162842)
Part88.Size = Vector3.new(8.250000953674316, 0.2499980926513672, 7)
Part88.Anchored = true
Part88.CanCollide = false
Part88.Material = Enum.Material.Fabric
SpecialMesh89.Name = "BarkMesh"
SpecialMesh89.Parent = Part88
SpecialMesh89.MeshId = "rbxassetid://623621260"
SpecialMesh89.Offset = Vector3.new(0, 3.4100000858306885, 0)
SpecialMesh89.TextureId = "rbxassetid://623618671"
SpecialMesh89.MeshType = Enum.MeshType.FileMesh
Part90.Name = "TreeMeshTop"
Part90.Parent = Model87
Part90.CFrame = CFrame.new(2419.5647, 226.877197, 2770.92432, 0.980866373, -0.0222268291, -0.193409592, 0.0200374946, 0.999711156, -0.0132687651, 0.193648666, 0.00913944095, 0.981028378)
Part90.Orientation = Vector3.new(0.7599999904632568, -11.149999618530273, 1.149999976158142)
Part90.Position = Vector3.new(2419.564697265625, 226.877197265625, 2770.92431640625)
Part90.Rotation = Vector3.new(0.7699999809265137, -11.149999618530273, 1.2999999523162842)
Part90.Transparency = 0.05000000074505806
Part90.Size = Vector3.new(8.250000953674316, 0.2499980926513672, 7)
Part90.Anchored = true
Part90.CanCollide = false
Part90.Material = Enum.Material.Fabric
SpecialMesh91.Name = "TopTreeMesh"
SpecialMesh91.Parent = Part90
SpecialMesh91.MeshId = "rbxassetid://623621456"
SpecialMesh91.Offset = Vector3.new(0, 3.4100000858306885, 0)
SpecialMesh91.Scale = Vector3.new(1.600000023841858, 1.600000023841858, 1.600000023841858)
SpecialMesh91.TextureId = "rbxassetid://745556120"
SpecialMesh91.MeshType = Enum.MeshType.FileMesh
Model92.Name = "茂み"
Model92.Parent = Folder0
Part93.Name = "TreeMesh Bottom"
Part93.Parent = Model92
Part93.CFrame = CFrame.new(2351.81738, 141.085022, 2687.84863, -0.980866253, 0.0222262386, 0.193410009, 0.0200370047, 0.999711215, -0.0132681839, -0.193649039, -0.00913895573, -0.981028378)
Part93.Orientation = Vector3.new(0.7599999904632568, 168.85000610351562, 1.149999976158142)
Part93.Position = Vector3.new(2351.8173828125, 141.08502197265625, 2687.8486328125)
Part93.Rotation = Vector3.new(179.22999572753906, 11.149999618530273, -178.6999969482422)
Part93.Size = Vector3.new(8.250000953674316, 0.2499980926513672, 7)
Part93.Anchored = true
Part93.CanCollide = false
Part93.Material = Enum.Material.Fabric
SpecialMesh94.Name = "BarkMesh"
SpecialMesh94.Parent = Part93
SpecialMesh94.MeshId = "rbxassetid://623621260"
SpecialMesh94.Offset = Vector3.new(0, 3.4100000858306885, 0)
SpecialMesh94.TextureId = "rbxassetid://623618671"
SpecialMesh94.MeshType = Enum.MeshType.FileMesh
Part95.Name = "TreeMeshTop"
Part95.Parent = Model92
Part95.CFrame = CFrame.new(2352.48755, 171.216415, 2687.57446, -0.980866253, 0.0222262386, 0.193410009, 0.0200370047, 0.999711215, -0.0132681839, -0.193649039, -0.00913895573, -0.981028378)
Part95.Orientation = Vector3.new(0.7599999904632568, 168.85000610351562, 1.149999976158142)
Part95.Position = Vector3.new(2352.487548828125, 171.21641540527344, 2687.574462890625)
Part95.Rotation = Vector3.new(179.22999572753906, 11.149999618530273, -178.6999969482422)
Part95.Transparency = 0.05000000074505806
Part95.Size = Vector3.new(8.250000953674316, 0.2499980926513672, 7)
Part95.Anchored = true
Part95.CanCollide = false
Part95.Material = Enum.Material.Fabric
SpecialMesh96.Name = "TopTreeMesh"
SpecialMesh96.Parent = Part95
SpecialMesh96.MeshId = "rbxassetid://623621456"
SpecialMesh96.Offset = Vector3.new(0, 3.4100000858306885, 0)
SpecialMesh96.Scale = Vector3.new(1.600000023841858, 1.600000023841858, 1.600000023841858)
SpecialMesh96.TextureId = "rbxassetid://745556120"
SpecialMesh96.MeshType = Enum.MeshType.FileMesh
Model97.Name = "茂み"
Model97.Parent = Folder0
Part98.Name = "TreeMesh Bottom"
Part98.Parent = Model97
Part98.CFrame = CFrame.new(2655.15527, 198.198059, 2494.80762, -0.821532547, -0.0091392789, -0.570090115, 0.00516559277, 0.999710679, -0.023470629, 0.570139885, -0.0222266931, -0.821247935)
Part98.Orientation = Vector3.new(1.340000033378601, -145.22999572753906, 0.30000001192092896)
Part98.Position = Vector3.new(2655.1552734375, 198.19805908203125, 2494.8076171875)
Part98.Rotation = Vector3.new(178.36000061035156, -34.7599983215332, 179.36000061035156)
Part98.Size = Vector3.new(8.250000953674316, 0.2499980926513672, 7)
Part98.Anchored = true
