Model297.Name = "茂み"
Model297.Parent = Folder0
Part298.Name = "TreeMesh Bottom"
Part298.Parent = Model297
Part298.CFrame = CFrame.new(2430.44067, 112.2547, 2345.21484, 0, 0, -1, 0, 1, 0, 1, 0, 0)
Part298.Orientation = Vector3.new(0, -90, 0)
Part298.Position = Vector3.new(2430.440673828125, 112.25469970703125, 2345.21484375)
Part298.Rotation = Vector3.new(0, -90, 0)
Part298.Size = Vector3.new(8.250000953674316, 0.2499980926513672, 7)
Part298.Anchored = true
Part298.CanCollide = false
Part298.Material = Enum.Material.Fabric
SpecialMesh299.Name = "BarkMesh"
SpecialMesh299.Parent = Part298
SpecialMesh299.MeshId = "rbxassetid://623621260"
SpecialMesh299.Offset = Vector3.new(0, 3.4100000858306885, 0)
SpecialMesh299.TextureId = "rbxassetid://623618671"
SpecialMesh299.MeshType = Enum.MeshType.FileMesh
Part300.Name = "TreeMeshTop"
Part300.Parent = Model297
Part300.CFrame = CFrame.new(2430.44116, 142.394562, 2345.21436, 0, 0, -1, 0, 1, 0, 1, 0, 0)
Part300.Orientation = Vector3.new(0, -90, 0)
Part300.Position = Vector3.new(2430.441162109375, 142.39456176757812, 2345.21435546875)
Part300.Rotation = Vector3.new(0, -90, 0)
Part300.Transparency = 0.05000000074505806
Part300.Size = Vector3.new(8.250000953674316, 0.2499980926513672, 7)
Part300.Anchored = true
Part300.CanCollide = false
Part300.Material = Enum.Material.Fabric
SpecialMesh301.Name = "TopTreeMesh"
SpecialMesh301.Parent = Part300
SpecialMesh301.MeshId = "rbxassetid://623621456"
SpecialMesh301.Offset = Vector3.new(0, 3.4100000858306885, 0)
SpecialMesh301.Scale = Vector3.new(1.600000023841858, 1.600000023841858, 1.600000023841858)
SpecialMesh301.TextureId = "rbxassetid://745556120"
SpecialMesh301.MeshType = Enum.MeshType.FileMesh
Model302.Name = "茂み"
Model302.Parent = Folder0
Part303.Name = "TreeMesh Bottom"
Part303.Parent = Model302
Part303.CFrame = CFrame.new(2152.09326, 112.268372, 2520.61133, -0.956286788, -0.000285571878, 0.292432159, 1.39407392e-08, 1.00000024, 0.000976553303, -0.292432666, 0.000933861476, -0.956286013)
Part303.Orientation = Vector3.new(-0.05999999865889549, 163, 0)
Part303.Position = Vector3.new(2152.09326171875, 112.26837158203125, 2520.611328125)
Part303.Rotation = Vector3.new(-179.94000244140625, 17, 179.97999572753906)
Part303.Size = Vector3.new(8.250000953674316, 0.2499980926513672, 7)
Part303.Anchored = true
Part303.CanCollide = false
Part303.Material = Enum.Material.Fabric
SpecialMesh304.Name = "BarkMesh"
SpecialMesh304.Parent = Part303
SpecialMesh304.MeshId = "rbxassetid://623621260"
SpecialMesh304.Offset = Vector3.new(0, 3.4100000858306885, 0)
SpecialMesh304.TextureId = "rbxassetid://623618671"
SpecialMesh304.MeshType = Enum.MeshType.FileMesh
Part305.Name = "TreeMeshTop"
Part305.Parent = Model302
Part305.CFrame = CFrame.new(2152.08521, 142.408234, 2520.64038, -0.956286788, -0.000285571878, 0.292432159, 1.39407392e-08, 1.00000024, 0.000976553303, -0.292432666, 0.000933861476, -0.956286013)
Part305.Orientation = Vector3.new(-0.05999999865889549, 163, 0)
Part305.Position = Vector3.new(2152.085205078125, 142.40823364257812, 2520.640380859375)
Part305.Rotation = Vector3.new(-179.94000244140625, 17, 179.97999572753906)
Part305.Transparency = 0.05000000074505806
Part305.Size = Vector3.new(8.250000953674316, 0.2499980926513672, 7)
Part305.Anchored = true
Part305.CanCollide = false
Part305.Material = Enum.Material.Fabric
SpecialMesh306.Name = "TopTreeMesh"
SpecialMesh306.Parent = Part305
SpecialMesh306.MeshId = "rbxassetid://623621456"
SpecialMesh306.Offset = Vector3.new(0, 3.4100000858306885, 0)
SpecialMesh306.Scale = Vector3.new(1.600000023841858, 1.600000023841858, 1.600000023841858)
SpecialMesh306.TextureId = "rbxassetid://745556120"
SpecialMesh306.MeshType = Enum.MeshType.FileMesh
Model307.Name = "茂み"
Model307.Parent = Folder0
Part308.Name = "TreeMesh Bottom"
Part308.Parent = Model307
Part308.CFrame = CFrame.new(1888.62561, 209.999451, 2482.46533, 0.512443423, 0.022226885, -0.858434975, -0.00354350242, 0.999713778, 0.023769537, 0.858717322, -0.00913860928, 0.512373865)
Part308.Orientation = Vector3.new(-1.3600000143051147, -59.16999816894531, -0.20000000298023224)
Part308.Position = Vector3.new(1888.6256103515625, 209.99945068359375, 2482.46533203125)
Part308.Rotation = Vector3.new(-2.6600000858306885, -59.13999938964844, -2.4800000190734863)
Part308.Size = Vector3.new(8.250000953674316, 0.2499980926513672, 7)
Part308.Anchored = true
Part308.CanCollide = false
Part308.Material = Enum.Material.Fabric
SpecialMesh309.Name = "BarkMesh"
SpecialMesh309.Parent = Part308
SpecialMesh309.MeshId = "rbxassetid://623621260"
SpecialMesh309.Offset = Vector3.new(0, 3.4100000858306885, 0)
SpecialMesh309.TextureId = "rbxassetid://623618671"
SpecialMesh309.MeshType = Enum.MeshType.FileMesh
Part310.Name = "TreeMeshTop"
Part310.Parent = Model307
Part310.CFrame = CFrame.new(1889.29614, 240.130737, 2482.18896, 0.512443423, 0.022226885, -0.858434975, -0.00354350242, 0.999713778, 0.023769537, 0.858717322, -0.00913860928, 0.512373865)
Part310.Orientation = Vector3.new(-1.3600000143051147, -59.16999816894531, -0.20000000298023224)
Part310.Position = Vector3.new(1889.296142578125, 240.1307373046875, 2482.18896484375)
Part310.Rotation = Vector3.new(-2.6600000858306885, -59.13999938964844, -2.4800000190734863)
Part310.Transparency = 0.05000000074505806
Part310.Size = Vector3.new(8.250000953674316, 0.2499980926513672, 7)
Part310.Anchored = true
Part310.CanCollide = false
Part310.Material = Enum.Material.Fabric
SpecialMesh311.Name = "TopTreeMesh"
SpecialMesh311.Parent = Part310
SpecialMesh311.MeshId = "rbxassetid://623621456"
SpecialMesh311.Offset = Vector3.new(0, 3.4100000858306885, 0)
SpecialMesh311.Scale = Vector3.new(1.600000023841858, 1.600000023841858, 1.600000023841858)
SpecialMesh311.TextureId = "rbxassetid://745556120"
SpecialMesh311.MeshType = Enum.MeshType.FileMesh
Model312.Name = "茂み"
Model312.Parent = Folder0
Part313.Name = "TreeMesh Bottom"
Part313.Parent = Model312
Part313.CFrame = CFrame.new(2007.35767, 207.78006, 2591.93359, -0.512442589, 0.0213885196, 0.858455718, 0.00354353851, 0.999734282, -0.0227932278, -0.858715296, -0.00863824971, -0.512381792)
Part313.Orientation = Vector3.new(1.309999942779541, 120.83000183105469, 0.20000000298023224)
Part313.Position = Vector3.new(2007.357666015625, 207.78005981445312, 2591.93359375)
Part313.Rotation = Vector3.new(177.4499969482422, 59.13999938964844, -177.61000061035156)
Part313.Size = Vector3.new(8.250000953674316, 0.2499980926513672, 7)
Part313.Anchored = true
Part313.CanCollide = false
Part313.Material = Enum.Material.Fabric
SpecialMesh314.Name = "BarkMesh"
SpecialMesh314.Parent = Part313
SpecialMesh314.MeshId = "rbxassetid://623621260"
SpecialMesh314.Offset = Vector3.new(0, 3.4100000858306885, 0)
SpecialMesh314.TextureId = "rbxassetid://623618671"
SpecialMesh314.MeshType = Enum.MeshType.FileMesh
Part315.Name = "TreeMeshTop"
Part315.Parent = Model312
Part315.CFrame = CFrame.new(2008.00195, 237.911926, 2591.67432, -0.512442589, 0.0213885196, 0.858455718, 0.00354353851, 0.999734282, -0.0227932278, -0.858715296, -0.00863824971, -0.512381792)
Part315.Orientation = Vector3.new(1.309999942779541, 120.83000183105469, 0.20000000298023224)
Part315.Position = Vector3.new(2008.001953125, 237.91192626953125, 2591.67431640625)
Part315.Rotation = Vector3.new(177.4499969482422, 59.13999938964844, -177.61000061035156)
Part315.Transparency = 0.05000000074505806
Part315.Size = Vector3.new(8.250000953674316, 0.2499980926513672, 7)
Part315.Anchored = true
Part315.CanCollide = false
Part315.Material = Enum.Material.Fabric
SpecialMesh316.Name = "TopTreeMesh"
SpecialMesh316.Parent = Part315
SpecialMesh316.MeshId = "rbxassetid://623621456"
SpecialMesh316.Offset = Vector3.new(0, 3.4100000858306885, 0)
SpecialMesh316.Scale = Vector3.new(1.600000023841858, 1.600000023841858, 1.600000023841858)
SpecialMesh316.TextureId = "rbxassetid://745556120"
SpecialMesh316.MeshType = Enum.MeshType.FileMesh
Model317.Name = "茂み"
Model317.Parent = Folder0
Part318.Name = "TreeMesh Bottom"
Part318.Parent = Model317
Part318.CFrame = CFrame.new(2073.46973, 207.297516, 2636.46606, 0.741077423, 0.0222268905, -0.671054482, -0.0103395954, 0.999713778, 0.0216942374, 0.671344876, -0.00913861115, 0.741092205)
Part318.Orientation = Vector3.new(-1.2400000095367432, -42.15999984741211, -0.5899999737739563)
Part318.Position = Vector3.new(2073.4697265625, 207.29751586914062, 2636.466064453125)
Part318.Rotation = Vector3.new(-1.6799999475479126, -42.150001525878906, -1.7200000286102295)
Part318.Size = Vector3.new(8.250000953674316, 0.2499980926513672, 7)
Part318.Anchored = true
Part318.CanCollide = false
Part318.Material = Enum.Material.Fabric
SpecialMesh319.Name = "BarkMesh"
SpecialMesh319.Parent = Part318
SpecialMesh319.MeshId = "rbxassetid://623621260"
SpecialMesh319.Offset = Vector3.new(0, 3.4100000858306885, 0)
SpecialMesh319.TextureId = "rbxassetid://623618671"
SpecialMesh319.MeshType = Enum.MeshType.FileMesh
Part320.Name = "TreeMeshTop"
Part320.Parent = Model317
Part320.CFrame = CFrame.new(2074.13965, 237.428802, 2636.18945, 0.741077423, 0.0222268905, -0.671054482, -0.0103395954, 0.999713778, 0.0216942374, 0.671344876, -0.00913861115, 0.741092205)
Part320.Orientation = Vector3.new(-1.2400000095367432, -42.15999984741211, -0.5899999737739563)
Part320.Position = Vector3.new(2074.1396484375, 237.42880249023438, 2636.189453125)
Part320.Rotation = Vector3.new(-1.6799999475479126, -42.150001525878906, -1.7200000286102295)
Part320.Transparency = 0.05000000074505806
Part320.Size = Vector3.new(8.250000953674316, 0.2499980926513672, 7)
Part320.Anchored = true
Part320.CanCollide = false
Part320.Material = Enum.Material.Fabric
SpecialMesh321.Name = "TopTreeMesh"
SpecialMesh321.Parent = Part320
SpecialMesh321.MeshId = "rbxassetid://623621456"
SpecialMesh321.Offset = Vector3.new(0, 3.4100000858306885, 0)
SpecialMesh321.Scale = Vector3.new(1.600000023841858, 1.600000023841858, 1.600000023841858)
SpecialMesh321.TextureId = "rbxassetid://745556120"
SpecialMesh321.MeshType = Enum.MeshType.FileMesh
Model322.Name = "茂み"
Model322.Parent = Folder0
Part323.Name = "TreeMesh Bottom"
Part323.Parent = Model322
Part323.CFrame = CFrame.new(1945.55029, 209.491486, 2628.82446, -0.512442589, 0.0213885196, 0.858455718, 0.00354353851, 0.999734282, -0.0227932278, -0.858715296, -0.00863824971, -0.512381792)
Part323.Orientation = Vector3.new(1.309999942779541, 120.83000183105469, 0.20000000298023224)
Part323.Position = Vector3.new(1945.55029296875, 209.49148559570312, 2628.824462890625)
Part323.Rotation = Vector3.new(177.4499969482422, 59.13999938964844, -177.61000061035156)
Part323.Size = Vector3.new(8.250000953674316, 0.2499980926513672, 7)
Part323.Anchored = true
Part323.CanCollide = false
Part323.Material = Enum.Material.Fabric
SpecialMesh324.Name = "BarkMesh"
SpecialMesh324.Parent = Part323
SpecialMesh324.MeshId = "rbxassetid://623621260"
SpecialMesh324.Offset = Vector3.new(0, 3.4100000858306885, 0)
SpecialMesh324.TextureId = "rbxassetid://623618671"
SpecialMesh324.MeshType = Enum.MeshType.FileMesh
Part325.Name = "TreeMeshTop"
Part325.Parent = Model322
Part325.CFrame = CFrame.new(1946.1947, 239.623352, 2628.56494, -0.512442589, 0.0213885196, 0.858455718, 0.00354353851, 0.999734282, -0.0227932278, -0.858715296, -0.00863824971, -0.512381792)
Part325.Orientation = Vector3.new(1.309999942779541, 120.83000183105469, 0.20000000298023224)
Part325.Position = Vector3.new(1946.1947021484375, 239.62335205078125, 2628.56494140625)
Part325.Rotation = Vector3.new(177.4499969482422, 59.13999938964844, -177.61000061035156)
Part325.Transparency = 0.05000000074505806
Part325.Size = Vector3.new(8.250000953674316, 0.2499980926513672, 7)
Part325.Anchored = true
Part325.CanCollide = false
Part325.Material = Enum.Material.Fabric
SpecialMesh326.Name = "TopTreeMesh"
SpecialMesh326.Parent = Part325
SpecialMesh326.MeshId = "rbxassetid://623621456"
SpecialMesh326.Offset = Vector3.new(0, 3.4100000858306885, 0)
SpecialMesh326.Scale = Vector3.new(1.600000023841858, 1.600000023841858, 1.600000023841858)
SpecialMesh326.TextureId = "rbxassetid://745556120"
SpecialMesh326.MeshType = Enum.MeshType.FileMesh
Model327.Name = "茂み"
Model327.Parent = Folder0
Part328.Name = "TreeMesh Bottom"
Part328.Parent = Model327
Part328.CFrame = CFrame.new(2137.85962, 112.254623, 2340.28003, -0.292432755, -4.8471037e-07, -0.956286907, -3.52039933e-07, 1.00000143, -3.85875893e-07, 0.956287563, 2.41333623e-07, -0.29243207)
Part328.Orientation = Vector3.new(0, -107, 0)
Part328.Position = Vector3.new(2137.859619140625, 112.25462341308594, 2340.280029296875)
Part328.Rotation = Vector3.new(180, -73, 180)
Part328.Size = Vector3.new(8.250000953674316, 0.2499980926513672, 7)
Part328.Anchored = true
Part328.CanCollide = false
Part328.Material = Enum.Material.Fabric
SpecialMesh329.Name = "BarkMesh"
SpecialMesh329.Parent = Part328
SpecialMesh329.MeshId = "rbxassetid://623621260"
SpecialMesh329.Offset = Vector3.new(0, 3.4100000858306885, 0)
SpecialMesh329.TextureId = "rbxassetid://623618671"
SpecialMesh329.MeshType = Enum.MeshType.FileMesh
Part330.Name = "TreeMeshTop"
Part330.Parent = Model327
Part330.CFrame = CFrame.new(2137.86084, 142.394577, 2340.27954, -0.292432755, -4.8471037e-07, -0.956286907, -3.52039933e-07, 1.00000143, -3.85875893e-07, 0.956287563, 2.41333623e-07, -0.29243207)
Part330.Orientation = Vector3.new(0, -107, 0)
Part330.Position = Vector3.new(2137.86083984375, 142.3945770263672, 2340.279541015625)
Part330.Rotation = Vector3.new(180, -73, 180)
Part330.Transparency = 0.05000000074505806
Part330.Size = Vector3.new(8.250000953674316, 0.2499980926513672, 7)
Part330.Anchored = true
Part330.CanCollide = false
Part330.Material = Enum.Material.Fabric
SpecialMesh331.Name = "TopTreeMesh"
SpecialMesh331.Parent = Part330
SpecialMesh331.MeshId = "rbxassetid://623621456"
SpecialMesh331.Offset = Vector3.new(0, 3.4100000858306885, 0)
SpecialMesh331.Scale = Vector3.new(1.600000023841858, 1.600000023841858, 1.600000023841858)
SpecialMesh331.TextureId = "rbxassetid://745556120"
SpecialMesh331.MeshType = Enum.MeshType.FileMesh
Model332.Name = "茂み"
Model332.Parent = Folder0
Part333.Name = "TreeMesh Bottom"
Part333.Parent = Model332
Part333.CFrame = CFrame.new(2340.55078, 112.254623, 2447.2124, 2.43645104e-10, -3.92948095e-07, -1.0000006, -3.52039933e-07, 1.00000143, -3.85875893e-07, 1.00000143, 3.7252903e-07, 4.64529506e-07)
Part333.Orientation = Vector3.new(0, -90, 0)
Part333.Position = Vector3.new(2340.55078125, 112.25462341308594, 2447.21240234375)
Part333.Rotation = Vector3.new(0, -90, 0)
Part333.Size = Vector3.new(8.250000953674316, 0.2499980926513672, 7)
Part333.Anchored = true
Part333.CanCollide = false
Part333.Material = Enum.Material.Fabric
SpecialMesh334.Name = "BarkMesh"
SpecialMesh334.Parent = Part333
SpecialMesh334.MeshId = "rbxassetid://623621260"
SpecialMesh334.Offset = Vector3.new(0, 3.4100000858306885, 0)
SpecialMesh334.TextureId = "rbxassetid://623618671"
SpecialMesh334.MeshType = Enum.MeshType.FileMesh
Part335.Name = "TreeMeshTop"
Part335.Parent = Model332
Part335.CFrame = CFrame.new(2340.55176, 142.394577, 2447.21167, 2.43645104e-10, -3.92948095e-07, -1.0000006, -3.52039933e-07, 1.00000143, -3.85875893e-07, 1.00000143, 3.7252903e-07, 4.64529506e-07)
Part335.Orientation = Vector3.new(0, -90, 0)
Part335.Position = Vector3.new(2340.5517578125, 142.3945770263672, 2447.211669921875)
Part335.Rotation = Vector3.new(0, -90, 0)
Part335.Transparency = 0.05000000074505806
Part335.Size = Vector3.new(8.250000953674316, 0.2499980926513672, 7)
Part335.Anchored = true
Part335.CanCollide = false
Part335.Material = Enum.Material.Fabric
SpecialMesh336.Name = "TopTreeMesh"
SpecialMesh336.Parent = Part335
SpecialMesh336.MeshId = "rbxassetid://623621456"
SpecialMesh336.Offset = Vector3.new(0, 3.4100000858306885, 0)
SpecialMesh336.Scale = Vector3.new(1.600000023841858, 1.600000023841858, 1.600000023841858)
SpecialMesh336.TextureId = "rbxassetid://745556120"
SpecialMesh336.MeshType = Enum.MeshType.FileMesh
Model337.Name = "茂み"
Model337.Parent = Folder0
Part338.Name = "TreeMesh Bottom"
Part338.Parent = Model337
Part338.CFrame = CFrame.new(2429.41455, 112.268372, 2392.86426, -1.00000072, 2.85217094e-09, -1.15936871e-07, 1.39407392e-08, 1.00000024, 0.000976553303, -1.160697e-07, 0.000976549345, -0.999999762)
Part338.Orientation = Vector3.new(-0.05999999865889549, -180, 0)
Part338.Position = Vector3.new(2429.41455078125, 112.26837158203125, 2392.8642578125)
Part338.Rotation = Vector3.new(-179.94000244140625, 0, -180)
Part338.Size = Vector3.new(8.250000953674316, 0.2499980926513672, 7)
Part338.Anchored = true
Part338.CanCollide = false
Part338.Material = Enum.Material.Fabric
SpecialMesh339.Name = "BarkMesh"
SpecialMesh339.Parent = Part338
SpecialMesh339.MeshId = "rbxassetid://623621260"
SpecialMesh339.Offset = Vector3.new(0, 3.4100000858306885, 0)
SpecialMesh339.TextureId = "rbxassetid://623618671"
SpecialMesh339.MeshType = Enum.MeshType.FileMesh
Part340.Name = "TreeMeshTop"
Part340.Parent = Model337
Part340.CFrame = CFrame.new(2429.41528, 142.408234, 2392.89429, -1.00000072, 2.85217094e-09, -1.15936871e-07, 1.39407392e-08, 1.00000024, 0.000976553303, -1.160697e-07, 0.000976549345, -0.999999762)
Part340.Orientation = Vector3.new(-0.05999999865889549, -180, 0)
Part340.Position = Vector3.new(2429.415283203125, 142.40823364257812, 2392.894287109375)
Part340.Rotation = Vector3.new(-179.94000244140625, 0, -180)
Part340.Transparency = 0.05000000074505806
Part340.Size = Vector3.new(8.250000953674316, 0.2499980926513672, 7)
Part340.Anchored = true
Part340.CanCollide = false
Part340.Material = Enum.Material.Fabric
SpecialMesh341.Name = "TopTreeMesh"
SpecialMesh341.Parent = Part340
SpecialMesh341.MeshId = "rbxassetid://623621456"
SpecialMesh341.Offset = Vector3.new(0, 3.4100000858306885, 0)
SpecialMesh341.Scale = Vector3.new(1.600000023841858, 1.600000023841858, 1.600000023841858)
SpecialMesh341.TextureId = "rbxassetid://745556120"
SpecialMesh341.MeshType = Enum.MeshType.FileMesh
Model342.Name = "茂み"
Model342.Parent = Folder0
Part343.Name = "TreeMesh Bottom"
Part343.Parent = Model342
Part343.CFrame = CFrame.new(2170.69214, 205.682953, 2759.78247, -0.741076052, 0.0215715095, 0.671075583, 0.0103396159, 0.999732316, -0.0207179319, -0.671343207, -0.00841489621, -0.741099894)
Part343.Orientation = Vector3.new(1.190000057220459, 137.83999633789062, 0.5899999737739563)
Part343.Position = Vector3.new(2170.692138671875, 205.68295288085938, 2759.782470703125)
Part343.Rotation = Vector3.new(178.39999389648438, 42.150001525878906, -178.3300018310547)
Part343.Size = Vector3.new(8.250000953674316, 0.2499980926513672, 7)
Part343.Anchored = true
Part343.CanCollide = false
Part343.Material = Enum.Material.Fabric
SpecialMesh344.Name = "BarkMesh"
SpecialMesh344.Parent = Part343
SpecialMesh344.MeshId = "rbxassetid://623621260"
SpecialMesh344.Offset = Vector3.new(0, 3.4100000858306885, 0)
SpecialMesh344.TextureId = "rbxassetid://623618671"
SpecialMesh344.MeshType = Enum.MeshType.FileMesh
Part345.Name = "TreeMeshTop"
Part345.Parent = Model342
Part345.CFrame = CFrame.new(2171.34229, 235.814789, 2759.52979, -0.741076052, 0.0215715095, 0.671075583, 0.0103396159, 0.999732316, -0.0207179319, -0.671343207, -0.00841489621, -0.741099894)
Part345.Orientation = Vector3.new(1.190000057220459, 137.83999633789062, 0.5899999737739563)
Part345.Position = Vector3.new(2171.34228515625, 235.81478881835938, 2759.52978515625)
Part345.Rotation = Vector3.new(178.39999389648438, 42.150001525878906, -178.3300018310547)
Part345.Transparency = 0.05000000074505806
Part345.Size = Vector3.new(8.250000953674316, 0.2499980926513672, 7)
Part345.Anchored = true
Part345.CanCollide = false
Part345.Material = Enum.Material.Fabric
SpecialMesh346.Name = "TopTreeMesh"
SpecialMesh346.Parent = Part345
SpecialMesh346.MeshId = "rbxassetid://623621456"
SpecialMesh346.Offset = Vector3.new(0, 3.4100000858306885, 0)
SpecialMesh346.Scale = Vector3.new(1.600000023841858, 1.600000023841858, 1.600000023841858)
SpecialMesh346.TextureId = "rbxassetid://745556120"
SpecialMesh346.MeshType = Enum.MeshType.FileMesh
Part347.Name = "waterfallsound"
Part347.Parent = Folder0
Part347.CFrame = CFrame.new(1999.646, 404.354279, 3643.42139, 0.65767175, 0.12762104, 0.74241519, -1.86264515e-09, 0.985545814, -0.169413984, -0.753306508, 0.111419156, 0.648163378)
Part347.Orientation = Vector3.new(9.75, 48.880001068115234, 0)
Part347.Position = Vector3.new(1999.64599609375, 404.3542785644531, 3643.42138671875)
Part347.Rotation = Vector3.new(14.649999618530273, 47.939998626708984, -10.979999542236328)
Part347.Transparency = 1
Part347.Size = Vector3.new(37, 37, 20)
Part347.Anchored = true
Part347.BottomSurface = Enum.SurfaceType.Smooth
Part347.CanCollide = false
Part347.TopSurface = Enum.SurfaceType.Smooth
Sound348.Name = "waterfall perfect loop"
Sound348.Parent = Part347
Sound348.Looped = true
Sound348.PlayOnRemove = true
Sound348.Playing = true
Sound348.SoundId = "rbxassetid://1989859039"
Model349.Name = "茂み"
Model349.Parent = Folder0
Part350.Name = "TreeMesh Bottom"
Part350.Parent = Model349
Part350.CFrame = CFrame.new(2050.90015, 112.84845, 2451.41357, -0.292432666, 4.14384488e-07, -0.95628649, 6.46105436e-09, 1.00000072, 4.39700671e-07, 0.956286788, 1.33387047e-07, -0.292432278)
Part350.Orientation = Vector3.new(0, -107, 0)
Part350.Position = Vector3.new(2050.900146484375, 112.84844970703125, 2451.41357421875)
Part350.Rotation = Vector3.new(-180, -73, -180)
Part350.Size = Vector3.new(8.250000953674316, 0.2499980926513672, 7)
Part350.Anchored = true
Part350.CanCollide = false
Part350.Material = Enum.Material.Fabric
SpecialMesh351.Name = "BarkMesh"
SpecialMesh351.Parent = Part350
SpecialMesh351.MeshId = "rbxassetid://623621260"
SpecialMesh351.Offset = Vector3.new(0, 3.4100000858306885, 0)
SpecialMesh351.TextureId = "rbxassetid://623618671"
SpecialMesh351.MeshType = Enum.MeshType.FileMesh
Part352.Name = "TreeMeshTop"
Part352.Parent = Model349
Part352.CFrame = CFrame.new(2050.90088, 142.988342, 2451.41309, -0.292432666, 4.14384488e-07, -0.95628649, 6.46105436e-09, 1.00000072, 4.39700671e-07, 0.956286788, 1.33387047e-07, -0.292432278)
Part352.Orientation = Vector3.new(0, -107, 0)
Part352.Position = Vector3.new(2050.90087890625, 142.98834228515625, 2451.4130859375)
Part352.Rotation = Vector3.new(-180, -73, -180)
Part352.Transparency = 0.05000000074505806
Part352.Size = Vector3.new(8.250000953674316, 0.2499980926513672, 7)
Part352.Anchored = true
Part352.CanCollide = false
Part352.Material = Enum.Material.Fabric
SpecialMesh353.Name = "TopTreeMesh"
SpecialMesh353.Parent = Part352
SpecialMesh353.MeshId = "rbxassetid://623621456"
SpecialMesh353.Offset = Vector3.new(0, 3.4100000858306885, 0)
SpecialMesh353.Scale = Vector3.new(1.600000023841858, 1.600000023841858, 1.600000023841858)
SpecialMesh353.TextureId = "rbxassetid://745556120"
SpecialMesh353.MeshType = Enum.MeshType.FileMesh
Model354.Name = "茂み"
Model354.Parent = Folder0
Part355.Name = "TreeMesh Bottom"
Part355.Parent = Model354
Part355.CFrame = CFrame.new(2072.65845, 207.648224, 2737.83984, -0.671055079, 0.0222263075, -0.74107635, 0.0216938891, 0.999712348, 0.0103392275, 0.741092145, -0.00913860835, -0.671342671)
Part355.Orientation = Vector3.new(-0.5899999737739563, -132.1699981689453, 1.2400000095367432)
Part355.Position = Vector3.new(2072.658447265625, 207.64822387695312, 2737.83984375)
Part355.Rotation = Vector3.new(-179.1199951171875, -47.81999969482422, -178.10000610351562)
Part355.Size = Vector3.new(8.250000953674316, 0.2499980926513672, 7)
Part355.Anchored = true
Part355.CanCollide = false
Part355.Material = Enum.Material.Fabric
SpecialMesh356.Name = "BarkMesh"
SpecialMesh356.Parent = Part355
SpecialMesh356.MeshId = "rbxassetid://623621260"
SpecialMesh356.Offset = Vector3.new(0, 3.4100000858306885, 0)
SpecialMesh356.TextureId = "rbxassetid://623618671"
SpecialMesh356.MeshType = Enum.MeshType.FileMesh
Part357.Name = "TreeMeshTop"
Part357.Parent = Model354
Part357.CFrame = CFrame.new(2073.32959, 237.779449, 2737.56445, -0.671055079, 0.0222263075, -0.74107635, 0.0216938891, 0.999712348, 0.0103392275, 0.741092145, -0.00913860835, -0.671342671)
Part357.Orientation = Vector3.new(-0.5899999737739563, -132.1699981689453, 1.2400000095367432)
Part357.Position = Vector3.new(2073.32958984375, 237.77944946289062, 2737.564453125)
Part357.Rotation = Vector3.new(-179.1199951171875, -47.81999969482422, -178.10000610351562)
Part357.Transparency = 0.05000000074505806
Part357.Size = Vector3.new(8.250000953674316, 0.2499980926513672, 7)
Part357.Anchored = true
Part357.CanCollide = false
Part357.Material = Enum.Material.Fabric
SpecialMesh358.Name = "TopTreeMesh"
SpecialMesh358.Parent = Part357
SpecialMesh358.MeshId = "rbxassetid://623621456"
SpecialMesh358.Offset = Vector3.new(0, 3.4100000858306885, 0)
SpecialMesh358.Scale = Vector3.new(1.600000023841858, 1.600000023841858, 1.600000023841858)
SpecialMesh358.TextureId = "rbxassetid://745556120"
SpecialMesh358.MeshType = Enum.MeshType.FileMesh
Model359.Name = "茂み"
Model359.Parent = Folder0
Part360.Name = "TreeMesh Bottom"
Part360.Parent = Model359
Part360.CFrame = CFrame.new(2115.34229, 112.254623, 2413.91406, -0.292432755, -4.8471037e-07, -0.956286907, -3.52039933e-07, 1.00000143, -3.85875893e-07, 0.956287563, 2.41333623e-07, -0.29243207)
Part360.Orientation = Vector3.new(0, -107, 0)
Part360.Position = Vector3.new(2115.34228515625, 112.25462341308594, 2413.9140625)
Part360.Rotation = Vector3.new(180, -73, 180)
Part360.Size = Vector3.new(8.250000953674316, 0.2499980926513672, 7)
Part360.Anchored = true
Part360.CanCollide = false
Part360.Material = Enum.Material.Fabric
SpecialMesh361.Name = "BarkMesh"
SpecialMesh361.Parent = Part360
SpecialMesh361.MeshId = "rbxassetid://623621260"
SpecialMesh361.Offset = Vector3.new(0, 3.4100000858306885, 0)
SpecialMesh361.TextureId = "rbxassetid://623618671"
SpecialMesh361.MeshType = Enum.MeshType.FileMesh
Part362.Name = "TreeMeshTop"
Part362.Parent = Model359
Part362.CFrame = CFrame.new(2115.34351, 142.394577, 2413.91357, -0.292432755, -4.8471037e-07, -0.956286907, -3.52039933e-07, 1.00000143, -3.85875893e-07, 0.956287563, 2.41333623e-07, -0.29243207)
Part362.Orientation = Vector3.new(0, -107, 0)
Part362.Position = Vector3.new(2115.343505859375, 142.3945770263672, 2413.91357421875)
Part362.Rotation = Vector3.new(180, -73, 180)
Part362.Transparency = 0.05000000074505806
Part362.Size = Vector3.new(8.250000953674316, 0.2499980926513672, 7)
Part362.Anchored = true
Part362.CanCollide = false
Part362.Material = Enum.Material.Fabric
SpecialMesh363.Name = "TopTreeMesh"
SpecialMesh363.Parent = Part362
SpecialMesh363.MeshId = "rbxassetid://623621456"
SpecialMesh363.Offset = Vector3.new(0, 3.4100000858306885, 0)
SpecialMesh363.Scale = Vector3.new(1.600000023841858, 1.600000023841858, 1.600000023841858)
SpecialMesh363.TextureId = "rbxassetid://745556120"
SpecialMesh363.MeshType = Enum.MeshType.FileMesh
Model364.Name = "茂み"
Model364.Parent = Folder0
Part365.Name = "TreeMesh Bottom"
Part365.Parent = Model364
Part365.CFrame = CFrame.new(2173.14844, 112.268372, 2451.75854, -0.956286788, -0.000285571878, 0.292432159, 1.39407392e-08, 1.00000024, 0.000976553303, -0.292432666, 0.000933861476, -0.956286013)
Part365.Orientation = Vector3.new(-0.05999999865889549, 163, 0)
Part365.Position = Vector3.new(2173.1484375, 112.26837158203125, 2451.758544921875)
Part365.Rotation = Vector3.new(-179.94000244140625, 17, 179.97999572753906)
Part365.Size = Vector3.new(8.250000953674316, 0.2499980926513672, 7)
Part365.Anchored = true
Part365.CanCollide = false
Part365.Material = Enum.Material.Fabric
SpecialMesh366.Name = "BarkMesh"
SpecialMesh366.Parent = Part365
SpecialMesh366.MeshId = "rbxassetid://623621260"
SpecialMesh366.Offset = Vector3.new(0, 3.4100000858306885, 0)
SpecialMesh366.TextureId = "rbxassetid://623618671"
SpecialMesh366.MeshType = Enum.MeshType.FileMesh
Part367.Name = "TreeMeshTop"
Part367.Parent = Model364
Part367.CFrame = CFrame.new(2173.14038, 142.408234, 2451.7876, -0.956286788, -0.000285571878, 0.292432159, 1.39407392e-08, 1.00000024, 0.000976553303, -0.292432666, 0.000933861476, -0.956286013)
Part367.Orientation = Vector3.new(-0.05999999865889549, 163, 0)
Part367.Position = Vector3.new(2173.140380859375, 142.40823364257812, 2451.78759765625)
Part367.Rotation = Vector3.new(-179.94000244140625, 17, 179.97999572753906)
Part367.Transparency = 0.05000000074505806
Part367.Size = Vector3.new(8.250000953674316, 0.2499980926513672, 7)
Part367.Anchored = true
Part367.CanCollide = false
Part367.Material = Enum.Material.Fabric
SpecialMesh368.Name = "TopTreeMesh"
SpecialMesh368.Parent = Part367
SpecialMesh368.MeshId = "rbxassetid://623621456"
SpecialMesh368.Offset = Vector3.new(0, 3.4100000858306885, 0)
SpecialMesh368.Scale = Vector3.new(1.600000023841858, 1.600000023841858, 1.600000023841858)
SpecialMesh368.TextureId = "rbxassetid://745556120"
SpecialMesh368.MeshType = Enum.MeshType.FileMesh
Model369.Name = "茂み"
Model369.Parent = Folder0
Part370.Name = "TreeMesh Bottom"
Part370.Parent = Model369
Part370.CFrame = CFrame.new(1986.97974, 208.341553, 2605.29175, -0.858434319, 0.022226816, -0.51244241, 0.0237695053, 0.999710917, 0.0035435278, 0.512372971, -0.00913860835, -0.8587147)
Part370.Orientation = Vector3.new(-0.20000000298023224, -149.1699981689453, 1.3600000143051147)
Part370.Position = Vector3.new(1986.979736328125, 208.341552734375, 2605.291748046875)
Part370.Rotation = Vector3.new(-179.75999450683594, -30.829999923706055, -178.52000427246094)
Part370.Size = Vector3.new(8.250000953674316, 0.2499980926513672, 7)
Part370.Anchored = true
Part370.CanCollide = false
Part370.Material = Enum.Material.Fabric
SpecialMesh371.Name = "BarkMesh"
SpecialMesh371.Parent = Part370
SpecialMesh371.MeshId = "rbxassetid://623621260"
SpecialMesh371.Offset = Vector3.new(0, 3.4100000858306885, 0)
SpecialMesh371.TextureId = "rbxassetid://623618671"
SpecialMesh371.MeshType = Enum.MeshType.FileMesh
Part372.Name = "TreeMeshTop"
Part372.Parent = Model369
Part372.CFrame = CFrame.new(1987.65002, 238.472687, 2605.0166, -0.858434319, 0.022226816, -0.51244241, 0.0237695053, 0.999710917, 0.0035435278, 0.512372971, -0.00913860835, -0.8587147)
Part372.Orientation = Vector3.new(-0.20000000298023224, -149.1699981689453, 1.3600000143051147)
Part372.Position = Vector3.new(1987.6500244140625, 238.47268676757812, 2605.0166015625)
Part372.Rotation = Vector3.new(-179.75999450683594, -30.829999923706055, -178.52000427246094)
Part372.Transparency = 0.05000000074505806
Part372.Size = Vector3.new(8.250000953674316, 0.2499980926513672, 7)
Part372.Anchored = true
Part372.CanCollide = false
Part372.Material = Enum.Material.Fabric
SpecialMesh373.Name = "TopTreeMesh"
SpecialMesh373.Parent = Part372
SpecialMesh373.MeshId = "rbxassetid://623621456"
SpecialMesh373.Offset = Vector3.new(0, 3.4100000858306885, 0)
SpecialMesh373.Scale = Vector3.new(1.600000023841858, 1.600000023841858, 1.600000023841858)
SpecialMesh373.TextureId = "rbxassetid://745556120"
SpecialMesh373.MeshType = Enum.MeshType.FileMesh
Model374.Name = "茂み"
Model374.Parent = Folder0
Part375.Name = "TreeMesh Bottom"
Part375.Parent = Model374
Part375.CFrame = CFrame.new(2289.89185, 112.84845, 2429.91772, -1.16067838e-07, 4.35276888e-07, -1.00000024, 6.46105436e-09, 1.00000072, 4.39700671e-07, 1.00000072, 6.37676223e-09, 1.16068705e-07)
Part375.Orientation = Vector3.new(0, -90, 0)
Part375.Position = Vector3.new(2289.891845703125, 112.84844970703125, 2429.917724609375)
Part375.Rotation = Vector3.new(0, -90, 0)
Part375.Size = Vector3.new(8.250000953674316, 0.2499980926513672, 7)
Part375.Anchored = true
Part375.CanCollide = false
Part375.Material = Enum.Material.Fabric
SpecialMesh376.Name = "BarkMesh"
SpecialMesh376.Parent = Part375
SpecialMesh376.MeshId = "rbxassetid://623621260"
SpecialMesh376.Offset = Vector3.new(0, 3.4100000858306885, 0)
SpecialMesh376.TextureId = "rbxassetid://623618671"
SpecialMesh376.MeshType = Enum.MeshType.FileMesh
Part377.Name = "TreeMeshTop"
Part377.Parent = Model374
Part377.CFrame = CFrame.new(2289.89233, 142.988342, 2429.91699, -1.16067838e-07, 4.35276888e-07, -1.00000024, 6.46105436e-09, 1.00000072, 4.39700671e-07, 1.00000072, 6.37676223e-09, 1.16068705e-07)
Part377.Orientation = Vector3.new(0, -90, 0)
Part377.Position = Vector3.new(2289.892333984375, 142.98834228515625, 2429.9169921875)
Part377.Rotation = Vector3.new(0, -90, 0)
Part377.Transparency = 0.05000000074505806
Part377.Size = Vector3.new(8.250000953674316, 0.2499980926513672, 7)
Part377.Anchored = true
Part377.CanCollide = false
Part377.Material = Enum.Material.Fabric
SpecialMesh378.Name = "TopTreeMesh"
SpecialMesh378.Parent = Part377
SpecialMesh378.MeshId = "rbxassetid://623621456"
SpecialMesh378.Offset = Vector3.new(0, 3.4100000858306885, 0)
SpecialMesh378.Scale = Vector3.new(1.600000023841858, 1.600000023841858, 1.600000023841858)
SpecialMesh378.TextureId = "rbxassetid://745556120"
SpecialMesh378.MeshType = Enum.MeshType.FileMesh
Model379.Name = "茂み"
Model379.Parent = Folder0
Part380.Name = "TreeMesh Bottom"
Part380.Parent = Model379
Part380.CFrame = CFrame.new(1843.52747, 209.946289, 2431.94434, -0.858435512, 0.022226328, -0.512443125, 0.0237691887, 0.999712348, 0.00354315573, 0.512373686, -0.00913876668, -0.858714938)
Part380.Orientation = Vector3.new(-0.20000000298023224, -149.1699981689453, 1.3600000143051147)
Part380.Position = Vector3.new(1843.5274658203125, 209.9462890625, 2431.9443359375)
Part380.Rotation = Vector3.new(-179.75999450683594, -30.829999923706055, -178.52000427246094)
Part380.Size = Vector3.new(8.250000953674316, 0.2499980926513672, 7)
Part380.Anchored = true
Part380.CanCollide = false
Part380.Material = Enum.Material.Fabric
SpecialMesh381.Name = "BarkMesh"
SpecialMesh381.Parent = Part380
SpecialMesh381.MeshId = "rbxassetid://623621260"
SpecialMesh381.Offset = Vector3.new(0, 3.4100000858306885, 0)
SpecialMesh381.TextureId = "rbxassetid://623618671"
SpecialMesh381.MeshType = Enum.MeshType.FileMesh
Part382.Name = "TreeMeshTop"
Part382.Parent = Model379
Part382.CFrame = CFrame.new(1844.19861, 240.077484, 2431.66943, -0.858435512, 0.022226328, -0.512443125, 0.0237691887, 0.999712348, 0.00354315573, 0.512373686, -0.00913876668, -0.858714938)
Part382.Orientation = Vector3.new(-0.20000000298023224, -149.1699981689453, 1.3600000143051147)
Part382.Position = Vector3.new(1844.1986083984375, 240.07748413085938, 2431.66943359375)
Part382.Rotation = Vector3.new(-179.75999450683594, -30.829999923706055, -178.52000427246094)
Part382.Transparency = 0.05000000074505806
Part382.Size = Vector3.new(8.250000953674316, 0.2499980926513672, 7)
Part382.Anchored = true
Part382.CanCollide = false
Part382.Material = Enum.Material.Fabric
SpecialMesh383.Name = "TopTreeMesh"
SpecialMesh383.Parent = Part382
SpecialMesh383.MeshId = "rbxassetid://623621456"
SpecialMesh383.Offset = Vector3.new(0, 3.4100000858306885, 0)
SpecialMesh383.Scale = Vector3.new(1.600000023841858, 1.600000023841858, 1.600000023841858)
SpecialMesh383.TextureId = "rbxassetid://745556120"
SpecialMesh383.MeshType = Enum.MeshType.FileMesh
Model384.Name = "茂み"
Model384.Parent = Folder0
Part385.Name = "TreeMesh Bottom"
Part385.Parent = Model384
Part385.CFrame = CFrame.new(2319.49561, 112.254623, 2516.06519, 2.43645104e-10, -3.92948095e-07, -1.0000006, -3.52039933e-07, 1.00000143, -3.85875893e-07, 1.00000143, 3.7252903e-07, 4.64529506e-07)
Part385.Orientation = Vector3.new(0, -90, 0)
Part385.Position = Vector3.new(2319.49560546875, 112.25462341308594, 2516.065185546875)
Part385.Rotation = Vector3.new(0, -90, 0)
Part385.Size = Vector3.new(8.250000953674316, 0.2499980926513672, 7)
Part385.Anchored = true
Part385.CanCollide = false
Part385.Material = Enum.Material.Fabric
SpecialMesh386.Name = "BarkMesh"
SpecialMesh386.Parent = Part385
SpecialMesh386.MeshId = "rbxassetid://623621260"
SpecialMesh386.Offset = Vector3.new(0, 3.4100000858306885, 0)
SpecialMesh386.TextureId = "rbxassetid://623618671"
SpecialMesh386.MeshType = Enum.MeshType.FileMesh
Part387.Name = "TreeMeshTop"
Part387.Parent = Model384
Part387.CFrame = CFrame.new(2319.49658, 142.394577, 2516.06445, 2.43645104e-10, -3.92948095e-07, -1.0000006, -3.52039933e-07, 1.00000143, -3.85875893e-07, 1.00000143, 3.7252903e-07, 4.64529506e-07)
Part387.Orientation = Vector3.new(0, -90, 0)
Part387.Position = Vector3.new(2319.49658203125, 142.3945770263672, 2516.064453125)
Part387.Rotation = Vector3.new(0, -90, 0)
Part387.Transparency = 0.05000000074505806
Part387.Size = Vector3.new(8.250000953674316, 0.2499980926513672, 7)
Part387.Anchored = true
Part387.CanCollide = false
Part387.Material = Enum.Material.Fabric
SpecialMesh388.Name = "TopTreeMesh"
SpecialMesh388.Parent = Part387
SpecialMesh388.MeshId = "rbxassetid://623621456"
SpecialMesh388.Offset = Vector3.new(0, 3.4100000858306885, 0)
SpecialMesh388.Scale = Vector3.new(1.600000023841858, 1.600000023841858, 1.600000023841858)
SpecialMesh388.TextureId = "rbxassetid://745556120"
SpecialMesh388.MeshType = Enum.MeshType.FileMesh
Model389.Name = "茂み"
Model389.Parent = Folder0
Part390.Name = "TreeMesh Bottom"
Part390.Parent = Model389
Part390.CFrame = CFrame.new(2764.86377, 268.009094, 2836.37158, 0.839997649, -0.0238344036, 0.54206723, 0.0216940567, 0.999711812, 0.010338746, -0.542158067, 0.00307510793, 0.840271533)
Part390.Orientation = Vector3.new(-0.5899999737739563, 32.83000183105469, 1.2400000095367432)
Part390.Position = Vector3.new(2764.86376953125, 268.00909423828125, 2836.37158203125)
Part390.Rotation = Vector3.new(-0.699999988079071, 32.81999969482422, 1.6299999952316284)
Part390.Size = Vector3.new(8.250000953674316, 0.2499980926513672, 7)
Part390.Anchored = true
Part390.CanCollide = false
Part390.Material = Enum.Material.Fabric
SpecialMesh391.Name = "BarkMesh"
SpecialMesh391.Parent = Part390
SpecialMesh391.MeshId = "rbxassetid://623621260"
SpecialMesh391.Offset = Vector3.new(0, 3.4100000858306885, 0)
SpecialMesh391.TextureId = "rbxassetid://623618671"
SpecialMesh391.MeshType = Enum.MeshType.FileMesh
Part392.Name = "TreeMeshTop"
Part392.Parent = Model389
Part392.CFrame = CFrame.new(2764.14404, 298.140289, 2836.46411, 0.839997649, -0.0238344036, 0.54206723, 0.0216940567, 0.999711812, 0.010338746, -0.542158067, 0.00307510793, 0.840271533)
Part392.Orientation = Vector3.new(-0.5899999737739563, 32.83000183105469, 1.2400000095367432)
Part392.Position = Vector3.new(2764.14404296875, 298.1402893066406, 2836.464111328125)
Part392.Rotation = Vector3.new(-0.699999988079071, 32.81999969482422, 1.6299999952316284)
Part392.Transparency = 0.05000000074505806
Part392.Size = Vector3.new(8.250000953674316, 0.2499980926513672, 7)
Part392.Anchored = true
Part392.CanCollide = false
Part392.Material = Enum.Material.Fabric
SpecialMesh393.Name = "TopTreeMesh"
SpecialMesh393.Parent = Part392
SpecialMesh393.MeshId = "rbxassetid://623621456"
SpecialMesh393.Offset = Vector3.new(0, 3.4100000858306885, 0)
SpecialMesh393.Scale = Vector3.new(1.600000023841858, 1.600000023841858, 1.600000023841858)
SpecialMesh393.TextureId = "rbxassetid://745556120"
SpecialMesh393.MeshType = Enum.MeshType.FileMesh
Model394.Name = "茂み"
Model394.Parent = Folder0
Part395.Name = "TreeMesh Bottom"
Part395.Parent = Model394
Part395.CFrame = CFrame.new(2746.36597, 159.210953, 2301.33643, -0.989697456, 0.0146361645, -0.142424524, 0.00891601294, 0.999130964, 0.0407183282, 0.142896697, 0.0390289687, -0.988967836)
Part395.Orientation = Vector3.new(-2.3299999237060547, -171.80999755859375, 0.5099999904632568)
Part395.Position = Vector3.new(2746.365966796875, 159.21095275878906, 2301.33642578125)
Part395.Rotation = Vector3.new(-177.63999938964844, -8.1899995803833, -179.14999389648438)
Part395.Size = Vector3.new(8.250000953674316, 0.2499980926513672, 7)
Part395.Anchored = true
Part395.CanCollide = false
Part395.Material = Enum.Material.Fabric
SpecialMesh396.Name = "BarkMesh"
SpecialMesh396.Parent = Part395
SpecialMesh396.MeshId = "rbxassetid://623621260"
SpecialMesh396.Offset = Vector3.new(0, 3.4100000858306885, 0)
SpecialMesh396.TextureId = "rbxassetid://623618671"
