Model589.Name = "茂み"
Model589.Parent = Folder0
Part590.Name = "TreeMesh Bottom"
Part590.Parent = Model589
Part590.CFrame = CFrame.new(1788.85779, 236.666885, 2545.60571, 0.512444794, 0.210739642, -0.83246541, -0.00354338437, 0.96993494, 0.243358642, 0.858718455, -0.121757507, 0.497781903)
Part590.Orientation = Vector3.new(-14.079999923706055, -59.119998931884766, -0.20999999344348907)
Part590.Position = Vector3.new(1788.8577880859375, 236.66688537597656, 2545.605712890625)
Part590.Rotation = Vector3.new(-26.049999237060547, -56.349998474121094, -22.350000381469727)
Part590.Size = Vector3.new(8.250000953674316, 0.2499980926513672, 7)
Part590.Anchored = true
Part590.CanCollide = false
Part590.Material = Enum.Material.Fabric
SpecialMesh591.Name = "BarkMesh"
SpecialMesh591.Parent = Part590
SpecialMesh591.MeshId = "rbxassetid://623621260"
SpecialMesh591.Offset = Vector3.new(0, 3.4100000858306885, 0)
SpecialMesh591.TextureId = "rbxassetid://623618671"
SpecialMesh591.MeshType = Enum.MeshType.FileMesh
Part592.Name = "TreeMeshTop"
Part592.Parent = Model589
Part592.CFrame = CFrame.new(1795.20996, 265.90036, 2541.9353, 0.512444794, 0.210739642, -0.83246541, -0.00354338437, 0.96993494, 0.243358642, 0.858718455, -0.121757507, 0.497781903)
Part592.Orientation = Vector3.new(-14.079999923706055, -59.119998931884766, -0.20999999344348907)
Part592.Position = Vector3.new(1795.2099609375, 265.9003601074219, 2541.935302734375)
Part592.Rotation = Vector3.new(-26.049999237060547, -56.349998474121094, -22.350000381469727)
Part592.Transparency = 0.05000000074505806
Part592.Size = Vector3.new(8.250000953674316, 0.2499980926513672, 7)
Part592.Anchored = true
Part592.CanCollide = false
Part592.Material = Enum.Material.Fabric
SpecialMesh593.Name = "TopTreeMesh"
SpecialMesh593.Parent = Part592
SpecialMesh593.MeshId = "rbxassetid://623621456"
SpecialMesh593.Offset = Vector3.new(0, 3.4100000858306885, 0)
SpecialMesh593.Scale = Vector3.new(1.600000023841858, 1.600000023841858, 1.600000023841858)
SpecialMesh593.TextureId = "rbxassetid://745556120"
SpecialMesh593.MeshType = Enum.MeshType.FileMesh
Model594.Name = "茂み"
Model594.Parent = Folder0
Part595.Name = "TreeMesh Bottom"
Part595.Parent = Model594
Part595.CFrame = CFrame.new(2406.89722, 112.268372, 2466.49829, -1.00000072, 2.85217094e-09, -1.15936871e-07, 1.39407392e-08, 1.00000024, 0.000976553303, -1.160697e-07, 0.000976549345, -0.999999762)
Part595.Orientation = Vector3.new(-0.05999999865889549, -180, 0)
Part595.Position = Vector3.new(2406.897216796875, 112.26837158203125, 2466.498291015625)
Part595.Rotation = Vector3.new(-179.94000244140625, 0, -180)
Part595.Size = Vector3.new(8.250000953674316, 0.2499980926513672, 7)
Part595.Anchored = true
Part595.CanCollide = false
Part595.Material = Enum.Material.Fabric
SpecialMesh596.Name = "BarkMesh"
SpecialMesh596.Parent = Part595
SpecialMesh596.MeshId = "rbxassetid://623621260"
SpecialMesh596.Offset = Vector3.new(0, 3.4100000858306885, 0)
SpecialMesh596.TextureId = "rbxassetid://623618671"
SpecialMesh596.MeshType = Enum.MeshType.FileMesh
Part597.Name = "TreeMeshTop"
Part597.Parent = Model594
Part597.CFrame = CFrame.new(2406.89795, 142.408234, 2466.52832, -1.00000072, 2.85217094e-09, -1.15936871e-07, 1.39407392e-08, 1.00000024, 0.000976553303, -1.160697e-07, 0.000976549345, -0.999999762)
Part597.Orientation = Vector3.new(-0.05999999865889549, -180, 0)
Part597.Position = Vector3.new(2406.89794921875, 142.40823364257812, 2466.5283203125)
Part597.Rotation = Vector3.new(-179.94000244140625, 0, -180)
Part597.Transparency = 0.05000000074505806
Part597.Size = Vector3.new(8.250000953674316, 0.2499980926513672, 7)
Part597.Anchored = true
Part597.CanCollide = false
Part597.Material = Enum.Material.Fabric
SpecialMesh598.Name = "TopTreeMesh"
SpecialMesh598.Parent = Part597
SpecialMesh598.MeshId = "rbxassetid://623621456"
SpecialMesh598.Offset = Vector3.new(0, 3.4100000858306885, 0)
SpecialMesh598.Scale = Vector3.new(1.600000023841858, 1.600000023841858, 1.600000023841858)
SpecialMesh598.TextureId = "rbxassetid://745556120"
SpecialMesh598.MeshType = Enum.MeshType.FileMesh
Model599.Name = "茂み"
Model599.Parent = Folder0
Part600.Name = "TreeMesh Bottom"
Part600.Parent = Model599
Part600.CFrame = CFrame.new(2938.86377, 153.009094, 2216.37158, 0.839997649, -0.0238344036, 0.54206723, 0.0216940567, 0.999711812, 0.010338746, -0.542158067, 0.00307510793, 0.840271533)
Part600.Orientation = Vector3.new(-0.5899999737739563, 32.83000183105469, 1.2400000095367432)
Part600.Position = Vector3.new(2938.86376953125, 153.00909423828125, 2216.37158203125)
Part600.Rotation = Vector3.new(-0.699999988079071, 32.81999969482422, 1.6299999952316284)
Part600.Size = Vector3.new(8.250000953674316, 0.2499980926513672, 7)
Part600.Anchored = true
Part600.CanCollide = false
Part600.Material = Enum.Material.Fabric
SpecialMesh601.Name = "BarkMesh"
SpecialMesh601.Parent = Part600
SpecialMesh601.MeshId = "rbxassetid://623621260"
SpecialMesh601.Offset = Vector3.new(0, 3.4100000858306885, 0)
SpecialMesh601.TextureId = "rbxassetid://623618671"
SpecialMesh601.MeshType = Enum.MeshType.FileMesh
Part602.Name = "TreeMeshTop"
Part602.Parent = Model599
Part602.CFrame = CFrame.new(2938.14404, 183.140289, 2216.46411, 0.839997649, -0.0238344036, 0.54206723, 0.0216940567, 0.999711812, 0.010338746, -0.542158067, 0.00307510793, 0.840271533)
Part602.Orientation = Vector3.new(-0.5899999737739563, 32.83000183105469, 1.2400000095367432)
Part602.Position = Vector3.new(2938.14404296875, 183.14028930664062, 2216.464111328125)
Part602.Rotation = Vector3.new(-0.699999988079071, 32.81999969482422, 1.6299999952316284)
Part602.Transparency = 0.05000000074505806
Part602.Size = Vector3.new(8.250000953674316, 0.2499980926513672, 7)
Part602.Anchored = true
Part602.CanCollide = false
Part602.Material = Enum.Material.Fabric
SpecialMesh603.Name = "TopTreeMesh"
SpecialMesh603.Parent = Part602
SpecialMesh603.MeshId = "rbxassetid://623621456"
SpecialMesh603.Offset = Vector3.new(0, 3.4100000858306885, 0)
SpecialMesh603.Scale = Vector3.new(1.600000023841858, 1.600000023841858, 1.600000023841858)
SpecialMesh603.TextureId = "rbxassetid://745556120"
SpecialMesh603.MeshType = Enum.MeshType.FileMesh
Model604.Name = "茂み"
Model604.Parent = Folder0
Part605.Name = "TreeMesh Bottom"
Part605.Parent = Model604
Part605.CFrame = CFrame.new(2803.86377, 268.009094, 2836.37158, 0.839997649, -0.0238344036, 0.54206723, 0.0216940567, 0.999711812, 0.010338746, -0.542158067, 0.00307510793, 0.840271533)
Part605.Orientation = Vector3.new(-0.5899999737739563, 32.83000183105469, 1.2400000095367432)
Part605.Position = Vector3.new(2803.86376953125, 268.00909423828125, 2836.37158203125)
Part605.Rotation = Vector3.new(-0.699999988079071, 32.81999969482422, 1.6299999952316284)
Part605.Size = Vector3.new(8.250000953674316, 0.2499980926513672, 7)
Part605.Anchored = true
Part605.CanCollide = false
Part605.Material = Enum.Material.Fabric
SpecialMesh606.Name = "BarkMesh"
SpecialMesh606.Parent = Part605
SpecialMesh606.MeshId = "rbxassetid://623621260"
SpecialMesh606.Offset = Vector3.new(0, 3.4100000858306885, 0)
SpecialMesh606.TextureId = "rbxassetid://623618671"
SpecialMesh606.MeshType = Enum.MeshType.FileMesh
Part607.Name = "TreeMeshTop"
Part607.Parent = Model604
Part607.CFrame = CFrame.new(2803.14404, 298.140289, 2836.46411, 0.839997649, -0.0238344036, 0.54206723, 0.0216940567, 0.999711812, 0.010338746, -0.542158067, 0.00307510793, 0.840271533)
Part607.Orientation = Vector3.new(-0.5899999737739563, 32.83000183105469, 1.2400000095367432)
Part607.Position = Vector3.new(2803.14404296875, 298.1402893066406, 2836.464111328125)
Part607.Rotation = Vector3.new(-0.699999988079071, 32.81999969482422, 1.6299999952316284)
Part607.Transparency = 0.05000000074505806
Part607.Size = Vector3.new(8.250000953674316, 0.2499980926513672, 7)
Part607.Anchored = true
Part607.CanCollide = false
Part607.Material = Enum.Material.Fabric
SpecialMesh608.Name = "TopTreeMesh"
SpecialMesh608.Parent = Part607
SpecialMesh608.MeshId = "rbxassetid://623621456"
SpecialMesh608.Offset = Vector3.new(0, 3.4100000858306885, 0)
SpecialMesh608.Scale = Vector3.new(1.600000023841858, 1.600000023841858, 1.600000023841858)
SpecialMesh608.TextureId = "rbxassetid://745556120"
SpecialMesh608.MeshType = Enum.MeshType.FileMesh
Model609.Name = "茂み"
Model609.Parent = Folder0
Part610.Name = "TreeMesh Bottom"
Part610.Parent = Model609
Part610.CFrame = CFrame.new(1736.00122, 234.544983, 2437.21826, -0.83246541, 0.210739419, -0.5124439, 0.243358552, 0.969932854, 0.00354396552, 0.497781187, -0.121756896, -0.858716011)
Part610.Orientation = Vector3.new(-0.20000000298023224, -149.1699981689453, 14.079999923706055)
Part610.Position = Vector3.new(1736.001220703125, 234.54498291015625, 2437.21826171875)
Part610.Rotation = Vector3.new(-179.75999450683594, -30.829999923706055, -165.7899932861328)
Part610.Size = Vector3.new(8.250000953674316, 0.2499980926513672, 7)
Part610.Anchored = true
Part610.CanCollide = false
Part610.Material = Enum.Material.Fabric
SpecialMesh611.Name = "BarkMesh"
SpecialMesh611.Parent = Part610
SpecialMesh611.MeshId = "rbxassetid://623621260"
SpecialMesh611.Offset = Vector3.new(0, 3.4100000858306885, 0)
SpecialMesh611.TextureId = "rbxassetid://623618671"
SpecialMesh611.MeshType = Enum.MeshType.FileMesh
Part612.Name = "TreeMeshTop"
Part612.Parent = Model609
Part612.CFrame = CFrame.new(1742.35352, 263.778503, 2433.54858, -0.83246541, 0.210739419, -0.5124439, 0.243358552, 0.969932854, 0.00354396552, 0.497781187, -0.121756896, -0.858716011)
Part612.Orientation = Vector3.new(-0.20000000298023224, -149.1699981689453, 14.079999923706055)
Part612.Position = Vector3.new(1742.353515625, 263.77850341796875, 2433.548583984375)
Part612.Rotation = Vector3.new(-179.75999450683594, -30.829999923706055, -165.7899932861328)
Part612.Transparency = 0.05000000074505806
Part612.Size = Vector3.new(8.250000953674316, 0.2499980926513672, 7)
Part612.Anchored = true
Part612.CanCollide = false
Part612.Material = Enum.Material.Fabric
SpecialMesh613.Name = "TopTreeMesh"
SpecialMesh613.Parent = Part612
SpecialMesh613.MeshId = "rbxassetid://623621456"
SpecialMesh613.Offset = Vector3.new(0, 3.4100000858306885, 0)
SpecialMesh613.Scale = Vector3.new(1.600000023841858, 1.600000023841858, 1.600000023841858)
SpecialMesh613.TextureId = "rbxassetid://745556120"
SpecialMesh613.MeshType = Enum.MeshType.FileMesh
Model614.Name = "茂み"
Model614.Parent = Folder0
Part615.Name = "TreeMesh Bottom"
Part615.Parent = Model614
Part615.CFrame = CFrame.new(2230.98877, 112.84845, 2509.23877, 1.00000286, 2.23517418e-08, 4.64253844e-07, 2.23517418e-08, 1.00000286, 9.24311916e-09, 4.64253844e-07, 9.24311916e-09, 1.00000107)
Part615.Position = Vector3.new(2230.98876953125, 112.84844970703125, 2509.23876953125)
Part615.Size = Vector3.new(8.250000953674316, 0.2499980926513672, 7)
Part615.Anchored = true
Part615.CanCollide = false
Part615.Material = Enum.Material.Fabric
SpecialMesh616.Name = "BarkMesh"
SpecialMesh616.Parent = Part615
SpecialMesh616.MeshId = "rbxassetid://623621260"
SpecialMesh616.Offset = Vector3.new(0, 3.4100000858306885, 0)
SpecialMesh616.TextureId = "rbxassetid://623618671"
SpecialMesh616.MeshType = Enum.MeshType.FileMesh
Part617.Name = "TreeMeshTop"
Part617.Parent = Model614
Part617.CFrame = CFrame.new(2230.98804, 142.98848, 2509.23779, 1.00000286, 2.23517418e-08, 4.64253844e-07, 2.23517418e-08, 1.00000286, 9.24311916e-09, 4.64253844e-07, 9.24311916e-09, 1.00000107)
Part617.Position = Vector3.new(2230.988037109375, 142.9884796142578, 2509.23779296875)
Part617.Transparency = 0.05000000074505806
Part617.Size = Vector3.new(8.250000953674316, 0.2499980926513672, 7)
Part617.Anchored = true
Part617.CanCollide = false
Part617.Material = Enum.Material.Fabric
SpecialMesh618.Name = "TopTreeMesh"
SpecialMesh618.Parent = Part617
SpecialMesh618.MeshId = "rbxassetid://623621456"
SpecialMesh618.Offset = Vector3.new(0, 3.4100000858306885, 0)
SpecialMesh618.Scale = Vector3.new(1.600000023841858, 1.600000023841858, 1.600000023841858)
SpecialMesh618.TextureId = "rbxassetid://745556120"
SpecialMesh618.MeshType = Enum.MeshType.FileMesh
Model619.Name = "茂み"
Model619.Parent = Folder0
Part620.Name = "TreeMesh Bottom"
Part620.Parent = Model619
Part620.CFrame = CFrame.new(2502.54395, 209.248184, 2806.1272, 0.741090953, -0.00913902558, -0.671342432, 0.0216939691, 0.999711275, 0.0103387162, 0.671054065, -0.0222260114, 0.741075218)
Part620.Orientation = Vector3.new(-0.5899999737739563, -42.16999816894531, 1.2400000095367432)
Part620.Position = Vector3.new(2502.5439453125, 209.24818420410156, 2806.127197265625)
Part620.Rotation = Vector3.new(-0.800000011920929, -42.16999816894531, 0.7099999785423279)
Part620.Size = Vector3.new(8.250000953674316, 0.2499980926513672, 7)
Part620.Anchored = true
Part620.CanCollide = false
Part620.Material = Enum.Material.Fabric
SpecialMesh621.Name = "BarkMesh"
SpecialMesh621.Parent = Part620
SpecialMesh621.MeshId = "rbxassetid://623621260"
SpecialMesh621.Offset = Vector3.new(0, 3.4100000858306885, 0)
SpecialMesh621.TextureId = "rbxassetid://623618671"
SpecialMesh621.MeshType = Enum.MeshType.FileMesh
Part622.Name = "TreeMeshTop"
Part622.Parent = Model619
Part622.CFrame = CFrame.new(2502.26855, 239.37941, 2805.45605, 0.741090953, -0.00913902558, -0.671342432, 0.0216939691, 0.999711275, 0.0103387162, 0.671054065, -0.0222260114, 0.741075218)
Part622.Orientation = Vector3.new(-0.5899999737739563, -42.16999816894531, 1.2400000095367432)
Part622.Position = Vector3.new(2502.2685546875, 239.37940979003906, 2805.4560546875)
Part622.Rotation = Vector3.new(-0.800000011920929, -42.16999816894531, 0.7099999785423279)
Part622.Transparency = 0.05000000074505806
Part622.Size = Vector3.new(8.250000953674316, 0.2499980926513672, 7)
Part622.Anchored = true
Part622.CanCollide = false
Part622.Material = Enum.Material.Fabric
SpecialMesh623.Name = "TopTreeMesh"
SpecialMesh623.Parent = Part622
SpecialMesh623.MeshId = "rbxassetid://623621456"
SpecialMesh623.Offset = Vector3.new(0, 3.4100000858306885, 0)
SpecialMesh623.Scale = Vector3.new(1.600000023841858, 1.600000023841858, 1.600000023841858)
SpecialMesh623.TextureId = "rbxassetid://745556120"
SpecialMesh623.MeshType = Enum.MeshType.FileMesh
Model624.Name = "茂み"
Model624.Parent = Folder0
Part625.Name = "TreeMesh Bottom"
Part625.Parent = Model624
Part625.CFrame = CFrame.new(2540.83423, 204.880753, 3034.35449, 0.43631357, -0.00788117386, 0.899760246, -0.0152370827, 0.999753594, 0.0161458328, -0.899665713, -0.0207543653, 0.436085969)
Part625.Orientation = Vector3.new(-0.9300000071525574, 64.13999938964844, -0.8700000047683716)
Part625.Position = Vector3.new(2540.834228515625, 204.88075256347656, 3034.3544921875)
Part625.Rotation = Vector3.new(-2.119999885559082, 64.12999725341797, 1.0299999713897705)
Part625.Size = Vector3.new(8.250000953674316, 0.2499980926513672, 7)
Part625.Anchored = true
Part625.CanCollide = false
Part625.Material = Enum.Material.Fabric
SpecialMesh626.Name = "BarkMesh"
SpecialMesh626.Parent = Part625
SpecialMesh626.MeshId = "rbxassetid://623621260"
SpecialMesh626.Offset = Vector3.new(0, 3.4100000858306885, 0)
SpecialMesh626.TextureId = "rbxassetid://623618671"
SpecialMesh626.MeshType = Enum.MeshType.FileMesh
Part627.Name = "TreeMeshTop"
Part627.Parent = Model624
Part627.CFrame = CFrame.new(2540.59521, 235.013535, 3033.72949, 0.43631357, -0.00788117386, 0.899760246, -0.0152370827, 0.999753594, 0.0161458328, -0.899665713, -0.0207543653, 0.436085969)
Part627.Orientation = Vector3.new(-0.9300000071525574, 64.13999938964844, -0.8700000047683716)
Part627.Position = Vector3.new(2540.59521484375, 235.01353454589844, 3033.7294921875)
Part627.Rotation = Vector3.new(-2.119999885559082, 64.12999725341797, 1.0299999713897705)
Part627.Transparency = 0.05000000074505806
Part627.Size = Vector3.new(8.250000953674316, 0.2499980926513672, 7)
Part627.Anchored = true
Part627.CanCollide = false
Part627.Material = Enum.Material.Fabric
SpecialMesh628.Name = "TopTreeMesh"
SpecialMesh628.Parent = Part627
SpecialMesh628.MeshId = "rbxassetid://623621456"
SpecialMesh628.Offset = Vector3.new(0, 3.4100000858306885, 0)
SpecialMesh628.Scale = Vector3.new(1.600000023841858, 1.600000023841858, 1.600000023841858)
SpecialMesh628.TextureId = "rbxassetid://745556120"
SpecialMesh628.MeshType = Enum.MeshType.FileMesh
Model629.Name = "茂み"
Model629.Parent = Folder0
Part630.Name = "TreeMesh Bottom"
Part630.Parent = Model629
Part630.CFrame = CFrame.new(2188.06421, 112.2547, 2406.49219, -0.292432338, 0, -0.956286192, 0, 1, 0, 0.956286192, 0, -0.292432338)
Part630.Orientation = Vector3.new(0, -107, 0)
Part630.Position = Vector3.new(2188.064208984375, 112.25469970703125, 2406.4921875)
Part630.Rotation = Vector3.new(-180, -73, -180)
Part630.Size = Vector3.new(8.250000953674316, 0.2499980926513672, 7)
Part630.Anchored = true
Part630.CanCollide = false
Part630.Material = Enum.Material.Fabric
SpecialMesh631.Name = "BarkMesh"
SpecialMesh631.Parent = Part630
SpecialMesh631.MeshId = "rbxassetid://623621260"
SpecialMesh631.Offset = Vector3.new(0, 3.4100000858306885, 0)
SpecialMesh631.TextureId = "rbxassetid://623618671"
SpecialMesh631.MeshType = Enum.MeshType.FileMesh
Part632.Name = "TreeMeshTop"
Part632.Parent = Model629
Part632.CFrame = CFrame.new(2188.0647, 142.394562, 2406.49194, -0.292432338, 0, -0.956286192, 0, 1, 0, 0.956286192, 0, -0.292432338)
Part632.Orientation = Vector3.new(0, -107, 0)
Part632.Position = Vector3.new(2188.064697265625, 142.39456176757812, 2406.491943359375)
Part632.Rotation = Vector3.new(-180, -73, -180)
Part632.Transparency = 0.05000000074505806
Part632.Size = Vector3.new(8.250000953674316, 0.2499980926513672, 7)
Part632.Anchored = true
Part632.CanCollide = false
Part632.Material = Enum.Material.Fabric
SpecialMesh633.Name = "TopTreeMesh"
SpecialMesh633.Parent = Part632
SpecialMesh633.MeshId = "rbxassetid://623621456"
SpecialMesh633.Offset = Vector3.new(0, 3.4100000858306885, 0)
SpecialMesh633.Scale = Vector3.new(1.600000023841858, 1.600000023841858, 1.600000023841858)
SpecialMesh633.TextureId = "rbxassetid://745556120"
SpecialMesh633.MeshType = Enum.MeshType.FileMesh
Model634.Name = "茂み"
Model634.Parent = Folder0
Part635.Name = "TreeMesh Bottom"
Part635.Parent = Model634
Part635.CFrame = CFrame.new(3040.71704, 268.606323, 2790.91992, 0.805760145, -0.281766295, 0.520921052, 0.238362014, 0.959478378, 0.150283784, -0.54215759, 0.00307510048, 0.840271473)
Part635.Orientation = Vector3.new(-8.640000343322754, 31.799999237060547, 13.949999809265137)
Part635.Position = Vector3.new(3040.717041015625, 268.6063232421875, 2790.919921875)
Part635.Rotation = Vector3.new(-10.140000343322754, 31.389999389648438, 19.270000457763672)
Part635.Size = Vector3.new(8.250000953674316, 0.2499980926513672, 7)
Part635.Anchored = true
Part635.CanCollide = false
Part635.Material = Enum.Material.Fabric
SpecialMesh636.Name = "BarkMesh"
SpecialMesh636.Parent = Part635
SpecialMesh636.MeshId = "rbxassetid://623621260"
SpecialMesh636.Offset = Vector3.new(0, 3.4100000858306885, 0)
SpecialMesh636.TextureId = "rbxassetid://623618671"
SpecialMesh636.MeshType = Enum.MeshType.FileMesh
Part637.Name = "TreeMeshTop"
Part637.Parent = Model634
Part637.CFrame = CFrame.new(3032.22339, 297.524506, 2791.01221, 0.805760145, -0.281766295, 0.520921052, 0.238362014, 0.959478378, 0.150283784, -0.54215759, 0.00307510048, 0.840271473)
Part637.Orientation = Vector3.new(-8.640000343322754, 31.799999237060547, 13.949999809265137)
Part637.Position = Vector3.new(3032.223388671875, 297.5245056152344, 2791.01220703125)
Part637.Rotation = Vector3.new(-10.140000343322754, 31.389999389648438, 19.270000457763672)
Part637.Transparency = 0.05000000074505806
Part637.Size = Vector3.new(8.250000953674316, 0.2499980926513672, 7)
Part637.Anchored = true
Part637.CanCollide = false
Part637.Material = Enum.Material.Fabric
SpecialMesh638.Name = "TopTreeMesh"
SpecialMesh638.Parent = Part637
SpecialMesh638.MeshId = "rbxassetid://623621456"
SpecialMesh638.Offset = Vector3.new(0, 3.4100000858306885, 0)
SpecialMesh638.Scale = Vector3.new(1.600000023841858, 1.600000023841858, 1.600000023841858)
SpecialMesh638.TextureId = "rbxassetid://745556120"
SpecialMesh638.MeshType = Enum.MeshType.FileMesh
Model639.Name = "茂み"
Model639.Parent = Folder0
Part640.Name = "TreeMesh Bottom"
Part640.Parent = Model639
Part640.CFrame = CFrame.new(2977.86377, 170.009094, 2268.37158, 0.839997649, -0.0238344036, 0.54206723, 0.0216940567, 0.999711812, 0.010338746, -0.542158067, 0.00307510793, 0.840271533)
Part640.Orientation = Vector3.new(-0.5899999737739563, 32.83000183105469, 1.2400000095367432)
Part640.Position = Vector3.new(2977.86376953125, 170.00909423828125, 2268.37158203125)
Part640.Rotation = Vector3.new(-0.699999988079071, 32.81999969482422, 1.6299999952316284)
Part640.Size = Vector3.new(8.250000953674316, 0.2499980926513672, 7)
Part640.Anchored = true
Part640.CanCollide = false
Part640.Material = Enum.Material.Fabric
SpecialMesh641.Name = "BarkMesh"
SpecialMesh641.Parent = Part640
SpecialMesh641.MeshId = "rbxassetid://623621260"
SpecialMesh641.Offset = Vector3.new(0, 3.4100000858306885, 0)
SpecialMesh641.TextureId = "rbxassetid://623618671"
SpecialMesh641.MeshType = Enum.MeshType.FileMesh
Part642.Name = "TreeMeshTop"
Part642.Parent = Model639
Part642.CFrame = CFrame.new(2977.14404, 200.140289, 2268.46411, 0.839997649, -0.0238344036, 0.54206723, 0.0216940567, 0.999711812, 0.010338746, -0.542158067, 0.00307510793, 0.840271533)
Part642.Orientation = Vector3.new(-0.5899999737739563, 32.83000183105469, 1.2400000095367432)
Part642.Position = Vector3.new(2977.14404296875, 200.14028930664062, 2268.464111328125)
Part642.Rotation = Vector3.new(-0.699999988079071, 32.81999969482422, 1.6299999952316284)
Part642.Transparency = 0.05000000074505806
Part642.Size = Vector3.new(8.250000953674316, 0.2499980926513672, 7)
Part642.Anchored = true
Part642.CanCollide = false
Part642.Material = Enum.Material.Fabric
SpecialMesh643.Name = "TopTreeMesh"
SpecialMesh643.Parent = Part642
SpecialMesh643.MeshId = "rbxassetid://623621456"
SpecialMesh643.Offset = Vector3.new(0, 3.4100000858306885, 0)
SpecialMesh643.Scale = Vector3.new(1.600000023841858, 1.600000023841858, 1.600000023841858)
SpecialMesh643.TextureId = "rbxassetid://745556120"
SpecialMesh643.MeshType = Enum.MeshType.FileMesh
Model644.Name = "茂み"
Model644.Parent = Folder0
Part645.Name = "TreeMesh Bottom"
Part645.Parent = Model644
Part645.CFrame = CFrame.new(2901.86377, 227.009094, 2597.37158, 0.839997649, -0.0238344036, 0.54206723, 0.0216940567, 0.999711812, 0.010338746, -0.542158067, 0.00307510793, 0.840271533)
Part645.Orientation = Vector3.new(-0.5899999737739563, 32.83000183105469, 1.2400000095367432)
Part645.Position = Vector3.new(2901.86376953125, 227.00909423828125, 2597.37158203125)
Part645.Rotation = Vector3.new(-0.699999988079071, 32.81999969482422, 1.6299999952316284)
Part645.Size = Vector3.new(8.250000953674316, 0.2499980926513672, 7)
Part645.Anchored = true
Part645.CanCollide = false
Part645.Material = Enum.Material.Fabric
SpecialMesh646.Name = "BarkMesh"
SpecialMesh646.Parent = Part645
SpecialMesh646.MeshId = "rbxassetid://623621260"
SpecialMesh646.Offset = Vector3.new(0, 3.4100000858306885, 0)
SpecialMesh646.TextureId = "rbxassetid://623618671"
SpecialMesh646.MeshType = Enum.MeshType.FileMesh
Part647.Name = "TreeMeshTop"
Part647.Parent = Model644
Part647.CFrame = CFrame.new(2901.14404, 257.140289, 2597.46411, 0.839997649, -0.0238344036, 0.54206723, 0.0216940567, 0.999711812, 0.010338746, -0.542158067, 0.00307510793, 0.840271533)
Part647.Orientation = Vector3.new(-0.5899999737739563, 32.83000183105469, 1.2400000095367432)
Part647.Position = Vector3.new(2901.14404296875, 257.1402893066406, 2597.464111328125)
Part647.Rotation = Vector3.new(-0.699999988079071, 32.81999969482422, 1.6299999952316284)
Part647.Transparency = 0.05000000074505806
Part647.Size = Vector3.new(8.250000953674316, 0.2499980926513672, 7)
Part647.Anchored = true
Part647.CanCollide = false
Part647.Material = Enum.Material.Fabric
SpecialMesh648.Name = "TopTreeMesh"
SpecialMesh648.Parent = Part647
SpecialMesh648.MeshId = "rbxassetid://623621456"
SpecialMesh648.Offset = Vector3.new(0, 3.4100000858306885, 0)
SpecialMesh648.Scale = Vector3.new(1.600000023841858, 1.600000023841858, 1.600000023841858)
SpecialMesh648.TextureId = "rbxassetid://745556120"
SpecialMesh648.MeshType = Enum.MeshType.FileMesh
Model649.Name = "茂み"
Model649.Parent = Folder0
Part650.Name = "TreeMesh Bottom"
Part650.Parent = Model649
Part650.CFrame = CFrame.new(1707.8916, 237.226715, 2409.92871, 0.512444794, 0.210739642, -0.83246541, -0.00354338437, 0.96993494, 0.243358642, 0.858718455, -0.121757507, 0.497781903)
Part650.Orientation = Vector3.new(-14.079999923706055, -59.119998931884766, -0.20999999344348907)
Part650.Position = Vector3.new(1707.8916015625, 237.22671508789062, 2409.9287109375)
Part650.Rotation = Vector3.new(-26.049999237060547, -56.349998474121094, -22.350000381469727)
Part650.Size = Vector3.new(8.250000953674316, 0.2499980926513672, 7)
Part650.Anchored = true
Part650.CanCollide = false
Part650.Material = Enum.Material.Fabric
SpecialMesh651.Name = "BarkMesh"
SpecialMesh651.Parent = Part650
SpecialMesh651.MeshId = "rbxassetid://623621260"
SpecialMesh651.Offset = Vector3.new(0, 3.4100000858306885, 0)
SpecialMesh651.TextureId = "rbxassetid://623618671"
SpecialMesh651.MeshType = Enum.MeshType.FileMesh
Part652.Name = "TreeMeshTop"
Part652.Parent = Model649
Part652.CFrame = CFrame.new(1714.24377, 266.460236, 2406.25806, 0.512444794, 0.210739642, -0.83246541, -0.00354338437, 0.96993494, 0.243358642, 0.858718455, -0.121757507, 0.497781903)
Part652.Orientation = Vector3.new(-14.079999923706055, -59.119998931884766, -0.20999999344348907)
Part652.Position = Vector3.new(1714.2437744140625, 266.4602355957031, 2406.258056640625)
Part652.Rotation = Vector3.new(-26.049999237060547, -56.349998474121094, -22.350000381469727)
Part652.Transparency = 0.05000000074505806
Part652.Size = Vector3.new(8.250000953674316, 0.2499980926513672, 7)
Part652.Anchored = true
Part652.CanCollide = false
Part652.Material = Enum.Material.Fabric
SpecialMesh653.Name = "TopTreeMesh"
SpecialMesh653.Parent = Part652
SpecialMesh653.MeshId = "rbxassetid://623621456"
SpecialMesh653.Offset = Vector3.new(0, 3.4100000858306885, 0)
SpecialMesh653.Scale = Vector3.new(1.600000023841858, 1.600000023841858, 1.600000023841858)
SpecialMesh653.TextureId = "rbxassetid://745556120"
SpecialMesh653.MeshType = Enum.MeshType.FileMesh
Model654.Name = "茂み"
Model654.Parent = Folder0
Part655.Name = "TreeMesh Bottom"
Part655.Parent = Model654
Part655.CFrame = CFrame.new(2762.0708, 215.92276, 2406.57129, -0.989697456, 0.0146361645, -0.142424524, 0.00891601294, 0.999130964, 0.0407183282, 0.142896697, 0.0390289687, -0.988967836)
Part655.Orientation = Vector3.new(-2.3299999237060547, -171.80999755859375, 0.5099999904632568)
Part655.Position = Vector3.new(2762.07080078125, 215.92276000976562, 2406.5712890625)
Part655.Rotation = Vector3.new(-177.63999938964844, -8.1899995803833, -179.14999389648438)
Part655.Size = Vector3.new(8.250000953674316, 0.2499980926513672, 7)
Part655.Anchored = true
Part655.CanCollide = false
Part655.Material = Enum.Material.Fabric
SpecialMesh656.Name = "BarkMesh"
SpecialMesh656.Parent = Part655
SpecialMesh656.MeshId = "rbxassetid://623621260"
SpecialMesh656.Offset = Vector3.new(0, 3.4100000858306885, 0)
SpecialMesh656.TextureId = "rbxassetid://623618671"
SpecialMesh656.MeshType = Enum.MeshType.FileMesh
Part657.Name = "TreeMeshTop"
Part657.Parent = Model654
Part657.CFrame = CFrame.new(2762.5127, 246.036392, 2407.74902, -0.989697456, 0.0146361645, -0.142424524, 0.00891601294, 0.999130964, 0.0407183282, 0.142896697, 0.0390289687, -0.988967836)
Part657.Orientation = Vector3.new(-2.3299999237060547, -171.80999755859375, 0.5099999904632568)
Part657.Position = Vector3.new(2762.5126953125, 246.03639221191406, 2407.7490234375)
Part657.Rotation = Vector3.new(-177.63999938964844, -8.1899995803833, -179.14999389648438)
Part657.Transparency = 0.05000000074505806
Part657.Size = Vector3.new(8.250000953674316, 0.2499980926513672, 7)
Part657.Anchored = true
Part657.CanCollide = false
Part657.Material = Enum.Material.Fabric
SpecialMesh658.Name = "TopTreeMesh"
SpecialMesh658.Parent = Part657
SpecialMesh658.MeshId = "rbxassetid://623621456"
SpecialMesh658.Offset = Vector3.new(0, 3.4100000858306885, 0)
SpecialMesh658.Scale = Vector3.new(1.600000023841858, 1.600000023841858, 1.600000023841858)
SpecialMesh658.TextureId = "rbxassetid://745556120"
SpecialMesh658.MeshType = Enum.MeshType.FileMesh
Model659.Name = "茂み"
Model659.Parent = Folder0
Part660.Name = "TreeMesh Bottom"
Part660.Parent = Model659
Part660.CFrame = CFrame.new(2574.38574, 207.337296, 2807.67114, 0.837466359, -0.00841495302, 0.546424448, -0.00474184565, 0.999731898, 0.0226634014, -0.546468675, -0.0215708893, 0.837201834)
Part660.Orientation = Vector3.new(-1.2999999523162842, 33.130001068115234, -0.27000001072883606)
Part660.Position = Vector3.new(2574.3857421875, 207.33729553222656, 2807.671142578125)
Part660.Rotation = Vector3.new(-1.5499999523162842, 33.119998931884766, 0.5799999833106995)
Part660.Size = Vector3.new(8.250000953674316, 0.2499980926513672, 7)
Part660.Anchored = true
Part660.CanCollide = false
Part660.Material = Enum.Material.Fabric
SpecialMesh661.Name = "BarkMesh"
SpecialMesh661.Parent = Part660
SpecialMesh661.MeshId = "rbxassetid://623621260"
SpecialMesh661.Offset = Vector3.new(0, 3.4100000858306885, 0)
SpecialMesh661.TextureId = "rbxassetid://623618671"
SpecialMesh661.MeshType = Enum.MeshType.FileMesh
Part662.Name = "TreeMeshTop"
Part662.Parent = Model659
Part662.CFrame = CFrame.new(2574.13037, 237.469208, 2807.02075, 0.837466359, -0.00841495302, 0.546424448, -0.00474184565, 0.999731898, 0.0226634014, -0.546468675, -0.0215708893, 0.837201834)
Part662.Orientation = Vector3.new(-1.2999999523162842, 33.130001068115234, -0.27000001072883606)
Part662.Position = Vector3.new(2574.13037109375, 237.46920776367188, 2807.020751953125)
Part662.Rotation = Vector3.new(-1.5499999523162842, 33.119998931884766, 0.5799999833106995)
Part662.Transparency = 0.05000000074505806
Part662.Size = Vector3.new(8.250000953674316, 0.2499980926513672, 7)
Part662.Anchored = true
Part662.CanCollide = false
Part662.Material = Enum.Material.Fabric
SpecialMesh663.Name = "TopTreeMesh"
SpecialMesh663.Parent = Part662
SpecialMesh663.MeshId = "rbxassetid://623621456"
SpecialMesh663.Offset = Vector3.new(0, 3.4100000858306885, 0)
SpecialMesh663.Scale = Vector3.new(1.600000023841858, 1.600000023841858, 1.600000023841858)
SpecialMesh663.TextureId = "rbxassetid://745556120"
SpecialMesh663.MeshType = Enum.MeshType.FileMesh
Model664.Name = "茂み"
Model664.Parent = Folder0
Part665.Name = "TreeMesh Bottom"
Part665.Parent = Model664
Part665.CFrame = CFrame.new(2024.28821, 112.992943, 2097.35376, 0.863822699, -9.52422488e-05, -0.503798246, 9.42901534e-05, 1.00000143, -2.73300557e-05, 0.503798723, -2.39080091e-05, 0.863821924)
Part665.Orientation = Vector3.new(0, -30.25, 0.009999999776482582)
Part665.Position = Vector3.new(2024.2882080078125, 112.9929428100586, 2097.353759765625)
Part665.Rotation = Vector3.new(0, -30.25, 0.009999999776482582)
Part665.Size = Vector3.new(8.250000953674316, 0.2499980926513672, 7)
Part665.Anchored = true
Part665.CanCollide = false
Part665.Material = Enum.Material.Fabric
SpecialMesh666.Name = "BarkMesh"
SpecialMesh666.Parent = Part665
SpecialMesh666.MeshId = "rbxassetid://623621260"
SpecialMesh666.Offset = Vector3.new(0, 3.4100000858306885, 0)
SpecialMesh666.TextureId = "rbxassetid://623618671"
SpecialMesh666.MeshType = Enum.MeshType.FileMesh
Part667.Name = "TreeMeshTop"
Part667.Parent = Model664
Part667.CFrame = CFrame.new(2024.28528, 143.133163, 2097.35156, 0.863822699, -9.52422488e-05, -0.503798246, 9.42901534e-05, 1.00000143, -2.73300557e-05, 0.503798723, -2.39080091e-05, 0.863821924)
Part667.Orientation = Vector3.new(0, -30.25, 0.009999999776482582)
Part667.Position = Vector3.new(2024.2852783203125, 143.13316345214844, 2097.3515625)
Part667.Rotation = Vector3.new(0, -30.25, 0.009999999776482582)
Part667.Transparency = 0.05000000074505806
Part667.Size = Vector3.new(8.250000953674316, 0.2499980926513672, 7)
Part667.Anchored = true
Part667.CanCollide = false
Part667.Material = Enum.Material.Fabric
SpecialMesh668.Name = "TopTreeMesh"
SpecialMesh668.Parent = Part667
SpecialMesh668.MeshId = "rbxassetid://623621456"
SpecialMesh668.Offset = Vector3.new(0, 3.4100000858306885, 0)
SpecialMesh668.Scale = Vector3.new(1.600000023841858, 1.600000023841858, 1.600000023841858)
SpecialMesh668.TextureId = "rbxassetid://745556120"
SpecialMesh668.MeshType = Enum.MeshType.FileMesh
Model669.Name = "茂み"
Model669.Parent = Folder0
Part670.Name = "TreeMesh Bottom"
Part670.Parent = Model669
Part670.CFrame = CFrame.new(2062.25635, 112.996796, 2107.37817, -0.503798246, -9.48106681e-05, -0.863822699, -2.72213656e-05, 1.00000143, -9.38539306e-05, 0.863821864, -2.37821332e-05, -0.503798783)
Part670.Orientation = Vector3.new(0.009999999776482582, -120.25, 0)
Part670.Position = Vector3.new(2062.25634765625, 112.99679565429688, 2107.378173828125)
Part670.Rotation = Vector3.new(179.99000549316406, -59.75, 179.99000549316406)
Part670.Size = Vector3.new(8.250000953674316, 0.2499980926513672, 7)
Part670.Anchored = true
Part670.CanCollide = false
Part670.Material = Enum.Material.Fabric
SpecialMesh671.Name = "BarkMesh"
SpecialMesh671.Parent = Part670
SpecialMesh671.MeshId = "rbxassetid://623621260"
SpecialMesh671.Offset = Vector3.new(0, 3.4100000858306885, 0)
SpecialMesh671.TextureId = "rbxassetid://623618671"
SpecialMesh671.MeshType = Enum.MeshType.FileMesh
Part672.Name = "TreeMeshTop"
Part672.Parent = Model669
Part672.CFrame = CFrame.new(2062.25439, 143.136917, 2107.3772, -0.503798246, -9.48106681e-05, -0.863822699, -2.72213656e-05, 1.00000143, -9.38539306e-05, 0.863821864, -2.37821332e-05, -0.503798783)
Part672.Orientation = Vector3.new(0.009999999776482582, -120.25, 0)
Part672.Position = Vector3.new(2062.25439453125, 143.1369171142578, 2107.377197265625)
Part672.Rotation = Vector3.new(179.99000549316406, -59.75, 179.99000549316406)
Part672.Transparency = 0.05000000074505806
Part672.Size = Vector3.new(8.250000953674316, 0.2499980926513672, 7)
Part672.Anchored = true
Part672.CanCollide = false
Part672.Material = Enum.Material.Fabric
SpecialMesh673.Name = "TopTreeMesh"
SpecialMesh673.Parent = Part672
SpecialMesh673.MeshId = "rbxassetid://623621456"
SpecialMesh673.Offset = Vector3.new(0, 3.4100000858306885, 0)
SpecialMesh673.Scale = Vector3.new(1.600000023841858, 1.600000023841858, 1.600000023841858)
SpecialMesh673.TextureId = "rbxassetid://745556120"
SpecialMesh673.MeshType = Enum.MeshType.FileMesh
Model674.Name = "茂み"
Model674.Parent = Folder0
Part675.Name = "TreeMesh Bottom"
Part675.Parent = Model674
Part675.CFrame = CFrame.new(2480.49341, 112.444229, 2157.54419, 0.100401297, -9.52157498e-05, -0.994948149, 3.33844837e-05, 1.00000143, -9.23067782e-05, 0.994947791, -2.39612273e-05, 0.100400403)
Part675.Orientation = Vector3.new(0.009999999776482582, -84.23999786376953, 0)
Part675.Position = Vector3.new(2480.493408203125, 112.44422912597656, 2157.544189453125)
Part675.Rotation = Vector3.new(0.05000000074505806, -84.23999786376953, 0.05000000074505806)
Part675.Size = Vector3.new(8.250000953674316, 0.2499980926513672, 7)
Part675.Anchored = true
Part675.CanCollide = false
Part675.Material = Enum.Material.Fabric
SpecialMesh676.Name = "BarkMesh"
SpecialMesh676.Parent = Part675
SpecialMesh676.MeshId = "rbxassetid://623621260"
SpecialMesh676.Offset = Vector3.new(0, 3.4100000858306885, 0)
SpecialMesh676.TextureId = "rbxassetid://623618671"
SpecialMesh676.MeshType = Enum.MeshType.FileMesh
Part677.Name = "TreeMeshTop"
Part677.Parent = Model674
Part677.CFrame = CFrame.new(2480.49097, 142.584152, 2157.54297, 0.100401297, -9.52157498e-05, -0.994948149, 3.33844837e-05, 1.00000143, -9.23067782e-05, 0.994947791, -2.39612273e-05, 0.100400403)
Part677.Orientation = Vector3.new(0.009999999776482582, -84.23999786376953, 0)
Part677.Position = Vector3.new(2480.490966796875, 142.5841522216797, 2157.54296875)
Part677.Rotation = Vector3.new(0.05000000074505806, -84.23999786376953, 0.05000000074505806)
Part677.Transparency = 0.05000000074505806
Part677.Size = Vector3.new(8.250000953674316, 0.2499980926513672, 7)
Part677.Anchored = true
Part677.CanCollide = false
Part677.Material = Enum.Material.Fabric
SpecialMesh678.Name = "TopTreeMesh"
SpecialMesh678.Parent = Part677
SpecialMesh678.MeshId = "rbxassetid://623621456"
SpecialMesh678.Offset = Vector3.new(0, 3.4100000858306885, 0)
SpecialMesh678.Scale = Vector3.new(1.600000023841858, 1.600000023841858, 1.600000023841858)
SpecialMesh678.TextureId = "rbxassetid://745556120"
SpecialMesh678.MeshType = Enum.MeshType.FileMesh
Model679.Name = "茂み"
Model679.Parent = Folder0
Part680.Name = "TreeMesh Bottom"
Part680.Parent = Model679
Part680.CFrame = CFrame.new(2364.16968, 113.027458, 2180.40747, 0.10040126, -9.47820954e-05, -0.994948387, 3.33909593e-05, 1.00000215, -9.18670921e-05, 0.994948506, -2.39986002e-05, 0.100400537)
Part680.Orientation = Vector3.new(0.009999999776482582, -84.23999786376953, 0)
Part680.Position = Vector3.new(2364.169677734375, 113.02745819091797, 2180.407470703125)
Part680.Rotation = Vector3.new(0.05000000074505806, -84.23999786376953, 0.05000000074505806)
Part680.Size = Vector3.new(8.250000953674316, 0.2499980926513672, 7)
Part680.Anchored = true
Part680.CanCollide = false
Part680.Material = Enum.Material.Fabric
SpecialMesh681.Name = "BarkMesh"
SpecialMesh681.Parent = Part680
SpecialMesh681.MeshId = "rbxassetid://623621260"
SpecialMesh681.Offset = Vector3.new(0, 3.4100000858306885, 0)
SpecialMesh681.TextureId = "rbxassetid://623618671"
SpecialMesh681.MeshType = Enum.MeshType.FileMesh
Part682.Name = "TreeMeshTop"
Part682.Parent = Model679
Part682.CFrame = CFrame.new(2364.16724, 143.167404, 2180.40601, 0.10040126, -9.47820954e-05, -0.994948387, 3.33909593e-05, 1.00000215, -9.18670921e-05, 0.994948506, -2.39986002e-05, 0.100400537)
Part682.Orientation = Vector3.new(0.009999999776482582, -84.23999786376953, 0)
Part682.Position = Vector3.new(2364.167236328125, 143.1674041748047, 2180.406005859375)
Part682.Rotation = Vector3.new(0.05000000074505806, -84.23999786376953, 0.05000000074505806)
Part682.Transparency = 0.05000000074505806
Part682.Size = Vector3.new(8.250000953674316, 0.2499980926513672, 7)
Part682.Anchored = true
Part682.CanCollide = false
Part682.Material = Enum.Material.Fabric
SpecialMesh683.Name = "TopTreeMesh"
SpecialMesh683.Parent = Part682
SpecialMesh683.MeshId = "rbxassetid://623621456"
SpecialMesh683.Offset = Vector3.new(0, 3.4100000858306885, 0)
SpecialMesh683.Scale = Vector3.new(1.600000023841858, 1.600000023841858, 1.600000023841858)
SpecialMesh683.TextureId = "rbxassetid://745556120"
SpecialMesh683.MeshType = Enum.MeshType.FileMesh
Model684.Name = "茂み"
Model684.Parent = Folder0
Part685.Name = "TreeMesh Bottom"
Part685.Parent = Model684
Part685.CFrame = CFrame.new(2097.30322, 112.407272, 2147.84009, -0.503798127, -9.57067168e-05, -0.863822699, -2.75798557e-05, 1.00000143, -9.46821528e-05, 0.863821864, -2.38897082e-05, -0.503798664)
Part685.Orientation = Vector3.new(0.009999999776482582, -120.25, 0)
Part685.Position = Vector3.new(2097.30322265625, 112.40727233886719, 2147.840087890625)
Part685.Rotation = Vector3.new(179.99000549316406, -59.75, 179.99000549316406)
Part685.Size = Vector3.new(8.250000953674316, 0.2499980926513672, 7)
Part685.Anchored = true
Part685.CanCollide = false
Part685.Material = Enum.Material.Fabric
SpecialMesh686.Name = "BarkMesh"
SpecialMesh686.Parent = Part685
SpecialMesh686.MeshId = "rbxassetid://623621260"
SpecialMesh686.Offset = Vector3.new(0, 3.4100000858306885, 0)
SpecialMesh686.TextureId = "rbxassetid://623618671"
SpecialMesh686.MeshType = Enum.MeshType.FileMesh
Part687.Name = "TreeMeshTop"
Part687.Parent = Model684
