Model879.Name = "茂み"
Model879.Parent = Folder0
Part880.Name = "TreeMesh Bottom"
Part880.Parent = Model879
Part880.CFrame = CFrame.new(2749.14575, 113.273033, 1920.01086, 0.858077645, -0.000834868173, -0.513519466, 0.000487434037, 0.999999583, -0.000811286503, 0.513519824, 0.000445839833, 0.858077765)
Part880.Orientation = Vector3.new(0.05000000074505806, -30.899999618530273, 0.029999999329447746)
Part880.Position = Vector3.new(2749.145751953125, 113.27303314208984, 1920.0108642578125)
Part880.Rotation = Vector3.new(0.05000000074505806, -30.899999618530273, 0.05999999865889549)
Part880.Size = Vector3.new(8.250000953674316, 0.2499980926513672, 7)
Part880.Anchored = true
Part880.CanCollide = false
Part880.Material = Enum.Material.Fabric
SpecialMesh881.Name = "BarkMesh"
SpecialMesh881.Parent = Part880
SpecialMesh881.MeshId = "rbxassetid://623621260"
SpecialMesh881.Offset = Vector3.new(0, 3.4100000858306885, 0)
SpecialMesh881.TextureId = "rbxassetid://623618671"
SpecialMesh881.MeshType = Enum.MeshType.FileMesh
Part882.Name = "TreeMeshTop"
Part882.Parent = Model879
Part882.CFrame = CFrame.new(2749.12061, 143.413101, 1920.02319, 0.858077645, -0.000834868173, -0.513519466, 0.000487434037, 0.999999583, -0.000811286503, 0.513519824, 0.000445839833, 0.858077765)
Part882.Orientation = Vector3.new(0.05000000074505806, -30.899999618530273, 0.029999999329447746)
Part882.Position = Vector3.new(2749.12060546875, 143.41310119628906, 1920.023193359375)
Part882.Rotation = Vector3.new(0.05000000074505806, -30.899999618530273, 0.05999999865889549)
Part882.Transparency = 0.05000000074505806
Part882.Size = Vector3.new(8.250000953674316, 0.2499980926513672, 7)
Part882.Anchored = true
Part882.CanCollide = false
Part882.Material = Enum.Material.Fabric
SpecialMesh883.Name = "TopTreeMesh"
SpecialMesh883.Parent = Part882
SpecialMesh883.MeshId = "rbxassetid://623621456"
SpecialMesh883.Offset = Vector3.new(0, 3.4100000858306885, 0)
SpecialMesh883.Scale = Vector3.new(1.600000023841858, 1.600000023841858, 1.600000023841858)
SpecialMesh883.TextureId = "rbxassetid://745556120"
SpecialMesh883.MeshType = Enum.MeshType.FileMesh
Model884.Name = "茂み"
Model884.Parent = Folder0
Part885.Name = "TreeMesh Bottom"
Part885.Parent = Model884
Part885.CFrame = CFrame.new(2738.69287, 113.247421, 1957.86279, 0.513522565, -0.000835110142, 0.858075857, 0.000811669568, 0.999999583, 0.000487484853, -0.858075798, 0.00044613934, 0.513522983)
Part885.Orientation = Vector3.new(-0.029999999329447746, 59.099998474121094, 0.05000000074505806)
Part885.Position = Vector3.new(2738.69287109375, 113.24742126464844, 1957.86279296875)
Part885.Rotation = Vector3.new(-0.05000000074505806, 59.099998474121094, 0.09000000357627869)
Part885.Size = Vector3.new(8.250000953674316, 0.2499980926513672, 7)
Part885.Anchored = true
Part885.CanCollide = false
Part885.Material = Enum.Material.Fabric
SpecialMesh886.Name = "BarkMesh"
SpecialMesh886.Parent = Part885
SpecialMesh886.MeshId = "rbxassetid://623621260"
SpecialMesh886.Offset = Vector3.new(0, 3.4100000858306885, 0)
SpecialMesh886.TextureId = "rbxassetid://623618671"
SpecialMesh886.MeshType = Enum.MeshType.FileMesh
Part887.Name = "TreeMeshTop"
Part887.Parent = Model884
Part887.CFrame = CFrame.new(2738.66626, 143.387619, 1957.87622, 0.513522565, -0.000835110142, 0.858075857, 0.000811669568, 0.999999583, 0.000487484853, -0.858075798, 0.00044613934, 0.513522983)
Part887.Orientation = Vector3.new(-0.029999999329447746, 59.099998474121094, 0.05000000074505806)
Part887.Position = Vector3.new(2738.666259765625, 143.3876190185547, 1957.876220703125)
Part887.Rotation = Vector3.new(-0.05000000074505806, 59.099998474121094, 0.09000000357627869)
Part887.Transparency = 0.05000000074505806
Part887.Size = Vector3.new(8.250000953674316, 0.2499980926513672, 7)
Part887.Anchored = true
Part887.CanCollide = false
Part887.Material = Enum.Material.Fabric
SpecialMesh888.Name = "TopTreeMesh"
SpecialMesh888.Parent = Part887
SpecialMesh888.MeshId = "rbxassetid://623621456"
SpecialMesh888.Offset = Vector3.new(0, 3.4100000858306885, 0)
SpecialMesh888.Scale = Vector3.new(1.600000023841858, 1.600000023841858, 1.600000023841858)
SpecialMesh888.TextureId = "rbxassetid://745556120"
SpecialMesh888.MeshType = Enum.MeshType.FileMesh
Model889.Name = "茂み"
Model889.Parent = Folder0
Part890.Name = "TreeMesh Bottom"
Part890.Parent = Model889
Part890.CFrame = CFrame.new(2767.69141, 112.716087, 1872.07031, 0.858077765, -0.000834985811, -0.513519287, 0.000487075624, 0.999999583, -0.000812114566, 0.513519704, 0.000446734542, 0.858077765)
Part890.Orientation = Vector3.new(0.05000000074505806, -30.899999618530273, 0.029999999329447746)
Part890.Position = Vector3.new(2767.69140625, 112.7160873413086, 1872.0703125)
Part890.Rotation = Vector3.new(0.05000000074505806, -30.899999618530273, 0.05999999865889549)
Part890.Size = Vector3.new(8.250000953674316, 0.2499980926513672, 7)
Part890.Anchored = true
Part890.CanCollide = false
Part890.Material = Enum.Material.Fabric
SpecialMesh891.Name = "BarkMesh"
SpecialMesh891.Parent = Part890
SpecialMesh891.MeshId = "rbxassetid://623621260"
SpecialMesh891.Offset = Vector3.new(0, 3.4100000858306885, 0)
SpecialMesh891.TextureId = "rbxassetid://623618671"
SpecialMesh891.MeshType = Enum.MeshType.FileMesh
Part892.Name = "TreeMeshTop"
Part892.Parent = Model889
Part892.CFrame = CFrame.new(2767.66553, 142.856155, 1872.08313, 0.858077765, -0.000834985811, -0.513519287, 0.000487075624, 0.999999583, -0.000812114566, 0.513519704, 0.000446734542, 0.858077765)
Part892.Orientation = Vector3.new(0.05000000074505806, -30.899999618530273, 0.029999999329447746)
Part892.Position = Vector3.new(2767.66552734375, 142.8561553955078, 1872.0831298828125)
Part892.Rotation = Vector3.new(0.05000000074505806, -30.899999618530273, 0.05999999865889549)
Part892.Transparency = 0.05000000074505806
Part892.Size = Vector3.new(8.250000953674316, 0.2499980926513672, 7)
Part892.Anchored = true
Part892.CanCollide = false
Part892.Material = Enum.Material.Fabric
SpecialMesh893.Name = "TopTreeMesh"
SpecialMesh893.Parent = Part892
SpecialMesh893.MeshId = "rbxassetid://623621456"
SpecialMesh893.Offset = Vector3.new(0, 3.4100000858306885, 0)
SpecialMesh893.Scale = Vector3.new(1.600000023841858, 1.600000023841858, 1.600000023841858)
SpecialMesh893.TextureId = "rbxassetid://745556120"
SpecialMesh893.MeshType = Enum.MeshType.FileMesh
Model894.Name = "茂み"
Model894.Parent = Folder0
Part895.Name = "TreeMesh Bottom"
Part895.Parent = Model894
Part895.CFrame = CFrame.new(2778.15918, 112.742569, 1832.45056, 0.858077884, -0.000835086103, -0.513519287, 0.000487427693, 0.999999583, -0.000811721664, 0.513519764, 0.000446216669, 0.858077705)
Part895.Orientation = Vector3.new(0.05000000074505806, -30.899999618530273, 0.029999999329447746)
Part895.Position = Vector3.new(2778.1591796875, 112.74256896972656, 1832.4505615234375)
Part895.Rotation = Vector3.new(0.05000000074505806, -30.899999618530273, 0.05999999865889549)
Part895.Size = Vector3.new(8.250000953674316, 0.2499980926513672, 7)
Part895.Anchored = true
Part895.CanCollide = false
Part895.Material = Enum.Material.Fabric
SpecialMesh896.Name = "BarkMesh"
SpecialMesh896.Parent = Part895
SpecialMesh896.MeshId = "rbxassetid://623621260"
SpecialMesh896.Offset = Vector3.new(0, 3.4100000858306885, 0)
SpecialMesh896.TextureId = "rbxassetid://623618671"
SpecialMesh896.MeshType = Enum.MeshType.FileMesh
Part897.Name = "TreeMeshTop"
Part897.Parent = Model894
Part897.CFrame = CFrame.new(2778.13354, 142.882599, 1832.46338, 0.858077884, -0.000835086103, -0.513519287, 0.000487427693, 0.999999583, -0.000811721664, 0.513519764, 0.000446216669, 0.858077705)
Part897.Orientation = Vector3.new(0.05000000074505806, -30.899999618530273, 0.029999999329447746)
Part897.Position = Vector3.new(2778.133544921875, 142.88259887695312, 1832.46337890625)
Part897.Rotation = Vector3.new(0.05000000074505806, -30.899999618530273, 0.05999999865889549)
Part897.Transparency = 0.05000000074505806
Part897.Size = Vector3.new(8.250000953674316, 0.2499980926513672, 7)
Part897.Anchored = true
Part897.CanCollide = false
Part897.Material = Enum.Material.Fabric
SpecialMesh898.Name = "TopTreeMesh"
SpecialMesh898.Parent = Part897
SpecialMesh898.MeshId = "rbxassetid://623621456"
SpecialMesh898.Offset = Vector3.new(0, 3.4100000858306885, 0)
SpecialMesh898.Scale = Vector3.new(1.600000023841858, 1.600000023841858, 1.600000023841858)
SpecialMesh898.TextureId = "rbxassetid://745556120"
SpecialMesh898.MeshType = Enum.MeshType.FileMesh
Model899.Name = "茂み"
Model899.Parent = Folder0
Part900.Name = "TreeMesh Bottom"
Part900.Parent = Model899
Part900.CFrame = CFrame.new(2794.99976, 112.807472, 1836.7323, -0.513522208, 2.85223359e-06, -0.858076453, -0.000811633072, 0.999999464, 0.000489051861, 0.858075976, 0.000947582012, -0.513521969)
Part900.Orientation = Vector3.new(-0.029999999329447746, -120.9000015258789, -0.05000000074505806)
Part900.Position = Vector3.new(2794.999755859375, 112.8074722290039, 1836.7322998046875)
Part900.Rotation = Vector3.new(-179.9499969482422, -59.099998474121094, -180)
Part900.Size = Vector3.new(8.250000953674316, 0.2499980926513672, 7)
Part900.Anchored = true
Part900.CanCollide = false
Part900.Material = Enum.Material.Fabric
SpecialMesh901.Name = "BarkMesh"
SpecialMesh901.Parent = Part900
SpecialMesh901.MeshId = "rbxassetid://623621260"
SpecialMesh901.Offset = Vector3.new(0, 3.4100000858306885, 0)
SpecialMesh901.TextureId = "rbxassetid://623618671"
SpecialMesh901.MeshType = Enum.MeshType.FileMesh
Part902.Name = "TreeMeshTop"
Part902.Parent = Model899
Part902.CFrame = CFrame.new(2795.00073, 142.947495, 1836.76025, -0.513522208, 2.85223359e-06, -0.858076453, -0.000811633072, 0.999999464, 0.000489051861, 0.858075976, 0.000947582012, -0.513521969)
Part902.Orientation = Vector3.new(-0.029999999329447746, -120.9000015258789, -0.05000000074505806)
Part902.Position = Vector3.new(2795.000732421875, 142.94749450683594, 1836.76025390625)
Part902.Rotation = Vector3.new(-179.9499969482422, -59.099998474121094, -180)
Part902.Transparency = 0.05000000074505806
Part902.Size = Vector3.new(8.250000953674316, 0.2499980926513672, 7)
Part902.Anchored = true
Part902.CanCollide = false
Part902.Material = Enum.Material.Fabric
SpecialMesh903.Name = "TopTreeMesh"
SpecialMesh903.Parent = Part902
SpecialMesh903.MeshId = "rbxassetid://623621456"
SpecialMesh903.Offset = Vector3.new(0, 3.4100000858306885, 0)
SpecialMesh903.Scale = Vector3.new(1.600000023841858, 1.600000023841858, 1.600000023841858)
SpecialMesh903.TextureId = "rbxassetid://745556120"
SpecialMesh903.MeshType = Enum.MeshType.FileMesh
Model904.Name = "茂み"
Model904.Parent = Folder0
Part905.Name = "TreeMesh Bottom"
Part905.Parent = Model904
Part905.CFrame = CFrame.new(2502.79858, 112.802994, 2296.29077, 0.966147304, -0.000755625253, 0.257991493, 0.000815866224, 0.999999523, -0.000126447383, -0.257991076, 0.000332652591, 0.966147363)
Part905.Orientation = Vector3.new(0.009999999776482582, 14.949999809265137, 0.05000000074505806)
Part905.Position = Vector3.new(2502.798583984375, 112.80299377441406, 2296.290771484375)
Part905.Rotation = Vector3.new(0.009999999776482582, 14.949999809265137, 0.03999999910593033)
Part905.Size = Vector3.new(8.250000953674316, 0.2499980926513672, 7)
Part905.Anchored = true
Part905.CanCollide = false
Part905.Material = Enum.Material.Fabric
SpecialMesh906.Name = "BarkMesh"
SpecialMesh906.Parent = Part905
SpecialMesh906.MeshId = "rbxassetid://623621260"
SpecialMesh906.Offset = Vector3.new(0, 3.4100000858306885, 0)
SpecialMesh906.TextureId = "rbxassetid://623618671"
SpecialMesh906.MeshType = Enum.MeshType.FileMesh
Part907.Name = "TreeMeshTop"
Part907.Parent = Model904
Part907.CFrame = CFrame.new(2502.7749, 142.943359, 2296.2998, 0.966147304, -0.000755625253, 0.257991493, 0.000815866224, 0.999999523, -0.000126447383, -0.257991076, 0.000332652591, 0.966147363)
Part907.Orientation = Vector3.new(0.009999999776482582, 14.949999809265137, 0.05000000074505806)
Part907.Position = Vector3.new(2502.77490234375, 142.943359375, 2296.2998046875)
Part907.Rotation = Vector3.new(0.009999999776482582, 14.949999809265137, 0.03999999910593033)
Part907.Transparency = 0.05000000074505806
Part907.Size = Vector3.new(8.250000953674316, 0.2499980926513672, 7)
Part907.Anchored = true
Part907.CanCollide = false
Part907.Material = Enum.Material.Fabric
SpecialMesh908.Name = "TopTreeMesh"
SpecialMesh908.Parent = Part907
SpecialMesh908.MeshId = "rbxassetid://623621456"
SpecialMesh908.Offset = Vector3.new(0, 3.4100000858306885, 0)
SpecialMesh908.Scale = Vector3.new(1.600000023841858, 1.600000023841858, 1.600000023841858)
SpecialMesh908.TextureId = "rbxassetid://745556120"
SpecialMesh908.MeshType = Enum.MeshType.FileMesh
Model909.Name = "茂み"
Model909.Parent = Folder0
Part910.Name = "TreeMesh Bottom"
Part910.Parent = Model909
Part910.CFrame = CFrame.new(2536.66479, 112.835197, 2276.41187, 0.257992148, -0.000755328103, -0.966147065, -0.000126349463, 0.999999523, -0.000815532636, 0.966147304, 0.000332472497, 0.257991672)
Part910.Orientation = Vector3.new(0.05000000074505806, -75.05000305175781, -0.009999999776482582)
Part910.Position = Vector3.new(2536.664794921875, 112.83519744873047, 2276.411865234375)
Part910.Rotation = Vector3.new(0.18000000715255737, -75.05000305175781, 0.17000000178813934)
Part910.Size = Vector3.new(8.250000953674316, 0.2499980926513672, 7)
Part910.Anchored = true
Part910.CanCollide = false
Part910.Material = Enum.Material.Fabric
SpecialMesh911.Name = "BarkMesh"
SpecialMesh911.Parent = Part910
SpecialMesh911.MeshId = "rbxassetid://623621260"
SpecialMesh911.Offset = Vector3.new(0, 3.4100000858306885, 0)
SpecialMesh911.TextureId = "rbxassetid://623618671"
SpecialMesh911.MeshType = Enum.MeshType.FileMesh
Part912.Name = "TreeMeshTop"
Part912.Parent = Model909
Part912.CFrame = CFrame.new(2536.64209, 142.975418, 2276.4209, 0.257992148, -0.000755328103, -0.966147065, -0.000126349463, 0.999999523, -0.000815532636, 0.966147304, 0.000332472497, 0.257991672)
Part912.Orientation = Vector3.new(0.05000000074505806, -75.05000305175781, -0.009999999776482582)
Part912.Position = Vector3.new(2536.64208984375, 142.9754180908203, 2276.4208984375)
Part912.Rotation = Vector3.new(0.18000000715255737, -75.05000305175781, 0.17000000178813934)
Part912.Transparency = 0.05000000074505806
Part912.Size = Vector3.new(8.250000953674316, 0.2499980926513672, 7)
Part912.Anchored = true
Part912.CanCollide = false
Part912.Material = Enum.Material.Fabric
SpecialMesh913.Name = "TopTreeMesh"
SpecialMesh913.Parent = Part912
SpecialMesh913.MeshId = "rbxassetid://623621456"
SpecialMesh913.Offset = Vector3.new(0, 3.4100000858306885, 0)
SpecialMesh913.Scale = Vector3.new(1.600000023841858, 1.600000023841858, 1.600000023841858)
SpecialMesh913.TextureId = "rbxassetid://745556120"
SpecialMesh913.MeshType = Enum.MeshType.FileMesh
Model914.Name = "茂み"
Model914.Parent = Folder0
Part915.Name = "TreeMesh Bottom"
Part915.Parent = Model914
Part915.CFrame = CFrame.new(2590.07104, 112.280518, 2280.05176, 0.257992238, -0.000756035734, -0.966147006, -0.000126707862, 0.999999523, -0.000816360814, 0.966147184, 0.000333032483, 0.257991791)
Part915.Orientation = Vector3.new(0.05000000074505806, -75.05000305175781, -0.009999999776482582)
Part915.Position = Vector3.new(2590.071044921875, 112.280517578125, 2280.0517578125)
Part915.Rotation = Vector3.new(0.18000000715255737, -75.05000305175781, 0.17000000178813934)
Part915.Size = Vector3.new(8.250000953674316, 0.2499980926513672, 7)
Part915.Anchored = true
Part915.CanCollide = false
Part915.Material = Enum.Material.Fabric
SpecialMesh916.Name = "BarkMesh"
SpecialMesh916.Parent = Part915
SpecialMesh916.MeshId = "rbxassetid://623621260"
SpecialMesh916.Offset = Vector3.new(0, 3.4100000858306885, 0)
SpecialMesh916.TextureId = "rbxassetid://623618671"
SpecialMesh916.MeshType = Enum.MeshType.FileMesh
Part917.Name = "TreeMeshTop"
Part917.Parent = Model914
Part917.CFrame = CFrame.new(2590.04883, 142.420761, 2280.0603, 0.257992238, -0.000756035734, -0.966147006, -0.000126707862, 0.999999523, -0.000816360814, 0.966147184, 0.000333032483, 0.257991791)
Part917.Orientation = Vector3.new(0.05000000074505806, -75.05000305175781, -0.009999999776482582)
Part917.Position = Vector3.new(2590.048828125, 142.42076110839844, 2280.060302734375)
Part917.Rotation = Vector3.new(0.18000000715255737, -75.05000305175781, 0.17000000178813934)
Part917.Transparency = 0.05000000074505806
Part917.Size = Vector3.new(8.250000953674316, 0.2499980926513672, 7)
Part917.Anchored = true
Part917.CanCollide = false
Part917.Material = Enum.Material.Fabric
SpecialMesh918.Name = "TopTreeMesh"
SpecialMesh918.Parent = Part917
SpecialMesh918.MeshId = "rbxassetid://623621456"
SpecialMesh918.Offset = Vector3.new(0, 3.4100000858306885, 0)
SpecialMesh918.Scale = Vector3.new(1.600000023841858, 1.600000023841858, 1.600000023841858)
SpecialMesh918.TextureId = "rbxassetid://745556120"
SpecialMesh918.MeshType = Enum.MeshType.FileMesh
Model919.Name = "茂み"
Model919.Parent = Folder0
Part920.Name = "TreeMesh Bottom"
Part920.Parent = Model919
Part920.CFrame = CFrame.new(2627.17432, 112.911522, 2253.08936, 0.558631659, -0.000755361398, -0.829415917, 0.000146260834, 0.999999523, -0.000812203682, 0.829416275, 0.000332410913, 0.558631361)
Part920.Orientation = Vector3.new(0.05000000074505806, -56.040000915527344, 0.009999999776482582)
Part920.Position = Vector3.new(2627.17431640625, 112.9115219116211, 2253.08935546875)
Part920.Rotation = Vector3.new(0.07999999821186066, -56.040000915527344, 0.07999999821186066)
Part920.Size = Vector3.new(8.250000953674316, 0.2499980926513672, 7)
Part920.Anchored = true
Part920.CanCollide = false
Part920.Material = Enum.Material.Fabric
SpecialMesh921.Name = "BarkMesh"
SpecialMesh921.Parent = Part920
SpecialMesh921.MeshId = "rbxassetid://623621260"
SpecialMesh921.Offset = Vector3.new(0, 3.4100000858306885, 0)
SpecialMesh921.TextureId = "rbxassetid://623618671"
SpecialMesh921.MeshType = Enum.MeshType.FileMesh
Part922.Name = "TreeMeshTop"
Part922.Parent = Model919
Part922.CFrame = CFrame.new(2627.15186, 143.051559, 2253.09839, 0.558631659, -0.000755361398, -0.829415917, 0.000146260834, 0.999999523, -0.000812203682, 0.829416275, 0.000332410913, 0.558631361)
Part922.Orientation = Vector3.new(0.05000000074505806, -56.040000915527344, 0.009999999776482582)
Part922.Position = Vector3.new(2627.15185546875, 143.0515594482422, 2253.098388671875)
Part922.Rotation = Vector3.new(0.07999999821186066, -56.040000915527344, 0.07999999821186066)
Part922.Transparency = 0.05000000074505806
Part922.Size = Vector3.new(8.250000953674316, 0.2499980926513672, 7)
Part922.Anchored = true
Part922.CanCollide = false
Part922.Material = Enum.Material.Fabric
SpecialMesh923.Name = "TopTreeMesh"
SpecialMesh923.Parent = Part922
SpecialMesh923.MeshId = "rbxassetid://623621456"
SpecialMesh923.Offset = Vector3.new(0, 3.4100000858306885, 0)
SpecialMesh923.Scale = Vector3.new(1.600000023841858, 1.600000023841858, 1.600000023841858)
SpecialMesh923.TextureId = "rbxassetid://745556120"
SpecialMesh923.MeshType = Enum.MeshType.FileMesh
Model924.Name = "茂み"
Model924.Parent = Folder0
Part925.Name = "TreeMesh Bottom"
Part925.Parent = Model924
Part925.CFrame = CFrame.new(2601.63062, 112.882301, 2282.91479, 0.829417646, -0.000755679561, 0.558629155, 0.000812568527, 0.999999523, 0.000146286897, -0.558628798, 0.000332590833, 0.829417944)
Part925.Orientation = Vector3.new(-0.009999999776482582, 33.959999084472656, 0.05000000074505806)
Part925.Position = Vector3.new(2601.630615234375, 112.8823013305664, 2282.914794921875)
Part925.Rotation = Vector3.new(-0.009999999776482582, 33.959999084472656, 0.05000000074505806)
Part925.Size = Vector3.new(8.250000953674316, 0.2499980926513672, 7)
Part925.Anchored = true
Part925.CanCollide = false
Part925.Material = Enum.Material.Fabric
SpecialMesh926.Name = "BarkMesh"
SpecialMesh926.Parent = Part925
SpecialMesh926.MeshId = "rbxassetid://623621260"
SpecialMesh926.Offset = Vector3.new(0, 3.4100000858306885, 0)
SpecialMesh926.TextureId = "rbxassetid://623618671"
SpecialMesh926.MeshType = Enum.MeshType.FileMesh
Part927.Name = "TreeMeshTop"
Part927.Parent = Model924
Part927.CFrame = CFrame.new(2601.60718, 143.022461, 2282.92407, 0.829417646, -0.000755679561, 0.558629155, 0.000812568527, 0.999999523, 0.000146286897, -0.558628798, 0.000332590833, 0.829417944)
Part927.Orientation = Vector3.new(-0.009999999776482582, 33.959999084472656, 0.05000000074505806)
Part927.Position = Vector3.new(2601.607177734375, 143.0224609375, 2282.924072265625)
Part927.Rotation = Vector3.new(-0.009999999776482582, 33.959999084472656, 0.05000000074505806)
Part927.Transparency = 0.05000000074505806
Part927.Size = Vector3.new(8.250000953674316, 0.2499980926513672, 7)
Part927.Anchored = true
Part927.CanCollide = false
Part927.Material = Enum.Material.Fabric
SpecialMesh928.Name = "TopTreeMesh"
SpecialMesh928.Parent = Part927
SpecialMesh928.MeshId = "rbxassetid://623621456"
SpecialMesh928.Offset = Vector3.new(0, 3.4100000858306885, 0)
SpecialMesh928.Scale = Vector3.new(1.600000023841858, 1.600000023841858, 1.600000023841858)
SpecialMesh928.TextureId = "rbxassetid://745556120"
SpecialMesh928.MeshType = Enum.MeshType.FileMesh
Model929.Name = "茂み"
Model929.Parent = Folder0
Part930.Name = "TreeMesh Bottom"
Part930.Parent = Model929
Part930.CFrame = CFrame.new(2718.88965, 112.412041, 2177.97192, 0.558631778, -0.000755718851, -0.829415917, 0.00014625449, 0.999999523, -0.000812639017, 0.829416335, 0.000332659401, 0.558631361)
Part930.Orientation = Vector3.new(0.05000000074505806, -56.040000915527344, 0.009999999776482582)
Part930.Position = Vector3.new(2718.8896484375, 112.41204071044922, 2177.971923828125)
Part930.Rotation = Vector3.new(0.07999999821186066, -56.040000915527344, 0.07999999821186066)
Part930.Size = Vector3.new(8.250000953674316, 0.2499980926513672, 7)
Part930.Anchored = true
Part930.CanCollide = false
Part930.Material = Enum.Material.Fabric
SpecialMesh931.Name = "BarkMesh"
SpecialMesh931.Parent = Part930
SpecialMesh931.MeshId = "rbxassetid://623621260"
SpecialMesh931.Offset = Vector3.new(0, 3.4100000858306885, 0)
SpecialMesh931.TextureId = "rbxassetid://623618671"
SpecialMesh931.MeshType = Enum.MeshType.FileMesh
Part932.Name = "TreeMeshTop"
Part932.Parent = Model929
Part932.CFrame = CFrame.new(2718.86646, 142.552094, 2177.98145, 0.558631778, -0.000755718851, -0.829415917, 0.00014625449, 0.999999523, -0.000812639017, 0.829416335, 0.000332659401, 0.558631361)
Part932.Orientation = Vector3.new(0.05000000074505806, -56.040000915527344, 0.009999999776482582)
Part932.Position = Vector3.new(2718.866455078125, 142.55209350585938, 2177.9814453125)
Part932.Rotation = Vector3.new(0.07999999821186066, -56.040000915527344, 0.07999999821186066)
Part932.Transparency = 0.05000000074505806
Part932.Size = Vector3.new(8.250000953674316, 0.2499980926513672, 7)
Part932.Anchored = true
Part932.CanCollide = false
Part932.Material = Enum.Material.Fabric
SpecialMesh933.Name = "TopTreeMesh"
SpecialMesh933.Parent = Part932
SpecialMesh933.MeshId = "rbxassetid://623621456"
SpecialMesh933.Offset = Vector3.new(0, 3.4100000858306885, 0)
SpecialMesh933.Scale = Vector3.new(1.600000023841858, 1.600000023841858, 1.600000023841858)
SpecialMesh933.TextureId = "rbxassetid://745556120"
SpecialMesh933.MeshType = Enum.MeshType.FileMesh
Model934.Name = "茂み"
Model934.Parent = Folder0
Part935.Name = "TreeMesh Bottom"
Part935.Parent = Model934
Part935.CFrame = CFrame.new(2678.85425, 112.361397, 2239.13354, 0.558631718, -0.000755848072, -0.829415917, 0.000145902406, 0.999999523, -0.00081303186, 0.829416275, 0.000333170901, 0.558631361)
Part935.Orientation = Vector3.new(0.05000000074505806, -56.040000915527344, 0.009999999776482582)
Part935.Position = Vector3.new(2678.854248046875, 112.36139678955078, 2239.133544921875)
Part935.Rotation = Vector3.new(0.07999999821186066, -56.040000915527344, 0.07999999821186066)
Part935.Size = Vector3.new(8.250000953674316, 0.2499980926513672, 7)
Part935.Anchored = true
Part935.CanCollide = false
Part935.Material = Enum.Material.Fabric
SpecialMesh936.Name = "BarkMesh"
SpecialMesh936.Parent = Part935
SpecialMesh936.MeshId = "rbxassetid://623621260"
SpecialMesh936.Offset = Vector3.new(0, 3.4100000858306885, 0)
SpecialMesh936.TextureId = "rbxassetid://623618671"
SpecialMesh936.MeshType = Enum.MeshType.FileMesh
Part937.Name = "TreeMeshTop"
Part937.Parent = Model934
Part937.CFrame = CFrame.new(2678.83154, 142.501526, 2239.14258, 0.558631718, -0.000755848072, -0.829415917, 0.000145902406, 0.999999523, -0.00081303186, 0.829416275, 0.000333170901, 0.558631361)
Part937.Orientation = Vector3.new(0.05000000074505806, -56.040000915527344, 0.009999999776482582)
Part937.Position = Vector3.new(2678.83154296875, 142.50152587890625, 2239.142578125)
Part937.Rotation = Vector3.new(0.07999999821186066, -56.040000915527344, 0.07999999821186066)
Part937.Transparency = 0.05000000074505806
Part937.Size = Vector3.new(8.250000953674316, 0.2499980926513672, 7)
Part937.Anchored = true
Part937.CanCollide = false
Part937.Material = Enum.Material.Fabric
SpecialMesh938.Name = "TopTreeMesh"
SpecialMesh938.Parent = Part937
SpecialMesh938.MeshId = "rbxassetid://623621456"
SpecialMesh938.Offset = Vector3.new(0, 3.4100000858306885, 0)
SpecialMesh938.Scale = Vector3.new(1.600000023841858, 1.600000023841858, 1.600000023841858)
SpecialMesh938.TextureId = "rbxassetid://745556120"
SpecialMesh938.MeshType = Enum.MeshType.FileMesh
Model939.Name = "茂み"
Model939.Parent = Folder0
Part940.Name = "TreeMesh Bottom"
Part940.Parent = Model939
Part940.CFrame = CFrame.new(2801.21606, 113.089409, 2113.63013, 0.776759863, -0.00075542042, -0.629796982, 0.000377482414, 0.999999523, -0.000733897672, 0.629797161, 0.000332324416, 0.776759803)
Part940.Orientation = Vector3.new(0.03999999910593033, -39.040000915527344, 0.019999999552965164)
Part940.Position = Vector3.new(2801.216064453125, 113.08940887451172, 2113.630126953125)
Part940.Rotation = Vector3.new(0.05000000074505806, -39.040000915527344, 0.05999999865889549)
Part940.Size = Vector3.new(8.250000953674316, 0.2499980926513672, 7)
Part940.Anchored = true
Part940.CanCollide = false
Part940.Material = Enum.Material.Fabric
SpecialMesh941.Name = "BarkMesh"
SpecialMesh941.Parent = Part940
SpecialMesh941.MeshId = "rbxassetid://623621260"
SpecialMesh941.Offset = Vector3.new(0, 3.4100000858306885, 0)
SpecialMesh941.TextureId = "rbxassetid://623618671"
SpecialMesh941.MeshType = Enum.MeshType.FileMesh
Part942.Name = "TreeMeshTop"
Part942.Parent = Model939
Part942.CFrame = CFrame.new(2801.1936, 143.229477, 2113.63916, 0.776759863, -0.00075542042, -0.629796982, 0.000377482414, 0.999999523, -0.000733897672, 0.629797161, 0.000332324416, 0.776759803)
Part942.Orientation = Vector3.new(0.03999999910593033, -39.040000915527344, 0.019999999552965164)
Part942.Position = Vector3.new(2801.193603515625, 143.22947692871094, 2113.63916015625)
Part942.Rotation = Vector3.new(0.05000000074505806, -39.040000915527344, 0.05999999865889549)
Part942.Transparency = 0.05000000074505806
Part942.Size = Vector3.new(8.250000953674316, 0.2499980926513672, 7)
Part942.Anchored = true
Part942.CanCollide = false
Part942.Material = Enum.Material.Fabric
SpecialMesh943.Name = "TopTreeMesh"
SpecialMesh943.Parent = Part942
SpecialMesh943.MeshId = "rbxassetid://623621456"
SpecialMesh943.Offset = Vector3.new(0, 3.4100000858306885, 0)
SpecialMesh943.Scale = Vector3.new(1.600000023841858, 1.600000023841858, 1.600000023841858)
SpecialMesh943.TextureId = "rbxassetid://745556120"
SpecialMesh943.MeshType = Enum.MeshType.FileMesh
Model944.Name = "茂み"
Model944.Parent = Folder0
Part945.Name = "TreeMesh Bottom"
Part945.Parent = Model944
Part945.CFrame = CFrame.new(2840.74756, 112.148643, 2134.87329, 0.000377029181, -0.0214761086, 0.999770045, -0.0175673403, 0.999614656, 0.0214794334, -0.999845862, -0.0175713748, -5.96046448e-07)
Part945.Orientation = Vector3.new(-1.2300000190734863, 90, -1.0099999904632568)
Part945.Position = Vector3.new(2840.74755859375, 112.14864349365234, 2134.873291015625)
Part945.Rotation = Vector3.new(-90, 88.7699966430664, 88.98999786376953)
Part945.Size = Vector3.new(8.250000953674316, 0.2499980926513672, 7)
Part945.Anchored = true
Part945.CanCollide = false
Part945.Material = Enum.Material.Fabric
SpecialMesh946.Name = "BarkMesh"
SpecialMesh946.Parent = Part945
SpecialMesh946.MeshId = "rbxassetid://623621260"
SpecialMesh946.Offset = Vector3.new(0, 3.4100000858306885, 0)
SpecialMesh946.TextureId = "rbxassetid://623618671"
SpecialMesh946.MeshType = Enum.MeshType.FileMesh
Part947.Name = "TreeMeshTop"
Part947.Parent = Model944
Part947.CFrame = CFrame.new(2840.09912, 142.277222, 2134.34424, 0.000377029181, -0.0214761086, 0.999770045, -0.0175673403, 0.999614656, 0.0214794334, -0.999845862, -0.0175713748, -5.96046448e-07)
Part947.Orientation = Vector3.new(-1.2300000190734863, 90, -1.0099999904632568)
Part947.Position = Vector3.new(2840.09912109375, 142.2772216796875, 2134.34423828125)
Part947.Rotation = Vector3.new(-90, 88.7699966430664, 88.98999786376953)
Part947.Transparency = 0.05000000074505806
Part947.Size = Vector3.new(8.250000953674316, 0.2499980926513672, 7)
Part947.Anchored = true
Part947.CanCollide = false
Part947.Material = Enum.Material.Fabric
SpecialMesh948.Name = "TopTreeMesh"
SpecialMesh948.Parent = Part947
SpecialMesh948.MeshId = "rbxassetid://623621456"
SpecialMesh948.Offset = Vector3.new(0, 3.4100000858306885, 0)
SpecialMesh948.Scale = Vector3.new(1.600000023841858, 1.600000023841858, 1.600000023841858)
SpecialMesh948.TextureId = "rbxassetid://745556120"
SpecialMesh948.MeshType = Enum.MeshType.FileMesh
Model949.Name = "茂み"
Model949.Parent = Folder0
Part950.Name = "TreeMesh Bottom"
Part950.Parent = Model949
Part950.CFrame = CFrame.new(2846.55615, 112.539314, 2085.17188, 0.776759982, -0.000755663554, -0.629796803, 0.000377123972, 0.999999523, -0.000734725792, 0.629797101, 0.000333193457, 0.776759803)
Part950.Orientation = Vector3.new(0.03999999910593033, -39.040000915527344, 0.019999999552965164)
Part950.Position = Vector3.new(2846.55615234375, 112.53931427001953, 2085.171875)
Part950.Rotation = Vector3.new(0.05000000074505806, -39.040000915527344, 0.05999999865889549)
Part950.Size = Vector3.new(8.250000953674316, 0.2499980926513672, 7)
Part950.Anchored = true
Part950.CanCollide = false
Part950.Material = Enum.Material.Fabric
SpecialMesh951.Name = "BarkMesh"
SpecialMesh951.Parent = Part950
SpecialMesh951.MeshId = "rbxassetid://623621260"
SpecialMesh951.Offset = Vector3.new(0, 3.4100000858306885, 0)
SpecialMesh951.TextureId = "rbxassetid://623618671"
SpecialMesh951.MeshType = Enum.MeshType.FileMesh
Part952.Name = "TreeMeshTop"
Part952.Parent = Model949
Part952.CFrame = CFrame.new(2846.53247, 142.679398, 2085.18115, 0.776759982, -0.000755663554, -0.629796803, 0.000377123972, 0.999999523, -0.000734725792, 0.629797101, 0.000333193457, 0.776759803)
Part952.Orientation = Vector3.new(0.03999999910593033, -39.040000915527344, 0.019999999552965164)
Part952.Position = Vector3.new(2846.532470703125, 142.6793975830078, 2085.18115234375)
Part952.Rotation = Vector3.new(0.05000000074505806, -39.040000915527344, 0.05999999865889549)
Part952.Transparency = 0.05000000074505806
Part952.Size = Vector3.new(8.250000953674316, 0.2499980926513672, 7)
Part952.Anchored = true
Part952.CanCollide = false
Part952.Material = Enum.Material.Fabric
SpecialMesh953.Name = "TopTreeMesh"
SpecialMesh953.Parent = Part952
SpecialMesh953.MeshId = "rbxassetid://623621456"
SpecialMesh953.Offset = Vector3.new(0, 3.4100000858306885, 0)
SpecialMesh953.Scale = Vector3.new(1.600000023841858, 1.600000023841858, 1.600000023841858)
SpecialMesh953.TextureId = "rbxassetid://745556120"
SpecialMesh953.MeshType = Enum.MeshType.FileMesh
Model954.Name = "茂み"
Model954.Parent = Folder0
Part955.Name = "TreeMesh Bottom"
Part955.Parent = Model954
Part955.CFrame = CFrame.new(2866.95557, 112.578148, 2014.97681, 0.776760101, -0.000755689573, -0.629796743, 0.000377476041, 0.999999523, -0.000734332891, 0.629797161, 0.00033266659, 0.776759744)
Part955.Orientation = Vector3.new(0.03999999910593033, -39.040000915527344, 0.019999999552965164)
Part955.Position = Vector3.new(2866.95556640625, 112.5781478881836, 2014.976806640625)
Part955.Rotation = Vector3.new(0.05000000074505806, -39.040000915527344, 0.05999999865889549)
Part955.Size = Vector3.new(8.250000953674316, 0.2499980926513672, 7)
Part955.Anchored = true
Part955.CanCollide = false
Part955.Material = Enum.Material.Fabric
SpecialMesh956.Name = "BarkMesh"
SpecialMesh956.Parent = Part955
SpecialMesh956.MeshId = "rbxassetid://623621260"
SpecialMesh956.Offset = Vector3.new(0, 3.4100000858306885, 0)
SpecialMesh956.TextureId = "rbxassetid://623618671"
SpecialMesh956.MeshType = Enum.MeshType.FileMesh
Part957.Name = "TreeMeshTop"
Part957.Parent = Model954
Part957.CFrame = CFrame.new(2866.93213, 142.718185, 2014.98608, 0.776760101, -0.000755689573, -0.629796743, 0.000377476041, 0.999999523, -0.000734332891, 0.629797161, 0.00033266659, 0.776759744)
Part957.Orientation = Vector3.new(0.03999999910593033, -39.040000915527344, 0.019999999552965164)
Part957.Position = Vector3.new(2866.93212890625, 142.7181854248047, 2014.986083984375)
Part957.Rotation = Vector3.new(0.05000000074505806, -39.040000915527344, 0.05999999865889549)
Part957.Transparency = 0.05000000074505806
Part957.Size = Vector3.new(8.250000953674316, 0.2499980926513672, 7)
Part957.Anchored = true
Part957.CanCollide = false
Part957.Material = Enum.Material.Fabric
SpecialMesh958.Name = "TopTreeMesh"
SpecialMesh958.Parent = Part957
SpecialMesh958.MeshId = "rbxassetid://623621456"
SpecialMesh958.Offset = Vector3.new(0, 3.4100000858306885, 0)
SpecialMesh958.Scale = Vector3.new(1.600000023841858, 1.600000023841858, 1.600000023841858)
SpecialMesh958.TextureId = "rbxassetid://745556120"
SpecialMesh958.MeshType = Enum.MeshType.FileMesh
Model959.Name = "茂み"
Model959.Parent = Folder0
Part960.Name = "TreeMesh Bottom"
Part960.Parent = Model959
Part960.CFrame = CFrame.new(2887.78613, 112.62104, 2033.18726, -0.629799366, 2.85399437e-06, -0.776758313, -0.000734243891, 0.999999285, 0.000599003106, 0.776757598, 0.000947581255, -0.629799128)
Part960.Orientation = Vector3.new(-0.029999999329447746, -129.0399932861328, -0.03999999910593033)
Part960.Position = Vector3.new(2887.7861328125, 112.62104034423828, 2033.187255859375)
Part960.Rotation = Vector3.new(-179.9499969482422, -50.959999084472656, -180)
Part960.Size = Vector3.new(8.250000953674316, 0.2499980926513672, 7)
Part960.Anchored = true
Part960.CanCollide = false
Part960.Material = Enum.Material.Fabric
SpecialMesh961.Name = "BarkMesh"
SpecialMesh961.Parent = Part960
SpecialMesh961.MeshId = "rbxassetid://623621260"
SpecialMesh961.Offset = Vector3.new(0, 3.4100000858306885, 0)
SpecialMesh961.TextureId = "rbxassetid://623618671"
SpecialMesh961.MeshType = Enum.MeshType.FileMesh
Part962.Name = "TreeMeshTop"
Part962.Parent = Model959
Part962.CFrame = CFrame.new(2887.78711, 142.761078, 2033.21533, -0.629799366, 2.85399437e-06, -0.776758313, -0.000734243891, 0.999999285, 0.000599003106, 0.776757598, 0.000947581255, -0.629799128)
Part962.Orientation = Vector3.new(-0.029999999329447746, -129.0399932861328, -0.03999999910593033)
Part962.Position = Vector3.new(2887.787109375, 142.76107788085938, 2033.21533203125)
Part962.Rotation = Vector3.new(-179.9499969482422, -50.959999084472656, -180)
Part962.Transparency = 0.05000000074505806
Part962.Size = Vector3.new(8.250000953674316, 0.2499980926513672, 7)
Part962.Anchored = true
Part962.CanCollide = false
Part962.Material = Enum.Material.Fabric
SpecialMesh963.Name = "TopTreeMesh"
SpecialMesh963.Parent = Part962
SpecialMesh963.MeshId = "rbxassetid://623621456"
SpecialMesh963.Offset = Vector3.new(0, 3.4100000858306885, 0)
SpecialMesh963.Scale = Vector3.new(1.600000023841858, 1.600000023841858, 1.600000023841858)
SpecialMesh963.TextureId = "rbxassetid://745556120"
SpecialMesh963.MeshType = Enum.MeshType.FileMesh
Model964.Name = "茂み"
Model964.Parent = Folder0
Part965.Name = "TreeMesh Bottom"
Part965.Parent = Model964
Part965.CFrame = CFrame.new(2494.41455, 118.268372, 2404.86426, -1.00000072, 2.85217094e-09, -1.15936871e-07, 1.39407392e-08, 1.00000024, 0.000976553303, -1.160697e-07, 0.000976549345, -0.999999762)
Part965.Orientation = Vector3.new(-0.05999999865889549, -180, 0)
Part965.Position = Vector3.new(2494.41455078125, 118.26837158203125, 2404.8642578125)
Part965.Rotation = Vector3.new(-179.94000244140625, 0, -180)
Part965.Size = Vector3.new(8.250000953674316, 0.2499980926513672, 7)
Part965.Anchored = true
Part965.CanCollide = false
Part965.Material = Enum.Material.Fabric
SpecialMesh966.Name = "BarkMesh"
SpecialMesh966.Parent = Part965
SpecialMesh966.MeshId = "rbxassetid://623621260"
SpecialMesh966.Offset = Vector3.new(0, 3.4100000858306885, 0)
SpecialMesh966.TextureId = "rbxassetid://623618671"
SpecialMesh966.MeshType = Enum.MeshType.FileMesh
Part967.Name = "TreeMeshTop"
Part967.Parent = Model964
Part967.CFrame = CFrame.new(2494.41528, 148.408234, 2404.89429, -1.00000072, 2.85217094e-09, -1.15936871e-07, 1.39407392e-08, 1.00000024, 0.000976553303, -1.160697e-07, 0.000976549345, -0.999999762)
Part967.Orientation = Vector3.new(-0.05999999865889549, -180, 0)
Part967.Position = Vector3.new(2494.415283203125, 148.40823364257812, 2404.894287109375)
Part967.Rotation = Vector3.new(-179.94000244140625, 0, -180)
Part967.Transparency = 0.05000000074505806
Part967.Size = Vector3.new(8.250000953674316, 0.2499980926513672, 7)
Part967.Anchored = true
Part967.CanCollide = false
Part967.Material = Enum.Material.Fabric
SpecialMesh968.Name = "TopTreeMesh"
SpecialMesh968.Parent = Part967
SpecialMesh968.MeshId = "rbxassetid://623621456"
SpecialMesh968.Offset = Vector3.new(0, 3.4100000858306885, 0)
SpecialMesh968.Scale = Vector3.new(1.600000023841858, 1.600000023841858, 1.600000023841858)
SpecialMesh968.TextureId = "rbxassetid://745556120"
SpecialMesh968.MeshType = Enum.MeshType.FileMesh
Model969.Name = "茂み"
Model969.Parent = Folder0
Part970.Name = "TreeMesh Bottom"
Part970.Parent = Model969
Part970.CFrame = CFrame.new(2450.84204, 118.268372, 2547.35107, -1.00000072, 2.85217094e-09, -1.15936871e-07, 1.39407392e-08, 1.00000024, 0.000976553303, -1.160697e-07, 0.000976549345, -0.999999762)
Part970.Orientation = Vector3.new(-0.05999999865889549, -180, 0)
Part970.Position = Vector3.new(2450.842041015625, 118.26837158203125, 2547.35107421875)
Part970.Rotation = Vector3.new(-179.94000244140625, 0, -180)
Part970.Size = Vector3.new(8.250000953674316, 0.2499980926513672, 7)
Part970.Anchored = true
Part970.CanCollide = false
Part970.Material = Enum.Material.Fabric
SpecialMesh971.Name = "BarkMesh"
SpecialMesh971.Parent = Part970
SpecialMesh971.MeshId = "rbxassetid://623621260"
SpecialMesh971.Offset = Vector3.new(0, 3.4100000858306885, 0)
SpecialMesh971.TextureId = "rbxassetid://623618671"
SpecialMesh971.MeshType = Enum.MeshType.FileMesh
Part972.Name = "TreeMeshTop"
Part972.Parent = Model969
Part972.CFrame = CFrame.new(2450.84277, 148.408234, 2547.3811, -1.00000072, 2.85217094e-09, -1.15936871e-07, 1.39407392e-08, 1.00000024, 0.000976553303, -1.160697e-07, 0.000976549345, -0.999999762)
Part972.Orientation = Vector3.new(-0.05999999865889549, -180, 0)
Part972.Position = Vector3.new(2450.8427734375, 148.40823364257812, 2547.381103515625)
Part972.Rotation = Vector3.new(-179.94000244140625, 0, -180)
Part972.Transparency = 0.05000000074505806
Part972.Size = Vector3.new(8.250000953674316, 0.2499980926513672, 7)
Part972.Anchored = true
Part972.CanCollide = false
Part972.Material = Enum.Material.Fabric
SpecialMesh973.Name = "TopTreeMesh"
SpecialMesh973.Parent = Part972
SpecialMesh973.MeshId = "rbxassetid://623621456"
SpecialMesh973.Offset = Vector3.new(0, 3.4100000858306885, 0)
SpecialMesh973.Scale = Vector3.new(1.600000023841858, 1.600000023841858, 1.600000023841858)
SpecialMesh973.TextureId = "rbxassetid://745556120"
SpecialMesh973.MeshType = Enum.MeshType.FileMesh
Part974.Name = "石"
Part974.Parent = Folder0
