SpecialMesh1438.Name = "TopTreeMesh"
SpecialMesh1438.Parent = Part1437
SpecialMesh1438.MeshId = "rbxassetid://623621456"
SpecialMesh1438.Offset = Vector3.new(0, 3.4100000858306885, 0)
SpecialMesh1438.Scale = Vector3.new(1.600000023841858, 1.600000023841858, 1.600000023841858)
SpecialMesh1438.TextureId = "rbxassetid://745556120"
SpecialMesh1438.MeshType = Enum.MeshType.FileMesh
Model1439.Name = "茂み"
Model1439.Parent = Folder0
Part1440.Name = "TreeMesh Bottom"
Part1440.Parent = Model1439
Part1440.CFrame = CFrame.new(2500.43237, 333.321198, 3390.36792, 0.00221425667, -0.145389631, -0.989372015, 0.0817700922, 0.98608768, -0.144723892, 0.996648848, -0.0805805922, 0.0140719712)
Part1440.Orientation = Vector3.new(8.319999694824219, -89.19000244140625, 4.739999771118164)
Part1440.Position = Vector3.new(2500.432373046875, 333.3211975097656, 3390.367919921875)
Part1440.Rotation = Vector3.new(84.44999694824219, -81.63999938964844, 89.12999725341797)
Part1440.Size = Vector3.new(8.250000953674316, 0.2499980926513672, 7)
Part1440.Anchored = true
Part1440.CanCollide = false
Part1440.Material = Enum.Material.Fabric
SpecialMesh1441.Name = "BarkMesh"
SpecialMesh1441.Parent = Part1440
SpecialMesh1441.MeshId = "rbxassetid://623621260"
SpecialMesh1441.Offset = Vector3.new(0, 3.4100000858306885, 0)
SpecialMesh1441.TextureId = "rbxassetid://623618671"
SpecialMesh1441.MeshType = Enum.MeshType.FileMesh
Part1442.Name = "TreeMeshTop"
Part1442.Parent = Model1439
Part1442.CFrame = CFrame.new(2496.052, 363.042053, 3387.93896, 0.00221425667, -0.145389631, -0.989372015, 0.0817700922, 0.98608768, -0.144723892, 0.996648848, -0.0805805922, 0.0140719712)
Part1442.Orientation = Vector3.new(8.319999694824219, -89.19000244140625, 4.739999771118164)
Part1442.Position = Vector3.new(2496.052001953125, 363.04205322265625, 3387.93896484375)
Part1442.Rotation = Vector3.new(84.44999694824219, -81.63999938964844, 89.12999725341797)
Part1442.Transparency = 0.05000000074505806
Part1442.Size = Vector3.new(8.250000953674316, 0.2499980926513672, 7)
Part1442.Anchored = true
Part1442.CanCollide = false
Part1442.Material = Enum.Material.Fabric
SpecialMesh1443.Name = "TopTreeMesh"
SpecialMesh1443.Parent = Part1442
SpecialMesh1443.MeshId = "rbxassetid://623621456"
SpecialMesh1443.Offset = Vector3.new(0, 3.4100000858306885, 0)
SpecialMesh1443.Scale = Vector3.new(1.600000023841858, 1.600000023841858, 1.600000023841858)
SpecialMesh1443.TextureId = "rbxassetid://745556120"
SpecialMesh1443.MeshType = Enum.MeshType.FileMesh
Model1444.Name = "茂み"
Model1444.Parent = Folder0
Part1445.Name = "TreeMesh Bottom"
Part1445.Parent = Model1444
Part1445.CFrame = CFrame.new(2457.49536, 338.851318, 3398.77319, 0.0491447821, -0.196455464, -0.979280412, 0.276842356, 0.944728673, -0.175630748, 0.959657848, -0.262474954, 0.100815669)
Part1445.Orientation = Vector3.new(10.119999885559082, -84.12000274658203, 16.329999923706055)
Part1445.Position = Vector3.new(2457.495361328125, 338.851318359375, 3398.773193359375)
Part1445.Rotation = Vector3.new(60.13999938964844, -78.31999969482422, 75.95999908447266)
Part1445.Size = Vector3.new(8.250000953674316, 0.2499980926513672, 7)
Part1445.Anchored = true
Part1445.CanCollide = false
Part1445.Material = Enum.Material.Fabric
SpecialMesh1446.Name = "BarkMesh"
SpecialMesh1446.Parent = Part1445
SpecialMesh1446.MeshId = "rbxassetid://623621260"
SpecialMesh1446.Offset = Vector3.new(0, 3.4100000858306885, 0)
SpecialMesh1446.TextureId = "rbxassetid://623618671"
SpecialMesh1446.MeshType = Enum.MeshType.FileMesh
Part1447.Name = "TreeMeshTop"
Part1447.Parent = Model1444
Part1447.CFrame = CFrame.new(2451.57568, 367.325562, 3390.86182, 0.0491447821, -0.196455464, -0.979280412, 0.276842356, 0.944728673, -0.175630748, 0.959657848, -0.262474954, 0.100815669)
Part1447.Orientation = Vector3.new(10.119999885559082, -84.12000274658203, 16.329999923706055)
Part1447.Position = Vector3.new(2451.57568359375, 367.3255615234375, 3390.86181640625)
Part1447.Rotation = Vector3.new(60.13999938964844, -78.31999969482422, 75.95999908447266)
Part1447.Transparency = 0.05000000074505806
Part1447.Size = Vector3.new(8.250000953674316, 0.2499980926513672, 7)
Part1447.Anchored = true
Part1447.CanCollide = false
Part1447.Material = Enum.Material.Fabric
SpecialMesh1448.Name = "TopTreeMesh"
SpecialMesh1448.Parent = Part1447
SpecialMesh1448.MeshId = "rbxassetid://623621456"
SpecialMesh1448.Offset = Vector3.new(0, 3.4100000858306885, 0)
SpecialMesh1448.Scale = Vector3.new(1.600000023841858, 1.600000023841858, 1.600000023841858)
SpecialMesh1448.TextureId = "rbxassetid://745556120"
SpecialMesh1448.MeshType = Enum.MeshType.FileMesh
Model1449.Name = "茂み"
Model1449.Parent = Folder0
Part1450.Name = "TreeMesh Bottom"
Part1450.Parent = Model1449
Part1450.CFrame = CFrame.new(2310.54614, 318.505371, 3415.4397, 0.0494637191, -0.00340018608, -0.998773813, 0.371338248, 0.928376019, 0.0152290547, 0.927184463, -0.371635377, 0.0471845753)
Part1450.Orientation = Vector3.new(-0.8700000047683716, -87.30000305175781, 21.799999237060547)
Part1450.Position = Vector3.new(2310.546142578125, 318.50537109375, 3415.439697265625)
Part1450.Rotation = Vector3.new(-17.889999389648438, -87.16000366210938, 3.930000066757202)
Part1450.Size = Vector3.new(8.250000953674316, 0.2499980926513672, 7)
Part1450.Anchored = true
Part1450.CanCollide = false
Part1450.Material = Enum.Material.Fabric
SpecialMesh1451.Name = "BarkMesh"
SpecialMesh1451.Parent = Part1450
SpecialMesh1451.MeshId = "rbxassetid://623621260"
SpecialMesh1451.Offset = Vector3.new(0, 3.4100000858306885, 0)
SpecialMesh1451.TextureId = "rbxassetid://623618671"
SpecialMesh1451.MeshType = Enum.MeshType.FileMesh
Part1452.Name = "TreeMeshTop"
Part1452.Parent = Model1449
Part1452.CFrame = CFrame.new(2310.44653, 346.486145, 3404.23853, 0.0494637191, -0.00340018608, -0.998773813, 0.371338248, 0.928376019, 0.0152290547, 0.927184463, -0.371635377, 0.0471845753)
Part1452.Orientation = Vector3.new(-0.8700000047683716, -87.30000305175781, 21.799999237060547)
Part1452.Position = Vector3.new(2310.446533203125, 346.48614501953125, 3404.238525390625)
Part1452.Rotation = Vector3.new(-17.889999389648438, -87.16000366210938, 3.930000066757202)
Part1452.Transparency = 0.05000000074505806
Part1452.Size = Vector3.new(8.250000953674316, 0.2499980926513672, 7)
Part1452.Anchored = true
Part1452.CanCollide = false
Part1452.Material = Enum.Material.Fabric
SpecialMesh1453.Name = "TopTreeMesh"
SpecialMesh1453.Parent = Part1452
SpecialMesh1453.MeshId = "rbxassetid://623621456"
SpecialMesh1453.Offset = Vector3.new(0, 3.4100000858306885, 0)
SpecialMesh1453.Scale = Vector3.new(1.600000023841858, 1.600000023841858, 1.600000023841858)
SpecialMesh1453.TextureId = "rbxassetid://745556120"
SpecialMesh1453.MeshType = Enum.MeshType.FileMesh
Model1454.Name = "茂み"
Model1454.Parent = Folder0
Part1455.Name = "TreeMesh Bottom"
Part1455.Parent = Model1454
Part1455.CFrame = CFrame.new(2268.00391, 327.589722, 3444.80981, 0.0494206399, -0.0187247768, -0.998606622, 0.425203025, 0.905092478, 0.00407090131, 0.903752923, -0.424810588, 0.0526930839)
Part1455.Orientation = Vector3.new(-0.23000000417232513, -86.9800033569336, 25.15999984741211)
Part1455.Position = Vector3.new(2268.00390625, 327.5897216796875, 3444.809814453125)
Part1455.Rotation = Vector3.new(-4.420000076293945, -86.9800033569336, 20.75)
Part1455.Size = Vector3.new(8.250000953674316, 0.2499980926513672, 7)
Part1455.Anchored = true
Part1455.CanCollide = false
Part1455.Material = Enum.Material.Fabric
SpecialMesh1456.Name = "BarkMesh"
SpecialMesh1456.Parent = Part1455
SpecialMesh1456.MeshId = "rbxassetid://623621260"
SpecialMesh1456.Offset = Vector3.new(0, 3.4100000858306885, 0)
SpecialMesh1456.TextureId = "rbxassetid://623618671"
SpecialMesh1456.MeshType = Enum.MeshType.FileMesh
Part1457.Name = "TreeMeshTop"
Part1457.Parent = Model1454
Part1457.CFrame = CFrame.new(2267.44116, 354.869019, 3432.0061, 0.0494206399, -0.0187247768, -0.998606622, 0.425203025, 0.905092478, 0.00407090131, 0.903752923, -0.424810588, 0.0526930839)
Part1457.Orientation = Vector3.new(-0.23000000417232513, -86.9800033569336, 25.15999984741211)
Part1457.Position = Vector3.new(2267.441162109375, 354.8690185546875, 3432.006103515625)
Part1457.Rotation = Vector3.new(-4.420000076293945, -86.9800033569336, 20.75)
Part1457.Transparency = 0.05000000074505806
Part1457.Size = Vector3.new(8.250000953674316, 0.2499980926513672, 7)
Part1457.Anchored = true
Part1457.CanCollide = false
Part1457.Material = Enum.Material.Fabric
SpecialMesh1458.Name = "TopTreeMesh"
SpecialMesh1458.Parent = Part1457
SpecialMesh1458.MeshId = "rbxassetid://623621456"
SpecialMesh1458.Offset = Vector3.new(0, 3.4100000858306885, 0)
SpecialMesh1458.Scale = Vector3.new(1.600000023841858, 1.600000023841858, 1.600000023841858)
SpecialMesh1458.TextureId = "rbxassetid://745556120"
SpecialMesh1458.MeshType = Enum.MeshType.FileMesh
Model1459.Name = "茂み"
Model1459.Parent = Folder0
Part1460.Name = "TreeMesh Bottom"
Part1460.Parent = Model1459
Part1460.CFrame = CFrame.new(2664.94287, 259.934998, 2968.90454, 6.78002834e-07, 0.00208787154, -0.999997973, 0.192864895, 0.981223106, 0.00204881281, 0.981225371, -0.192864463, -0.000402014703)
Part1460.Orientation = Vector3.new(-0.11999999731779099, -90.0199966430664, 11.119999885559082)
Part1460.Position = Vector3.new(2664.94287109375, 259.93499755859375, 2968.904541015625)
Part1460.Rotation = Vector3.new(-101.0999984741211, -89.87999725341797, -89.9800033569336)
Part1460.Size = Vector3.new(8.250000953674316, 0.2499980926513672, 7)
Part1460.Anchored = true
Part1460.CanCollide = false
Part1460.Material = Enum.Material.Fabric
SpecialMesh1461.Name = "BarkMesh"
SpecialMesh1461.Parent = Part1460
SpecialMesh1461.MeshId = "rbxassetid://623621260"
SpecialMesh1461.Offset = Vector3.new(0, 3.4100000858306885, 0)
SpecialMesh1461.TextureId = "rbxassetid://623618671"
SpecialMesh1461.MeshType = Enum.MeshType.FileMesh
Part1462.Name = "TreeMeshTop"
Part1462.Parent = Model1459
Part1462.CFrame = CFrame.new(2665.00732, 289.509216, 2963.09058, 6.78002834e-07, 0.00208787154, -0.999997973, 0.192864895, 0.981223106, 0.00204881281, 0.981225371, -0.192864463, -0.000402014703)
Part1462.Orientation = Vector3.new(-0.11999999731779099, -90.0199966430664, 11.119999885559082)
Part1462.Position = Vector3.new(2665.00732421875, 289.50921630859375, 2963.090576171875)
Part1462.Rotation = Vector3.new(-101.0999984741211, -89.87999725341797, -89.9800033569336)
Part1462.Transparency = 0.05000000074505806
Part1462.Size = Vector3.new(8.250000953674316, 0.2499980926513672, 7)
Part1462.Anchored = true
Part1462.CanCollide = false
Part1462.Material = Enum.Material.Fabric
SpecialMesh1463.Name = "TopTreeMesh"
SpecialMesh1463.Parent = Part1462
SpecialMesh1463.MeshId = "rbxassetid://623621456"
SpecialMesh1463.Offset = Vector3.new(0, 3.4100000858306885, 0)
SpecialMesh1463.Scale = Vector3.new(1.600000023841858, 1.600000023841858, 1.600000023841858)
SpecialMesh1463.TextureId = "rbxassetid://745556120"
SpecialMesh1463.MeshType = Enum.MeshType.FileMesh
Model1464.Name = "茂み"
Model1464.Parent = Folder0
Part1465.Name = "TreeMesh Bottom"
Part1465.Parent = Model1464
Part1465.CFrame = CFrame.new(2994.46948, 242.951904, 2607.58203, 0.257453382, -0.0461282432, 0.965192199, -0.0841973871, 0.993993223, 0.0699632689, -0.962618053, -0.0992785618, 0.252022982)
Part1465.Orientation = Vector3.new(-4.010000228881836, 75.37000274658203, -4.840000152587891)
Part1465.Position = Vector3.new(2994.469482421875, 242.951904296875, 2607.58203125)
Part1465.Rotation = Vector3.new(-15.520000457763672, 74.83999633789062, 10.15999984741211)
Part1465.Size = Vector3.new(8.250000953674316, 0.2499980926513672, 7)
Part1465.Anchored = true
Part1465.CanCollide = false
Part1465.Material = Enum.Material.Fabric
SpecialMesh1466.Name = "BarkMesh"
SpecialMesh1466.Parent = Part1465
SpecialMesh1466.MeshId = "rbxassetid://623621260"
SpecialMesh1466.Offset = Vector3.new(0, 3.4100000858306885, 0)
SpecialMesh1466.TextureId = "rbxassetid://623618671"
SpecialMesh1466.MeshType = Enum.MeshType.FileMesh
Part1467.Name = "TreeMeshTop"
Part1467.Parent = Model1464
Part1467.CFrame = CFrame.new(2993.07812, 272.910797, 2604.59058, 0.257453382, -0.0461282432, 0.965192199, -0.0841973871, 0.993993223, 0.0699632689, -0.962618053, -0.0992785618, 0.252022982)
Part1467.Orientation = Vector3.new(-4.010000228881836, 75.37000274658203, -4.840000152587891)
Part1467.Position = Vector3.new(2993.078125, 272.9107971191406, 2604.590576171875)
Part1467.Rotation = Vector3.new(-15.520000457763672, 74.83999633789062, 10.15999984741211)
Part1467.Transparency = 0.05000000074505806
Part1467.Size = Vector3.new(8.250000953674316, 0.2499980926513672, 7)
Part1467.Anchored = true
Part1467.CanCollide = false
Part1467.Material = Enum.Material.Fabric
SpecialMesh1468.Name = "TopTreeMesh"
SpecialMesh1468.Parent = Part1467
SpecialMesh1468.MeshId = "rbxassetid://623621456"
SpecialMesh1468.Offset = Vector3.new(0, 3.4100000858306885, 0)
SpecialMesh1468.Scale = Vector3.new(1.600000023841858, 1.600000023841858, 1.600000023841858)
SpecialMesh1468.TextureId = "rbxassetid://745556120"
SpecialMesh1468.MeshType = Enum.MeshType.FileMesh
Model1469.Name = "茂み"
Model1469.Parent = Folder0
Part1470.Name = "TreeMesh Bottom"
Part1470.Parent = Model1469
Part1470.CFrame = CFrame.new(3042.09351, 241.408325, 2568.7395, 0.232723698, -0.35165453, 0.906744242, -0.280926108, 0.868293285, 0.40884468, -0.931088269, -0.349874973, 0.103283808)
Part1470.Orientation = Vector3.new(-24.1299991607666, 83.5, -17.93000030517578)
Part1470.Position = Vector3.new(3042.093505859375, 241.4083251953125, 2568.739501953125)
Part1470.Rotation = Vector3.new(-75.81999969482422, 65.05999755859375, 56.5)
Part1470.Size = Vector3.new(8.250000953674316, 0.2499980926513672, 7)
Part1470.Anchored = true
Part1470.CanCollide = false
Part1470.Material = Enum.Material.Fabric
SpecialMesh1471.Name = "BarkMesh"
SpecialMesh1471.Parent = Part1470
SpecialMesh1471.MeshId = "rbxassetid://623621260"
SpecialMesh1471.Offset = Vector3.new(0, 3.4100000858306885, 0)
SpecialMesh1471.TextureId = "rbxassetid://623618671"
SpecialMesh1471.MeshType = Enum.MeshType.FileMesh
Part1472.Name = "TreeMeshTop"
Part1472.Parent = Model1469
Part1472.CFrame = CFrame.new(3031.4939, 267.578613, 2558.19507, 0.232723698, -0.35165453, 0.906744242, -0.280926108, 0.868293285, 0.40884468, -0.931088269, -0.349874973, 0.103283808)
Part1472.Orientation = Vector3.new(-24.1299991607666, 83.5, -17.93000030517578)
Part1472.Position = Vector3.new(3031.493896484375, 267.57861328125, 2558.195068359375)
Part1472.Rotation = Vector3.new(-75.81999969482422, 65.05999755859375, 56.5)
Part1472.Transparency = 0.05000000074505806
Part1472.Size = Vector3.new(8.250000953674316, 0.2499980926513672, 7)
Part1472.Anchored = true
Part1472.CanCollide = false
Part1472.Material = Enum.Material.Fabric
SpecialMesh1473.Name = "TopTreeMesh"
SpecialMesh1473.Parent = Part1472
SpecialMesh1473.MeshId = "rbxassetid://623621456"
SpecialMesh1473.Offset = Vector3.new(0, 3.4100000858306885, 0)
SpecialMesh1473.Scale = Vector3.new(1.600000023841858, 1.600000023841858, 1.600000023841858)
SpecialMesh1473.TextureId = "rbxassetid://745556120"
SpecialMesh1473.MeshType = Enum.MeshType.FileMesh
Model1474.Name = "茂み"
Model1474.Parent = Folder0
Part1475.Name = "TreeMesh Bottom"
Part1475.Parent = Model1474
Part1475.CFrame = CFrame.new(2860.17896, 246.445099, 2648.87793, 0.260177046, 0.0583853833, 0.963797271, -0.248755664, 0.968532443, 0.00847946852, -0.932970285, -0.241955459, 0.266513556)
Part1475.Orientation = Vector3.new(-0.49000000953674316, 74.54000091552734, -14.399999618530273)
Part1475.Position = Vector3.new(2860.178955078125, 246.44509887695312, 2648.8779296875)
Part1475.Rotation = Vector3.new(-1.8200000524520874, 74.54000091552734, -12.649999618530273)
Part1475.Size = Vector3.new(8.250000953674316, 0.2499980926513672, 7)
Part1475.Anchored = true
Part1475.CanCollide = false
Part1475.Material = Enum.Material.Fabric
SpecialMesh1476.Name = "BarkMesh"
SpecialMesh1476.Parent = Part1475
SpecialMesh1476.MeshId = "rbxassetid://623621260"
SpecialMesh1476.Offset = Vector3.new(0, 3.4100000858306885, 0)
SpecialMesh1476.TextureId = "rbxassetid://623618671"
SpecialMesh1476.MeshType = Enum.MeshType.FileMesh
Part1477.Name = "TreeMeshTop"
Part1477.Parent = Model1474
Part1477.CFrame = CFrame.new(2861.9375, 275.636841, 2641.58643, 0.260177046, 0.0583853833, 0.963797271, -0.248755664, 0.968532443, 0.00847946852, -0.932970285, -0.241955459, 0.266513556)
Part1477.Orientation = Vector3.new(-0.49000000953674316, 74.54000091552734, -14.399999618530273)
Part1477.Position = Vector3.new(2861.9375, 275.6368408203125, 2641.58642578125)
Part1477.Rotation = Vector3.new(-1.8200000524520874, 74.54000091552734, -12.649999618530273)
Part1477.Transparency = 0.05000000074505806
Part1477.Size = Vector3.new(8.250000953674316, 0.2499980926513672, 7)
Part1477.Anchored = true
Part1477.CanCollide = false
Part1477.Material = Enum.Material.Fabric
SpecialMesh1478.Name = "TopTreeMesh"
SpecialMesh1478.Parent = Part1477
SpecialMesh1478.MeshId = "rbxassetid://623621456"
SpecialMesh1478.Offset = Vector3.new(0, 3.4100000858306885, 0)
SpecialMesh1478.Scale = Vector3.new(1.600000023841858, 1.600000023841858, 1.600000023841858)
SpecialMesh1478.TextureId = "rbxassetid://745556120"
SpecialMesh1478.MeshType = Enum.MeshType.FileMesh
Part1479.Name = "バスのりば"
Part1479.Parent = Folder0
Part1479.CFrame = CFrame.new(1936.74976, 370.625, 3903.75, -0.927185833, 4.88229013e-08, 0.374607444, -3.91118604e-08, 0.999999821, 3.35258008e-08, -0.374607444, -1.64329776e-08, -0.927185833)
Part1479.Orientation = Vector3.new(0, 158, 0)
Part1479.Position = Vector3.new(1936.749755859375, 370.625, 3903.75)
Part1479.Rotation = Vector3.new(-180, 22, -180)
Part1479.Size = Vector3.new(75.5, 31.25, 79.5)
Part1479.Anchored = true
Part1479.BottomSurface = Enum.SurfaceType.Smooth
Part1479.CanCollide = false
Part1479.TopSurface = Enum.SurfaceType.Smooth
SpecialMesh1480.Parent = Part1479
SpecialMesh1480.MeshId = "rbxassetid://7069502473"
SpecialMesh1480.Scale = Vector3.new(7.9473652839660645, 7.352944374084473, 8.368416786193848)
SpecialMesh1480.TextureId = "rbxassetid://7069502560"
SpecialMesh1480.MeshType = Enum.MeshType.FileMesh
Model1481.Name = "茂み"
Model1481.Parent = Folder0
Part1482.Name = "TreeMesh Bottom"
Part1482.Parent = Model1481
Part1482.CFrame = CFrame.new(2348.59521, 318.835693, 3420.52905, 0.0494394004, 0.164230093, -0.985185325, 0.416504979, 0.893141329, 0.169786721, 0.907793581, -0.418727636, -0.02424521)
Part1482.Orientation = Vector3.new(-9.779999732971191, -91.41000366210938, 25)
Part1482.Position = Vector3.new(2348.59521484375, 318.835693359375, 3420.529052734375)
Part1482.Rotation = Vector3.new(-98.12999725341797, -80.12999725341797, -73.25)
Part1482.Size = Vector3.new(8.250000953674316, 0.2499980926513672, 7)
Part1482.Anchored = true
Part1482.CanCollide = false
Part1482.Material = Enum.Material.Fabric
SpecialMesh1483.Name = "BarkMesh"
SpecialMesh1483.Parent = Part1482
SpecialMesh1483.MeshId = "rbxassetid://623621260"
SpecialMesh1483.Offset = Vector3.new(0, 3.4100000858306885, 0)
SpecialMesh1483.TextureId = "rbxassetid://623618671"
SpecialMesh1483.MeshType = Enum.MeshType.FileMesh
Part1484.Name = "TreeMeshTop"
Part1484.Parent = Model1481
Part1484.CFrame = CFrame.new(2353.54688, 345.754639, 3407.90869, 0.0494394004, 0.164230093, -0.985185325, 0.416504979, 0.893141329, 0.169786721, 0.907793581, -0.418727636, -0.02424521)
Part1484.Orientation = Vector3.new(-9.779999732971191, -91.41000366210938, 25)
Part1484.Position = Vector3.new(2353.546875, 345.754638671875, 3407.90869140625)
Part1484.Rotation = Vector3.new(-98.12999725341797, -80.12999725341797, -73.25)
Part1484.Transparency = 0.05000000074505806
Part1484.Size = Vector3.new(8.250000953674316, 0.2499980926513672, 7)
Part1484.Anchored = true
Part1484.CanCollide = false
Part1484.Material = Enum.Material.Fabric
SpecialMesh1485.Name = "TopTreeMesh"
SpecialMesh1485.Parent = Part1484
SpecialMesh1485.MeshId = "rbxassetid://623621456"
SpecialMesh1485.Offset = Vector3.new(0, 3.4100000858306885, 0)
SpecialMesh1485.Scale = Vector3.new(1.600000023841858, 1.600000023841858, 1.600000023841858)
SpecialMesh1485.TextureId = "rbxassetid://745556120"
SpecialMesh1485.MeshType = Enum.MeshType.FileMesh
Model1486.Name = "茂み"
Model1486.Parent = Folder0
Part1487.Name = "TreeMesh Bottom"
Part1487.Parent = Model1486
Part1487.CFrame = CFrame.new(2407.91138, 319.443634, 3410.05859, 0.000266384333, -0.322747946, -0.946487844, -0.0518503562, 0.945209563, -0.322327822, 0.99865979, 0.0491624996, -0.0164822042)
Part1487.Orientation = Vector3.new(18.799999237060547, -91, -3.140000104904175)
Part1487.Position = Vector3.new(2407.911376953125, 319.4436340332031, 3410.05859375)
Part1487.Rotation = Vector3.new(92.93000030517578, -71.16999816894531, 89.94999694824219)
Part1487.Size = Vector3.new(8.250000953674316, 0.2499980926513672, 7)
Part1487.Anchored = true
Part1487.CanCollide = false
Part1487.Material = Enum.Material.Fabric
SpecialMesh1488.Name = "BarkMesh"
SpecialMesh1488.Parent = Part1487
SpecialMesh1488.MeshId = "rbxassetid://623621260"
SpecialMesh1488.Offset = Vector3.new(0, 3.4100000858306885, 0)
SpecialMesh1488.TextureId = "rbxassetid://623618671"
SpecialMesh1488.MeshType = Enum.MeshType.FileMesh
Part1489.Name = "TreeMeshTop"
Part1489.Parent = Model1486
Part1489.CFrame = CFrame.new(2398.1853, 347.932678, 3411.54004, 0.000266384333, -0.322747946, -0.946487844, -0.0518503562, 0.945209563, -0.322327822, 0.99865979, 0.0491624996, -0.0164822042)
Part1489.Orientation = Vector3.new(18.799999237060547, -91, -3.140000104904175)
Part1489.Position = Vector3.new(2398.185302734375, 347.93267822265625, 3411.5400390625)
Part1489.Rotation = Vector3.new(92.93000030517578, -71.16999816894531, 89.94999694824219)
Part1489.Transparency = 0.05000000074505806
Part1489.Size = Vector3.new(8.250000953674316, 0.2499980926513672, 7)
Part1489.Anchored = true
Part1489.CanCollide = false
Part1489.Material = Enum.Material.Fabric
SpecialMesh1490.Name = "TopTreeMesh"
SpecialMesh1490.Parent = Part1489
SpecialMesh1490.MeshId = "rbxassetid://623621456"
SpecialMesh1490.Offset = Vector3.new(0, 3.4100000858306885, 0)
SpecialMesh1490.Scale = Vector3.new(1.600000023841858, 1.600000023841858, 1.600000023841858)
SpecialMesh1490.TextureId = "rbxassetid://745556120"
SpecialMesh1490.MeshType = Enum.MeshType.FileMesh
Model1491.Name = "茂み"
Model1491.Parent = Folder0
Part1492.Name = "TreeMesh Bottom"
Part1492.Parent = Model1491
Part1492.CFrame = CFrame.new(2221.5083, 307.880981, 3395.25806, -0.000805623829, 0.0742658898, -0.997238219, -0.124837942, 0.989429772, 0.0737852827, 0.99217689, 0.124552593, 0.00847409666)
Part1492.Orientation = Vector3.new(-4.230000019073486, -89.51000213623047, -7.190000057220459)
Part1492.Position = Vector3.new(2221.50830078125, 307.8809814453125, 3395.258056640625)
Part1492.Rotation = Vector3.new(-83.44999694824219, -85.73999786376953, -90.62000274658203)
Part1492.Size = Vector3.new(8.250000953674316, 0.2499980926513672, 7)
Part1492.Anchored = true
Part1492.CanCollide = false
Part1492.Material = Enum.Material.Fabric
SpecialMesh1493.Name = "BarkMesh"
SpecialMesh1493.Parent = Part1492
SpecialMesh1493.MeshId = "rbxassetid://623621260"
SpecialMesh1493.Offset = Vector3.new(0, 3.4100000858306885, 0)
SpecialMesh1493.TextureId = "rbxassetid://623618671"
SpecialMesh1493.MeshType = Enum.MeshType.FileMesh
Part1494.Name = "TreeMeshTop"
Part1494.Parent = Model1491
Part1494.CFrame = CFrame.new(2223.74829, 337.702118, 3399.01172, -0.000805623829, 0.0742658898, -0.997238219, -0.124837942, 0.989429772, 0.0737852827, 0.99217689, 0.124552593, 0.00847409666)
Part1494.Orientation = Vector3.new(-4.230000019073486, -89.51000213623047, -7.190000057220459)
Part1494.Position = Vector3.new(2223.748291015625, 337.7021179199219, 3399.01171875)
Part1494.Rotation = Vector3.new(-83.44999694824219, -85.73999786376953, -90.62000274658203)
Part1494.Transparency = 0.05000000074505806
Part1494.Size = Vector3.new(8.250000953674316, 0.2499980926513672, 7)
Part1494.Anchored = true
Part1494.CanCollide = false
Part1494.Material = Enum.Material.Fabric
SpecialMesh1495.Name = "TopTreeMesh"
SpecialMesh1495.Parent = Part1494
SpecialMesh1495.MeshId = "rbxassetid://623621456"
SpecialMesh1495.Offset = Vector3.new(0, 3.4100000858306885, 0)
SpecialMesh1495.Scale = Vector3.new(1.600000023841858, 1.600000023841858, 1.600000023841858)
SpecialMesh1495.TextureId = "rbxassetid://745556120"
SpecialMesh1495.MeshType = Enum.MeshType.FileMesh
Model1496.Name = "茂み"
Model1496.Parent = Folder0
Part1497.Name = "TreeMesh Bottom"
Part1497.Parent = Model1496
Part1497.CFrame = CFrame.new(2175.71436, 324.67981, 3398.62329, 0.0494622588, 0.194809079, -0.979593277, 0.370253384, 0.907335639, 0.199134469, 0.92761302, -0.372547388, -0.0272498559)
Part1497.Orientation = Vector3.new(-11.489999771118164, -91.58999633789062, 22.200000762939453)
Part1497.Position = Vector3.new(2175.71435546875, 324.6798095703125, 3398.623291015625)
Part1497.Rotation = Vector3.new(-97.79000091552734, -78.41000366210938, -75.75)
Part1497.Size = Vector3.new(8.250000953674316, 0.2499980926513672, 7)
Part1497.Anchored = true
Part1497.CanCollide = false
Part1497.Material = Enum.Material.Fabric
SpecialMesh1498.Name = "BarkMesh"
SpecialMesh1498.Parent = Part1497
SpecialMesh1498.MeshId = "rbxassetid://623621260"
SpecialMesh1498.Offset = Vector3.new(0, 3.4100000858306885, 0)
SpecialMesh1498.TextureId = "rbxassetid://623618671"
SpecialMesh1498.MeshType = Enum.MeshType.FileMesh
Part1499.Name = "TreeMeshTop"
Part1499.Parent = Model1496
Part1499.CFrame = CFrame.new(2181.5874, 352.026489, 3387.39478, 0.0494622588, 0.194809079, -0.979593277, 0.370253384, 0.907335639, 0.199134469, 0.92761302, -0.372547388, -0.0272498559)
Part1499.Orientation = Vector3.new(-11.489999771118164, -91.58999633789062, 22.200000762939453)
Part1499.Position = Vector3.new(2181.58740234375, 352.0264892578125, 3387.394775390625)
Part1499.Rotation = Vector3.new(-97.79000091552734, -78.41000366210938, -75.75)
Part1499.Transparency = 0.05000000074505806
Part1499.Size = Vector3.new(8.250000953674316, 0.2499980926513672, 7)
Part1499.Anchored = true
Part1499.CanCollide = false
Part1499.Material = Enum.Material.Fabric
SpecialMesh1500.Name = "TopTreeMesh"
SpecialMesh1500.Parent = Part1499
SpecialMesh1500.MeshId = "rbxassetid://623621456"
SpecialMesh1500.Offset = Vector3.new(0, 3.4100000858306885, 0)
SpecialMesh1500.Scale = Vector3.new(1.600000023841858, 1.600000023841858, 1.600000023841858)
SpecialMesh1500.TextureId = "rbxassetid://745556120"
SpecialMesh1500.MeshType = Enum.MeshType.FileMesh
Model1501.Name = "茂み"
Model1501.Parent = Folder0
Part1502.Name = "TreeMesh Bottom"
Part1502.Parent = Model1501
Part1502.CFrame = CFrame.new(2079.46143, 329.045685, 3399.07544, 0.00131480768, 0.28382051, -0.958876669, 0.0199171752, 0.958679736, 0.283789605, 0.999800742, -0.019471243, -0.00439243671)
Part1502.Orientation = Vector3.new(-16.489999771118164, -90.26000213623047, 1.190000057220459)
Part1502.Position = Vector3.new(2079.46142578125, 329.0456848144531, 3399.075439453125)
Part1502.Rotation = Vector3.new(-90.88999938964844, -73.51000213623047, -89.7300033569336)
Part1502.Size = Vector3.new(8.250000953674316, 0.2499980926513672, 7)
Part1502.Anchored = true
Part1502.CanCollide = false
Part1502.Material = Enum.Material.Fabric
SpecialMesh1503.Name = "BarkMesh"
SpecialMesh1503.Parent = Part1502
SpecialMesh1503.MeshId = "rbxassetid://623621260"
SpecialMesh1503.Offset = Vector3.new(0, 3.4100000858306885, 0)
SpecialMesh1503.TextureId = "rbxassetid://623618671"
SpecialMesh1503.MeshType = Enum.MeshType.FileMesh
Part1504.Name = "TreeMeshTop"
Part1504.Parent = Model1501
Part1504.CFrame = CFrame.new(2088.01782, 357.939514, 3398.48877, 0.00131480768, 0.28382051, -0.958876669, 0.0199171752, 0.958679736, 0.283789605, 0.999800742, -0.019471243, -0.00439243671)
Part1504.Orientation = Vector3.new(-16.489999771118164, -90.26000213623047, 1.190000057220459)
Part1504.Position = Vector3.new(2088.017822265625, 357.93951416015625, 3398.48876953125)
Part1504.Rotation = Vector3.new(-90.88999938964844, -73.51000213623047, -89.7300033569336)
Part1504.Transparency = 0.05000000074505806
Part1504.Size = Vector3.new(8.250000953674316, 0.2499980926513672, 7)
Part1504.Anchored = true
Part1504.CanCollide = false
Part1504.Material = Enum.Material.Fabric
SpecialMesh1505.Name = "TopTreeMesh"
SpecialMesh1505.Parent = Part1504
SpecialMesh1505.MeshId = "rbxassetid://623621456"
SpecialMesh1505.Offset = Vector3.new(0, 3.4100000858306885, 0)
SpecialMesh1505.Scale = Vector3.new(1.600000023841858, 1.600000023841858, 1.600000023841858)
SpecialMesh1505.TextureId = "rbxassetid://745556120"
SpecialMesh1505.MeshType = Enum.MeshType.FileMesh
Model1506.Name = "茂み"
Model1506.Parent = Folder0
Part1507.Name = "TreeMesh Bottom"
Part1507.Parent = Model1506
Part1507.CFrame = CFrame.new(2130.72192, 337.25708, 3416.20483, 0.0494624749, 0.0159060638, -0.998651981, 0.36963746, 0.928588986, 0.0330968872, 0.927863955, -0.370774925, 0.0400516875)
Part1507.Orientation = Vector3.new(-1.899999976158142, -87.69999694824219, 21.709999084472656)
Part1507.Position = Vector3.new(2130.721923828125, 337.257080078125, 3416.204833984375)
Part1507.Rotation = Vector3.new(-39.56999969482422, -87.0199966430664, -17.829999923706055)
Part1507.Size = Vector3.new(8.250000953674316, 0.2499980926513672, 7)
Part1507.Anchored = true
Part1507.CanCollide = false
Part1507.Material = Enum.Material.Fabric
SpecialMesh1508.Name = "BarkMesh"
SpecialMesh1508.Parent = Part1507
SpecialMesh1508.MeshId = "rbxassetid://623621260"
SpecialMesh1508.Offset = Vector3.new(0, 3.4100000858306885, 0)
SpecialMesh1508.TextureId = "rbxassetid://623618671"
SpecialMesh1508.MeshType = Enum.MeshType.FileMesh
Part1509.Name = "TreeMeshTop"
Part1509.Parent = Model1506
Part1509.CFrame = CFrame.new(2131.20288, 365.244568, 3405.02954, 0.0494624749, 0.0159060638, -0.998651981, 0.36963746, 0.928588986, 0.0330968872, 0.927863955, -0.370774925, 0.0400516875)
Part1509.Orientation = Vector3.new(-1.899999976158142, -87.69999694824219, 21.709999084472656)
Part1509.Position = Vector3.new(2131.202880859375, 365.24456787109375, 3405.029541015625)
Part1509.Rotation = Vector3.new(-39.56999969482422, -87.0199966430664, -17.829999923706055)
Part1509.Transparency = 0.05000000074505806
Part1509.Size = Vector3.new(8.250000953674316, 0.2499980926513672, 7)
Part1509.Anchored = true
Part1509.CanCollide = false
Part1509.Material = Enum.Material.Fabric
SpecialMesh1510.Name = "TopTreeMesh"
SpecialMesh1510.Parent = Part1509
SpecialMesh1510.MeshId = "rbxassetid://623621456"
SpecialMesh1510.Offset = Vector3.new(0, 3.4100000858306885, 0)
SpecialMesh1510.Scale = Vector3.new(1.600000023841858, 1.600000023841858, 1.600000023841858)
SpecialMesh1510.TextureId = "rbxassetid://745556120"
SpecialMesh1510.MeshType = Enum.MeshType.FileMesh
Model1511.Name = "茂み"
Model1511.Parent = Folder0
Part1512.Name = "TreeMesh Bottom"
Part1512.Parent = Model1511
Part1512.CFrame = CFrame.new(3172.65332, 289.36676, 2945.91992, 0.839997172, -0.0238342881, 0.542067409, 0.0216941237, 0.999711394, 0.0103388131, -0.54215759, 0.00307510048, 0.840271473)
Part1512.Orientation = Vector3.new(-0.5899999737739563, 32.83000183105469, 1.2400000095367432)
Part1512.Position = Vector3.new(3172.6533203125, 289.36676025390625, 2945.919921875)
Part1512.Rotation = Vector3.new(-0.699999988079071, 32.81999969482422, 1.6299999952316284)
Part1512.Size = Vector3.new(8.250000953674316, 0.2499980926513672, 7)
Part1512.Anchored = true
Part1512.CanCollide = false
Part1512.Material = Enum.Material.Fabric
SpecialMesh1513.Name = "BarkMesh"
SpecialMesh1513.Parent = Part1512
SpecialMesh1513.MeshId = "rbxassetid://623621260"
SpecialMesh1513.Offset = Vector3.new(0, 3.4100000858306885, 0)
SpecialMesh1513.TextureId = "rbxassetid://623618671"
SpecialMesh1513.MeshType = Enum.MeshType.FileMesh
Part1514.Name = "TreeMeshTop"
Part1514.Parent = Model1511
Part1514.CFrame = CFrame.new(3171.93359, 319.497925, 2946.01221, 0.839997172, -0.0238342881, 0.542067409, 0.0216941237, 0.999711394, 0.0103388131, -0.54215759, 0.00307510048, 0.840271473)
Part1514.Orientation = Vector3.new(-0.5899999737739563, 32.83000183105469, 1.2400000095367432)
Part1514.Position = Vector3.new(3171.93359375, 319.4979248046875, 2946.01220703125)
Part1514.Rotation = Vector3.new(-0.699999988079071, 32.81999969482422, 1.6299999952316284)
Part1514.Transparency = 0.05000000074505806
Part1514.Size = Vector3.new(8.250000953674316, 0.2499980926513672, 7)
Part1514.Anchored = true
Part1514.CanCollide = false
Part1514.Material = Enum.Material.Fabric
SpecialMesh1515.Name = "TopTreeMesh"
SpecialMesh1515.Parent = Part1514
SpecialMesh1515.MeshId = "rbxassetid://623621456"
SpecialMesh1515.Offset = Vector3.new(0, 3.4100000858306885, 0)
SpecialMesh1515.Scale = Vector3.new(1.600000023841858, 1.600000023841858, 1.600000023841858)
SpecialMesh1515.TextureId = "rbxassetid://745556120"
SpecialMesh1515.MeshType = Enum.MeshType.FileMesh
Model1516.Name = "茂み"
Model1516.Parent = Folder0
Part1517.Name = "TreeMesh Bottom"
Part1517.Parent = Model1516
Part1517.CFrame = CFrame.new(2929.90601, 298.536652, 2970.60205, 0.799628079, 0.160620391, -0.578615665, 0.165548235, 0.86725843, 0.469528168, 0.577225089, -0.471236736, 0.666893661)
Part1517.Orientation = Vector3.new(-28, -40.95000076293945, 10.8100004196167)
Part1517.Position = Vector3.new(2929.906005859375, 298.5366516113281, 2970.60205078125)
Part1517.Rotation = Vector3.new(-35.150001525878906, -35.349998474121094, -11.359999656677246)
Part1517.Size = Vector3.new(8.250000953674316, 0.2499980926513672, 7)
Part1517.Anchored = true
Part1517.CanCollide = false
Part1517.Material = Enum.Material.Fabric
SpecialMesh1518.Name = "BarkMesh"
SpecialMesh1518.Parent = Part1517
SpecialMesh1518.MeshId = "rbxassetid://623621260"
SpecialMesh1518.Offset = Vector3.new(0, 3.4100000858306885, 0)
SpecialMesh1518.TextureId = "rbxassetid://623618671"
SpecialMesh1518.MeshType = Enum.MeshType.FileMesh
Part1519.Name = "TreeMeshTop"
Part1519.Parent = Model1516
Part1519.CFrame = CFrame.new(2934.74707, 324.67511, 2956.39722, 0.799628079, 0.160620391, -0.578615665, 0.165548235, 0.86725843, 0.469528168, 0.577225089, -0.471236736, 0.666893661)
Part1519.Orientation = Vector3.new(-28, -40.95000076293945, 10.8100004196167)
Part1519.Position = Vector3.new(2934.7470703125, 324.67510986328125, 2956.397216796875)
Part1519.Rotation = Vector3.new(-35.150001525878906, -35.349998474121094, -11.359999656677246)
Part1519.Transparency = 0.05000000074505806
Part1519.Size = Vector3.new(8.250000953674316, 0.2499980926513672, 7)
Part1519.Anchored = true
Part1519.CanCollide = false
Part1519.Material = Enum.Material.Fabric
SpecialMesh1520.Name = "TopTreeMesh"
SpecialMesh1520.Parent = Part1519
SpecialMesh1520.MeshId = "rbxassetid://623621456"
SpecialMesh1520.Offset = Vector3.new(0, 3.4100000858306885, 0)
SpecialMesh1520.Scale = Vector3.new(1.600000023841858, 1.600000023841858, 1.600000023841858)
SpecialMesh1520.TextureId = "rbxassetid://745556120"
SpecialMesh1520.MeshType = Enum.MeshType.FileMesh
Model1521.Name = "茂み"
Model1521.Parent = Folder0
Part1522.Name = "TreeMesh Bottom"
Part1522.Parent = Model1521
Part1522.CFrame = CFrame.new(3036.92627, 303.05069, 2990.53613, 0.799629271, 0.160620883, -0.578618109, 0.165548682, 0.867260695, 0.469529748, 0.577226341, -0.471238077, 0.666895449)
Part1522.Orientation = Vector3.new(-28, -40.95000076293945, 10.8100004196167)
Part1522.Position = Vector3.new(3036.92626953125, 303.0506896972656, 2990.5361328125)
Part1522.Rotation = Vector3.new(-35.150001525878906, -35.349998474121094, -11.359999656677246)
Part1522.Size = Vector3.new(8.250000953674316, 0.2499980926513672, 7)
Part1522.Anchored = true
Part1522.CanCollide = false
Part1522.Material = Enum.Material.Fabric
SpecialMesh1523.Name = "BarkMesh"
SpecialMesh1523.Parent = Part1522
SpecialMesh1523.MeshId = "rbxassetid://623621260"
SpecialMesh1523.Offset = Vector3.new(0, 3.4100000858306885, 0)
SpecialMesh1523.TextureId = "rbxassetid://623618671"
SpecialMesh1523.MeshType = Enum.MeshType.FileMesh
Part1524.Name = "TreeMeshTop"
Part1524.Parent = Model1521
Part1524.CFrame = CFrame.new(3041.76758, 329.189087, 2976.33154, 0.799629271, 0.160620883, -0.578618109, 0.165548682, 0.867260695, 0.469529748, 0.577226341, -0.471238077, 0.666895449)
Part1524.Orientation = Vector3.new(-28, -40.95000076293945, 10.8100004196167)
Part1524.Position = Vector3.new(3041.767578125, 329.1890869140625, 2976.33154296875)
Part1524.Rotation = Vector3.new(-35.150001525878906, -35.349998474121094, -11.359999656677246)
Part1524.Transparency = 0.05000000074505806
Part1524.Size = Vector3.new(8.250000953674316, 0.2499980926513672, 7)
Part1524.Anchored = true
Part1524.CanCollide = false
Part1524.Material = Enum.Material.Fabric
SpecialMesh1525.Name = "TopTreeMesh"
SpecialMesh1525.Parent = Part1524
SpecialMesh1525.MeshId = "rbxassetid://623621456"
SpecialMesh1525.Offset = Vector3.new(0, 3.4100000858306885, 0)
SpecialMesh1525.Scale = Vector3.new(1.600000023841858, 1.600000023841858, 1.600000023841858)
SpecialMesh1525.TextureId = "rbxassetid://745556120"
SpecialMesh1525.MeshType = Enum.MeshType.FileMesh
Model1526.Name = "茂み"
Model1526.Parent = Folder0
Part1527.Name = "TreeMesh Bottom"
Part1527.Parent = Model1526
Part1527.CFrame = CFrame.new(2651.21484, 354.66275, 3331.72998, 0.00221425667, -0.145389631, -0.989372015, 0.0817700922, 0.98608768, -0.144723892, 0.996648848, -0.0805805922, 0.0140719712)
Part1527.Orientation = Vector3.new(8.319999694824219, -89.19000244140625, 4.739999771118164)
Part1527.Position = Vector3.new(2651.21484375, 354.6627502441406, 3331.72998046875)
Part1527.Rotation = Vector3.new(84.44999694824219, -81.63999938964844, 89.12999725341797)
Part1527.Size = Vector3.new(8.250000953674316, 0.2499980926513672, 7)
Part1527.Anchored = true
Part1527.CanCollide = false
Part1527.Material = Enum.Material.Fabric
SpecialMesh1528.Name = "BarkMesh"
SpecialMesh1528.Parent = Part1527
SpecialMesh1528.MeshId = "rbxassetid://623621260"
SpecialMesh1528.Offset = Vector3.new(0, 3.4100000858306885, 0)
SpecialMesh1528.TextureId = "rbxassetid://623618671"
SpecialMesh1528.MeshType = Enum.MeshType.FileMesh
Part1529.Name = "TreeMeshTop"
Part1529.Parent = Model1526
Part1529.CFrame = CFrame.new(2646.83447, 384.383606, 3329.30103, 0.00221425667, -0.145389631, -0.989372015, 0.0817700922, 0.98608768, -0.144723892, 0.996648848, -0.0805805922, 0.0140719712)
Part1529.Orientation = Vector3.new(8.319999694824219, -89.19000244140625, 4.739999771118164)
Part1529.Position = Vector3.new(2646.83447265625, 384.38360595703125, 3329.301025390625)
Part1529.Rotation = Vector3.new(84.44999694824219, -81.63999938964844, 89.12999725341797)
Part1529.Transparency = 0.05000000074505806
Part1529.Size = Vector3.new(8.250000953674316, 0.2499980926513672, 7)
Part1529.Anchored = true
Part1529.CanCollide = false
Part1529.Material = Enum.Material.Fabric
SpecialMesh1530.Name = "TopTreeMesh"
SpecialMesh1530.Parent = Part1529
SpecialMesh1530.MeshId = "rbxassetid://623621456"
SpecialMesh1530.Offset = Vector3.new(0, 3.4100000858306885, 0)
SpecialMesh1530.Scale = Vector3.new(1.600000023841858, 1.600000023841858, 1.600000023841858)
SpecialMesh1530.TextureId = "rbxassetid://745556120"
SpecialMesh1530.MeshType = Enum.MeshType.FileMesh
Model1531.Name = "茂み"
Model1531.Parent = Folder0
Part1532.Name = "TreeMesh Bottom"
Part1532.Parent = Model1531
Part1532.CFrame = CFrame.new(2608.27783, 360.192871, 3340.13525, 0.0491447821, -0.196455464, -0.979280412, 0.276842356, 0.944728673, -0.175630748, 0.959657848, -0.262474954, 0.100815669)
Part1532.Orientation = Vector3.new(10.119999885559082, -84.12000274658203, 16.329999923706055)
Part1532.Position = Vector3.new(2608.27783203125, 360.19287109375, 3340.13525390625)
Part1532.Rotation = Vector3.new(60.13999938964844, -78.31999969482422, 75.95999908447266)
Part1532.Size = Vector3.new(8.250000953674316, 0.2499980926513672, 7)
Part1532.Anchored = true
Part1532.CanCollide = false
