SpecialMesh1725.Parent = Part1724
SpecialMesh1725.MeshId = "rbxassetid://473211502"
SpecialMesh1725.TextureId = "rbxassetid://473212369"
SpecialMesh1725.MeshType = Enum.MeshType.FileMesh
Part1726.Name = "石"
Part1726.Parent = Folder0
Part1726.CFrame = CFrame.new(1080.17615, 283.91629, 2142.31738, -0.00852085277, 0.994892478, 0.100580357, -0.0839824378, -0.100940637, 0.991341531, 0.996430755, 9.15956662e-08, 0.0844136029)
Part1726.Orientation = Vector3.new(-82.44999694824219, 49.9900016784668, -140.24000549316406)
Part1726.Position = Vector3.new(1080.1761474609375, 283.9162902832031, 2142.3173828125)
Part1726.Rotation = Vector3.new(-85.12999725341797, 5.769999980926514, -90.48999786376953)
Part1726.Size = Vector3.new(40, 20, 20)
Part1726.Anchored = true
Part1726.BottomSurface = Enum.SurfaceType.Smooth
Part1726.TopSurface = Enum.SurfaceType.Smooth
SpecialMesh1727.Parent = Part1726
SpecialMesh1727.MeshId = "rbxassetid://473211502"
SpecialMesh1727.TextureId = "rbxassetid://473212369"
SpecialMesh1727.MeshType = Enum.MeshType.FileMesh
Part1728.Name = "石"
Part1728.Parent = Folder0
Part1728.CFrame = CFrame.new(963.601746, 286.284058, 2048.28906, -0.999656498, 9.31322575e-10, -0.0262500811, -0.0261425227, -0.090448156, 0.995559037, -0.00237427093, 0.99590224, 0.0904169604)
Part1728.Orientation = Vector3.new(-84.5999984741211, -16.190000534057617, -163.8800048828125)
Part1728.Position = Vector3.new(963.6017456054688, 286.2840576171875, 2048.2890625)
Part1728.Rotation = Vector3.new(-84.80999755859375, -1.5, -180)
Part1728.Size = Vector3.new(40, 20, 20)
Part1728.Anchored = true
Part1728.BottomSurface = Enum.SurfaceType.Smooth
Part1728.TopSurface = Enum.SurfaceType.Smooth
SpecialMesh1729.Parent = Part1728
SpecialMesh1729.MeshId = "rbxassetid://473211502"
SpecialMesh1729.TextureId = "rbxassetid://473212369"
SpecialMesh1729.MeshType = Enum.MeshType.FileMesh
Part1730.Name = "石"
Part1730.Parent = Folder0
Part1730.CFrame = CFrame.new(936.742676, 283.042572, 2020.8833, -1.39698386e-09, -0.999656737, -0.0262500886, 0.0904481858, -0.0261425301, 0.995559275, -0.995902419, -0.00237427256, 0.0904169753)
Part1730.Orientation = Vector3.new(-84.5999984741211, -16.190000534057617, 106.12000274658203)
Part1730.Position = Vector3.new(936.74267578125, 283.0425720214844, 2020.88330078125)
Part1730.Rotation = Vector3.new(-84.80999755859375, -1.5, 90)
Part1730.Size = Vector3.new(40, 20, 20)
Part1730.Anchored = true
Part1730.BottomSurface = Enum.SurfaceType.Smooth
Part1730.TopSurface = Enum.SurfaceType.Smooth
SpecialMesh1731.Parent = Part1730
SpecialMesh1731.MeshId = "rbxassetid://473211502"
SpecialMesh1731.TextureId = "rbxassetid://473212369"
SpecialMesh1731.MeshType = Enum.MeshType.FileMesh
Part1732.Name = "石"
Part1732.Parent = Folder0
Part1732.CFrame = CFrame.new(987.725464, 284.375793, 2021.00464, -8.89413059e-08, 0.999656439, -0.0262501184, -0.0904481262, 0.026142545, 0.995558977, 0.995902061, 0.00237436243, 0.0904169455)
Part1732.Orientation = Vector3.new(-84.5999984741211, -16.190000534057617, -73.87999725341797)
Part1732.Position = Vector3.new(987.7254638671875, 284.37579345703125, 2021.004638671875)
Part1732.Rotation = Vector3.new(-84.80999755859375, -1.5, -90)
Part1732.Size = Vector3.new(40, 20, 20)
Part1732.Anchored = true
Part1732.BottomSurface = Enum.SurfaceType.Smooth
Part1732.TopSurface = Enum.SurfaceType.Smooth
SpecialMesh1733.Parent = Part1732
SpecialMesh1733.MeshId = "rbxassetid://473211502"
SpecialMesh1733.TextureId = "rbxassetid://473212369"
SpecialMesh1733.MeshType = Enum.MeshType.FileMesh
Part1734.Name = "石"
Part1734.Parent = Folder0
Part1734.CFrame = CFrame.new(959.734619, 286.266815, 1992.05737, 0.999657393, -9.31322575e-10, -0.026250096, 0.026142545, 0.0904482529, 0.995559931, 0.00237427466, -0.995903075, 0.0904170424)
Part1734.Orientation = Vector3.new(-84.5999984741211, -16.190000534057617, 16.1200008392334)
Part1734.Position = Vector3.new(959.734619140625, 286.2668151855469, 1992.057373046875)
Part1734.Rotation = Vector3.new(-84.80999755859375, -1.5, 0)
Part1734.Size = Vector3.new(40, 20, 20)
Part1734.Anchored = true
Part1734.BottomSurface = Enum.SurfaceType.Smooth
Part1734.TopSurface = Enum.SurfaceType.Smooth
SpecialMesh1735.Parent = Part1734
SpecialMesh1735.MeshId = "rbxassetid://473211502"
SpecialMesh1735.TextureId = "rbxassetid://473212369"
SpecialMesh1735.MeshType = Enum.MeshType.FileMesh
Part1736.Name = "石"
Part1736.Parent = Folder0
Part1736.CFrame = CFrame.new(1061.9873, 287.19342, 2028.14014, -1.00000179, -2.32830644e-10, -0.000975544506, -0.000974624127, 0.0449529067, 0.998990715, 4.38571442e-05, 0.998991191, -0.0449529588)
Part1736.Orientation = Vector3.new(-87.43000030517578, -178.75999450683594, -1.2400000095367432)
Part1736.Position = Vector3.new(1061.9873046875, 287.19342041015625, 2028.14013671875)
Part1736.Rotation = Vector3.new(-92.58000183105469, -0.05999999865889549, 180)
Part1736.Size = Vector3.new(40, 20, 20)
Part1736.Anchored = true
Part1736.BottomSurface = Enum.SurfaceType.Smooth
Part1736.TopSurface = Enum.SurfaceType.Smooth
SpecialMesh1737.Parent = Part1736
SpecialMesh1737.MeshId = "rbxassetid://473211502"
SpecialMesh1737.TextureId = "rbxassetid://473212369"
SpecialMesh1737.MeshType = Enum.MeshType.FileMesh
Part1738.Name = "石"
Part1738.Parent = Folder0
Part1738.CFrame = CFrame.new(1034.99255, 280.958435, 2001.39319, 0, -1.00000203, -0.000975546369, -0.0449529067, -0.000974626222, 0.998990953, -0.99899137, 4.38564457e-05, -0.0449529737)
Part1738.Orientation = Vector3.new(-87.43000030517578, -178.75999450683594, -91.23999786376953)
Part1738.Position = Vector3.new(1034.9925537109375, 280.95843505859375, 2001.3931884765625)
Part1738.Rotation = Vector3.new(-92.58000183105469, -0.05999999865889549, 90)
Part1738.Size = Vector3.new(40, 20, 20)
Part1738.Anchored = true
Part1738.BottomSurface = Enum.SurfaceType.Smooth
Part1738.TopSurface = Enum.SurfaceType.Smooth
SpecialMesh1739.Parent = Part1738
SpecialMesh1739.MeshId = "rbxassetid://473211502"
SpecialMesh1739.TextureId = "rbxassetid://473212369"
SpecialMesh1739.MeshType = Enum.MeshType.FileMesh
Part1740.Name = "石"
Part1740.Parent = Folder0
Part1740.CFrame = CFrame.new(1085.99292, 281.008118, 2001.39124, -8.98726285e-08, 1.00000167, -0.00097558368, 0.0449529067, 0.000974660739, 0.998990655, 0.998991013, -4.3769367e-05, -0.0449529737)
Part1740.Orientation = Vector3.new(-87.43000030517578, -178.75999450683594, 88.76000213623047)
Part1740.Position = Vector3.new(1085.992919921875, 281.00811767578125, 2001.3912353515625)
Part1740.Rotation = Vector3.new(-92.58000183105469, -0.05999999865889549, -90)
Part1740.Size = Vector3.new(40, 20, 20)
Part1740.Anchored = true
Part1740.BottomSurface = Enum.SurfaceType.Smooth
Part1740.TopSurface = Enum.SurfaceType.Smooth
SpecialMesh1741.Parent = Part1740
SpecialMesh1741.MeshId = "rbxassetid://473211502"
SpecialMesh1741.TextureId = "rbxassetid://473212369"
SpecialMesh1741.MeshType = Enum.MeshType.FileMesh
Part1742.Name = "石"
Part1742.Parent = Folder0
Part1742.CFrame = CFrame.new(1313.19019, 204.472778, 1634.05981, 0.999999523, 8.29545266e-10, -0.000975681702, 0.000974695431, -0.044952713, 0.998988628, -4.38587085e-05, -0.998989165, -0.0449526906)
Part1742.Orientation = Vector3.new(-87.41999816894531, -178.75999450683594, 178.75999450683594)
Part1742.Position = Vector3.new(1313.190185546875, 204.4727783203125, 1634.059814453125)
Part1742.Rotation = Vector3.new(-92.58000183105469, -0.05999999865889549, 0)
Part1742.Size = Vector3.new(40, 20, 20)
Part1742.Anchored = true
Part1742.BottomSurface = Enum.SurfaceType.Smooth
Part1742.TopSurface = Enum.SurfaceType.Smooth
SpecialMesh1743.Parent = Part1742
SpecialMesh1743.MeshId = "rbxassetid://473211502"
SpecialMesh1743.TextureId = "rbxassetid://473212369"
SpecialMesh1743.MeshType = Enum.MeshType.FileMesh
Model1744.Name = "茂み"
Model1744.Parent = Folder0
Part1745.Name = "TreeMesh Bottom"
Part1745.Parent = Model1744
Part1745.CFrame = CFrame.new(-211.47583, 201.813828, -505.687439, -0.679201186, 0.0904389769, -0.728359044, 0.164976627, 0.98579216, -0.0314382389, 0.715173244, -0.141516611, -0.68447715)
Part1745.Orientation = Vector3.new(1.7999999523162842, -133.22000122070312, 9.5)
Part1745.Position = Vector3.new(-211.475830078125, 201.81382751464844, -505.68743896484375)
Part1745.Rotation = Vector3.new(177.3699951171875, -46.75, -172.4199981689453)
Part1745.Size = Vector3.new(8.250000953674316, 0.2499980926513672, 7)
Part1745.Anchored = true
Part1745.CanCollide = false
Part1745.Material = Enum.Material.Fabric
SpecialMesh1746.Name = "BarkMesh"
SpecialMesh1746.Parent = Part1745
SpecialMesh1746.MeshId = "rbxassetid://623621260"
SpecialMesh1746.Offset = Vector3.new(0, 3.4100000858306885, 0)
SpecialMesh1746.TextureId = "rbxassetid://623618671"
SpecialMesh1746.MeshType = Enum.MeshType.FileMesh
Part1747.Name = "TreeMeshTop"
Part1747.Parent = Model1744
Part1747.CFrame = CFrame.new(-208.748596, 231.525284, -509.953644, -0.6791991, 0.0904383808, -0.728360951, 0.164976478, 0.98579216, -0.0314383656, 0.715175211, -0.141516834, -0.684475064)
Part1747.Orientation = Vector3.new(1.7999999523162842, -133.22000122070312, 9.5)
Part1747.Position = Vector3.new(-208.74859619140625, 231.52528381347656, -509.9536437988281)
Part1747.Rotation = Vector3.new(177.3699951171875, -46.75, -172.4199981689453)
Part1747.Transparency = 0.05000000074505806
Part1747.Size = Vector3.new(8.250000953674316, 0.2499980926513672, 7)
Part1747.Anchored = true
Part1747.CanCollide = false
Part1747.Material = Enum.Material.Fabric
SpecialMesh1748.Name = "TopTreeMesh"
SpecialMesh1748.Parent = Part1747
SpecialMesh1748.MeshId = "rbxassetid://623621456"
SpecialMesh1748.Offset = Vector3.new(0, 3.4100000858306885, 0)
SpecialMesh1748.Scale = Vector3.new(1.600000023841858, 1.600000023841858, 1.600000023841858)
SpecialMesh1748.TextureId = "rbxassetid://745556120"
SpecialMesh1748.MeshType = Enum.MeshType.FileMesh
Model1749.Name = "茂み"
Model1749.Parent = Folder0
Part1750.Name = "TreeMesh Bottom"
Part1750.Parent = Model1749
Part1750.CFrame = CFrame.new(-282.501343, 212.124969, -482.874023, 3.25330188e-06, -7.60258274e-07, -1.00000024, 2.23517418e-07, 0.999999881, -5.48653702e-07, 1.00000191, -2.83122063e-07, 3.25867836e-06)
Part1750.Orientation = Vector3.new(0, -90, 0)
Part1750.Position = Vector3.new(-282.5013427734375, 212.12496948242188, -482.8740234375)
Part1750.Rotation = Vector3.new(0, -90, 0)
Part1750.Size = Vector3.new(8.250000953674316, 0.2499980926513672, 7)
Part1750.Anchored = true
Part1750.CanCollide = false
Part1750.Material = Enum.Material.Fabric
SpecialMesh1751.Name = "BarkMesh"
SpecialMesh1751.Parent = Part1750
SpecialMesh1751.MeshId = "rbxassetid://623621260"
SpecialMesh1751.Offset = Vector3.new(0, 3.4100000858306885, 0)
SpecialMesh1751.TextureId = "rbxassetid://623618671"
SpecialMesh1751.MeshType = Enum.MeshType.FileMesh
Part1752.Name = "TreeMeshTop"
Part1752.Parent = Model1749
Part1752.CFrame = CFrame.new(-282.499969, 242.264938, -482.874939, 6.05565128e-06, -1.35630478e-06, -1.00000024, 4.69386578e-07, 0.99999994, -1.16731849e-06, 1.00000191, -5.28991222e-07, 6.06159574e-06)
Part1752.Orientation = Vector3.new(0, -90, 0)
Part1752.Position = Vector3.new(-282.4999694824219, 242.2649383544922, -482.87493896484375)
Part1752.Rotation = Vector3.new(0, -90, 0)
Part1752.Transparency = 0.05000000074505806
Part1752.Size = Vector3.new(8.250000953674316, 0.2499980926513672, 7)
Part1752.Anchored = true
Part1752.CanCollide = false
Part1752.Material = Enum.Material.Fabric
SpecialMesh1753.Name = "TopTreeMesh"
SpecialMesh1753.Parent = Part1752
SpecialMesh1753.MeshId = "rbxassetid://623621456"
SpecialMesh1753.Offset = Vector3.new(0, 3.4100000858306885, 0)
SpecialMesh1753.Scale = Vector3.new(1.600000023841858, 1.600000023841858, 1.600000023841858)
SpecialMesh1753.TextureId = "rbxassetid://745556120"
SpecialMesh1753.MeshType = Enum.MeshType.FileMesh
Model1754.Name = "茂み"
Model1754.Parent = Folder0
Part1755.Name = "TreeMesh Bottom"
Part1755.Parent = Model1754
Part1755.CFrame = CFrame.new(-282.501343, 212.124969, -482.874023, 3.25330188e-06, -7.60258274e-07, -1.00000024, 2.23517418e-07, 0.999999881, -5.48653702e-07, 1.00000191, -2.83122063e-07, 3.25867836e-06)
Part1755.Orientation = Vector3.new(0, -90, 0)
Part1755.Position = Vector3.new(-282.5013427734375, 212.12496948242188, -482.8740234375)
Part1755.Rotation = Vector3.new(0, -90, 0)
Part1755.Size = Vector3.new(8.250000953674316, 0.2499980926513672, 7)
Part1755.Anchored = true
Part1755.CanCollide = false
Part1755.Material = Enum.Material.Fabric
SpecialMesh1756.Name = "BarkMesh"
SpecialMesh1756.Parent = Part1755
SpecialMesh1756.MeshId = "rbxassetid://623621260"
SpecialMesh1756.Offset = Vector3.new(0, 3.4100000858306885, 0)
SpecialMesh1756.TextureId = "rbxassetid://623618671"
SpecialMesh1756.MeshType = Enum.MeshType.FileMesh
Part1757.Name = "TreeMeshTop"
Part1757.Parent = Model1754
Part1757.CFrame = CFrame.new(-282.499969, 242.264938, -482.874939, 6.05565128e-06, -1.35630478e-06, -1.00000024, 4.69386578e-07, 0.99999994, -1.16731849e-06, 1.00000191, -5.28991222e-07, 6.06159574e-06)
Part1757.Orientation = Vector3.new(0, -90, 0)
Part1757.Position = Vector3.new(-282.4999694824219, 242.2649383544922, -482.87493896484375)
Part1757.Rotation = Vector3.new(0, -90, 0)
Part1757.Transparency = 0.05000000074505806
Part1757.Size = Vector3.new(8.250000953674316, 0.2499980926513672, 7)
Part1757.Anchored = true
Part1757.CanCollide = false
Part1757.Material = Enum.Material.Fabric
SpecialMesh1758.Name = "TopTreeMesh"
SpecialMesh1758.Parent = Part1757
SpecialMesh1758.MeshId = "rbxassetid://623621456"
SpecialMesh1758.Offset = Vector3.new(0, 3.4100000858306885, 0)
SpecialMesh1758.Scale = Vector3.new(1.600000023841858, 1.600000023841858, 1.600000023841858)
SpecialMesh1758.TextureId = "rbxassetid://745556120"
SpecialMesh1758.MeshType = Enum.MeshType.FileMesh
Model1759.Name = "茂み"
Model1759.Parent = Folder0
Part1760.Name = "TreeMesh Bottom"
Part1760.Parent = Model1759
Part1760.CFrame = CFrame.new(-469.425934, 209.859894, -717.129883, 0.00497181294, 0.0728766546, -0.997328937, 0.0678373054, 0.995019078, 0.0730461404, 0.9976843, -0.0680190772, 3.29090517e-06)
Part1760.Orientation = Vector3.new(-4.190000057220459, -90, 3.9000000953674316)
Part1760.Position = Vector3.new(-469.4259338378906, 209.85989379882812, -717.1298828125)
Part1760.Rotation = Vector3.new(-90, -85.80999755859375, -86.0999984741211)
Part1760.Size = Vector3.new(8.250000953674316, 0.2499980926513672, 7)
Part1760.Anchored = true
Part1760.CanCollide = false
Part1760.Material = Enum.Material.Fabric
SpecialMesh1761.Name = "BarkMesh"
SpecialMesh1761.Parent = Part1760
SpecialMesh1761.MeshId = "rbxassetid://623621260"
SpecialMesh1761.Offset = Vector3.new(0, 3.4100000858306885, 0)
SpecialMesh1761.TextureId = "rbxassetid://623618671"
SpecialMesh1761.MeshType = Enum.MeshType.FileMesh
Part1762.Name = "TreeMeshTop"
Part1762.Parent = Model1759
Part1762.CFrame = CFrame.new(-467.228027, 239.849548, -719.180908, 0.00497462507, 0.0728760585, -0.997328699, 0.0678373203, 0.995019078, 0.0730457529, 0.99768436, -0.0680192932, 6.13013117e-06)
Part1762.Orientation = Vector3.new(-4.190000057220459, -90, 3.9000000953674316)
Part1762.Position = Vector3.new(-467.22802734375, 239.84954833984375, -719.180908203125)
Part1762.Rotation = Vector3.new(-90, -85.80999755859375, -86.08999633789062)
Part1762.Transparency = 0.05000000074505806
Part1762.Size = Vector3.new(8.250000953674316, 0.2499980926513672, 7)
Part1762.Anchored = true
Part1762.CanCollide = false
Part1762.Material = Enum.Material.Fabric
SpecialMesh1763.Name = "TopTreeMesh"
SpecialMesh1763.Parent = Part1762
SpecialMesh1763.MeshId = "rbxassetid://623621456"
SpecialMesh1763.Offset = Vector3.new(0, 3.4100000858306885, 0)
SpecialMesh1763.Scale = Vector3.new(1.600000023841858, 1.600000023841858, 1.600000023841858)
SpecialMesh1763.TextureId = "rbxassetid://745556120"
SpecialMesh1763.MeshType = Enum.MeshType.FileMesh
Model1764.Name = "茂み"
Model1764.Parent = Folder0
Part1765.Name = "TreeMesh Bottom"
Part1765.Parent = Model1764
Part1765.CFrame = CFrame.new(-289.481903, 205.945175, -579.882385, 0.00987497903, 0.15217182, -0.988304973, 0.063978523, 0.986231923, 0.152491927, 0.997902572, -0.0647360682, 3.28929264e-06)
Part1765.Orientation = Vector3.new(-8.770000457763672, -90, 3.7100000381469727)
Part1765.Position = Vector3.new(-289.4819030761719, 205.94517517089844, -579.8823852539062)
Part1765.Rotation = Vector3.new(-90, -81.2300033569336, -86.29000091552734)
Part1765.Size = Vector3.new(8.250000953674316, 0.2499980926513672, 7)
Part1765.Anchored = true
Part1765.CanCollide = false
Part1765.Material = Enum.Material.Fabric
SpecialMesh1766.Name = "BarkMesh"
SpecialMesh1766.Parent = Part1765
SpecialMesh1766.MeshId = "rbxassetid://623621260"
SpecialMesh1766.Offset = Vector3.new(0, 3.4100000858306885, 0)
SpecialMesh1766.TextureId = "rbxassetid://623618671"
SpecialMesh1766.MeshType = Enum.MeshType.FileMesh
Part1767.Name = "TreeMeshTop"
Part1767.Parent = Model1764
Part1767.CFrame = CFrame.new(-284.894073, 235.669861, -581.834412, 0.00987778232, 0.152171224, -0.988304794, 0.0639783069, 0.986231983, 0.15249151, 0.997902632, -0.0647362843, 6.12725307e-06)
Part1767.Orientation = Vector3.new(-8.770000457763672, -90, 3.7100000381469727)
Part1767.Position = Vector3.new(-284.8940734863281, 235.66986083984375, -581.8344116210938)
Part1767.Rotation = Vector3.new(-90, -81.2300033569336, -86.29000091552734)
Part1767.Transparency = 0.05000000074505806
Part1767.Size = Vector3.new(8.250000953674316, 0.2499980926513672, 7)
Part1767.Anchored = true
Part1767.CanCollide = false
Part1767.Material = Enum.Material.Fabric
SpecialMesh1768.Name = "TopTreeMesh"
SpecialMesh1768.Parent = Part1767
SpecialMesh1768.MeshId = "rbxassetid://623621456"
SpecialMesh1768.Offset = Vector3.new(0, 3.4100000858306885, 0)
SpecialMesh1768.Scale = Vector3.new(1.600000023841858, 1.600000023841858, 1.600000023841858)
SpecialMesh1768.TextureId = "rbxassetid://745556120"
SpecialMesh1768.MeshType = Enum.MeshType.FileMesh
Model1769.Name = "茂み"
Model1769.Parent = Folder0
Part1770.Name = "TreeMesh Bottom"
Part1770.Parent = Model1769
Part1770.CFrame = CFrame.new(-469.425934, 209.859894, -717.129883, 0.00497181294, 0.0728766546, -0.997328937, 0.0678373054, 0.995019078, 0.0730461404, 0.9976843, -0.0680190772, 3.29090517e-06)
Part1770.Orientation = Vector3.new(-4.190000057220459, -90, 3.9000000953674316)
Part1770.Position = Vector3.new(-469.4259338378906, 209.85989379882812, -717.1298828125)
Part1770.Rotation = Vector3.new(-90, -85.80999755859375, -86.0999984741211)
Part1770.Size = Vector3.new(8.250000953674316, 0.2499980926513672, 7)
Part1770.Anchored = true
Part1770.CanCollide = false
Part1770.Material = Enum.Material.Fabric
SpecialMesh1771.Name = "BarkMesh"
SpecialMesh1771.Parent = Part1770
SpecialMesh1771.MeshId = "rbxassetid://623621260"
SpecialMesh1771.Offset = Vector3.new(0, 3.4100000858306885, 0)
SpecialMesh1771.TextureId = "rbxassetid://623618671"
SpecialMesh1771.MeshType = Enum.MeshType.FileMesh
Part1772.Name = "TreeMeshTop"
Part1772.Parent = Model1769
Part1772.CFrame = CFrame.new(-467.228027, 239.849548, -719.180908, 0.00497462507, 0.0728760585, -0.997328699, 0.0678373203, 0.995019078, 0.0730457529, 0.99768436, -0.0680192932, 6.13013117e-06)
Part1772.Orientation = Vector3.new(-4.190000057220459, -90, 3.9000000953674316)
Part1772.Position = Vector3.new(-467.22802734375, 239.84954833984375, -719.180908203125)
Part1772.Rotation = Vector3.new(-90, -85.80999755859375, -86.08999633789062)
Part1772.Transparency = 0.05000000074505806
Part1772.Size = Vector3.new(8.250000953674316, 0.2499980926513672, 7)
Part1772.Anchored = true
Part1772.CanCollide = false
Part1772.Material = Enum.Material.Fabric
SpecialMesh1773.Name = "TopTreeMesh"
SpecialMesh1773.Parent = Part1772
SpecialMesh1773.MeshId = "rbxassetid://623621456"
SpecialMesh1773.Offset = Vector3.new(0, 3.4100000858306885, 0)
SpecialMesh1773.Scale = Vector3.new(1.600000023841858, 1.600000023841858, 1.600000023841858)
SpecialMesh1773.TextureId = "rbxassetid://745556120"
SpecialMesh1773.MeshType = Enum.MeshType.FileMesh
Model1774.Name = "茂み"
Model1774.Parent = Folder0
Part1775.Name = "TreeMesh Bottom"
Part1775.Parent = Model1774
Part1775.CFrame = CFrame.new(-469.425934, 209.859894, -717.129883, 0.00497181294, 0.0728766546, -0.997328937, 0.0678373054, 0.995019078, 0.0730461404, 0.9976843, -0.0680190772, 3.29090517e-06)
Part1775.Orientation = Vector3.new(-4.190000057220459, -90, 3.9000000953674316)
Part1775.Position = Vector3.new(-469.4259338378906, 209.85989379882812, -717.1298828125)
Part1775.Rotation = Vector3.new(-90, -85.80999755859375, -86.0999984741211)
Part1775.Size = Vector3.new(8.250000953674316, 0.2499980926513672, 7)
Part1775.Anchored = true
Part1775.CanCollide = false
Part1775.Material = Enum.Material.Fabric
SpecialMesh1776.Name = "BarkMesh"
SpecialMesh1776.Parent = Part1775
SpecialMesh1776.MeshId = "rbxassetid://623621260"
SpecialMesh1776.Offset = Vector3.new(0, 3.4100000858306885, 0)
SpecialMesh1776.TextureId = "rbxassetid://623618671"
SpecialMesh1776.MeshType = Enum.MeshType.FileMesh
Part1777.Name = "TreeMeshTop"
Part1777.Parent = Model1774
Part1777.CFrame = CFrame.new(-467.228027, 239.849548, -719.180908, 0.00497462507, 0.0728760585, -0.997328699, 0.0678373203, 0.995019078, 0.0730457529, 0.99768436, -0.0680192932, 6.13013117e-06)
Part1777.Orientation = Vector3.new(-4.190000057220459, -90, 3.9000000953674316)
Part1777.Position = Vector3.new(-467.22802734375, 239.84954833984375, -719.180908203125)
Part1777.Rotation = Vector3.new(-90, -85.80999755859375, -86.08999633789062)
Part1777.Transparency = 0.05000000074505806
Part1777.Size = Vector3.new(8.250000953674316, 0.2499980926513672, 7)
Part1777.Anchored = true
Part1777.CanCollide = false
Part1777.Material = Enum.Material.Fabric
SpecialMesh1778.Name = "TopTreeMesh"
SpecialMesh1778.Parent = Part1777
SpecialMesh1778.MeshId = "rbxassetid://623621456"
SpecialMesh1778.Offset = Vector3.new(0, 3.4100000858306885, 0)
SpecialMesh1778.Scale = Vector3.new(1.600000023841858, 1.600000023841858, 1.600000023841858)
SpecialMesh1778.TextureId = "rbxassetid://745556120"
SpecialMesh1778.MeshType = Enum.MeshType.FileMesh
Model1779.Name = "茂み"
Model1779.Parent = Folder0
Part1780.Name = "TreeMesh Bottom"
Part1780.Parent = Model1779
Part1780.CFrame = CFrame.new(850.498657, 197.124969, 758.876038, -4.37113883e-08, 0, -1, 0, 1, 0, 1, 0, -4.37113883e-08)
Part1780.Orientation = Vector3.new(0, -90, 0)
Part1780.Position = Vector3.new(850.4986572265625, 197.12496948242188, 758.8760375976562)
Part1780.Rotation = Vector3.new(0, -90, 0)
Part1780.Size = Vector3.new(8.250000953674316, 0.2499980926513672, 7)
Part1780.Anchored = true
Part1780.CanCollide = false
Part1780.Material = Enum.Material.Fabric
SpecialMesh1781.Name = "BarkMesh"
SpecialMesh1781.Parent = Part1780
SpecialMesh1781.MeshId = "rbxassetid://623621260"
SpecialMesh1781.Offset = Vector3.new(0, 3.4100000858306885, 0)
SpecialMesh1781.TextureId = "rbxassetid://623618671"
SpecialMesh1781.MeshType = Enum.MeshType.FileMesh
Part1782.Name = "TreeMeshTop"
Part1782.Parent = Model1779
Part1782.CFrame = CFrame.new(850.5, 227.264847, 758.875, -4.37113883e-08, 0, -1, 0, 1, 0, 1, 0, -4.37113883e-08)
Part1782.Orientation = Vector3.new(0, -90, 0)
Part1782.Position = Vector3.new(850.5, 227.2648468017578, 758.875)
Part1782.Rotation = Vector3.new(0, -90, 0)
Part1782.Transparency = 0.05000000074505806
Part1782.Size = Vector3.new(8.250000953674316, 0.2499980926513672, 7)
Part1782.Anchored = true
Part1782.CanCollide = false
Part1782.Material = Enum.Material.Fabric
SpecialMesh1783.Name = "TopTreeMesh"
SpecialMesh1783.Parent = Part1782
SpecialMesh1783.MeshId = "rbxassetid://623621456"
SpecialMesh1783.Offset = Vector3.new(0, 3.4100000858306885, 0)
SpecialMesh1783.Scale = Vector3.new(1.600000023841858, 1.600000023841858, 1.600000023841858)
SpecialMesh1783.TextureId = "rbxassetid://745556120"
SpecialMesh1783.MeshType = Enum.MeshType.FileMesh
Model1784.Name = "茂み"
Model1784.Parent = Folder0
Part1785.Name = "TreeMesh Bottom"
Part1785.Parent = Model1784
Part1785.CFrame = CFrame.new(1428.99048, 227.521225, 2112.14575, 0.00636230735, 0.217955694, -0.975937963, 0.0955825225, 0.971356571, 0.217555657, 0.995401204, -0.0946667567, -0.0146526862)
Part1785.Orientation = Vector3.new(-12.569999694824219, -90.86000061035156, 5.619999885559082)
Part1785.Position = Vector3.new(1428.990478515625, 227.52122497558594, 2112.145751953125)
Part1785.Rotation = Vector3.new(-93.8499984741211, -77.41000366210938, -88.33000183105469)
Part1785.Size = Vector3.new(8.250000953674316, 0.2499980926513672, 7)
Part1785.Anchored = true
Part1785.CanCollide = false
Part1785.Material = Enum.Material.Fabric
SpecialMesh1786.Name = "BarkMesh"
SpecialMesh1786.Parent = Part1785
SpecialMesh1786.MeshId = "rbxassetid://623621260"
SpecialMesh1786.Offset = Vector3.new(0, 3.4100000858306885, 0)
SpecialMesh1786.TextureId = "rbxassetid://623618671"
SpecialMesh1786.MeshType = Enum.MeshType.FileMesh
Part1787.Name = "TreeMeshTop"
Part1787.Parent = Model1784
Part1787.CFrame = CFrame.new(1435.56079, 256.797638, 2109.29126, 0.00636230735, 0.217955694, -0.975937963, 0.0955825225, 0.971356571, 0.217555657, 0.995401204, -0.0946667567, -0.0146526862)
Part1787.Orientation = Vector3.new(-12.569999694824219, -90.86000061035156, 5.619999885559082)
Part1787.Position = Vector3.new(1435.560791015625, 256.7976379394531, 2109.291259765625)
Part1787.Rotation = Vector3.new(-93.8499984741211, -77.41000366210938, -88.33000183105469)
Part1787.Transparency = 0.05000000074505806
Part1787.Size = Vector3.new(8.250000953674316, 0.2499980926513672, 7)
Part1787.Anchored = true
Part1787.CanCollide = false
Part1787.Material = Enum.Material.Fabric
SpecialMesh1788.Name = "TopTreeMesh"
SpecialMesh1788.Parent = Part1787
SpecialMesh1788.MeshId = "rbxassetid://623621456"
SpecialMesh1788.Offset = Vector3.new(0, 3.4100000858306885, 0)
SpecialMesh1788.Scale = Vector3.new(1.600000023841858, 1.600000023841858, 1.600000023841858)
SpecialMesh1788.TextureId = "rbxassetid://745556120"
SpecialMesh1788.MeshType = Enum.MeshType.FileMesh
Part1789.Name = "石"
Part1789.Parent = Folder0
Part1789.CFrame = CFrame.new(1485.27588, 210.460495, 1881.6803, 0.0103772301, 0.966723204, 0.255631149, 0.0392113887, -0.255841732, 0.965927243, 0.999180913, -3.64525476e-09, -0.0405614823)
Part1789.Orientation = Vector3.new(-75, 99.0199966430664, 171.2899932861328)
Part1789.Position = Vector3.new(1485.27587890625, 210.4604949951172, 1881.6802978515625)
Part1789.Rotation = Vector3.new(-92.4000015258789, 14.8100004196167, -89.37999725341797)
Part1789.Size = Vector3.new(40, 20, 20)
Part1789.Anchored = true
Part1789.BottomSurface = Enum.SurfaceType.Smooth
Part1789.TopSurface = Enum.SurfaceType.Smooth
SpecialMesh1790.Parent = Part1789
SpecialMesh1790.MeshId = "rbxassetid://473211502"
SpecialMesh1790.TextureId = "rbxassetid://473212369"
SpecialMesh1790.MeshType = Enum.MeshType.FileMesh
Part1791.Name = "石"
Part1791.Parent = Folder0
Part1791.CFrame = CFrame.new(1503.56799, 210.49762, 1978.21118, 0.232951313, 0.957598746, 0.169523865, 0.0848448053, -0.19366765, 0.977391481, 0.96878016, -0.213301361, -0.126362443)
Part1791.Orientation = Vector3.new(-77.79000091552734, 126.69999694824219, 156.33999633789062)
Part1791.Position = Vector3.new(1503.5679931640625, 210.49761962890625, 1978.211181640625)
Part1791.Rotation = Vector3.new(-97.37000274658203, 9.760000228881836, -76.33000183105469)
Part1791.Size = Vector3.new(40, 20, 20)
Part1791.Anchored = true
Part1791.BottomSurface = Enum.SurfaceType.Smooth
Part1791.TopSurface = Enum.SurfaceType.Smooth
SpecialMesh1792.Parent = Part1791
SpecialMesh1792.MeshId = "rbxassetid://473211502"
SpecialMesh1792.TextureId = "rbxassetid://473212369"
SpecialMesh1792.MeshType = Enum.MeshType.FileMesh
Model1793.Name = "茂み"
Model1793.Parent = Folder0
Part1794.Name = "TreeMesh Bottom"
Part1794.Parent = Model1793
Part1794.CFrame = CFrame.new(1413.70398, 209.852707, 1678.12158, 0.00233705994, 0.0826897621, -0.996572554, 0.0281153116, 0.996176243, 0.0827227831, 0.999602139, -0.0282122865, 3.27495081e-06)
Part1794.Orientation = Vector3.new(-4.75, -90, 1.6200000047683716)
Part1794.Position = Vector3.new(1413.7039794921875, 209.8527069091797, 1678.12158203125)
Part1794.Rotation = Vector3.new(-90, -85.25, -88.37999725341797)
Part1794.Size = Vector3.new(8.250000953674316, 0.2499980926513672, 7)
Part1794.Anchored = true
Part1794.CanCollide = false
Part1794.Material = Enum.Material.Fabric
SpecialMesh1795.Name = "BarkMesh"
SpecialMesh1795.Parent = Part1794
SpecialMesh1795.MeshId = "rbxassetid://623621260"
SpecialMesh1795.Offset = Vector3.new(0, 3.4100000858306885, 0)
SpecialMesh1795.TextureId = "rbxassetid://623618671"
SpecialMesh1795.MeshType = Enum.MeshType.FileMesh
Part1796.Name = "TreeMeshTop"
Part1796.Parent = Model1793
Part1796.CFrame = CFrame.new(1416.19739, 239.877213, 1677.27039, 0.00233987113, 0.0826891214, -0.996572733, 0.0281153228, 0.996176302, 0.0827222243, 0.99960196, -0.0282125287, 6.09401013e-06)
Part1796.Orientation = Vector3.new(-4.75, -90, 1.6200000047683716)
Part1796.Position = Vector3.new(1416.1973876953125, 239.87721252441406, 1677.2703857421875)
Part1796.Rotation = Vector3.new(-90, -85.26000213623047, -88.37999725341797)
Part1796.Transparency = 0.05000000074505806
Part1796.Size = Vector3.new(8.250000953674316, 0.2499980926513672, 7)
Part1796.Anchored = true
Part1796.CanCollide = false
Part1796.Material = Enum.Material.Fabric
SpecialMesh1797.Name = "TopTreeMesh"
SpecialMesh1797.Parent = Part1796
SpecialMesh1797.MeshId = "rbxassetid://623621456"
SpecialMesh1797.Offset = Vector3.new(0, 3.4100000858306885, 0)
SpecialMesh1797.Scale = Vector3.new(1.600000023841858, 1.600000023841858, 1.600000023841858)
SpecialMesh1797.TextureId = "rbxassetid://745556120"
SpecialMesh1797.MeshType = Enum.MeshType.FileMesh
Part1798.Name = "石"
Part1798.Parent = Folder0
Part1798.CFrame = CFrame.new(1491.6438, 202.281906, 1927.37683, 0.236263275, 0.937606335, 0.255113274, 0.0134777464, -0.265682995, 0.963970363, 0.971599638, -0.224311441, -0.0754077882)
Part1798.Orientation = Vector3.new(-74.56999969482422, 106.47000122070312, 177.10000610351562)
Part1798.Position = Vector3.new(1491.643798828125, 202.2819061279297, 1927.3768310546875)
Part1798.Rotation = Vector3.new(-94.47000122070312, 14.779999732971191, -75.86000061035156)
Part1798.Size = Vector3.new(40, 20, 20)
Part1798.Anchored = true
Part1798.BottomSurface = Enum.SurfaceType.Smooth
Part1798.TopSurface = Enum.SurfaceType.Smooth
SpecialMesh1799.Parent = Part1798
SpecialMesh1799.MeshId = "rbxassetid://473211502"
SpecialMesh1799.TextureId = "rbxassetid://473212369"
SpecialMesh1799.MeshType = Enum.MeshType.FileMesh
Model1800.Name = "茂み"
Model1800.Parent = Folder0
Part1801.Name = "TreeMesh Bottom"
Part1801.Parent = Model1800
Part1801.CFrame = CFrame.new(599.136536, 208.600128, 422.125488, 0.469471544, 0, -0.882947564, 0, 1, 0, 0.882947564, 0, 0.469471544)
Part1801.Orientation = Vector3.new(0, -62, 0)
Part1801.Position = Vector3.new(599.1365356445312, 208.60012817382812, 422.12548828125)
Part1801.Rotation = Vector3.new(0, -62, 0)
Part1801.Size = Vector3.new(8.250000953674316, 0.2499980926513672, 7)
Part1801.Anchored = true
Part1801.CanCollide = false
Part1801.Material = Enum.Material.Fabric
SpecialMesh1802.Name = "BarkMesh"
SpecialMesh1802.Parent = Part1801
SpecialMesh1802.MeshId = "rbxassetid://623621260"
SpecialMesh1802.Offset = Vector3.new(0, 3.4100000858306885, 0)
SpecialMesh1802.TextureId = "rbxassetid://623618671"
SpecialMesh1802.MeshType = Enum.MeshType.FileMesh
Part1803.Name = "TreeMeshTop"
Part1803.Parent = Model1800
Part1803.CFrame = CFrame.new(600.490479, 238.709076, 421.977539, 0.469471544, 0, -0.882947564, 0, 1, 0, 0.882947564, 0, 0.469471544)
Part1803.Orientation = Vector3.new(0, -62, 0)
Part1803.Position = Vector3.new(600.490478515625, 238.70907592773438, 421.9775390625)
Part1803.Rotation = Vector3.new(0, -62, 0)
Part1803.Transparency = 0.05000000074505806
Part1803.Size = Vector3.new(8.250000953674316, 0.2499980926513672, 7)
Part1803.Anchored = true
Part1803.CanCollide = false
Part1803.Material = Enum.Material.Fabric
SpecialMesh1804.Name = "TopTreeMesh"
SpecialMesh1804.Parent = Part1803
SpecialMesh1804.MeshId = "rbxassetid://623621456"
SpecialMesh1804.Offset = Vector3.new(0, 3.4100000858306885, 0)
SpecialMesh1804.Scale = Vector3.new(1.600000023841858, 1.600000023841858, 1.600000023841858)
SpecialMesh1804.TextureId = "rbxassetid://745556120"
SpecialMesh1804.MeshType = Enum.MeshType.FileMesh
Model1805.Name = "茂み"
Model1805.Parent = Folder0
Part1806.Name = "TreeMesh Bottom"
Part1806.Parent = Model1805
Part1806.CFrame = CFrame.new(991.756958, 215.220978, 848.972961, -0.00383976544, 0, -0.999992609, 0, 1, 0, 0.999992609, 0, -0.00383976544)
Part1806.Orientation = Vector3.new(0, -90.22000122070312, 0)
Part1806.Position = Vector3.new(991.7569580078125, 215.22097778320312, 848.9729614257812)
Part1806.Rotation = Vector3.new(-180, -89.77999877929688, -180)
Part1806.Size = Vector3.new(8.250000953674316, 0.2499980926513672, 7)
Part1806.Anchored = true
Part1806.CanCollide = false
Part1806.Material = Enum.Material.Fabric
SpecialMesh1807.Name = "BarkMesh"
SpecialMesh1807.Parent = Part1806
SpecialMesh1807.MeshId = "rbxassetid://623621260"
SpecialMesh1807.Offset = Vector3.new(0, 3.4100000858306885, 0)
SpecialMesh1807.TextureId = "rbxassetid://623618671"
SpecialMesh1807.MeshType = Enum.MeshType.FileMesh
Part1808.Name = "TreeMeshTop"
Part1808.Parent = Model1805
Part1808.CFrame = CFrame.new(989.686646, 244.550537, 855.598572, -0.00383976544, 0, -0.999992609, 0, 1, 0, 0.999992609, 0, -0.00383976544)
Part1808.Orientation = Vector3.new(0, -90.22000122070312, 0)
Part1808.Position = Vector3.new(989.6866455078125, 244.550537109375, 855.5985717773438)
Part1808.Rotation = Vector3.new(-180, -89.77999877929688, -180)
Part1808.Transparency = 0.05000000074505806
Part1808.Size = Vector3.new(8.250000953674316, 0.2499980926513672, 7)
Part1808.Anchored = true
Part1808.CanCollide = false
Part1808.Material = Enum.Material.Fabric
SpecialMesh1809.Name = "TopTreeMesh"
SpecialMesh1809.Parent = Part1808
SpecialMesh1809.MeshId = "rbxassetid://623621456"
SpecialMesh1809.Offset = Vector3.new(0, 3.4100000858306885, 0)
SpecialMesh1809.Scale = Vector3.new(1.600000023841858, 1.600000023841858, 1.600000023841858)
SpecialMesh1809.TextureId = "rbxassetid://745556120"
SpecialMesh1809.MeshType = Enum.MeshType.FileMesh
Model1810.Name = "茂み"
Model1810.Parent = Folder0
Part1811.Name = "TreeMesh Bottom"
Part1811.Parent = Model1810
Part1811.CFrame = CFrame.new(-469.425934, 209.859894, -717.129883, 0.00497181294, 0.0728766546, -0.997328937, 0.0678373054, 0.995019078, 0.0730461404, 0.9976843, -0.0680190772, 3.29090517e-06)
Part1811.Orientation = Vector3.new(-4.190000057220459, -90, 3.9000000953674316)
Part1811.Position = Vector3.new(-469.4259338378906, 209.85989379882812, -717.1298828125)
Part1811.Rotation = Vector3.new(-90, -85.80999755859375, -86.0999984741211)
Part1811.Size = Vector3.new(8.250000953674316, 0.2499980926513672, 7)
Part1811.Anchored = true
Part1811.CanCollide = false
Part1811.Material = Enum.Material.Fabric
SpecialMesh1812.Name = "BarkMesh"
SpecialMesh1812.Parent = Part1811
SpecialMesh1812.MeshId = "rbxassetid://623621260"
SpecialMesh1812.Offset = Vector3.new(0, 3.4100000858306885, 0)
SpecialMesh1812.TextureId = "rbxassetid://623618671"
SpecialMesh1812.MeshType = Enum.MeshType.FileMesh
Part1813.Name = "TreeMeshTop"
Part1813.Parent = Model1810
Part1813.CFrame = CFrame.new(-467.228027, 239.849548, -719.180908, 0.00497462507, 0.0728760585, -0.997328699, 0.0678373203, 0.995019078, 0.0730457529, 0.99768436, -0.0680192932, 6.13013117e-06)
Part1813.Orientation = Vector3.new(-4.190000057220459, -90, 3.9000000953674316)
Part1813.Position = Vector3.new(-467.22802734375, 239.84954833984375, -719.180908203125)
Part1813.Rotation = Vector3.new(-90, -85.80999755859375, -86.08999633789062)
Part1813.Transparency = 0.05000000074505806
Part1813.Size = Vector3.new(8.250000953674316, 0.2499980926513672, 7)
Part1813.Anchored = true
Part1813.CanCollide = false
Part1813.Material = Enum.Material.Fabric
SpecialMesh1814.Name = "TopTreeMesh"
SpecialMesh1814.Parent = Part1813
SpecialMesh1814.MeshId = "rbxassetid://623621456"
SpecialMesh1814.Offset = Vector3.new(0, 3.4100000858306885, 0)
SpecialMesh1814.Scale = Vector3.new(1.600000023841858, 1.600000023841858, 1.600000023841858)
SpecialMesh1814.TextureId = "rbxassetid://745556120"
SpecialMesh1814.MeshType = Enum.MeshType.FileMesh
Model1815.Name = "茂み"
Model1815.Parent = Folder0
Part1816.Name = "TreeMesh Bottom"
Part1816.Parent = Model1815
Part1816.CFrame = CFrame.new(1498.46704, 196.485016, 2044.3031, 0.00502960198, 0.154408962, -0.987994254, 0.0321256891, 0.987471819, 0.154490858, 0.999471247, -0.0325170197, 6.09602375e-06)
Part1816.Orientation = Vector3.new(-8.890000343322754, -90, 1.8600000143051147)
Part1816.Position = Vector3.new(1498.467041015625, 196.48501586914062, 2044.3031005859375)
Part1816.Rotation = Vector3.new(-90, -81.11000061035156, -88.12999725341797)
Part1816.Size = Vector3.new(8.250000953674316, 0.2499980926513672, 7)
Part1816.Anchored = true
Part1816.CanCollide = false
Part1816.Material = Enum.Material.Fabric
SpecialMesh1817.Name = "BarkMesh"
SpecialMesh1817.Parent = Part1816
SpecialMesh1817.MeshId = "rbxassetid://623621260"
SpecialMesh1817.Offset = Vector3.new(0, 3.4100000858306885, 0)
SpecialMesh1817.TextureId = "rbxassetid://623618671"
SpecialMesh1817.MeshType = Enum.MeshType.FileMesh
Part1818.Name = "TreeMeshTop"
Part1818.Parent = Model1815
Part1818.CFrame = CFrame.new(1503.12195, 226.247101, 2043.32227, 0.00503240712, 0.154408321, -0.987994373, 0.0321254954, 0.987471879, 0.154490307, 0.999471128, -0.0325172618, 8.91722448e-06)
Part1818.Orientation = Vector3.new(-8.890000343322754, -90, 1.8600000143051147)
Part1818.Position = Vector3.new(1503.1219482421875, 226.24710083007812, 2043.322265625)
Part1818.Rotation = Vector3.new(-90, -81.11000061035156, -88.12999725341797)
Part1818.Transparency = 0.05000000074505806
Part1818.Size = Vector3.new(8.250000953674316, 0.2499980926513672, 7)
Part1818.Anchored = true
Part1818.CanCollide = false
Part1818.Material = Enum.Material.Fabric
SpecialMesh1819.Name = "TopTreeMesh"
SpecialMesh1819.Parent = Part1818
SpecialMesh1819.MeshId = "rbxassetid://623621456"
SpecialMesh1819.Offset = Vector3.new(0, 3.4100000858306885, 0)
SpecialMesh1819.Scale = Vector3.new(1.600000023841858, 1.600000023841858, 1.600000023841858)
SpecialMesh1819.TextureId = "rbxassetid://745556120"
SpecialMesh1819.MeshType = Enum.MeshType.FileMesh
Model1820.Name = "茂み"
Model1820.Parent = Folder0
Part1821.Name = "TreeMesh Bottom"
Part1821.Parent = Model1820
Part1821.CFrame = CFrame.new(837.498657, 197.124969, 1364.87585, -4.37113883e-08, 0, -1, 0, 1, 0, 1, 0, -4.37113883e-08)
Part1821.Orientation = Vector3.new(0, -90, 0)
Part1821.Position = Vector3.new(837.4986572265625, 197.12496948242188, 1364.8758544921875)
Part1821.Rotation = Vector3.new(0, -90, 0)
Part1821.Size = Vector3.new(8.250000953674316, 0.2499980926513672, 7)
Part1821.Anchored = true
Part1821.CanCollide = false
Part1821.Material = Enum.Material.Fabric
SpecialMesh1822.Name = "BarkMesh"
SpecialMesh1822.Parent = Part1821
SpecialMesh1822.MeshId = "rbxassetid://623621260"
SpecialMesh1822.Offset = Vector3.new(0, 3.4100000858306885, 0)
SpecialMesh1822.TextureId = "rbxassetid://623618671"
SpecialMesh1822.MeshType = Enum.MeshType.FileMesh
Part1823.Name = "TreeMeshTop"
Part1823.Parent = Model1820
Part1823.CFrame = CFrame.new(837.5, 227.264801, 1364.875, -4.37113883e-08, 0, -1, 0, 1, 0, 1, 0, -4.37113883e-08)
Part1823.Orientation = Vector3.new(0, -90, 0)
Part1823.Position = Vector3.new(837.5, 227.26480102539062, 1364.875)
Part1823.Rotation = Vector3.new(0, -90, 0)
Part1823.Transparency = 0.05000000074505806
Part1823.Size = Vector3.new(8.250000953674316, 0.2499980926513672, 7)
Part1823.Anchored = true
Part1823.CanCollide = false
Part1823.Material = Enum.Material.Fabric
SpecialMesh1824.Name = "TopTreeMesh"
