SpecialMesh2031.Name = "TopTreeMesh"
SpecialMesh2031.Parent = Part2030
SpecialMesh2031.MeshId = "rbxassetid://623621456"
SpecialMesh2031.Offset = Vector3.new(0, 3.4100000858306885, 0)
SpecialMesh2031.Scale = Vector3.new(1.600000023841858, 1.600000023841858, 1.600000023841858)
SpecialMesh2031.TextureId = "rbxassetid://745556120"
SpecialMesh2031.MeshType = Enum.MeshType.FileMesh
Model2032.Name = "茂み"
Model2032.Parent = Folder0
Part2033.Name = "TreeMesh Bottom"
Part2033.Parent = Model2032
Part2033.CFrame = CFrame.new(385.007385, 214.347488, 287.79126, 0.970836461, -0.0535188131, -0.233698159, 0.00344084948, 0.977776647, -0.209624872, 0.239723012, 0.202706844, 0.949443519)
Part2033.Orientation = Vector3.new(12.100000381469727, -13.829999923706055, 0.20000000298023224)
Part2033.Position = Vector3.new(385.00738525390625, 214.3474884033203, 287.791259765625)
Part2033.Rotation = Vector3.new(12.449999809265137, -13.510000228881836, 3.1600000858306885)
Part2033.Size = Vector3.new(8.250000953674316, 0.2499980926513672, 7)
Part2033.Anchored = true
Part2033.CanCollide = false
Part2033.Material = Enum.Material.Fabric
SpecialMesh2034.Name = "BarkMesh"
SpecialMesh2034.Parent = Part2033
SpecialMesh2034.MeshId = "rbxassetid://623621260"
SpecialMesh2034.Offset = Vector3.new(0, 3.4100000858306885, 0)
SpecialMesh2034.TextureId = "rbxassetid://623618671"
SpecialMesh2034.MeshType = Enum.MeshType.FileMesh
Part2035.Name = "TreeMeshTop"
Part2035.Parent = Model2032
Part2035.CFrame = CFrame.new(383.395569, 243.81778, 293.900085, 0.970836818, -0.0535194613, -0.233695388, 0.00344210491, 0.977776766, -0.209624782, 0.239720494, 0.202706605, 0.949444175)
Part2035.Orientation = Vector3.new(12.100000381469727, -13.829999923706055, 0.20000000298023224)
Part2035.Position = Vector3.new(383.39556884765625, 243.81777954101562, 293.90008544921875)
Part2035.Rotation = Vector3.new(12.449999809265137, -13.510000228881836, 3.1600000858306885)
Part2035.Transparency = 0.05000000074505806
Part2035.Size = Vector3.new(8.250000953674316, 0.2499980926513672, 7)
Part2035.Anchored = true
Part2035.CanCollide = false
Part2035.Material = Enum.Material.Fabric
SpecialMesh2036.Name = "TopTreeMesh"
SpecialMesh2036.Parent = Part2035
SpecialMesh2036.MeshId = "rbxassetid://623621456"
SpecialMesh2036.Offset = Vector3.new(0, 3.4100000858306885, 0)
SpecialMesh2036.Scale = Vector3.new(1.600000023841858, 1.600000023841858, 1.600000023841858)
SpecialMesh2036.TextureId = "rbxassetid://745556120"
SpecialMesh2036.MeshType = Enum.MeshType.FileMesh
Model2037.Name = "茂み"
Model2037.Parent = Folder0
Part2038.Name = "TreeMesh Bottom"
Part2038.Parent = Model2037
Part2038.CFrame = CFrame.new(372.439331, 200.361191, 367.651367, -0.571718037, -0.0191860218, -0.820227146, -0.0873652101, 0.995467126, 0.037610583, 0.815785885, 0.0931617096, -0.570801616)
Part2038.Orientation = Vector3.new(-2.1600000858306885, -124.83000183105469, -5.019999980926514)
Part2038.Position = Vector3.new(372.4393310546875, 200.36119079589844, 367.6513671875)
Part2038.Rotation = Vector3.new(-176.22999572753906, -55.11000061035156, 178.0800018310547)
Part2038.Size = Vector3.new(8.250000953674316, 0.2499980926513672, 7)
Part2038.Anchored = true
Part2038.CanCollide = false
Part2038.Material = Enum.Material.Fabric
SpecialMesh2039.Name = "BarkMesh"
SpecialMesh2039.Parent = Part2038
SpecialMesh2039.MeshId = "rbxassetid://623621260"
SpecialMesh2039.Offset = Vector3.new(0, 3.4100000858306885, 0)
SpecialMesh2039.TextureId = "rbxassetid://623618671"
SpecialMesh2039.MeshType = Enum.MeshType.FileMesh
Part2040.Name = "TreeMeshTop"
Part2040.Parent = Model2037
Part2040.CFrame = CFrame.new(371.862427, 230.364578, 370.458008, -0.571715772, -0.0191866737, -0.820228696, -0.0873654932, 0.995467067, 0.0376096778, 0.815787494, 0.0931614488, -0.570799351)
Part2040.Orientation = Vector3.new(-2.1600000858306885, -124.83000183105469, -5.019999980926514)
Part2040.Position = Vector3.new(371.8624267578125, 230.3645782470703, 370.4580078125)
Part2040.Rotation = Vector3.new(-176.22999572753906, -55.11000061035156, 178.0800018310547)
Part2040.Transparency = 0.05000000074505806
Part2040.Size = Vector3.new(8.250000953674316, 0.2499980926513672, 7)
Part2040.Anchored = true
Part2040.CanCollide = false
Part2040.Material = Enum.Material.Fabric
SpecialMesh2041.Name = "TopTreeMesh"
SpecialMesh2041.Parent = Part2040
SpecialMesh2041.MeshId = "rbxassetid://623621456"
SpecialMesh2041.Offset = Vector3.new(0, 3.4100000858306885, 0)
SpecialMesh2041.Scale = Vector3.new(1.600000023841858, 1.600000023841858, 1.600000023841858)
SpecialMesh2041.TextureId = "rbxassetid://745556120"
SpecialMesh2041.MeshType = Enum.MeshType.FileMesh
Model2042.Name = "茂み"
Model2042.Parent = Folder0
Part2043.Name = "TreeMesh Bottom"
Part2043.Parent = Model2042
Part2043.CFrame = CFrame.new(429.443237, 200.832718, 374.352264, -0.571718037, -0.0191860255, -0.820227146, -0.0873652175, 0.995467126, 0.0376105905, 0.815785885, 0.0931617171, -0.570801616)
Part2043.Orientation = Vector3.new(-2.1600000858306885, -124.83000183105469, -5.019999980926514)
Part2043.Position = Vector3.new(429.4432373046875, 200.8327178955078, 374.3522644042969)
Part2043.Rotation = Vector3.new(-176.22999572753906, -55.11000061035156, 178.0800018310547)
Part2043.Size = Vector3.new(8.250000953674316, 0.2499980926513672, 7)
Part2043.Anchored = true
Part2043.CanCollide = false
Part2043.Material = Enum.Material.Fabric
SpecialMesh2044.Name = "BarkMesh"
SpecialMesh2044.Parent = Part2043
SpecialMesh2044.MeshId = "rbxassetid://623621260"
SpecialMesh2044.Offset = Vector3.new(0, 3.4100000858306885, 0)
SpecialMesh2044.TextureId = "rbxassetid://623618671"
SpecialMesh2044.MeshType = Enum.MeshType.FileMesh
Part2045.Name = "TreeMeshTop"
Part2045.Parent = Model2042
Part2045.CFrame = CFrame.new(428.866211, 230.83606, 377.159393, -0.571715772, -0.0191866737, -0.820228696, -0.0873654857, 0.995467067, 0.0376096815, 0.815787494, 0.0931614488, -0.570799351)
Part2045.Orientation = Vector3.new(-2.1600000858306885, -124.83000183105469, -5.019999980926514)
Part2045.Position = Vector3.new(428.8662109375, 230.8360595703125, 377.1593933105469)
Part2045.Rotation = Vector3.new(-176.22999572753906, -55.11000061035156, 178.0800018310547)
Part2045.Transparency = 0.05000000074505806
Part2045.Size = Vector3.new(8.250000953674316, 0.2499980926513672, 7)
Part2045.Anchored = true
Part2045.CanCollide = false
Part2045.Material = Enum.Material.Fabric
SpecialMesh2046.Name = "TopTreeMesh"
SpecialMesh2046.Parent = Part2045
SpecialMesh2046.MeshId = "rbxassetid://623621456"
SpecialMesh2046.Offset = Vector3.new(0, 3.4100000858306885, 0)
SpecialMesh2046.Scale = Vector3.new(1.600000023841858, 1.600000023841858, 1.600000023841858)
SpecialMesh2046.TextureId = "rbxassetid://745556120"
SpecialMesh2046.MeshType = Enum.MeshType.FileMesh
Model2047.Name = "茂み"
Model2047.Parent = Folder0
Part2048.Name = "TreeMesh Bottom"
Part2048.Parent = Model2047
Part2048.CFrame = CFrame.new(892.498718, 213.267334, 1041.00073, -0.680321038, 0.0695819259, -0.729603827, 0.207283527, 0.973102987, -0.100477815, 0.702993989, -0.219594181, -0.676451266)
Part2048.Orientation = Vector3.new(5.769999980926514, -132.83999633789062, 12.029999732971191)
Part2048.Position = Vector3.new(892.4987182617188, 213.267333984375, 1041.000732421875)
Part2048.Rotation = Vector3.new(171.5500030517578, -46.849998474121094, -174.16000366210938)
Part2048.Size = Vector3.new(8.250000953674316, 0.2499980926513672, 7)
Part2048.Anchored = true
Part2048.CanCollide = false
Part2048.Material = Enum.Material.Fabric
SpecialMesh2049.Name = "BarkMesh"
SpecialMesh2049.Parent = Part2048
SpecialMesh2049.MeshId = "rbxassetid://623621260"
SpecialMesh2049.Offset = Vector3.new(0, 3.4100000858306885, 0)
SpecialMesh2049.TextureId = "rbxassetid://623618671"
SpecialMesh2049.MeshType = Enum.MeshType.FileMesh
Part2050.Name = "TreeMeshTop"
Part2050.Parent = Model2047
Part2050.CFrame = CFrame.new(892.499878, 243.407272, 1040.99976, -0.680321038, 0.0695819259, -0.729603827, 0.207283527, 0.973102987, -0.100477815, 0.702993989, -0.219594181, -0.676451266)
Part2050.Orientation = Vector3.new(5.769999980926514, -132.83999633789062, 12.029999732971191)
Part2050.Position = Vector3.new(892.4998779296875, 243.4072723388672, 1040.999755859375)
Part2050.Rotation = Vector3.new(171.5500030517578, -46.849998474121094, -174.16000366210938)
Part2050.Transparency = 0.05000000074505806
Part2050.Size = Vector3.new(8.250000953674316, 0.2499980926513672, 7)
Part2050.Anchored = true
Part2050.CanCollide = false
Part2050.Material = Enum.Material.Fabric
SpecialMesh2051.Name = "TopTreeMesh"
SpecialMesh2051.Parent = Part2050
SpecialMesh2051.MeshId = "rbxassetid://623621456"
SpecialMesh2051.Offset = Vector3.new(0, 3.4100000858306885, 0)
SpecialMesh2051.Scale = Vector3.new(1.600000023841858, 1.600000023841858, 1.600000023841858)
SpecialMesh2051.TextureId = "rbxassetid://745556120"
SpecialMesh2051.MeshType = Enum.MeshType.FileMesh
Model2052.Name = "茂み"
Model2052.Parent = Folder0
Part2053.Name = "TreeMesh Bottom"
Part2053.Parent = Model2052
Part2053.CFrame = CFrame.new(817.157715, 211.182281, 369.485107, 0.000174597895, 0, -1, 0, 1, 0, 1, 0, 0.000174597895)
Part2053.Orientation = Vector3.new(0, -89.98999786376953, 0)
Part2053.Position = Vector3.new(817.15771484375, 211.18228149414062, 369.485107421875)
Part2053.Rotation = Vector3.new(0, -90, 0)
Part2053.Size = Vector3.new(8.250000953674316, 0.2499980926513672, 7)
Part2053.Anchored = true
Part2053.CanCollide = false
Part2053.Material = Enum.Material.Fabric
SpecialMesh2054.Name = "BarkMesh"
SpecialMesh2054.Parent = Part2053
SpecialMesh2054.MeshId = "rbxassetid://623621260"
SpecialMesh2054.Offset = Vector3.new(0, 3.4100000858306885, 0)
SpecialMesh2054.TextureId = "rbxassetid://623618671"
SpecialMesh2054.MeshType = Enum.MeshType.FileMesh
Part2055.Name = "TreeMeshTop"
Part2055.Parent = Model2052
Part2055.CFrame = CFrame.new(817.458313, 241.151489, 372.672913, 0.000174597895, 0, -1, 0, 1, 0, 1, 0, 0.000174597895)
Part2055.Orientation = Vector3.new(0, -89.98999786376953, 0)
Part2055.Position = Vector3.new(817.4583129882812, 241.1514892578125, 372.67291259765625)
Part2055.Rotation = Vector3.new(0, -90, 0)
Part2055.Transparency = 0.05000000074505806
Part2055.Size = Vector3.new(8.250000953674316, 0.2499980926513672, 7)
Part2055.Anchored = true
Part2055.CanCollide = false
Part2055.Material = Enum.Material.Fabric
SpecialMesh2056.Name = "TopTreeMesh"
SpecialMesh2056.Parent = Part2055
SpecialMesh2056.MeshId = "rbxassetid://623621456"
SpecialMesh2056.Offset = Vector3.new(0, 3.4100000858306885, 0)
SpecialMesh2056.Scale = Vector3.new(1.600000023841858, 1.600000023841858, 1.600000023841858)
SpecialMesh2056.TextureId = "rbxassetid://745556120"
SpecialMesh2056.MeshType = Enum.MeshType.FileMesh
Model2057.Name = "茂み"
Model2057.Parent = Folder0
Part2058.Name = "TreeMesh Bottom"
Part2058.Parent = Model2057
Part2058.CFrame = CFrame.new(893.491882, 200.645889, 364.135712, -0.677837372, 0.0809773356, -0.730738759, 0.215926334, 0.972006321, -0.092580989, 0.702791572, -0.220542759, -0.676352918)
Part2058.Orientation = Vector3.new(5.309999942779541, -132.7899932861328, 12.520000457763672)
Part2058.Position = Vector3.new(893.4918823242188, 200.64588928222656, 364.1357116699219)
Part2058.Rotation = Vector3.new(172.2100067138672, -46.95000076293945, -173.19000244140625)
Part2058.Size = Vector3.new(8.250000953674316, 0.2499980926513672, 7)
Part2058.Anchored = true
Part2058.CanCollide = false
Part2058.Material = Enum.Material.Fabric
SpecialMesh2059.Name = "BarkMesh"
SpecialMesh2059.Parent = Part2058
SpecialMesh2059.MeshId = "rbxassetid://623621260"
SpecialMesh2059.Offset = Vector3.new(0, 3.4100000858306885, 0)
SpecialMesh2059.TextureId = "rbxassetid://623618671"
SpecialMesh2059.MeshType = Enum.MeshType.FileMesh
Part2060.Name = "TreeMeshTop"
Part2060.Parent = Model2057
Part2060.CFrame = CFrame.new(893.846252, 230.783737, 364.105469, -0.677837372, 0.0809773356, -0.730738759, 0.215926334, 0.972006321, -0.092580989, 0.702791572, -0.220542759, -0.676352918)
Part2060.Orientation = Vector3.new(5.309999942779541, -132.7899932861328, 12.520000457763672)
Part2060.Position = Vector3.new(893.8462524414062, 230.7837371826172, 364.10546875)
Part2060.Rotation = Vector3.new(172.2100067138672, -46.95000076293945, -173.19000244140625)
Part2060.Transparency = 0.05000000074505806
Part2060.Size = Vector3.new(8.250000953674316, 0.2499980926513672, 7)
Part2060.Anchored = true
Part2060.CanCollide = false
Part2060.Material = Enum.Material.Fabric
SpecialMesh2061.Name = "TopTreeMesh"
SpecialMesh2061.Parent = Part2060
SpecialMesh2061.MeshId = "rbxassetid://623621456"
SpecialMesh2061.Offset = Vector3.new(0, 3.4100000858306885, 0)
SpecialMesh2061.Scale = Vector3.new(1.600000023841858, 1.600000023841858, 1.600000023841858)
SpecialMesh2061.TextureId = "rbxassetid://745556120"
SpecialMesh2061.MeshType = Enum.MeshType.FileMesh
Model2062.Name = "茂み"
Model2062.Parent = Folder0
Part2063.Name = "TreeMesh Bottom"
Part2063.Parent = Model2062
Part2063.CFrame = CFrame.new(690.500061, 197.276627, 1060.93311, -0.000174566114, 0, -1, 0, 1, 0, 1, 0, -0.000174566114)
Part2063.Orientation = Vector3.new(0, -90.01000213623047, 0)
Part2063.Position = Vector3.new(690.5000610351562, 197.27662658691406, 1060.93310546875)
Part2063.Rotation = Vector3.new(0, -90, 0)
Part2063.Size = Vector3.new(8.250000953674316, 0.2499980926513672, 7)
Part2063.Anchored = true
Part2063.CanCollide = false
Part2063.Material = Enum.Material.Fabric
SpecialMesh2064.Name = "BarkMesh"
SpecialMesh2064.Parent = Part2063
SpecialMesh2064.MeshId = "rbxassetid://623621260"
SpecialMesh2064.Offset = Vector3.new(0, 3.4100000858306885, 0)
SpecialMesh2064.TextureId = "rbxassetid://623618671"
SpecialMesh2064.MeshType = Enum.MeshType.FileMesh
Part2065.Name = "TreeMeshTop"
Part2065.Parent = Model2062
Part2065.CFrame = CFrame.new(690.825134, 227.408905, 1060.34363, -0.000174566114, 0, -1, 0, 1, 0, 1, 0, -0.000174566114)
Part2065.Orientation = Vector3.new(0, -90.01000213623047, 0)
Part2065.Position = Vector3.new(690.8251342773438, 227.40890502929688, 1060.3436279296875)
Part2065.Rotation = Vector3.new(0, -90, 0)
Part2065.Transparency = 0.05000000074505806
Part2065.Size = Vector3.new(8.250000953674316, 0.2499980926513672, 7)
Part2065.Anchored = true
Part2065.CanCollide = false
Part2065.Material = Enum.Material.Fabric
SpecialMesh2066.Name = "TopTreeMesh"
SpecialMesh2066.Parent = Part2065
SpecialMesh2066.MeshId = "rbxassetid://623621456"
SpecialMesh2066.Offset = Vector3.new(0, 3.4100000858306885, 0)
SpecialMesh2066.Scale = Vector3.new(1.600000023841858, 1.600000023841858, 1.600000023841858)
SpecialMesh2066.TextureId = "rbxassetid://745556120"
SpecialMesh2066.MeshType = Enum.MeshType.FileMesh
Model2067.Name = "茂み"
Model2067.Parent = Folder0
Part2068.Name = "TreeMesh Bottom"
Part2068.Parent = Model2067
Part2068.CFrame = CFrame.new(328.036194, 212.633987, 281.015625, 0.970836461, -0.0535188131, -0.233698159, 0.00344084576, 0.977776706, -0.209624887, 0.239723012, 0.202706873, 0.949443519)
Part2068.Orientation = Vector3.new(12.100000381469727, -13.829999923706055, 0.20000000298023224)
Part2068.Position = Vector3.new(328.03619384765625, 212.6339874267578, 281.015625)
Part2068.Rotation = Vector3.new(12.449999809265137, -13.510000228881836, 3.1600000858306885)
Part2068.Size = Vector3.new(8.250000953674316, 0.2499980926513672, 7)
Part2068.Anchored = true
Part2068.CanCollide = false
Part2068.Material = Enum.Material.Fabric
SpecialMesh2069.Name = "BarkMesh"
SpecialMesh2069.Parent = Part2068
SpecialMesh2069.MeshId = "rbxassetid://623621260"
SpecialMesh2069.Offset = Vector3.new(0, 3.4100000858306885, 0)
SpecialMesh2069.TextureId = "rbxassetid://623618671"
SpecialMesh2069.MeshType = Enum.MeshType.FileMesh
Part2070.Name = "TreeMeshTop"
Part2070.Parent = Model2067
Part2070.CFrame = CFrame.new(326.424255, 242.104218, 287.124268, 0.970836818, -0.0535194539, -0.233695388, 0.00344209746, 0.977776706, -0.209624782, 0.239720494, 0.202706635, 0.949444175)
Part2070.Orientation = Vector3.new(12.100000381469727, -13.829999923706055, 0.20000000298023224)
Part2070.Position = Vector3.new(326.42425537109375, 242.10421752929688, 287.124267578125)
Part2070.Rotation = Vector3.new(12.449999809265137, -13.510000228881836, 3.1600000858306885)
Part2070.Transparency = 0.05000000074505806
Part2070.Size = Vector3.new(8.250000953674316, 0.2499980926513672, 7)
Part2070.Anchored = true
Part2070.CanCollide = false
Part2070.Material = Enum.Material.Fabric
SpecialMesh2071.Name = "TopTreeMesh"
SpecialMesh2071.Parent = Part2070
SpecialMesh2071.MeshId = "rbxassetid://623621456"
SpecialMesh2071.Offset = Vector3.new(0, 3.4100000858306885, 0)
SpecialMesh2071.Scale = Vector3.new(1.600000023841858, 1.600000023841858, 1.600000023841858)
SpecialMesh2071.TextureId = "rbxassetid://745556120"
SpecialMesh2071.MeshType = Enum.MeshType.FileMesh
Model2072.Name = "茂み"
Model2072.Parent = Folder0
Part2073.Name = "TreeMesh Bottom"
Part2073.Parent = Model2072
Part2073.CFrame = CFrame.new(963.49884, 197.125122, 1083.12793, -0.681998312, 1.64145604e-08, -0.731353879, -1.20174903e-07, 0.999995828, 8.96208121e-08, 0.731356919, -1.49011612e-07, -0.682001233)
Part2073.Orientation = Vector3.new(0, -133, 0)
Part2073.Position = Vector3.new(963.4988403320312, 197.1251220703125, 1083.1279296875)
Part2073.Rotation = Vector3.new(-180, -47, -180)
Part2073.Size = Vector3.new(8.250000953674316, 0.2499980926513672, 7)
Part2073.Anchored = true
Part2073.CanCollide = false
Part2073.Material = Enum.Material.Fabric
SpecialMesh2074.Name = "BarkMesh"
SpecialMesh2074.Parent = Part2073
SpecialMesh2074.MeshId = "rbxassetid://623621260"
SpecialMesh2074.Offset = Vector3.new(0, 3.4100000858306885, 0)
SpecialMesh2074.TextureId = "rbxassetid://623618671"
SpecialMesh2074.MeshType = Enum.MeshType.FileMesh
Part2075.Name = "TreeMeshTop"
Part2075.Parent = Model2072
Part2075.CFrame = CFrame.new(963.500183, 227.264801, 1083.12708, -0.681998312, 1.64145604e-08, -0.731353879, -1.20174903e-07, 0.999995828, 8.96208121e-08, 0.731356919, -1.49011612e-07, -0.682001233)
Part2075.Orientation = Vector3.new(0, -133, 0)
Part2075.Position = Vector3.new(963.5001831054688, 227.26480102539062, 1083.1270751953125)
Part2075.Rotation = Vector3.new(-180, -47, -180)
Part2075.Transparency = 0.05000000074505806
Part2075.Size = Vector3.new(8.250000953674316, 0.2499980926513672, 7)
Part2075.Anchored = true
Part2075.CanCollide = false
Part2075.Material = Enum.Material.Fabric
SpecialMesh2076.Name = "TopTreeMesh"
SpecialMesh2076.Parent = Part2075
SpecialMesh2076.MeshId = "rbxassetid://623621456"
SpecialMesh2076.Offset = Vector3.new(0, 3.4100000858306885, 0)
SpecialMesh2076.Scale = Vector3.new(1.600000023841858, 1.600000023841858, 1.600000023841858)
SpecialMesh2076.TextureId = "rbxassetid://745556120"
SpecialMesh2076.MeshType = Enum.MeshType.FileMesh
Model2077.Name = "茂み"
Model2077.Parent = Folder0
Part2078.Name = "TreeMesh Bottom"
Part2078.Parent = Model2077
Part2078.CFrame = CFrame.new(900.498779, 213.267242, 1114.99878, 3.31578594e-05, 0.0695819035, -0.997576177, 0.220124364, 0.97310698, 0.0678824633, 0.975471795, -0.219593093, -0.0152844079)
Part2078.Orientation = Vector3.new(-3.890000104904175, -90.87999725341797, 12.75)
Part2078.Position = Vector3.new(900.498779296875, 213.26724243164062, 1114.998779296875)
Part2078.Rotation = Vector3.new(-102.69000244140625, -86.01000213623047, -89.97000122070312)
Part2078.Size = Vector3.new(8.250000953674316, 0.2499980926513672, 7)
Part2078.Anchored = true
Part2078.CanCollide = false
Part2078.Material = Enum.Material.Fabric
SpecialMesh2079.Name = "BarkMesh"
SpecialMesh2079.Parent = Part2078
SpecialMesh2079.MeshId = "rbxassetid://623621260"
SpecialMesh2079.Offset = Vector3.new(0, 3.4100000858306885, 0)
SpecialMesh2079.TextureId = "rbxassetid://623618671"
SpecialMesh2079.MeshType = Enum.MeshType.FileMesh
Part2080.Name = "TreeMeshTop"
Part2080.Parent = Model2077
Part2080.CFrame = CFrame.new(900.499878, 243.407318, 1114.9978, 3.31578594e-05, 0.0695819035, -0.997576177, 0.220124364, 0.97310698, 0.0678824633, 0.975471795, -0.219593093, -0.0152844079)
Part2080.Orientation = Vector3.new(-3.890000104904175, -90.87999725341797, 12.75)
Part2080.Position = Vector3.new(900.4998779296875, 243.40731811523438, 1114.997802734375)
Part2080.Rotation = Vector3.new(-102.69000244140625, -86.01000213623047, -89.97000122070312)
Part2080.Transparency = 0.05000000074505806
Part2080.Size = Vector3.new(8.250000953674316, 0.2499980926513672, 7)
Part2080.Anchored = true
Part2080.CanCollide = false
Part2080.Material = Enum.Material.Fabric
SpecialMesh2081.Name = "TopTreeMesh"
SpecialMesh2081.Parent = Part2080
SpecialMesh2081.MeshId = "rbxassetid://623621456"
SpecialMesh2081.Offset = Vector3.new(0, 3.4100000858306885, 0)
SpecialMesh2081.Scale = Vector3.new(1.600000023841858, 1.600000023841858, 1.600000023841858)
SpecialMesh2081.TextureId = "rbxassetid://745556120"
SpecialMesh2081.MeshType = Enum.MeshType.FileMesh
Model2082.Name = "茂み"
Model2082.Parent = Folder0
Part2083.Name = "TreeMesh Bottom"
Part2083.Parent = Model2082
Part2083.CFrame = CFrame.new(1044.49854, 213.267242, 1066.95117, 3.31578922e-05, 0.0695819035, -0.997576177, 0.220124364, 0.97310698, 0.0678824633, 0.975471795, -0.219593093, -0.0152844079)
Part2083.Orientation = Vector3.new(-3.890000104904175, -90.87999725341797, 12.75)
Part2083.Position = Vector3.new(1044.49853515625, 213.26724243164062, 1066.951171875)
Part2083.Rotation = Vector3.new(-102.69000244140625, -86.01000213623047, -89.97000122070312)
Part2083.Size = Vector3.new(8.250000953674316, 0.2499980926513672, 7)
Part2083.Anchored = true
Part2083.CanCollide = false
Part2083.Material = Enum.Material.Fabric
SpecialMesh2084.Name = "BarkMesh"
SpecialMesh2084.Parent = Part2083
SpecialMesh2084.MeshId = "rbxassetid://623621260"
SpecialMesh2084.Offset = Vector3.new(0, 3.4100000858306885, 0)
SpecialMesh2084.TextureId = "rbxassetid://623618671"
SpecialMesh2084.MeshType = Enum.MeshType.FileMesh
Part2085.Name = "TreeMeshTop"
Part2085.Parent = Model2082
Part2085.CFrame = CFrame.new(1044.49963, 243.407318, 1066.9502, 3.31578922e-05, 0.0695819035, -0.997576177, 0.220124364, 0.97310698, 0.0678824633, 0.975471795, -0.219593093, -0.0152844079)
Part2085.Orientation = Vector3.new(-3.890000104904175, -90.87999725341797, 12.75)
Part2085.Position = Vector3.new(1044.4996337890625, 243.40731811523438, 1066.9501953125)
Part2085.Rotation = Vector3.new(-102.69000244140625, -86.01000213623047, -89.97000122070312)
Part2085.Transparency = 0.05000000074505806
Part2085.Size = Vector3.new(8.250000953674316, 0.2499980926513672, 7)
Part2085.Anchored = true
Part2085.CanCollide = false
Part2085.Material = Enum.Material.Fabric
SpecialMesh2086.Name = "TopTreeMesh"
SpecialMesh2086.Parent = Part2085
SpecialMesh2086.MeshId = "rbxassetid://623621456"
SpecialMesh2086.Offset = Vector3.new(0, 3.4100000858306885, 0)
SpecialMesh2086.Scale = Vector3.new(1.600000023841858, 1.600000023841858, 1.600000023841858)
SpecialMesh2086.TextureId = "rbxassetid://745556120"
SpecialMesh2086.MeshType = Enum.MeshType.FileMesh
Model2087.Name = "茂み"
Model2087.Parent = Folder0
Part2088.Name = "TreeMesh Bottom"
Part2088.Parent = Model2087
Part2088.CFrame = CFrame.new(1044.49854, 213.267242, 1066.95117, 3.31578922e-05, 0.0695819035, -0.997576177, 0.220124364, 0.97310698, 0.0678824633, 0.975471795, -0.219593093, -0.0152844079)
Part2088.Orientation = Vector3.new(-3.890000104904175, -90.87999725341797, 12.75)
Part2088.Position = Vector3.new(1044.49853515625, 213.26724243164062, 1066.951171875)
Part2088.Rotation = Vector3.new(-102.69000244140625, -86.01000213623047, -89.97000122070312)
Part2088.Size = Vector3.new(8.250000953674316, 0.2499980926513672, 7)
Part2088.Anchored = true
Part2088.CanCollide = false
Part2088.Material = Enum.Material.Fabric
SpecialMesh2089.Name = "BarkMesh"
SpecialMesh2089.Parent = Part2088
SpecialMesh2089.MeshId = "rbxassetid://623621260"
SpecialMesh2089.Offset = Vector3.new(0, 3.4100000858306885, 0)
SpecialMesh2089.TextureId = "rbxassetid://623618671"
SpecialMesh2089.MeshType = Enum.MeshType.FileMesh
Part2090.Name = "TreeMeshTop"
Part2090.Parent = Model2087
Part2090.CFrame = CFrame.new(1044.49963, 243.407318, 1066.9502, 3.31578922e-05, 0.0695819035, -0.997576177, 0.220124364, 0.97310698, 0.0678824633, 0.975471795, -0.219593093, -0.0152844079)
Part2090.Orientation = Vector3.new(-3.890000104904175, -90.87999725341797, 12.75)
Part2090.Position = Vector3.new(1044.4996337890625, 243.40731811523438, 1066.9501953125)
Part2090.Rotation = Vector3.new(-102.69000244140625, -86.01000213623047, -89.97000122070312)
Part2090.Transparency = 0.05000000074505806
Part2090.Size = Vector3.new(8.250000953674316, 0.2499980926513672, 7)
Part2090.Anchored = true
Part2090.CanCollide = false
Part2090.Material = Enum.Material.Fabric
SpecialMesh2091.Name = "TopTreeMesh"
SpecialMesh2091.Parent = Part2090
SpecialMesh2091.MeshId = "rbxassetid://623621456"
SpecialMesh2091.Offset = Vector3.new(0, 3.4100000858306885, 0)
SpecialMesh2091.Scale = Vector3.new(1.600000023841858, 1.600000023841858, 1.600000023841858)
SpecialMesh2091.TextureId = "rbxassetid://745556120"
SpecialMesh2091.MeshType = Enum.MeshType.FileMesh
Model2092.Name = "茂み"
Model2092.Parent = Folder0
Part2093.Name = "TreeMesh Bottom"
Part2093.Parent = Model2092
Part2093.CFrame = CFrame.new(312.197388, 214.054276, 535.119629, 0.00154429255, 0.0438752323, -0.999035954, 0.0350669846, 0.998420179, 0.0439024121, 0.999383867, -0.0351009667, 3.27920475e-06)
Part2093.Orientation = Vector3.new(-2.5199999809265137, -90, 2.009999990463257)
Part2093.Position = Vector3.new(312.1973876953125, 214.0542755126953, 535.11962890625)
Part2093.Rotation = Vector3.new(-90, -87.4800033569336, -87.9800033569336)
Part2093.Size = Vector3.new(8.250000953674316, 0.2499980926513672, 7)
Part2093.Anchored = true
Part2093.CanCollide = false
Part2093.Material = Enum.Material.Fabric
SpecialMesh2094.Name = "BarkMesh"
SpecialMesh2094.Parent = Part2093
SpecialMesh2094.MeshId = "rbxassetid://623621260"
SpecialMesh2094.Offset = Vector3.new(0, 3.4100000858306885, 0)
SpecialMesh2094.TextureId = "rbxassetid://623618671"
SpecialMesh2094.MeshType = Enum.MeshType.FileMesh
Part2095.Name = "TreeMeshTop"
Part2095.Parent = Model2092
Part2095.CFrame = CFrame.new(313.521179, 244.1465, 534.060669, 0.00154710002, 0.0438745841, -0.999035954, 0.0350671113, 0.998420179, 0.0439018607, 0.999383867, -0.0351012126, 6.09960171e-06)
Part2095.Orientation = Vector3.new(-2.5199999809265137, -90, 2.009999990463257)
Part2095.Position = Vector3.new(313.52117919921875, 244.14649963378906, 534.0606689453125)
Part2095.Rotation = Vector3.new(-89.98999786376953, -87.4800033569336, -87.9800033569336)
Part2095.Transparency = 0.05000000074505806
Part2095.Size = Vector3.new(8.250000953674316, 0.2499980926513672, 7)
Part2095.Anchored = true
Part2095.CanCollide = false
Part2095.Material = Enum.Material.Fabric
SpecialMesh2096.Name = "TopTreeMesh"
SpecialMesh2096.Parent = Part2095
SpecialMesh2096.MeshId = "rbxassetid://623621456"
SpecialMesh2096.Offset = Vector3.new(0, 3.4100000858306885, 0)
SpecialMesh2096.Scale = Vector3.new(1.600000023841858, 1.600000023841858, 1.600000023841858)
SpecialMesh2096.TextureId = "rbxassetid://745556120"
SpecialMesh2096.MeshType = Enum.MeshType.FileMesh
Model2097.Name = "茂み"
Model2097.Parent = Folder0
Part2098.Name = "TreeMesh Bottom"
Part2098.Parent = Model2097
Part2098.CFrame = CFrame.new(742.131531, 208.332764, 403.307251, -0.514888465, 0, -0.857257187, 0, 1, 0, 0.857257187, 0, -0.514888465)
Part2098.Orientation = Vector3.new(0, -120.98999786376953, 0)
Part2098.Position = Vector3.new(742.1315307617188, 208.332763671875, 403.3072509765625)
Part2098.Rotation = Vector3.new(-180, -59.0099983215332, -180)
Part2098.Size = Vector3.new(8.250000953674316, 0.2499980926513672, 7)
Part2098.Anchored = true
Part2098.CanCollide = false
Part2098.Material = Enum.Material.Fabric
SpecialMesh2099.Name = "BarkMesh"
SpecialMesh2099.Parent = Part2098
SpecialMesh2099.MeshId = "rbxassetid://623621260"
SpecialMesh2099.Offset = Vector3.new(0, 3.4100000858306885, 0)
SpecialMesh2099.TextureId = "rbxassetid://623618671"
SpecialMesh2099.MeshType = Enum.MeshType.FileMesh
Part2100.Name = "TreeMeshTop"
Part2100.Parent = Model2097
Part2100.CFrame = CFrame.new(742.431885, 238.302032, 406.495178, -0.514888465, 0, -0.857257187, 0, 1, 0, 0.857257187, 0, -0.514888465)
Part2100.Orientation = Vector3.new(0, -120.98999786376953, 0)
Part2100.Position = Vector3.new(742.431884765625, 238.30203247070312, 406.49517822265625)
Part2100.Rotation = Vector3.new(-180, -59.0099983215332, -180)
Part2100.Transparency = 0.05000000074505806
Part2100.Size = Vector3.new(8.250000953674316, 0.2499980926513672, 7)
Part2100.Anchored = true
Part2100.CanCollide = false
Part2100.Material = Enum.Material.Fabric
SpecialMesh2101.Name = "TopTreeMesh"
SpecialMesh2101.Parent = Part2100
SpecialMesh2101.MeshId = "rbxassetid://623621456"
SpecialMesh2101.Offset = Vector3.new(0, 3.4100000858306885, 0)
SpecialMesh2101.Scale = Vector3.new(1.600000023841858, 1.600000023841858, 1.600000023841858)
SpecialMesh2101.TextureId = "rbxassetid://745556120"
SpecialMesh2101.MeshType = Enum.MeshType.FileMesh
Model2102.Name = "茂み"
Model2102.Parent = Folder0
Part2103.Name = "TreeMesh Bottom"
Part2103.Parent = Model2102
Part2103.CFrame = CFrame.new(559.498657, 197.124985, 604.875854, -0.342020392, 0, -0.939692557, 0, 1, 0, 0.939692557, 0, -0.342020392)
Part2103.Orientation = Vector3.new(0, -110, 0)
Part2103.Position = Vector3.new(559.4986572265625, 197.12498474121094, 604.8758544921875)
Part2103.Rotation = Vector3.new(-180, -70, -180)
Part2103.Size = Vector3.new(8.250000953674316, 0.2499980926513672, 7)
Part2103.Anchored = true
Part2103.CanCollide = false
Part2103.Material = Enum.Material.Fabric
SpecialMesh2104.Name = "BarkMesh"
SpecialMesh2104.Parent = Part2103
SpecialMesh2104.MeshId = "rbxassetid://623621260"
SpecialMesh2104.Offset = Vector3.new(0, 3.4100000858306885, 0)
SpecialMesh2104.TextureId = "rbxassetid://623618671"
SpecialMesh2104.MeshType = Enum.MeshType.FileMesh
Part2105.Name = "TreeMeshTop"
Part2105.Parent = Model2102
Part2105.CFrame = CFrame.new(559.5, 227.264847, 604.875, -0.342020392, 0, -0.939692557, 0, 1, 0, 0.939692557, 0, -0.342020392)
Part2105.Orientation = Vector3.new(0, -110, 0)
Part2105.Position = Vector3.new(559.5, 227.2648468017578, 604.875)
Part2105.Rotation = Vector3.new(-180, -70, -180)
Part2105.Transparency = 0.05000000074505806
Part2105.Size = Vector3.new(8.250000953674316, 0.2499980926513672, 7)
Part2105.Anchored = true
Part2105.CanCollide = false
Part2105.Material = Enum.Material.Fabric
SpecialMesh2106.Name = "TopTreeMesh"
SpecialMesh2106.Parent = Part2105
SpecialMesh2106.MeshId = "rbxassetid://623621456"
SpecialMesh2106.Offset = Vector3.new(0, 3.4100000858306885, 0)
SpecialMesh2106.Scale = Vector3.new(1.600000023841858, 1.600000023841858, 1.600000023841858)
SpecialMesh2106.TextureId = "rbxassetid://745556120"
SpecialMesh2106.MeshType = Enum.MeshType.FileMesh
Model2107.Name = "茂み"
Model2107.Parent = Folder0
Part2108.Name = "TreeMesh Bottom"
Part2108.Parent = Model2107
Part2108.CFrame = CFrame.new(936.370239, 202.122803, 733.379639, 0.453990489, 0, -0.891006529, 0, 1, 0, 0.891006529, 0, 0.453990489)
Part2108.Orientation = Vector3.new(0, -63, 0)
Part2108.Position = Vector3.new(936.3702392578125, 202.122802734375, 733.379638671875)
Part2108.Rotation = Vector3.new(0, -63, 0)
Part2108.Size = Vector3.new(8.250000953674316, 0.2499980926513672, 7)
Part2108.Anchored = true
Part2108.CanCollide = false
Part2108.Material = Enum.Material.Fabric
SpecialMesh2109.Name = "BarkMesh"
SpecialMesh2109.Parent = Part2108
SpecialMesh2109.MeshId = "rbxassetid://623621260"
SpecialMesh2109.Offset = Vector3.new(0, 3.4100000858306885, 0)
SpecialMesh2109.TextureId = "rbxassetid://623618671"
SpecialMesh2109.MeshType = Enum.MeshType.FileMesh
Part2110.Name = "TreeMeshTop"
Part2110.Parent = Model2107
Part2110.CFrame = CFrame.new(935.325623, 232.05957, 736.713196, 0.453990489, 0, -0.891006529, 0, 1, 0, 0.891006529, 0, 0.453990489)
Part2110.Orientation = Vector3.new(0, -63, 0)
Part2110.Position = Vector3.new(935.3256225585938, 232.0595703125, 736.7131958007812)
Part2110.Rotation = Vector3.new(0, -63, 0)
Part2110.Transparency = 0.05000000074505806
Part2110.Size = Vector3.new(8.250000953674316, 0.2499980926513672, 7)
Part2110.Anchored = true
Part2110.CanCollide = false
Part2110.Material = Enum.Material.Fabric
SpecialMesh2111.Name = "TopTreeMesh"
SpecialMesh2111.Parent = Part2110
SpecialMesh2111.MeshId = "rbxassetid://623621456"
SpecialMesh2111.Offset = Vector3.new(0, 3.4100000858306885, 0)
SpecialMesh2111.Scale = Vector3.new(1.600000023841858, 1.600000023841858, 1.600000023841858)
SpecialMesh2111.TextureId = "rbxassetid://745556120"
SpecialMesh2111.MeshType = Enum.MeshType.FileMesh
Model2112.Name = "茂み"
Model2112.Parent = Folder0
Part2113.Name = "TreeMesh Bottom"
Part2113.Parent = Model2112
Part2113.CFrame = CFrame.new(606.49707, 213.15329, 914.025146, -0.78668797, 0.0589286573, -0.614533603, 0.169203937, 0.977897704, -0.122832201, 0.593711376, -0.200611249, -0.779269516)
Part2113.Orientation = Vector3.new(7.059999942779541, -141.74000549316406, 9.819999694824219)
Part2113.Position = Vector3.new(606.4970703125, 213.15328979492188, 914.025146484375)
Part2113.Rotation = Vector3.new(171.0399932861328, -37.91999816894531, -175.72000122070312)
Part2113.Size = Vector3.new(8.250000953674316, 0.2499980926513672, 7)
Part2113.Anchored = true
Part2113.CanCollide = false
Part2113.Material = Enum.Material.Fabric
SpecialMesh2114.Name = "BarkMesh"
SpecialMesh2114.Parent = Part2113
SpecialMesh2114.MeshId = "rbxassetid://623621260"
SpecialMesh2114.Offset = Vector3.new(0, 3.4100000858306885, 0)
SpecialMesh2114.TextureId = "rbxassetid://623618671"
SpecialMesh2114.MeshType = Enum.MeshType.FileMesh
Part2115.Name = "TreeMeshTop"
Part2115.Parent = Model2112
Part2115.CFrame = CFrame.new(606.498413, 243.293137, 914.024292, -0.78668797, 0.0589286573, -0.614533603, 0.169203937, 0.977897704, -0.122832201, 0.593711376, -0.200611249, -0.779269516)
Part2115.Orientation = Vector3.new(7.059999942779541, -141.74000549316406, 9.819999694824219)
Part2115.Position = Vector3.new(606.4984130859375, 243.2931365966797, 914.0242919921875)
Part2115.Rotation = Vector3.new(171.0399932861328, -37.91999816894531, -175.72000122070312)
Part2115.Transparency = 0.05000000074505806
Part2115.Size = Vector3.new(8.250000953674316, 0.2499980926513672, 7)
Part2115.Anchored = true
Part2115.CanCollide = false
Part2115.Material = Enum.Material.Fabric
SpecialMesh2116.Name = "TopTreeMesh"
SpecialMesh2116.Parent = Part2115
SpecialMesh2116.MeshId = "rbxassetid://623621456"
SpecialMesh2116.Offset = Vector3.new(0, 3.4100000858306885, 0)
SpecialMesh2116.Scale = Vector3.new(1.600000023841858, 1.600000023841858, 1.600000023841858)
SpecialMesh2116.TextureId = "rbxassetid://745556120"
SpecialMesh2116.MeshType = Enum.MeshType.FileMesh
Model2117.Name = "茂み"
Model2117.Parent = Folder0
Part2118.Name = "TreeMesh Bottom"
Part2118.Parent = Model2117
Part2118.CFrame = CFrame.new(1168.18433, 209.745316, 908.296387, -4.37113883e-08, 0, -1, 0, 1, 0, 1, 0, -4.37113883e-08)
Part2118.Orientation = Vector3.new(0, -90, 0)
Part2118.Position = Vector3.new(1168.184326171875, 209.7453155517578, 908.29638671875)
Part2118.Rotation = Vector3.new(0, -90, 0)
Part2118.Size = Vector3.new(8.250000953674316, 0.2499980926513672, 7)
Part2118.Anchored = true
Part2118.CanCollide = false
Part2118.Material = Enum.Material.Fabric
SpecialMesh2119.Name = "BarkMesh"
SpecialMesh2119.Parent = Part2118
SpecialMesh2119.MeshId = "rbxassetid://623621260"
SpecialMesh2119.Offset = Vector3.new(0, 3.4100000858306885, 0)
SpecialMesh2119.TextureId = "rbxassetid://623618671"
SpecialMesh2119.MeshType = Enum.MeshType.FileMesh
Part2120.Name = "TreeMeshTop"
Part2120.Parent = Model2117
Part2120.CFrame = CFrame.new(1167.13965, 239.681992, 911.630371, -4.37113883e-08, 0, -1, 0, 1, 0, 1, 0, -4.37113883e-08)
Part2120.Orientation = Vector3.new(0, -90, 0)
Part2120.Position = Vector3.new(1167.1396484375, 239.68199157714844, 911.63037109375)
Part2120.Rotation = Vector3.new(0, -90, 0)
Part2120.Transparency = 0.05000000074505806
Part2120.Size = Vector3.new(8.250000953674316, 0.2499980926513672, 7)
Part2120.Anchored = true
Part2120.CanCollide = false
Part2120.Material = Enum.Material.Fabric
SpecialMesh2121.Name = "TopTreeMesh"
SpecialMesh2121.Parent = Part2120
SpecialMesh2121.MeshId = "rbxassetid://623621456"
SpecialMesh2121.Offset = Vector3.new(0, 3.4100000858306885, 0)
SpecialMesh2121.Scale = Vector3.new(1.600000023841858, 1.600000023841858, 1.600000023841858)
SpecialMesh2121.TextureId = "rbxassetid://745556120"
SpecialMesh2121.MeshType = Enum.MeshType.FileMesh
Model2122.Name = "茂み"
Model2122.Parent = Folder0
Part2123.Name = "TreeMesh Bottom"
Part2123.Parent = Model2122
Part2123.CFrame = CFrame.new(906.209717, 204.439041, 873.759705, -4.37113883e-08, 0, -1, 0, 1, 0, 1, 0, -4.37113883e-08)
Part2123.Orientation = Vector3.new(0, -90, 0)
Part2123.Position = Vector3.new(906.209716796875, 204.4390411376953, 873.7597045898438)
Part2123.Rotation = Vector3.new(0, -90, 0)
Part2123.Size = Vector3.new(8.250000953674316, 0.2499980926513672, 7)
Part2123.Anchored = true
Part2123.CanCollide = false
Part2123.Material = Enum.Material.Fabric
SpecialMesh2124.Name = "BarkMesh"
SpecialMesh2124.Parent = Part2123
SpecialMesh2124.MeshId = "rbxassetid://623621260"
SpecialMesh2124.Offset = Vector3.new(0, 3.4100000858306885, 0)
SpecialMesh2124.TextureId = "rbxassetid://623618671"
SpecialMesh2124.MeshType = Enum.MeshType.FileMesh
Part2125.Name = "TreeMeshTop"
Part2125.Parent = Model2122
Part2125.CFrame = CFrame.new(905.1651, 234.375626, 877.093567, -4.37113883e-08, 0, -1, 0, 1, 0, 1, 0, -4.37113883e-08)
Part2125.Orientation = Vector3.new(0, -90, 0)
Part2125.Position = Vector3.new(905.1651000976562, 234.37562561035156, 877.0935668945312)
Part2125.Rotation = Vector3.new(0, -90, 0)
Part2125.Transparency = 0.05000000074505806
Part2125.Size = Vector3.new(8.250000953674316, 0.2499980926513672, 7)
Part2125.Anchored = true
Part2125.CanCollide = false
Part2125.Material = Enum.Material.Fabric
SpecialMesh2126.Name = "TopTreeMesh"
SpecialMesh2126.Parent = Part2125
SpecialMesh2126.MeshId = "rbxassetid://623621456"
SpecialMesh2126.Offset = Vector3.new(0, 3.4100000858306885, 0)
SpecialMesh2126.Scale = Vector3.new(1.600000023841858, 1.600000023841858, 1.600000023841858)
SpecialMesh2126.TextureId = "rbxassetid://745556120"
SpecialMesh2126.MeshType = Enum.MeshType.FileMesh
Model2127.Name = "茂み"
Model2127.Parent = Folder0
Part2128.Name = "TreeMesh Bottom"
Part2128.Parent = Model2127
Part2128.CFrame = CFrame.new(286.500183, 197.154037, 393.208038, 3.26172449e-06, 0.0156200491, -0.999879122, 0.0175755769, 0.999724507, 0.0156176891, 0.999845684, -0.0175735727, -0.000271270517)
Part2128.Orientation = Vector3.new(-0.8899999856948853, -90.0199966430664, 1.0099999904632568)
Part2128.Position = Vector3.new(286.50018310546875, 197.15403747558594, 393.2080383300781)
Part2128.Rotation = Vector3.new(-91, -89.11000061035156, -89.98999786376953)
Part2128.Size = Vector3.new(8.250000953674316, 0.2499980926513672, 7)
Part2128.Anchored = true
Part2128.CanCollide = false
Part2128.Material = Enum.Material.Fabric
SpecialMesh2129.Name = "BarkMesh"
SpecialMesh2129.Parent = Part2128
SpecialMesh2129.MeshId = "rbxassetid://623621260"
SpecialMesh2129.Offset = Vector3.new(0, 3.4100000858306885, 0)
SpecialMesh2129.TextureId = "rbxassetid://623618671"
SpecialMesh2129.MeshType = Enum.MeshType.FileMesh
Part2130.Name = "TreeMeshTop"
Part2130.Parent = Model2127
Part2130.CFrame = CFrame.new(286.97229, 227.285492, 392.677338, 6.06570393e-06, 0.0156194074, -0.999879122, 0.017575793, 0.999724567, 0.0156171033, 0.999845624, -0.0175738335, -0.000268458389)
Part2130.Orientation = Vector3.new(-0.8899999856948853, -90.0199966430664, 1.0099999904632568)
Part2130.Position = Vector3.new(286.9722900390625, 227.28549194335938, 392.6773376464844)
