Model6191.Name = "??"
Model6191.Parent = Folder0
Part6192.Name = "TreeMesh Bottom"
Part6192.Parent = Model6191
Part6192.CFrame = CFrame.new(1867.78381, 86.3140564, 432.437042, -0.946074665, 0.113717362, 0.303332716, 0.0445014127, 0.97310698, -0.226014137, -0.320876807, -0.200327545, -0.925692558)
Part6192.Orientation = Vector3.new(13.0600004196167, 161.86000061035156, 2.619999885559082)
Part6192.Position = Vector3.new(1867.7838134765625, 86.31405639648438, 432.4370422363281)
Part6192.Rotation = Vector3.new(166.27999877929688, 17.65999984741211, -173.14999389648438)
Part6192.Size = Vector3.new(8.250000953674316, 0.2499980926513672, 7)
Part6192.Anchored = true
Part6192.CanCollide = false
Part6192.Material = Enum.Material.Fabric
SpecialMesh6193.Name = "BarkMesh"
SpecialMesh6193.Parent = Part6192
SpecialMesh6193.MeshId = "rbxassetid://623621260"
SpecialMesh6193.Offset = Vector3.new(0, 3.4100000858306885, 0)
SpecialMesh6193.TextureId = "rbxassetid://623618671"
SpecialMesh6193.MeshType = Enum.MeshType.FileMesh
Part6194.Name = "TreeMeshTop"
Part6194.Parent = Model6191
Part6194.CFrame = CFrame.new(1867.78528, 116.454117, 432.436462, -0.946074665, 0.113717362, 0.303332716, 0.0445014127, 0.97310698, -0.226014137, -0.320876807, -0.200327545, -0.925692558)
Part6194.Orientation = Vector3.new(13.0600004196167, 161.86000061035156, 2.619999885559082)
Part6194.Position = Vector3.new(1867.7852783203125, 116.45411682128906, 432.43646240234375)
Part6194.Rotation = Vector3.new(166.27999877929688, 17.65999984741211, -173.14999389648438)
Part6194.Transparency = 0.05000000074505806
Part6194.Size = Vector3.new(8.250000953674316, 0.2499980926513672, 7)
Part6194.Anchored = true
Part6194.CanCollide = false
Part6194.Material = Enum.Material.Fabric
SpecialMesh6195.Name = "TopTreeMesh"
SpecialMesh6195.Parent = Part6194
SpecialMesh6195.MeshId = "rbxassetid://623621456"
SpecialMesh6195.Offset = Vector3.new(0, 3.4100000858306885, 0)
SpecialMesh6195.Scale = Vector3.new(1.600000023841858, 1.600000023841858, 1.600000023841858)
SpecialMesh6195.TextureId = "rbxassetid://745556120"
SpecialMesh6195.MeshType = Enum.MeshType.FileMesh
Model6196.Name = "??"
Model6196.Parent = Folder0
Part6197.Name = "TreeMesh Bottom"
Part6197.Parent = Model6196
Part6197.CFrame = CFrame.new(1710.5437, 90.4242935, -382.691681, -0.946099043, 0.106073909, -0.306014031, 0.0354838148, 0.97310698, 0.227604181, 0.32192719, 0.204477578, -0.924419522)
Part6197.Orientation = Vector3.new(-13.15999984741211, -161.67999267578125, 2.0899999141693115)
Part6197.Position = Vector3.new(1710.543701171875, 90.4242935180664, -382.6916809082031)
Part6197.Rotation = Vector3.new(-166.1699981689453, -17.81999969482422, -173.60000610351562)
Part6197.Size = Vector3.new(8.250000953674316, 0.2499980926513672, 7)
Part6197.Anchored = true
Part6197.CanCollide = false
Part6197.Material = Enum.Material.Fabric
SpecialMesh6198.Name = "BarkMesh"
SpecialMesh6198.Parent = Part6197
SpecialMesh6198.MeshId = "rbxassetid://623621260"
SpecialMesh6198.Offset = Vector3.new(0, 3.4100000858306885, 0)
SpecialMesh6198.TextureId = "rbxassetid://623618671"
SpecialMesh6198.MeshType = Enum.MeshType.FileMesh
Part6199.Name = "TreeMeshTop"
Part6199.Parent = Model6196
Part6199.CFrame = CFrame.new(1710.54346, 120.564346, -382.690216, -0.946099043, 0.106073909, -0.306014031, 0.0354838148, 0.97310698, 0.227604181, 0.32192719, 0.204477578, -0.924419522)
Part6199.Orientation = Vector3.new(-13.15999984741211, -161.67999267578125, 2.0899999141693115)
Part6199.Position = Vector3.new(1710.54345703125, 120.56434631347656, -382.6902160644531)
Part6199.Rotation = Vector3.new(-166.1699981689453, -17.81999969482422, -173.60000610351562)
Part6199.Transparency = 0.05000000074505806
Part6199.Size = Vector3.new(8.250000953674316, 0.2499980926513672, 7)
Part6199.Anchored = true
Part6199.CanCollide = false
Part6199.Material = Enum.Material.Fabric
SpecialMesh6200.Name = "TopTreeMesh"
SpecialMesh6200.Parent = Part6199
SpecialMesh6200.MeshId = "rbxassetid://623621456"
SpecialMesh6200.Offset = Vector3.new(0, 3.4100000858306885, 0)
SpecialMesh6200.Scale = Vector3.new(1.600000023841858, 1.600000023841858, 1.600000023841858)
SpecialMesh6200.TextureId = "rbxassetid://745556120"
SpecialMesh6200.MeshType = Enum.MeshType.FileMesh
Model6201.Name = "??"
Model6201.Parent = Folder0
Part6202.Name = "TreeMesh Bottom"
Part6202.Parent = Model6201
Part6202.CFrame = CFrame.new(1881.49878, 85.3140564, -383.001343, -0.992114723, 0.069581911, 0.104241788, 0.0445014127, 0.97310698, -0.226014137, -0.11716482, -0.219593078, -0.968530416)
Part6202.Orientation = Vector3.new(13.0600004196167, 173.86000061035156, 2.619999885559082)
Part6202.Position = Vector3.new(1881.498779296875, 85.31405639648438, -383.0013427734375)
Part6202.Rotation = Vector3.new(166.86000061035156, 5.980000019073486, -175.99000549316406)
Part6202.Size = Vector3.new(8.250000953674316, 0.2499980926513672, 7)
Part6202.Anchored = true
Part6202.CanCollide = false
Part6202.Material = Enum.Material.Fabric
SpecialMesh6203.Name = "BarkMesh"
SpecialMesh6203.Parent = Part6202
SpecialMesh6203.MeshId = "rbxassetid://623621260"
SpecialMesh6203.Offset = Vector3.new(0, 3.4100000858306885, 0)
SpecialMesh6203.TextureId = "rbxassetid://623618671"
SpecialMesh6203.MeshType = Enum.MeshType.FileMesh
Part6204.Name = "TreeMeshTop"
Part6204.Parent = Model6201
Part6204.CFrame = CFrame.new(1881.5, 115.454117, -383.002197, -0.992114723, 0.069581911, 0.104241788, 0.0445014127, 0.97310698, -0.226014137, -0.11716482, -0.219593078, -0.968530416)
Part6204.Orientation = Vector3.new(13.0600004196167, 173.86000061035156, 2.619999885559082)
Part6204.Position = Vector3.new(1881.5, 115.45411682128906, -383.002197265625)
Part6204.Rotation = Vector3.new(166.86000061035156, 5.980000019073486, -175.99000549316406)
Part6204.Transparency = 0.05000000074505806
Part6204.Size = Vector3.new(8.250000953674316, 0.2499980926513672, 7)
Part6204.Anchored = true
Part6204.CanCollide = false
Part6204.Material = Enum.Material.Fabric
SpecialMesh6205.Name = "TopTreeMesh"
SpecialMesh6205.Parent = Part6204
SpecialMesh6205.MeshId = "rbxassetid://623621456"
SpecialMesh6205.Offset = Vector3.new(0, 3.4100000858306885, 0)
SpecialMesh6205.Scale = Vector3.new(1.600000023841858, 1.600000023841858, 1.600000023841858)
SpecialMesh6205.TextureId = "rbxassetid://745556120"
SpecialMesh6205.MeshType = Enum.MeshType.FileMesh
Model6206.Name = "??"
Model6206.Parent = Folder0
Part6207.Name = "TreeMesh Bottom"
Part6207.Parent = Model6206
Part6207.CFrame = CFrame.new(1792.74829, 92.1414566, -279.163605, 0.680369496, 0.069581911, -0.729558349, 0.114693046, 0.97310698, 0.19977054, 0.723838806, -0.219593078, 0.654091835)
Part6207.Orientation = Vector3.new(-11.520000457763672, -48.119998931884766, 6.71999979019165)
Part6207.Position = Vector3.new(1792.748291015625, 92.1414566040039, -279.1636047363281)
Part6207.Rotation = Vector3.new(-16.979999542236328, -46.849998474121094, -5.840000152587891)
Part6207.Size = Vector3.new(8.250000953674316, 0.2499980926513672, 7)
Part6207.Anchored = true
Part6207.CanCollide = false
Part6207.Material = Enum.Material.Fabric
SpecialMesh6208.Name = "BarkMesh"
SpecialMesh6208.Parent = Part6207
SpecialMesh6208.MeshId = "rbxassetid://623621260"
SpecialMesh6208.Offset = Vector3.new(0, 3.4100000858306885, 0)
SpecialMesh6208.TextureId = "rbxassetid://623618671"
SpecialMesh6208.MeshType = Enum.MeshType.FileMesh
Part6209.Name = "TreeMeshTop"
Part6209.Parent = Model6206
Part6209.CFrame = CFrame.new(1792.74939, 122.281509, -279.164459, 0.680369496, 0.069581911, -0.729558349, 0.114693046, 0.97310698, 0.19977054, 0.723838806, -0.219593078, 0.654091835)
Part6209.Orientation = Vector3.new(-11.520000457763672, -48.119998931884766, 6.71999979019165)
Part6209.Position = Vector3.new(1792.7493896484375, 122.28150939941406, -279.1644592285156)
Part6209.Rotation = Vector3.new(-16.979999542236328, -46.849998474121094, -5.840000152587891)
Part6209.Transparency = 0.05000000074505806
Part6209.Size = Vector3.new(8.250000953674316, 0.2499980926513672, 7)
Part6209.Anchored = true
Part6209.CanCollide = false
Part6209.Material = Enum.Material.Fabric
SpecialMesh6210.Name = "TopTreeMesh"
SpecialMesh6210.Parent = Part6209
SpecialMesh6210.MeshId = "rbxassetid://623621456"
SpecialMesh6210.Offset = Vector3.new(0, 3.4100000858306885, 0)
SpecialMesh6210.Scale = Vector3.new(1.600000023841858, 1.600000023841858, 1.600000023841858)
SpecialMesh6210.TextureId = "rbxassetid://745556120"
SpecialMesh6210.MeshType = Enum.MeshType.FileMesh
Model6211.Name = "??"
Model6211.Parent = Folder0
Part6212.Name = "TreeMesh Bottom"
Part6212.Parent = Model6211
Part6212.CFrame = CFrame.new(1833.49878, 85.3140564, -332.001343, -0.992114723, 0.069581911, 0.104241788, 0.0445014127, 0.97310698, -0.226014137, -0.11716482, -0.219593078, -0.968530416)
Part6212.Orientation = Vector3.new(13.0600004196167, 173.86000061035156, 2.619999885559082)
Part6212.Position = Vector3.new(1833.498779296875, 85.31405639648438, -332.0013427734375)
Part6212.Rotation = Vector3.new(166.86000061035156, 5.980000019073486, -175.99000549316406)
Part6212.Size = Vector3.new(8.250000953674316, 0.2499980926513672, 7)
Part6212.Anchored = true
Part6212.CanCollide = false
Part6212.Material = Enum.Material.Fabric
SpecialMesh6213.Name = "BarkMesh"
SpecialMesh6213.Parent = Part6212
SpecialMesh6213.MeshId = "rbxassetid://623621260"
SpecialMesh6213.Offset = Vector3.new(0, 3.4100000858306885, 0)
SpecialMesh6213.TextureId = "rbxassetid://623618671"
SpecialMesh6213.MeshType = Enum.MeshType.FileMesh
Part6214.Name = "TreeMeshTop"
Part6214.Parent = Model6211
Part6214.CFrame = CFrame.new(1833.49988, 115.454117, -332.002197, -0.992114723, 0.069581911, 0.104241788, 0.0445014127, 0.97310698, -0.226014137, -0.11716482, -0.219593078, -0.968530416)
Part6214.Orientation = Vector3.new(13.0600004196167, 173.86000061035156, 2.619999885559082)
Part6214.Position = Vector3.new(1833.4998779296875, 115.45411682128906, -332.002197265625)
Part6214.Rotation = Vector3.new(166.86000061035156, 5.980000019073486, -175.99000549316406)
Part6214.Transparency = 0.05000000074505806
Part6214.Size = Vector3.new(8.250000953674316, 0.2499980926513672, 7)
Part6214.Anchored = true
Part6214.CanCollide = false
Part6214.Material = Enum.Material.Fabric
SpecialMesh6215.Name = "TopTreeMesh"
SpecialMesh6215.Parent = Part6214
SpecialMesh6215.MeshId = "rbxassetid://623621456"
SpecialMesh6215.Offset = Vector3.new(0, 3.4100000858306885, 0)
SpecialMesh6215.Scale = Vector3.new(1.600000023841858, 1.600000023841858, 1.600000023841858)
SpecialMesh6215.TextureId = "rbxassetid://745556120"
SpecialMesh6215.MeshType = Enum.MeshType.FileMesh
Model6216.Name = "??"
Model6216.Parent = Folder0
Part6217.Name = "TreeMesh Bottom"
Part6217.Parent = Model6216
Part6217.CFrame = CFrame.new(1805.49878, 85.3140564, -404.001343, -0.992114723, 0.069581911, 0.104241788, 0.0445014127, 0.97310698, -0.226014137, -0.11716482, -0.219593078, -0.968530416)
Part6217.Orientation = Vector3.new(13.0600004196167, 173.86000061035156, 2.619999885559082)
Part6217.Position = Vector3.new(1805.498779296875, 85.31405639648438, -404.0013427734375)
Part6217.Rotation = Vector3.new(166.86000061035156, 5.980000019073486, -175.99000549316406)
Part6217.Size = Vector3.new(8.250000953674316, 0.2499980926513672, 7)
Part6217.Anchored = true
Part6217.CanCollide = false
Part6217.Material = Enum.Material.Fabric
SpecialMesh6218.Name = "BarkMesh"
SpecialMesh6218.Parent = Part6217
SpecialMesh6218.MeshId = "rbxassetid://623621260"
SpecialMesh6218.Offset = Vector3.new(0, 3.4100000858306885, 0)
SpecialMesh6218.TextureId = "rbxassetid://623618671"
SpecialMesh6218.MeshType = Enum.MeshType.FileMesh
Part6219.Name = "TreeMeshTop"
Part6219.Parent = Model6216
Part6219.CFrame = CFrame.new(1805.49988, 115.454117, -404.002197, -0.992114723, 0.069581911, 0.104241788, 0.0445014127, 0.97310698, -0.226014137, -0.11716482, -0.219593078, -0.968530416)
Part6219.Orientation = Vector3.new(13.0600004196167, 173.86000061035156, 2.619999885559082)
Part6219.Position = Vector3.new(1805.4998779296875, 115.45411682128906, -404.002197265625)
Part6219.Rotation = Vector3.new(166.86000061035156, 5.980000019073486, -175.99000549316406)
Part6219.Transparency = 0.05000000074505806
Part6219.Size = Vector3.new(8.250000953674316, 0.2499980926513672, 7)
Part6219.Anchored = true
Part6219.CanCollide = false
Part6219.Material = Enum.Material.Fabric
SpecialMesh6220.Name = "TopTreeMesh"
SpecialMesh6220.Parent = Part6219
SpecialMesh6220.MeshId = "rbxassetid://623621456"
SpecialMesh6220.Offset = Vector3.new(0, 3.4100000858306885, 0)
SpecialMesh6220.Scale = Vector3.new(1.600000023841858, 1.600000023841858, 1.600000023841858)
SpecialMesh6220.TextureId = "rbxassetid://745556120"
SpecialMesh6220.MeshType = Enum.MeshType.FileMesh
Model6221.Name = "??"
Model6221.Parent = Folder0
Part6222.Name = "TreeMesh Bottom"
Part6222.Parent = Model6221
Part6222.CFrame = CFrame.new(1718.2522, 92.1414566, -327.068146, -0.992925227, 0.106073909, 0.0533628762, 0.114693046, 0.97310698, 0.19977054, -0.0307374597, 0.204477578, -0.978388429)
Part6222.Orientation = Vector3.new(-11.520000457763672, 176.8800048828125, 6.71999979019165)
Part6222.Position = Vector3.new(1718.252197265625, 92.1414566040039, -327.0681457519531)
Part6222.Rotation = Vector3.new(-168.4600067138672, 3.059999942779541, -173.89999389648438)
Part6222.Size = Vector3.new(8.250000953674316, 0.2499980926513672, 7)
Part6222.Anchored = true
Part6222.CanCollide = false
Part6222.Material = Enum.Material.Fabric
SpecialMesh6223.Name = "BarkMesh"
SpecialMesh6223.Parent = Part6222
SpecialMesh6223.MeshId = "rbxassetid://623621260"
SpecialMesh6223.Offset = Vector3.new(0, 3.4100000858306885, 0)
SpecialMesh6223.TextureId = "rbxassetid://623618671"
SpecialMesh6223.MeshType = Enum.MeshType.FileMesh
Part6224.Name = "TreeMeshTop"
Part6224.Parent = Model6221
Part6224.CFrame = CFrame.new(1718.25208, 122.281509, -327.066803, -0.992925227, 0.106073909, 0.0533628762, 0.114693046, 0.97310698, 0.19977054, -0.0307374597, 0.204477578, -0.978388429)
Part6224.Orientation = Vector3.new(-11.520000457763672, 176.8800048828125, 6.71999979019165)
Part6224.Position = Vector3.new(1718.2520751953125, 122.28150939941406, -327.0668029785156)
Part6224.Rotation = Vector3.new(-168.4600067138672, 3.059999942779541, -173.89999389648438)
Part6224.Transparency = 0.05000000074505806
Part6224.Size = Vector3.new(8.250000953674316, 0.2499980926513672, 7)
Part6224.Anchored = true
Part6224.CanCollide = false
Part6224.Material = Enum.Material.Fabric
SpecialMesh6225.Name = "TopTreeMesh"
SpecialMesh6225.Parent = Part6224
SpecialMesh6225.MeshId = "rbxassetid://623621456"
SpecialMesh6225.Offset = Vector3.new(0, 3.4100000858306885, 0)
SpecialMesh6225.Scale = Vector3.new(1.600000023841858, 1.600000023841858, 1.600000023841858)
SpecialMesh6225.TextureId = "rbxassetid://745556120"
SpecialMesh6225.MeshType = Enum.MeshType.FileMesh
Model6226.Name = "??"
Model6226.Parent = Folder0
Part6227.Name = "TreeMesh Bottom"
Part6227.Parent = Model6226
Part6227.CFrame = CFrame.new(1781.25427, 90.4242935, -351.57901, -0.946099043, 0.106073909, -0.306014031, 0.0354838148, 0.97310698, 0.227604181, 0.32192719, 0.204477578, -0.924419522)
Part6227.Orientation = Vector3.new(-13.15999984741211, -161.67999267578125, 2.0899999141693115)
Part6227.Position = Vector3.new(1781.2542724609375, 90.4242935180664, -351.5790100097656)
Part6227.Rotation = Vector3.new(-166.1699981689453, -17.81999969482422, -173.60000610351562)
Part6227.Size = Vector3.new(8.250000953674316, 0.2499980926513672, 7)
Part6227.Anchored = true
Part6227.CanCollide = false
Part6227.Material = Enum.Material.Fabric
SpecialMesh6228.Name = "BarkMesh"
SpecialMesh6228.Parent = Part6227
SpecialMesh6228.MeshId = "rbxassetid://623621260"
SpecialMesh6228.Offset = Vector3.new(0, 3.4100000858306885, 0)
SpecialMesh6228.TextureId = "rbxassetid://623618671"
SpecialMesh6228.MeshType = Enum.MeshType.FileMesh
Part6229.Name = "TreeMeshTop"
Part6229.Parent = Model6226
Part6229.CFrame = CFrame.new(1781.25427, 120.564346, -351.577545, -0.946099043, 0.106073909, -0.306014031, 0.0354838148, 0.97310698, 0.227604181, 0.32192719, 0.204477578, -0.924419522)
Part6229.Orientation = Vector3.new(-13.15999984741211, -161.67999267578125, 2.0899999141693115)
Part6229.Position = Vector3.new(1781.2542724609375, 120.56434631347656, -351.5775451660156)
Part6229.Rotation = Vector3.new(-166.1699981689453, -17.81999969482422, -173.60000610351562)
Part6229.Transparency = 0.05000000074505806
Part6229.Size = Vector3.new(8.250000953674316, 0.2499980926513672, 7)
Part6229.Anchored = true
Part6229.CanCollide = false
Part6229.Material = Enum.Material.Fabric
SpecialMesh6230.Name = "TopTreeMesh"
SpecialMesh6230.Parent = Part6229
SpecialMesh6230.MeshId = "rbxassetid://623621456"
SpecialMesh6230.Offset = Vector3.new(0, 3.4100000858306885, 0)
SpecialMesh6230.Scale = Vector3.new(1.600000023841858, 1.600000023841858, 1.600000023841858)
SpecialMesh6230.TextureId = "rbxassetid://745556120"
SpecialMesh6230.MeshType = Enum.MeshType.FileMesh
Model6231.Name = "??"
Model6231.Parent = Folder0
Part6232.Name = "TreeMesh Bottom"
Part6232.Parent = Model6231
Part6232.CFrame = CFrame.new(1853.49878, 85.3140564, -455.001343, -0.992114723, 0.069581911, 0.104241788, 0.0445014127, 0.97310698, -0.226014137, -0.11716482, -0.219593078, -0.968530416)
Part6232.Orientation = Vector3.new(13.0600004196167, 173.86000061035156, 2.619999885559082)
Part6232.Position = Vector3.new(1853.498779296875, 85.31405639648438, -455.0013427734375)
Part6232.Rotation = Vector3.new(166.86000061035156, 5.980000019073486, -175.99000549316406)
Part6232.Size = Vector3.new(8.250000953674316, 0.2499980926513672, 7)
Part6232.Anchored = true
Part6232.CanCollide = false
Part6232.Material = Enum.Material.Fabric
SpecialMesh6233.Name = "BarkMesh"
SpecialMesh6233.Parent = Part6232
SpecialMesh6233.MeshId = "rbxassetid://623621260"
SpecialMesh6233.Offset = Vector3.new(0, 3.4100000858306885, 0)
SpecialMesh6233.TextureId = "rbxassetid://623618671"
SpecialMesh6233.MeshType = Enum.MeshType.FileMesh
Part6234.Name = "TreeMeshTop"
Part6234.Parent = Model6231
Part6234.CFrame = CFrame.new(1853.5, 115.454117, -455.002197, -0.992114723, 0.069581911, 0.104241788, 0.0445014127, 0.97310698, -0.226014137, -0.11716482, -0.219593078, -0.968530416)
Part6234.Orientation = Vector3.new(13.0600004196167, 173.86000061035156, 2.619999885559082)
Part6234.Position = Vector3.new(1853.5, 115.45411682128906, -455.002197265625)
Part6234.Rotation = Vector3.new(166.86000061035156, 5.980000019073486, -175.99000549316406)
Part6234.Transparency = 0.05000000074505806
Part6234.Size = Vector3.new(8.250000953674316, 0.2499980926513672, 7)
Part6234.Anchored = true
Part6234.CanCollide = false
Part6234.Material = Enum.Material.Fabric
SpecialMesh6235.Name = "TopTreeMesh"
SpecialMesh6235.Parent = Part6234
SpecialMesh6235.MeshId = "rbxassetid://623621456"
SpecialMesh6235.Offset = Vector3.new(0, 3.4100000858306885, 0)
SpecialMesh6235.Scale = Vector3.new(1.600000023841858, 1.600000023841858, 1.600000023841858)
SpecialMesh6235.TextureId = "rbxassetid://745556120"
SpecialMesh6235.MeshType = Enum.MeshType.FileMesh
Model6236.Name = "??"
Model6236.Parent = Folder0
Part6237.Name = "TreeMesh Bottom"
Part6237.Parent = Model6236
Part6237.CFrame = CFrame.new(1731.74829, 92.1414566, -430.163605, 0.680369496, 0.069581911, -0.729558349, 0.114693046, 0.97310698, 0.19977054, 0.723838806, -0.219593078, 0.654091835)
Part6237.Orientation = Vector3.new(-11.520000457763672, -48.119998931884766, 6.71999979019165)
Part6237.Position = Vector3.new(1731.748291015625, 92.1414566040039, -430.1636047363281)
Part6237.Rotation = Vector3.new(-16.979999542236328, -46.849998474121094, -5.840000152587891)
Part6237.Size = Vector3.new(8.250000953674316, 0.2499980926513672, 7)
Part6237.Anchored = true
Part6237.CanCollide = false
Part6237.Material = Enum.Material.Fabric
SpecialMesh6238.Name = "BarkMesh"
SpecialMesh6238.Parent = Part6237
SpecialMesh6238.MeshId = "rbxassetid://623621260"
SpecialMesh6238.Offset = Vector3.new(0, 3.4100000858306885, 0)
SpecialMesh6238.TextureId = "rbxassetid://623618671"
SpecialMesh6238.MeshType = Enum.MeshType.FileMesh
Part6239.Name = "TreeMeshTop"
Part6239.Parent = Model6236
Part6239.CFrame = CFrame.new(1731.74939, 122.281509, -430.164459, 0.680369496, 0.069581911, -0.729558349, 0.114693046, 0.97310698, 0.19977054, 0.723838806, -0.219593078, 0.654091835)
Part6239.Orientation = Vector3.new(-11.520000457763672, -48.119998931884766, 6.71999979019165)
Part6239.Position = Vector3.new(1731.7493896484375, 122.28150939941406, -430.1644592285156)
Part6239.Rotation = Vector3.new(-16.979999542236328, -46.849998474121094, -5.840000152587891)
Part6239.Transparency = 0.05000000074505806
Part6239.Size = Vector3.new(8.250000953674316, 0.2499980926513672, 7)
Part6239.Anchored = true
Part6239.CanCollide = false
Part6239.Material = Enum.Material.Fabric
SpecialMesh6240.Name = "TopTreeMesh"
SpecialMesh6240.Parent = Part6239
SpecialMesh6240.MeshId = "rbxassetid://623621456"
SpecialMesh6240.Offset = Vector3.new(0, 3.4100000858306885, 0)
SpecialMesh6240.Scale = Vector3.new(1.600000023841858, 1.600000023841858, 1.600000023841858)
SpecialMesh6240.TextureId = "rbxassetid://745556120"
SpecialMesh6240.MeshType = Enum.MeshType.FileMesh
Model6241.Name = "??"
Model6241.Parent = Folder0
Part6242.Name = "TreeMesh Bottom"
Part6242.Parent = Model6241
Part6242.CFrame = CFrame.new(1772.49878, 85.3140564, -483.001343, -0.992114723, 0.069581911, 0.104241788, 0.0445014127, 0.97310698, -0.226014137, -0.11716482, -0.219593078, -0.968530416)
Part6242.Orientation = Vector3.new(13.0600004196167, 173.86000061035156, 2.619999885559082)
Part6242.Position = Vector3.new(1772.498779296875, 85.31405639648438, -483.0013427734375)
Part6242.Rotation = Vector3.new(166.86000061035156, 5.980000019073486, -175.99000549316406)
Part6242.Size = Vector3.new(8.250000953674316, 0.2499980926513672, 7)
Part6242.Anchored = true
Part6242.CanCollide = false
Part6242.Material = Enum.Material.Fabric
SpecialMesh6243.Name = "BarkMesh"
SpecialMesh6243.Parent = Part6242
SpecialMesh6243.MeshId = "rbxassetid://623621260"
SpecialMesh6243.Offset = Vector3.new(0, 3.4100000858306885, 0)
SpecialMesh6243.TextureId = "rbxassetid://623618671"
SpecialMesh6243.MeshType = Enum.MeshType.FileMesh
Part6244.Name = "TreeMeshTop"
Part6244.Parent = Model6241
Part6244.CFrame = CFrame.new(1772.49988, 115.454117, -483.002197, -0.992114723, 0.069581911, 0.104241788, 0.0445014127, 0.97310698, -0.226014137, -0.11716482, -0.219593078, -0.968530416)
Part6244.Orientation = Vector3.new(13.0600004196167, 173.86000061035156, 2.619999885559082)
Part6244.Position = Vector3.new(1772.4998779296875, 115.45411682128906, -483.002197265625)
Part6244.Rotation = Vector3.new(166.86000061035156, 5.980000019073486, -175.99000549316406)
Part6244.Transparency = 0.05000000074505806
Part6244.Size = Vector3.new(8.250000953674316, 0.2499980926513672, 7)
Part6244.Anchored = true
Part6244.CanCollide = false
Part6244.Material = Enum.Material.Fabric
SpecialMesh6245.Name = "TopTreeMesh"
SpecialMesh6245.Parent = Part6244
SpecialMesh6245.MeshId = "rbxassetid://623621456"
SpecialMesh6245.Offset = Vector3.new(0, 3.4100000858306885, 0)
SpecialMesh6245.Scale = Vector3.new(1.600000023841858, 1.600000023841858, 1.600000023841858)
SpecialMesh6245.TextureId = "rbxassetid://745556120"
SpecialMesh6245.MeshType = Enum.MeshType.FileMesh
Model6246.Name = "??"
Model6246.Parent = Folder0
Part6247.Name = "TreeMesh Bottom"
Part6247.Parent = Model6246
Part6247.CFrame = CFrame.new(1669.86731, 90.4242935, -457.381134, 0.89662993, 0.069581911, -0.437278748, 0.0354838148, 0.97310698, 0.227604181, 0.441356152, -0.219593078, 0.870047927)
Part6247.Orientation = Vector3.new(-13.15999984741211, -26.68000030517578, 2.0899999141693115)
Part6247.Position = Vector3.new(1669.8673095703125, 90.4242935180664, -457.3811340332031)
Part6247.Rotation = Vector3.new(-14.65999984741211, -25.93000030517578, -4.440000057220459)
Part6247.Size = Vector3.new(8.250000953674316, 0.2499980926513672, 7)
Part6247.Anchored = true
Part6247.CanCollide = false
Part6247.Material = Enum.Material.Fabric
SpecialMesh6248.Name = "BarkMesh"
SpecialMesh6248.Parent = Part6247
SpecialMesh6248.MeshId = "rbxassetid://623621260"
SpecialMesh6248.Offset = Vector3.new(0, 3.4100000858306885, 0)
SpecialMesh6248.TextureId = "rbxassetid://623618671"
SpecialMesh6248.MeshType = Enum.MeshType.FileMesh
Part6249.Name = "TreeMeshTop"
Part6249.Parent = Model6246
Part6249.CFrame = CFrame.new(1669.86841, 120.564346, -457.381989, 0.89662993, 0.069581911, -0.437278748, 0.0354838148, 0.97310698, 0.227604181, 0.441356152, -0.219593078, 0.870047927)
Part6249.Orientation = Vector3.new(-13.15999984741211, -26.68000030517578, 2.0899999141693115)
Part6249.Position = Vector3.new(1669.868408203125, 120.56434631347656, -457.3819885253906)
Part6249.Rotation = Vector3.new(-14.65999984741211, -25.93000030517578, -4.440000057220459)
Part6249.Transparency = 0.05000000074505806
Part6249.Size = Vector3.new(8.250000953674316, 0.2499980926513672, 7)
Part6249.Anchored = true
Part6249.CanCollide = false
Part6249.Material = Enum.Material.Fabric
SpecialMesh6250.Name = "TopTreeMesh"
SpecialMesh6250.Parent = Part6249
SpecialMesh6250.MeshId = "rbxassetid://623621456"
SpecialMesh6250.Offset = Vector3.new(0, 3.4100000858306885, 0)
SpecialMesh6250.Scale = Vector3.new(1.600000023841858, 1.600000023841858, 1.600000023841858)
SpecialMesh6250.TextureId = "rbxassetid://745556120"
SpecialMesh6250.MeshType = Enum.MeshType.FileMesh
Model6251.Name = "??"
Model6251.Parent = Folder0
Part6252.Name = "TreeMesh Bottom"
Part6252.Parent = Model6251
Part6252.CFrame = CFrame.new(1820.49878, 85.3140564, -534.001343, -0.992114723, 0.069581911, 0.104241788, 0.0445014127, 0.97310698, -0.226014137, -0.11716482, -0.219593078, -0.968530416)
Part6252.Orientation = Vector3.new(13.0600004196167, 173.86000061035156, 2.619999885559082)
Part6252.Position = Vector3.new(1820.498779296875, 85.31405639648438, -534.0013427734375)
Part6252.Rotation = Vector3.new(166.86000061035156, 5.980000019073486, -175.99000549316406)
Part6252.Size = Vector3.new(8.250000953674316, 0.2499980926513672, 7)
Part6252.Anchored = true
Part6252.CanCollide = false
Part6252.Material = Enum.Material.Fabric
SpecialMesh6253.Name = "BarkMesh"
SpecialMesh6253.Parent = Part6252
SpecialMesh6253.MeshId = "rbxassetid://623621260"
SpecialMesh6253.Offset = Vector3.new(0, 3.4100000858306885, 0)
SpecialMesh6253.TextureId = "rbxassetid://623618671"
SpecialMesh6253.MeshType = Enum.MeshType.FileMesh
Part6254.Name = "TreeMeshTop"
Part6254.Parent = Model6251
Part6254.CFrame = CFrame.new(1820.5, 115.454117, -534.002197, -0.992114723, 0.069581911, 0.104241788, 0.0445014127, 0.97310698, -0.226014137, -0.11716482, -0.219593078, -0.968530416)
Part6254.Orientation = Vector3.new(13.0600004196167, 173.86000061035156, 2.619999885559082)
Part6254.Position = Vector3.new(1820.5, 115.45411682128906, -534.002197265625)
Part6254.Rotation = Vector3.new(166.86000061035156, 5.980000019073486, -175.99000549316406)
Part6254.Transparency = 0.05000000074505806
Part6254.Size = Vector3.new(8.250000953674316, 0.2499980926513672, 7)
Part6254.Anchored = true
Part6254.CanCollide = false
Part6254.Material = Enum.Material.Fabric
SpecialMesh6255.Name = "TopTreeMesh"
SpecialMesh6255.Parent = Part6254
SpecialMesh6255.MeshId = "rbxassetid://623621456"
SpecialMesh6255.Offset = Vector3.new(0, 3.4100000858306885, 0)
SpecialMesh6255.Scale = Vector3.new(1.600000023841858, 1.600000023841858, 1.600000023841858)
SpecialMesh6255.TextureId = "rbxassetid://745556120"
SpecialMesh6255.MeshType = Enum.MeshType.FileMesh
Model6256.Name = "??"
Model6256.Parent = Folder0
Part6257.Name = "TreeMesh Bottom"
Part6257.Parent = Model6256
Part6257.CFrame = CFrame.new(1772.49878, 85.3140564, -584.001343, -0.992114723, 0.069581911, 0.104241788, 0.0445014127, 0.97310698, -0.226014137, -0.11716482, -0.219593078, -0.968530416)
Part6257.Orientation = Vector3.new(13.0600004196167, 173.86000061035156, 2.619999885559082)
Part6257.Position = Vector3.new(1772.498779296875, 85.31405639648438, -584.0013427734375)
Part6257.Rotation = Vector3.new(166.86000061035156, 5.980000019073486, -175.99000549316406)
Part6257.Size = Vector3.new(8.250000953674316, 0.2499980926513672, 7)
Part6257.Anchored = true
Part6257.CanCollide = false
Part6257.Material = Enum.Material.Fabric
SpecialMesh6258.Name = "BarkMesh"
SpecialMesh6258.Parent = Part6257
SpecialMesh6258.MeshId = "rbxassetid://623621260"
SpecialMesh6258.Offset = Vector3.new(0, 3.4100000858306885, 0)
SpecialMesh6258.TextureId = "rbxassetid://623618671"
SpecialMesh6258.MeshType = Enum.MeshType.FileMesh
Part6259.Name = "TreeMeshTop"
Part6259.Parent = Model6256
Part6259.CFrame = CFrame.new(1772.49988, 115.454117, -584.002197, -0.992114723, 0.069581911, 0.104241788, 0.0445014127, 0.97310698, -0.226014137, -0.11716482, -0.219593078, -0.968530416)
Part6259.Orientation = Vector3.new(13.0600004196167, 173.86000061035156, 2.619999885559082)
Part6259.Position = Vector3.new(1772.4998779296875, 115.45411682128906, -584.002197265625)
Part6259.Rotation = Vector3.new(166.86000061035156, 5.980000019073486, -175.99000549316406)
Part6259.Transparency = 0.05000000074505806
Part6259.Size = Vector3.new(8.250000953674316, 0.2499980926513672, 7)
Part6259.Anchored = true
Part6259.CanCollide = false
Part6259.Material = Enum.Material.Fabric
SpecialMesh6260.Name = "TopTreeMesh"
SpecialMesh6260.Parent = Part6259
SpecialMesh6260.MeshId = "rbxassetid://623621456"
SpecialMesh6260.Offset = Vector3.new(0, 3.4100000858306885, 0)
SpecialMesh6260.Scale = Vector3.new(1.600000023841858, 1.600000023841858, 1.600000023841858)
SpecialMesh6260.TextureId = "rbxassetid://745556120"
SpecialMesh6260.MeshType = Enum.MeshType.FileMesh
Model6261.Name = "??"
Model6261.Parent = Folder0
Part6262.Name = "TreeMesh Bottom"
Part6262.Parent = Model6261
Part6262.CFrame = CFrame.new(1669.86731, 90.4242935, -558.381104, 0.89662993, 0.069581911, -0.437278748, 0.0354838148, 0.97310698, 0.227604181, 0.441356152, -0.219593078, 0.870047927)
Part6262.Orientation = Vector3.new(-13.15999984741211, -26.68000030517578, 2.0899999141693115)
Part6262.Position = Vector3.new(1669.8673095703125, 90.4242935180664, -558.381103515625)
Part6262.Rotation = Vector3.new(-14.65999984741211, -25.93000030517578, -4.440000057220459)
Part6262.Size = Vector3.new(8.250000953674316, 0.2499980926513672, 7)
Part6262.Anchored = true
Part6262.CanCollide = false
Part6262.Material = Enum.Material.Fabric
SpecialMesh6263.Name = "BarkMesh"
SpecialMesh6263.Parent = Part6262
SpecialMesh6263.MeshId = "rbxassetid://623621260"
SpecialMesh6263.Offset = Vector3.new(0, 3.4100000858306885, 0)
SpecialMesh6263.TextureId = "rbxassetid://623618671"
SpecialMesh6263.MeshType = Enum.MeshType.FileMesh
Part6264.Name = "TreeMeshTop"
Part6264.Parent = Model6261
Part6264.CFrame = CFrame.new(1669.86841, 120.564346, -558.381958, 0.89662993, 0.069581911, -0.437278748, 0.0354838148, 0.97310698, 0.227604181, 0.441356152, -0.219593078, 0.870047927)
Part6264.Orientation = Vector3.new(-13.15999984741211, -26.68000030517578, 2.0899999141693115)
Part6264.Position = Vector3.new(1669.868408203125, 120.56434631347656, -558.3819580078125)
Part6264.Rotation = Vector3.new(-14.65999984741211, -25.93000030517578, -4.440000057220459)
Part6264.Transparency = 0.05000000074505806
Part6264.Size = Vector3.new(8.250000953674316, 0.2499980926513672, 7)
Part6264.Anchored = true
Part6264.CanCollide = false
Part6264.Material = Enum.Material.Fabric
SpecialMesh6265.Name = "TopTreeMesh"
SpecialMesh6265.Parent = Part6264
SpecialMesh6265.MeshId = "rbxassetid://623621456"
SpecialMesh6265.Offset = Vector3.new(0, 3.4100000858306885, 0)
SpecialMesh6265.Scale = Vector3.new(1.600000023841858, 1.600000023841858, 1.600000023841858)
SpecialMesh6265.TextureId = "rbxassetid://745556120"
SpecialMesh6265.MeshType = Enum.MeshType.FileMesh
Model6266.Name = "??"
Model6266.Parent = Folder0
Part6267.Name = "TreeMesh Bottom"
Part6267.Parent = Model6266
Part6267.CFrame = CFrame.new(1731.74829, 92.1414566, -531.163574, 0.680369496, 0.069581911, -0.729558349, 0.114693046, 0.97310698, 0.19977054, 0.723838806, -0.219593078, 0.654091835)
Part6267.Orientation = Vector3.new(-11.520000457763672, -48.119998931884766, 6.71999979019165)
Part6267.Position = Vector3.new(1731.748291015625, 92.1414566040039, -531.16357421875)
Part6267.Rotation = Vector3.new(-16.979999542236328, -46.849998474121094, -5.840000152587891)
Part6267.Size = Vector3.new(8.250000953674316, 0.2499980926513672, 7)
Part6267.Anchored = true
Part6267.CanCollide = false
Part6267.Material = Enum.Material.Fabric
SpecialMesh6268.Name = "BarkMesh"
SpecialMesh6268.Parent = Part6267
SpecialMesh6268.MeshId = "rbxassetid://623621260"
SpecialMesh6268.Offset = Vector3.new(0, 3.4100000858306885, 0)
SpecialMesh6268.TextureId = "rbxassetid://623618671"
SpecialMesh6268.MeshType = Enum.MeshType.FileMesh
Part6269.Name = "TreeMeshTop"
Part6269.Parent = Model6266
Part6269.CFrame = CFrame.new(1731.74939, 122.281509, -531.164429, 0.680369496, 0.069581911, -0.729558349, 0.114693046, 0.97310698, 0.19977054, 0.723838806, -0.219593078, 0.654091835)
Part6269.Orientation = Vector3.new(-11.520000457763672, -48.119998931884766, 6.71999979019165)
Part6269.Position = Vector3.new(1731.7493896484375, 122.28150939941406, -531.1644287109375)
Part6269.Rotation = Vector3.new(-16.979999542236328, -46.849998474121094, -5.840000152587891)
Part6269.Transparency = 0.05000000074505806
Part6269.Size = Vector3.new(8.250000953674316, 0.2499980926513672, 7)
Part6269.Anchored = true
Part6269.CanCollide = false
Part6269.Material = Enum.Material.Fabric
SpecialMesh6270.Name = "TopTreeMesh"
SpecialMesh6270.Parent = Part6269
SpecialMesh6270.MeshId = "rbxassetid://623621456"
SpecialMesh6270.Offset = Vector3.new(0, 3.4100000858306885, 0)
SpecialMesh6270.Scale = Vector3.new(1.600000023841858, 1.600000023841858, 1.600000023841858)
SpecialMesh6270.TextureId = "rbxassetid://745556120"
SpecialMesh6270.MeshType = Enum.MeshType.FileMesh
Model6271.Name = "??"
Model6271.Parent = Folder0
Part6272.Name = "TreeMesh Bottom"
Part6272.Parent = Model6271
Part6272.CFrame = CFrame.new(1820.49878, 85.3140564, -635.001343, -0.992114723, 0.069581911, 0.104241788, 0.0445014127, 0.97310698, -0.226014137, -0.11716482, -0.219593078, -0.968530416)
Part6272.Orientation = Vector3.new(13.0600004196167, 173.86000061035156, 2.619999885559082)
Part6272.Position = Vector3.new(1820.498779296875, 85.31405639648438, -635.0013427734375)
Part6272.Rotation = Vector3.new(166.86000061035156, 5.980000019073486, -175.99000549316406)
Part6272.Size = Vector3.new(8.250000953674316, 0.2499980926513672, 7)
Part6272.Anchored = true
Part6272.CanCollide = false
Part6272.Material = Enum.Material.Fabric
SpecialMesh6273.Name = "BarkMesh"
SpecialMesh6273.Parent = Part6272
SpecialMesh6273.MeshId = "rbxassetid://623621260"
SpecialMesh6273.Offset = Vector3.new(0, 3.4100000858306885, 0)
SpecialMesh6273.TextureId = "rbxassetid://623618671"
SpecialMesh6273.MeshType = Enum.MeshType.FileMesh
Part6274.Name = "TreeMeshTop"
Part6274.Parent = Model6271
Part6274.CFrame = CFrame.new(1820.5, 115.454117, -635.002197, -0.992114723, 0.069581911, 0.104241788, 0.0445014127, 0.97310698, -0.226014137, -0.11716482, -0.219593078, -0.968530416)
Part6274.Orientation = Vector3.new(13.0600004196167, 173.86000061035156, 2.619999885559082)
Part6274.Position = Vector3.new(1820.5, 115.45411682128906, -635.002197265625)
Part6274.Rotation = Vector3.new(166.86000061035156, 5.980000019073486, -175.99000549316406)
Part6274.Transparency = 0.05000000074505806
Part6274.Size = Vector3.new(8.250000953674316, 0.2499980926513672, 7)
Part6274.Anchored = true
Part6274.CanCollide = false
Part6274.Material = Enum.Material.Fabric
SpecialMesh6275.Name = "TopTreeMesh"
SpecialMesh6275.Parent = Part6274
SpecialMesh6275.MeshId = "rbxassetid://623621456"
SpecialMesh6275.Offset = Vector3.new(0, 3.4100000858306885, 0)
SpecialMesh6275.Scale = Vector3.new(1.600000023841858, 1.600000023841858, 1.600000023841858)
SpecialMesh6275.TextureId = "rbxassetid://745556120"
SpecialMesh6275.MeshType = Enum.MeshType.FileMesh
Model6276.Name = "??"
Model6276.Parent = Folder0
Part6277.Name = "TreeMesh Bottom"
Part6277.Parent = Model6276
Part6277.CFrame = CFrame.new(1669.86731, 90.4242935, -492.381134, 0.89662993, 0.069581911, -0.437278748, 0.0354838148, 0.97310698, 0.227604181, 0.441356152, -0.219593078, 0.870047927)
Part6277.Orientation = Vector3.new(-13.15999984741211, -26.68000030517578, 2.0899999141693115)
Part6277.Position = Vector3.new(1669.8673095703125, 90.4242935180664, -492.3811340332031)
Part6277.Rotation = Vector3.new(-14.65999984741211, -25.93000030517578, -4.440000057220459)
Part6277.Size = Vector3.new(8.250000953674316, 0.2499980926513672, 7)
Part6277.Anchored = true
Part6277.CanCollide = false
Part6277.Material = Enum.Material.Fabric
SpecialMesh6278.Name = "BarkMesh"
SpecialMesh6278.Parent = Part6277
SpecialMesh6278.MeshId = "rbxassetid://623621260"
SpecialMesh6278.Offset = Vector3.new(0, 3.4100000858306885, 0)
SpecialMesh6278.TextureId = "rbxassetid://623618671"
SpecialMesh6278.MeshType = Enum.MeshType.FileMesh
Part6279.Name = "TreeMeshTop"
Part6279.Parent = Model6276
Part6279.CFrame = CFrame.new(1669.86841, 120.564346, -492.381989, 0.89662993, 0.069581911, -0.437278748, 0.0354838148, 0.97310698, 0.227604181, 0.441356152, -0.219593078, 0.870047927)
Part6279.Orientation = Vector3.new(-13.15999984741211, -26.68000030517578, 2.0899999141693115)
Part6279.Position = Vector3.new(1669.868408203125, 120.56434631347656, -492.3819885253906)
Part6279.Rotation = Vector3.new(-14.65999984741211, -25.93000030517578, -4.440000057220459)
Part6279.Transparency = 0.05000000074505806
Part6279.Size = Vector3.new(8.250000953674316, 0.2499980926513672, 7)
Part6279.Anchored = true
Part6279.CanCollide = false
Part6279.Material = Enum.Material.Fabric
SpecialMesh6280.Name = "TopTreeMesh"
SpecialMesh6280.Parent = Part6279
SpecialMesh6280.MeshId = "rbxassetid://623621456"
SpecialMesh6280.Offset = Vector3.new(0, 3.4100000858306885, 0)
SpecialMesh6280.Scale = Vector3.new(1.600000023841858, 1.600000023841858, 1.600000023841858)
SpecialMesh6280.TextureId = "rbxassetid://745556120"
SpecialMesh6280.MeshType = Enum.MeshType.FileMesh
Model6281.Name = "??"
Model6281.Parent = Folder0
Part6282.Name = "TreeMesh Bottom"
Part6282.Parent = Model6281
Part6282.CFrame = CFrame.new(1603.86731, 90.4242935, -676.381104, 0.89662993, 0.069581911, -0.437278748, 0.0354838148, 0.97310698, 0.227604181, 0.441356152, -0.219593078, 0.870047927)
Part6282.Orientation = Vector3.new(-13.15999984741211, -26.68000030517578, 2.0899999141693115)
Part6282.Position = Vector3.new(1603.8673095703125, 90.4242935180664, -676.381103515625)
Part6282.Rotation = Vector3.new(-14.65999984741211, -25.93000030517578, -4.440000057220459)
Part6282.Size = Vector3.new(8.250000953674316, 0.2499980926513672, 7)
Part6282.Anchored = true
Part6282.CanCollide = false
Part6282.Material = Enum.Material.Fabric
SpecialMesh6283.Name = "BarkMesh"
SpecialMesh6283.Parent = Part6282
SpecialMesh6283.MeshId = "rbxassetid://623621260"
SpecialMesh6283.Offset = Vector3.new(0, 3.4100000858306885, 0)
SpecialMesh6283.TextureId = "rbxassetid://623618671"
SpecialMesh6283.MeshType = Enum.MeshType.FileMesh
Part6284.Name = "TreeMeshTop"
Part6284.Parent = Model6281
Part6284.CFrame = CFrame.new(1603.86841, 120.564346, -676.381958, 0.89662993, 0.069581911, -0.437278748, 0.0354838148, 0.97310698, 0.227604181, 0.441356152, -0.219593078, 0.870047927)
Part6284.Orientation = Vector3.new(-13.15999984741211, -26.68000030517578, 2.0899999141693115)
Part6284.Position = Vector3.new(1603.868408203125, 120.56434631347656, -676.3819580078125)
Part6284.Rotation = Vector3.new(-14.65999984741211, -25.93000030517578, -4.440000057220459)
Part6284.Transparency = 0.05000000074505806
Part6284.Size = Vector3.new(8.250000953674316, 0.2499980926513672, 7)
Part6284.Anchored = true
Part6284.CanCollide = false
Part6284.Material = Enum.Material.Fabric
