Model5625.Name = "??"
Model5625.Parent = Folder0
Part5626.Name = "TreeMesh Bottom"
Part5626.Parent = Model5625
Part5626.CFrame = CFrame.new(-1196.81653, 111.727127, -3441.60205, 0.970840037, -0.05351853, -0.23369801, 0.0118048163, 0.984258473, -0.176361829, 0.239455938, 0.168457866, 0.956181824)
Part5626.Orientation = Vector3.new(10.15999984741211, -13.729999542236328, 0.6899999976158142)
Part5626.Position = Vector3.new(-1196.8165283203125, 111.72712707519531, -3441.60205078125)
Part5626.Rotation = Vector3.new(10.449999809265137, -13.510000228881836, 3.1600000858306885)
Part5626.Size = Vector3.new(8.250000953674316, 0.2499980926513672, 7)
Part5626.Anchored = true
Part5626.CanCollide = false
Part5626.Material = Enum.Material.Fabric
SpecialMesh5627.Name = "BarkMesh"
SpecialMesh5627.Parent = Part5626
SpecialMesh5627.MeshId = "rbxassetid://623621260"
SpecialMesh5627.Offset = Vector3.new(0, 3.4100000858306885, 0)
SpecialMesh5627.TextureId = "rbxassetid://623618671"
SpecialMesh5627.MeshType = Enum.MeshType.FileMesh
Part5628.Name = "TreeMeshTop"
Part5628.Parent = Model5625
Part5628.CFrame = CFrame.new(-1198.42834, 141.392654, -3436.52539, 0.970836401, -0.0535183214, -0.233693331, 0.0118059516, 0.984255075, -0.17635946, 0.239452302, 0.16845721, 0.95618248)
Part5628.Orientation = Vector3.new(10.15999984741211, -13.729999542236328, 0.6899999976158142)
Part5628.Position = Vector3.new(-1198.4283447265625, 141.3926544189453, -3436.525390625)
Part5628.Rotation = Vector3.new(10.449999809265137, -13.510000228881836, 3.1600000858306885)
Part5628.Transparency = 0.05000000074505806
Part5628.Size = Vector3.new(8.250000953674316, 0.2499980926513672, 7)
Part5628.Anchored = true
Part5628.CanCollide = false
Part5628.Material = Enum.Material.Fabric
SpecialMesh5629.Name = "TopTreeMesh"
SpecialMesh5629.Parent = Part5628
SpecialMesh5629.MeshId = "rbxassetid://623621456"
SpecialMesh5629.Offset = Vector3.new(0, 3.4100000858306885, 0)
SpecialMesh5629.Scale = Vector3.new(1.600000023841858, 1.600000023841858, 1.600000023841858)
SpecialMesh5629.TextureId = "rbxassetid://745556120"
SpecialMesh5629.MeshType = Enum.MeshType.FileMesh
Model5630.Name = "??"
Model5630.Parent = Folder0
Part5631.Name = "TreeMesh Bottom"
Part5631.Parent = Model5630
Part5631.CFrame = CFrame.new(-1335.03613, 110.951385, -3504.54224, 0.970297456, 8.59459192e-07, -0.241915122, 0.00844280422, 0.999390721, 0.0338667929, 0.241767779, -0.0349033028, 0.969706297)
Part5631.Orientation = Vector3.new(-1.940000057220459, -14.010000228881836, 0.47999998927116394)
Part5631.Position = Vector3.new(-1335.0361328125, 110.95138549804688, -3504.542236328125)
Part5631.Rotation = Vector3.new(-2, -14, 0)
Part5631.Size = Vector3.new(8.250000953674316, 0.2499980926513672, 7)
Part5631.Anchored = true
Part5631.CanCollide = false
Part5631.Material = Enum.Material.Fabric
SpecialMesh5632.Name = "BarkMesh"
SpecialMesh5632.Parent = Part5631
SpecialMesh5632.MeshId = "rbxassetid://623621260"
SpecialMesh5632.Offset = Vector3.new(0, 3.4100000858306885, 0)
SpecialMesh5632.TextureId = "rbxassetid://623618671"
SpecialMesh5632.MeshType = Enum.MeshType.FileMesh
Part5633.Name = "TreeMeshTop"
Part5633.Parent = Model5630
Part5633.CFrame = CFrame.new(-1335.03491, 141.07309, -3505.59448, 0.970298111, 2.10168608e-07, -0.241912395, 0.00844340771, 0.999390721, 0.0338669457, 0.241764992, -0.0349035934, 0.969707012)
Part5633.Orientation = Vector3.new(-1.940000057220459, -14.010000228881836, 0.47999998927116394)
Part5633.Position = Vector3.new(-1335.034912109375, 141.07308959960938, -3505.594482421875)
Part5633.Rotation = Vector3.new(-2, -14, 0)
Part5633.Transparency = 0.05000000074505806
Part5633.Size = Vector3.new(8.250000953674316, 0.2499980926513672, 7)
Part5633.Anchored = true
Part5633.CanCollide = false
Part5633.Material = Enum.Material.Fabric
SpecialMesh5634.Name = "TopTreeMesh"
SpecialMesh5634.Parent = Part5633
SpecialMesh5634.MeshId = "rbxassetid://623621456"
SpecialMesh5634.Offset = Vector3.new(0, 3.4100000858306885, 0)
SpecialMesh5634.Scale = Vector3.new(1.600000023841858, 1.600000023841858, 1.600000023841858)
SpecialMesh5634.TextureId = "rbxassetid://745556120"
SpecialMesh5634.MeshType = Enum.MeshType.FileMesh
Model5635.Name = "??"
Model5635.Parent = Folder0
Part5636.Name = "TreeMesh Bottom"
Part5636.Parent = Model5635
Part5636.CFrame = CFrame.new(-1202.15039, 85.8627167, -3542.11035, -0.640639186, 0.284643918, 0.713133454, -0.274084151, 0.782793343, -0.558670223, -0.717258215, -0.553364575, -0.423471749)
Part5636.Orientation = Vector3.new(33.959999084472656, 120.69999694824219, -19.299999237060547)
Part5636.Position = Vector3.new(-1202.150390625, 85.86271667480469, -3542.1103515625)
Part5636.Rotation = Vector3.new(127.16000366210938, 45.4900016784668, -156.0399932861328)
Part5636.Size = Vector3.new(8.250000953674316, 0.2499980926513672, 7)
Part5636.Anchored = true
Part5636.CanCollide = false
Part5636.Material = Enum.Material.Fabric
SpecialMesh5637.Name = "BarkMesh"
SpecialMesh5637.Parent = Part5636
SpecialMesh5637.MeshId = "rbxassetid://623621260"
SpecialMesh5637.Offset = Vector3.new(0, 3.4100000858306885, 0)
SpecialMesh5637.TextureId = "rbxassetid://623618671"
SpecialMesh5637.MeshType = Enum.MeshType.FileMesh
Part5638.Name = "TreeMeshTop"
Part5638.Parent = Model5635
Part5638.CFrame = CFrame.new(-1195.43384, 113.102539, -3553.12476, -0.640639186, 0.284643918, 0.713133454, -0.274084151, 0.782793343, -0.558670223, -0.717258215, -0.553364575, -0.423471749)
Part5638.Orientation = Vector3.new(33.959999084472656, 120.69999694824219, -19.299999237060547)
Part5638.Position = Vector3.new(-1195.433837890625, 113.1025390625, -3553.124755859375)
Part5638.Rotation = Vector3.new(127.16000366210938, 45.4900016784668, -156.0399932861328)
Part5638.Transparency = 0.05000000074505806
Part5638.Size = Vector3.new(8.250000953674316, 0.2499980926513672, 7)
Part5638.Anchored = true
Part5638.CanCollide = false
Part5638.Material = Enum.Material.Fabric
SpecialMesh5639.Name = "TopTreeMesh"
SpecialMesh5639.Parent = Part5638
SpecialMesh5639.MeshId = "rbxassetid://623621456"
SpecialMesh5639.Offset = Vector3.new(0, 3.4100000858306885, 0)
SpecialMesh5639.Scale = Vector3.new(1.600000023841858, 1.600000023841858, 1.600000023841858)
SpecialMesh5639.TextureId = "rbxassetid://745556120"
SpecialMesh5639.MeshType = Enum.MeshType.FileMesh
Model5640.Name = "??"
Model5640.Parent = Folder0
Part5641.Name = "TreeMesh Bottom"
Part5641.Parent = Model5640
Part5641.CFrame = CFrame.new(-1240.72485, 99.8068924, -3620.00781, 0.969997406, 0.0250318348, -0.24184227, 0.0245772898, 0.979499698, 0.199959472, 0.241887838, -0.199903488, 0.949489236)
Part5641.Orientation = Vector3.new(-11.529999732971191, -14.289999961853027, 1.440000057220459)
Part5641.Position = Vector3.new(-1240.724853515625, 99.80689239501953, -3620.0078125)
Part5641.Rotation = Vector3.new(-11.890000343322754, -14, -1.4800000190734863)
Part5641.Size = Vector3.new(8.250000953674316, 0.2499980926513672, 7)
Part5641.Anchored = true
Part5641.CanCollide = false
Part5641.Material = Enum.Material.Fabric
SpecialMesh5642.Name = "BarkMesh"
SpecialMesh5642.Parent = Part5641
SpecialMesh5642.MeshId = "rbxassetid://623621260"
SpecialMesh5642.Offset = Vector3.new(0, 3.4100000858306885, 0)
SpecialMesh5642.TextureId = "rbxassetid://623618671"
SpecialMesh5642.MeshType = Enum.MeshType.FileMesh
Part5643.Name = "TreeMeshTop"
Part5643.Parent = Model5640
Part5643.CFrame = CFrame.new(-1239.96924, 129.328705, -3626.03296, 0.969998181, 0.0250311922, -0.241839543, 0.0245774128, 0.979499698, 0.199959695, 0.241885036, -0.199903816, 0.949489951)
Part5643.Orientation = Vector3.new(-11.529999732971191, -14.289999961853027, 1.440000057220459)
Part5643.Position = Vector3.new(-1239.96923828125, 129.32870483398438, -3626.032958984375)
Part5643.Rotation = Vector3.new(-11.890000343322754, -14, -1.4800000190734863)
Part5643.Transparency = 0.05000000074505806
Part5643.Size = Vector3.new(8.250000953674316, 0.2499980926513672, 7)
Part5643.Anchored = true
Part5643.CanCollide = false
Part5643.Material = Enum.Material.Fabric
SpecialMesh5644.Name = "TopTreeMesh"
SpecialMesh5644.Parent = Part5643
SpecialMesh5644.MeshId = "rbxassetid://623621456"
SpecialMesh5644.Offset = Vector3.new(0, 3.4100000858306885, 0)
SpecialMesh5644.Scale = Vector3.new(1.600000023841858, 1.600000023841858, 1.600000023841858)
SpecialMesh5644.TextureId = "rbxassetid://745556120"
SpecialMesh5644.MeshType = Enum.MeshType.FileMesh
Model5645.Name = "??"
Model5645.Parent = Folder0
Part5646.Name = "TreeMesh Bottom"
Part5646.Parent = Model5645
Part5646.CFrame = CFrame.new(-1143.65796, 97.4590073, -3477.76538, -0.640639186, 0.284643918, 0.713133454, -0.274084151, 0.782793343, -0.558670223, -0.717258215, -0.553364575, -0.423471749)
Part5646.Orientation = Vector3.new(33.959999084472656, 120.69999694824219, -19.299999237060547)
Part5646.Position = Vector3.new(-1143.657958984375, 97.4590072631836, -3477.765380859375)
Part5646.Rotation = Vector3.new(127.16000366210938, 45.4900016784668, -156.0399932861328)
Part5646.Size = Vector3.new(8.250000953674316, 0.2499980926513672, 7)
Part5646.Anchored = true
Part5646.CanCollide = false
Part5646.Material = Enum.Material.Fabric
SpecialMesh5647.Name = "BarkMesh"
SpecialMesh5647.Parent = Part5646
SpecialMesh5647.MeshId = "rbxassetid://623621260"
SpecialMesh5647.Offset = Vector3.new(0, 3.4100000858306885, 0)
SpecialMesh5647.TextureId = "rbxassetid://623618671"
SpecialMesh5647.MeshType = Enum.MeshType.FileMesh
Part5648.Name = "TreeMeshTop"
Part5648.Parent = Model5645
Part5648.CFrame = CFrame.new(-1136.94153, 124.698837, -3488.77979, -0.640639186, 0.284643918, 0.713133454, -0.274084151, 0.782793343, -0.558670223, -0.717258215, -0.553364575, -0.423471749)
Part5648.Orientation = Vector3.new(33.959999084472656, 120.69999694824219, -19.299999237060547)
Part5648.Position = Vector3.new(-1136.9415283203125, 124.69883728027344, -3488.77978515625)
Part5648.Rotation = Vector3.new(127.16000366210938, 45.4900016784668, -156.0399932861328)
Part5648.Transparency = 0.05000000074505806
Part5648.Size = Vector3.new(8.250000953674316, 0.2499980926513672, 7)
Part5648.Anchored = true
Part5648.CanCollide = false
Part5648.Material = Enum.Material.Fabric
SpecialMesh5649.Name = "TopTreeMesh"
SpecialMesh5649.Parent = Part5648
SpecialMesh5649.MeshId = "rbxassetid://623621456"
SpecialMesh5649.Offset = Vector3.new(0, 3.4100000858306885, 0)
SpecialMesh5649.Scale = Vector3.new(1.600000023841858, 1.600000023841858, 1.600000023841858)
SpecialMesh5649.TextureId = "rbxassetid://745556120"
SpecialMesh5649.MeshType = Enum.MeshType.FileMesh
Model5650.Name = "??"
Model5650.Parent = Folder0
Part5651.Name = "TreeMesh Bottom"
Part5651.Parent = Model5650
Part5651.CFrame = CFrame.new(-1335.03613, 110.951385, -3504.54224, 0.970297456, 8.59459192e-07, -0.241915122, 0.00844280422, 0.999390721, 0.0338667929, 0.241767779, -0.0349033028, 0.969706297)
Part5651.Orientation = Vector3.new(-1.940000057220459, -14.010000228881836, 0.47999998927116394)
Part5651.Position = Vector3.new(-1335.0361328125, 110.95138549804688, -3504.542236328125)
Part5651.Rotation = Vector3.new(-2, -14, 0)
Part5651.Size = Vector3.new(8.250000953674316, 0.2499980926513672, 7)
Part5651.Anchored = true
Part5651.CanCollide = false
Part5651.Material = Enum.Material.Fabric
SpecialMesh5652.Name = "BarkMesh"
SpecialMesh5652.Parent = Part5651
SpecialMesh5652.MeshId = "rbxassetid://623621260"
SpecialMesh5652.Offset = Vector3.new(0, 3.4100000858306885, 0)
SpecialMesh5652.TextureId = "rbxassetid://623618671"
SpecialMesh5652.MeshType = Enum.MeshType.FileMesh
Part5653.Name = "TreeMeshTop"
Part5653.Parent = Model5650
Part5653.CFrame = CFrame.new(-1335.03491, 141.07309, -3505.59448, 0.970298111, 2.10168608e-07, -0.241912395, 0.00844340771, 0.999390721, 0.0338669457, 0.241764992, -0.0349035934, 0.969707012)
Part5653.Orientation = Vector3.new(-1.940000057220459, -14.010000228881836, 0.47999998927116394)
Part5653.Position = Vector3.new(-1335.034912109375, 141.07308959960938, -3505.594482421875)
Part5653.Rotation = Vector3.new(-2, -14, 0)
Part5653.Transparency = 0.05000000074505806
Part5653.Size = Vector3.new(8.250000953674316, 0.2499980926513672, 7)
Part5653.Anchored = true
Part5653.CanCollide = false
Part5653.Material = Enum.Material.Fabric
SpecialMesh5654.Name = "TopTreeMesh"
SpecialMesh5654.Parent = Part5653
SpecialMesh5654.MeshId = "rbxassetid://623621456"
SpecialMesh5654.Offset = Vector3.new(0, 3.4100000858306885, 0)
SpecialMesh5654.Scale = Vector3.new(1.600000023841858, 1.600000023841858, 1.600000023841858)
SpecialMesh5654.TextureId = "rbxassetid://745556120"
SpecialMesh5654.MeshType = Enum.MeshType.FileMesh
Model5655.Name = "??"
Model5655.Parent = Folder0
Part5656.Name = "TreeMesh Bottom"
Part5656.Parent = Model5655
Part5656.CFrame = CFrame.new(-1251.63379, 115.051559, -3478.44092, 0.970840037, -0.05351853, -0.23369801, 0.0118048163, 0.984258473, -0.176361829, 0.239455938, 0.168457866, 0.956181824)
Part5656.Orientation = Vector3.new(10.15999984741211, -13.729999542236328, 0.6899999976158142)
Part5656.Position = Vector3.new(-1251.6337890625, 115.05155944824219, -3478.44091796875)
Part5656.Rotation = Vector3.new(10.449999809265137, -13.510000228881836, 3.1600000858306885)
Part5656.Size = Vector3.new(8.250000953674316, 0.2499980926513672, 7)
Part5656.Anchored = true
Part5656.CanCollide = false
Part5656.Material = Enum.Material.Fabric
SpecialMesh5657.Name = "BarkMesh"
SpecialMesh5657.Parent = Part5656
SpecialMesh5657.MeshId = "rbxassetid://623621260"
SpecialMesh5657.Offset = Vector3.new(0, 3.4100000858306885, 0)
SpecialMesh5657.TextureId = "rbxassetid://623618671"
SpecialMesh5657.MeshType = Enum.MeshType.FileMesh
Part5658.Name = "TreeMeshTop"
Part5658.Parent = Model5655
Part5658.CFrame = CFrame.new(-1253.24561, 144.717056, -3473.36377, 0.970836401, -0.0535183214, -0.233693331, 0.0118059516, 0.984255075, -0.17635946, 0.239452302, 0.16845721, 0.95618248)
Part5658.Orientation = Vector3.new(10.15999984741211, -13.729999542236328, 0.6899999976158142)
Part5658.Position = Vector3.new(-1253.24560546875, 144.71705627441406, -3473.36376953125)
Part5658.Rotation = Vector3.new(10.449999809265137, -13.510000228881836, 3.1600000858306885)
Part5658.Transparency = 0.05000000074505806
Part5658.Size = Vector3.new(8.250000953674316, 0.2499980926513672, 7)
Part5658.Anchored = true
Part5658.CanCollide = false
Part5658.Material = Enum.Material.Fabric
SpecialMesh5659.Name = "TopTreeMesh"
SpecialMesh5659.Parent = Part5658
SpecialMesh5659.MeshId = "rbxassetid://623621456"
SpecialMesh5659.Offset = Vector3.new(0, 3.4100000858306885, 0)
SpecialMesh5659.Scale = Vector3.new(1.600000023841858, 1.600000023841858, 1.600000023841858)
SpecialMesh5659.TextureId = "rbxassetid://745556120"
SpecialMesh5659.MeshType = Enum.MeshType.FileMesh
Model5660.Name = "??"
Model5660.Parent = Folder0
Part5661.Name = "TreeMesh Bottom"
Part5661.Parent = Model5660
Part5661.CFrame = CFrame.new(-1231.72034, 108.343445, -3516.3313, 0.969944656, 0.02711289, -0.241829604, -0.00409603119, 0.995455682, 0.095177874, 0.243309215, -0.0913271308, 0.965640247)
Part5661.Orientation = Vector3.new(-5.460000038146973, -14.0600004196167, -0.23999999463558197)
Part5661.Position = Vector3.new(-1231.7203369140625, 108.34344482421875, -3516.331298828125)
Part5661.Rotation = Vector3.new(-5.630000114440918, -13.989999771118164, -1.600000023841858)
Part5661.Size = Vector3.new(8.250000953674316, 0.2499980926513672, 7)
Part5661.Anchored = true
Part5661.CanCollide = false
Part5661.Material = Enum.Material.Fabric
SpecialMesh5662.Name = "BarkMesh"
SpecialMesh5662.Parent = Part5661
SpecialMesh5662.MeshId = "rbxassetid://623621260"
SpecialMesh5662.Offset = Vector3.new(0, 3.4100000858306885, 0)
SpecialMesh5662.TextureId = "rbxassetid://623618671"
SpecialMesh5662.MeshType = Enum.MeshType.FileMesh
Part5663.Name = "TreeMeshTop"
Part5663.Parent = Model5660
Part5663.CFrame = CFrame.new(-1230.9021, 138.346176, -3519.08423, 0.969945371, 0.0271122418, -0.241826877, -0.00409560464, 0.995455563, 0.0951779783, 0.243306488, -0.0913274065, 0.965640903)
Part5663.Orientation = Vector3.new(-5.460000038146973, -14.0600004196167, -0.23999999463558197)
Part5663.Position = Vector3.new(-1230.902099609375, 138.34617614746094, -3519.084228515625)
Part5663.Rotation = Vector3.new(-5.630000114440918, -13.989999771118164, -1.600000023841858)
Part5663.Transparency = 0.05000000074505806
Part5663.Size = Vector3.new(8.250000953674316, 0.2499980926513672, 7)
Part5663.Anchored = true
Part5663.CanCollide = false
Part5663.Material = Enum.Material.Fabric
SpecialMesh5664.Name = "TopTreeMesh"
SpecialMesh5664.Parent = Part5663
SpecialMesh5664.MeshId = "rbxassetid://623621456"
SpecialMesh5664.Offset = Vector3.new(0, 3.4100000858306885, 0)
SpecialMesh5664.Scale = Vector3.new(1.600000023841858, 1.600000023841858, 1.600000023841858)
SpecialMesh5664.TextureId = "rbxassetid://745556120"
SpecialMesh5664.MeshType = Enum.MeshType.FileMesh
Model5665.Name = "??"
Model5665.Parent = Folder0
Part5666.Name = "TreeMesh Bottom"
Part5666.Parent = Model5665
Part5666.CFrame = CFrame.new(-1294.7251, 104.061447, -3584.13428, 0.969997406, 0.0250318348, -0.24184227, 0.0245772898, 0.979499698, 0.199959472, 0.241887838, -0.199903488, 0.949489236)
Part5666.Orientation = Vector3.new(-11.529999732971191, -14.289999961853027, 1.440000057220459)
Part5666.Position = Vector3.new(-1294.72509765625, 104.06144714355469, -3584.13427734375)
Part5666.Rotation = Vector3.new(-11.890000343322754, -14, -1.4800000190734863)
Part5666.Size = Vector3.new(8.250000953674316, 0.2499980926513672, 7)
Part5666.Anchored = true
Part5666.CanCollide = false
Part5666.Material = Enum.Material.Fabric
SpecialMesh5667.Name = "BarkMesh"
SpecialMesh5667.Parent = Part5666
SpecialMesh5667.MeshId = "rbxassetid://623621260"
SpecialMesh5667.Offset = Vector3.new(0, 3.4100000858306885, 0)
SpecialMesh5667.TextureId = "rbxassetid://623618671"
SpecialMesh5667.MeshType = Enum.MeshType.FileMesh
Part5668.Name = "TreeMeshTop"
Part5668.Parent = Model5665
Part5668.CFrame = CFrame.new(-1293.96948, 133.583252, -3590.15967, 0.969998181, 0.0250311922, -0.241839543, 0.0245774128, 0.979499698, 0.199959695, 0.241885036, -0.199903816, 0.949489951)
Part5668.Orientation = Vector3.new(-11.529999732971191, -14.289999961853027, 1.440000057220459)
Part5668.Position = Vector3.new(-1293.969482421875, 133.583251953125, -3590.15966796875)
Part5668.Rotation = Vector3.new(-11.890000343322754, -14, -1.4800000190734863)
Part5668.Transparency = 0.05000000074505806
Part5668.Size = Vector3.new(8.250000953674316, 0.2499980926513672, 7)
Part5668.Anchored = true
Part5668.CanCollide = false
Part5668.Material = Enum.Material.Fabric
SpecialMesh5669.Name = "TopTreeMesh"
SpecialMesh5669.Parent = Part5668
SpecialMesh5669.MeshId = "rbxassetid://623621456"
SpecialMesh5669.Offset = Vector3.new(0, 3.4100000858306885, 0)
SpecialMesh5669.Scale = Vector3.new(1.600000023841858, 1.600000023841858, 1.600000023841858)
SpecialMesh5669.TextureId = "rbxassetid://745556120"
SpecialMesh5669.MeshType = Enum.MeshType.FileMesh
Model5670.Name = "??"
Model5670.Parent = Folder0
Part5671.Name = "TreeMesh Bottom"
Part5671.Parent = Model5670
Part5671.CFrame = CFrame.new(-1132.72485, 99.8068924, -3787.00781, 0.969997406, 0.0250318348, -0.24184227, 0.0245772898, 0.979499698, 0.199959472, 0.241887838, -0.199903488, 0.949489236)
Part5671.Orientation = Vector3.new(-11.529999732971191, -14.289999961853027, 1.440000057220459)
Part5671.Position = Vector3.new(-1132.724853515625, 99.80689239501953, -3787.0078125)
Part5671.Rotation = Vector3.new(-11.890000343322754, -14, -1.4800000190734863)
Part5671.Size = Vector3.new(8.250000953674316, 0.2499980926513672, 7)
Part5671.Anchored = true
Part5671.CanCollide = false
Part5671.Material = Enum.Material.Fabric
SpecialMesh5672.Name = "BarkMesh"
SpecialMesh5672.Parent = Part5671
SpecialMesh5672.MeshId = "rbxassetid://623621260"
SpecialMesh5672.Offset = Vector3.new(0, 3.4100000858306885, 0)
SpecialMesh5672.TextureId = "rbxassetid://623618671"
SpecialMesh5672.MeshType = Enum.MeshType.FileMesh
Part5673.Name = "TreeMeshTop"
Part5673.Parent = Model5670
Part5673.CFrame = CFrame.new(-1131.96924, 129.328705, -3793.03296, 0.969998181, 0.0250311922, -0.241839543, 0.0245774128, 0.979499698, 0.199959695, 0.241885036, -0.199903816, 0.949489951)
Part5673.Orientation = Vector3.new(-11.529999732971191, -14.289999961853027, 1.440000057220459)
Part5673.Position = Vector3.new(-1131.96923828125, 129.32870483398438, -3793.032958984375)
Part5673.Rotation = Vector3.new(-11.890000343322754, -14, -1.4800000190734863)
Part5673.Transparency = 0.05000000074505806
Part5673.Size = Vector3.new(8.250000953674316, 0.2499980926513672, 7)
Part5673.Anchored = true
Part5673.CanCollide = false
Part5673.Material = Enum.Material.Fabric
SpecialMesh5674.Name = "TopTreeMesh"
SpecialMesh5674.Parent = Part5673
SpecialMesh5674.MeshId = "rbxassetid://623621456"
SpecialMesh5674.Offset = Vector3.new(0, 3.4100000858306885, 0)
SpecialMesh5674.Scale = Vector3.new(1.600000023841858, 1.600000023841858, 1.600000023841858)
SpecialMesh5674.TextureId = "rbxassetid://745556120"
SpecialMesh5674.MeshType = Enum.MeshType.FileMesh
Model5675.Name = "??"
Model5675.Parent = Folder0
Part5676.Name = "TreeMesh Bottom"
Part5676.Parent = Model5675
Part5676.CFrame = CFrame.new(-1143.63379, 115.051559, -3645.44092, 0.970840037, -0.05351853, -0.23369801, 0.0118048163, 0.984258473, -0.176361829, 0.239455938, 0.168457866, 0.956181824)
Part5676.Orientation = Vector3.new(10.15999984741211, -13.729999542236328, 0.6899999976158142)
Part5676.Position = Vector3.new(-1143.6337890625, 115.05155944824219, -3645.44091796875)
Part5676.Rotation = Vector3.new(10.449999809265137, -13.510000228881836, 3.1600000858306885)
Part5676.Size = Vector3.new(8.250000953674316, 0.2499980926513672, 7)
Part5676.Anchored = true
Part5676.CanCollide = false
Part5676.Material = Enum.Material.Fabric
SpecialMesh5677.Name = "BarkMesh"
SpecialMesh5677.Parent = Part5676
SpecialMesh5677.MeshId = "rbxassetid://623621260"
SpecialMesh5677.Offset = Vector3.new(0, 3.4100000858306885, 0)
SpecialMesh5677.TextureId = "rbxassetid://623618671"
SpecialMesh5677.MeshType = Enum.MeshType.FileMesh
Part5678.Name = "TreeMeshTop"
Part5678.Parent = Model5675
Part5678.CFrame = CFrame.new(-1145.24561, 144.717056, -3640.36377, 0.970836401, -0.0535183214, -0.233693331, 0.0118059516, 0.984255075, -0.17635946, 0.239452302, 0.16845721, 0.95618248)
Part5678.Orientation = Vector3.new(10.15999984741211, -13.729999542236328, 0.6899999976158142)
Part5678.Position = Vector3.new(-1145.24560546875, 144.71705627441406, -3640.36376953125)
Part5678.Rotation = Vector3.new(10.449999809265137, -13.510000228881836, 3.1600000858306885)
Part5678.Transparency = 0.05000000074505806
Part5678.Size = Vector3.new(8.250000953674316, 0.2499980926513672, 7)
Part5678.Anchored = true
Part5678.CanCollide = false
Part5678.Material = Enum.Material.Fabric
SpecialMesh5679.Name = "TopTreeMesh"
SpecialMesh5679.Parent = Part5678
SpecialMesh5679.MeshId = "rbxassetid://623621456"
SpecialMesh5679.Offset = Vector3.new(0, 3.4100000858306885, 0)
SpecialMesh5679.Scale = Vector3.new(1.600000023841858, 1.600000023841858, 1.600000023841858)
SpecialMesh5679.TextureId = "rbxassetid://745556120"
SpecialMesh5679.MeshType = Enum.MeshType.FileMesh
Model5680.Name = "??"
Model5680.Parent = Folder0
Part5681.Name = "TreeMesh Bottom"
Part5681.Parent = Model5680
Part5681.CFrame = CFrame.new(-1186.7251, 104.061447, -3751.13428, 0.969997406, 0.0250318348, -0.24184227, 0.0245772898, 0.979499698, 0.199959472, 0.241887838, -0.199903488, 0.949489236)
Part5681.Orientation = Vector3.new(-11.529999732971191, -14.289999961853027, 1.440000057220459)
Part5681.Position = Vector3.new(-1186.72509765625, 104.06144714355469, -3751.13427734375)
Part5681.Rotation = Vector3.new(-11.890000343322754, -14, -1.4800000190734863)
Part5681.Size = Vector3.new(8.250000953674316, 0.2499980926513672, 7)
Part5681.Anchored = true
Part5681.CanCollide = false
Part5681.Material = Enum.Material.Fabric
SpecialMesh5682.Name = "BarkMesh"
SpecialMesh5682.Parent = Part5681
SpecialMesh5682.MeshId = "rbxassetid://623621260"
SpecialMesh5682.Offset = Vector3.new(0, 3.4100000858306885, 0)
SpecialMesh5682.TextureId = "rbxassetid://623618671"
SpecialMesh5682.MeshType = Enum.MeshType.FileMesh
Part5683.Name = "TreeMeshTop"
Part5683.Parent = Model5680
Part5683.CFrame = CFrame.new(-1185.96948, 133.583252, -3757.15967, 0.969998181, 0.0250311922, -0.241839543, 0.0245774128, 0.979499698, 0.199959695, 0.241885036, -0.199903816, 0.949489951)
Part5683.Orientation = Vector3.new(-11.529999732971191, -14.289999961853027, 1.440000057220459)
Part5683.Position = Vector3.new(-1185.969482421875, 133.583251953125, -3757.15966796875)
Part5683.Rotation = Vector3.new(-11.890000343322754, -14, -1.4800000190734863)
Part5683.Transparency = 0.05000000074505806
Part5683.Size = Vector3.new(8.250000953674316, 0.2499980926513672, 7)
Part5683.Anchored = true
Part5683.CanCollide = false
Part5683.Material = Enum.Material.Fabric
SpecialMesh5684.Name = "TopTreeMesh"
SpecialMesh5684.Parent = Part5683
SpecialMesh5684.MeshId = "rbxassetid://623621456"
SpecialMesh5684.Offset = Vector3.new(0, 3.4100000858306885, 0)
SpecialMesh5684.Scale = Vector3.new(1.600000023841858, 1.600000023841858, 1.600000023841858)
SpecialMesh5684.TextureId = "rbxassetid://745556120"
SpecialMesh5684.MeshType = Enum.MeshType.FileMesh
Model5685.Name = "??"
Model5685.Parent = Folder0
Part5686.Name = "TreeMesh Bottom"
Part5686.Parent = Model5685
Part5686.CFrame = CFrame.new(-1094.15039, 85.8627167, -3709.11035, -0.640639186, 0.284643918, 0.713133454, -0.274084151, 0.782793343, -0.558670223, -0.717258215, -0.553364575, -0.423471749)
Part5686.Orientation = Vector3.new(33.959999084472656, 120.69999694824219, -19.299999237060547)
Part5686.Position = Vector3.new(-1094.150390625, 85.86271667480469, -3709.1103515625)
Part5686.Rotation = Vector3.new(127.16000366210938, 45.4900016784668, -156.0399932861328)
Part5686.Size = Vector3.new(8.250000953674316, 0.2499980926513672, 7)
Part5686.Anchored = true
Part5686.CanCollide = false
Part5686.Material = Enum.Material.Fabric
SpecialMesh5687.Name = "BarkMesh"
SpecialMesh5687.Parent = Part5686
SpecialMesh5687.MeshId = "rbxassetid://623621260"
SpecialMesh5687.Offset = Vector3.new(0, 3.4100000858306885, 0)
SpecialMesh5687.TextureId = "rbxassetid://623618671"
SpecialMesh5687.MeshType = Enum.MeshType.FileMesh
Part5688.Name = "TreeMeshTop"
Part5688.Parent = Model5685
Part5688.CFrame = CFrame.new(-1087.43384, 113.102539, -3720.12476, -0.640639186, 0.284643918, 0.713133454, -0.274084151, 0.782793343, -0.558670223, -0.717258215, -0.553364575, -0.423471749)
Part5688.Orientation = Vector3.new(33.959999084472656, 120.69999694824219, -19.299999237060547)
Part5688.Position = Vector3.new(-1087.433837890625, 113.1025390625, -3720.124755859375)
Part5688.Rotation = Vector3.new(127.16000366210938, 45.4900016784668, -156.0399932861328)
Part5688.Transparency = 0.05000000074505806
Part5688.Size = Vector3.new(8.250000953674316, 0.2499980926513672, 7)
Part5688.Anchored = true
Part5688.CanCollide = false
Part5688.Material = Enum.Material.Fabric
SpecialMesh5689.Name = "TopTreeMesh"
SpecialMesh5689.Parent = Part5688
SpecialMesh5689.MeshId = "rbxassetid://623621456"
SpecialMesh5689.Offset = Vector3.new(0, 3.4100000858306885, 0)
SpecialMesh5689.Scale = Vector3.new(1.600000023841858, 1.600000023841858, 1.600000023841858)
SpecialMesh5689.TextureId = "rbxassetid://745556120"
SpecialMesh5689.MeshType = Enum.MeshType.FileMesh
Model5690.Name = "??"
Model5690.Parent = Folder0
Part5691.Name = "TreeMesh Bottom"
Part5691.Parent = Model5690
Part5691.CFrame = CFrame.new(-1031.13184, 107.314957, -3564.49805, 0.970840037, -0.05351853, -0.23369801, 0.0118048163, 0.984258473, -0.176361829, 0.239455938, 0.168457866, 0.956181824)
Part5691.Orientation = Vector3.new(10.15999984741211, -13.729999542236328, 0.6899999976158142)
Part5691.Position = Vector3.new(-1031.1318359375, 107.31495666503906, -3564.498046875)
Part5691.Rotation = Vector3.new(10.449999809265137, -13.510000228881836, 3.1600000858306885)
Part5691.Size = Vector3.new(8.250000953674316, 0.2499980926513672, 7)
Part5691.Anchored = true
Part5691.CanCollide = false
Part5691.Material = Enum.Material.Fabric
SpecialMesh5692.Name = "BarkMesh"
SpecialMesh5692.Parent = Part5691
SpecialMesh5692.MeshId = "rbxassetid://623621260"
SpecialMesh5692.Offset = Vector3.new(0, 3.4100000858306885, 0)
SpecialMesh5692.TextureId = "rbxassetid://623618671"
SpecialMesh5692.MeshType = Enum.MeshType.FileMesh
Part5693.Name = "TreeMeshTop"
Part5693.Parent = Model5690
Part5693.CFrame = CFrame.new(-1032.74353, 136.980606, -3559.42139, 0.970836401, -0.0535183214, -0.233693331, 0.0118059516, 0.984255075, -0.17635946, 0.239452302, 0.16845721, 0.95618248)
Part5693.Orientation = Vector3.new(10.15999984741211, -13.729999542236328, 0.6899999976158142)
Part5693.Position = Vector3.new(-1032.7435302734375, 136.98060607910156, -3559.42138671875)
Part5693.Rotation = Vector3.new(10.449999809265137, -13.510000228881836, 3.1600000858306885)
Part5693.Transparency = 0.05000000074505806
Part5693.Size = Vector3.new(8.250000953674316, 0.2499980926513672, 7)
Part5693.Anchored = true
Part5693.CanCollide = false
Part5693.Material = Enum.Material.Fabric
SpecialMesh5694.Name = "TopTreeMesh"
SpecialMesh5694.Parent = Part5693
SpecialMesh5694.MeshId = "rbxassetid://623621456"
SpecialMesh5694.Offset = Vector3.new(0, 3.4100000858306885, 0)
SpecialMesh5694.Scale = Vector3.new(1.600000023841858, 1.600000023841858, 1.600000023841858)
SpecialMesh5694.TextureId = "rbxassetid://745556120"
SpecialMesh5694.MeshType = Enum.MeshType.FileMesh
Model5695.Name = "??"
Model5695.Parent = Folder0
Part5696.Name = "TreeMesh Bottom"
Part5696.Parent = Model5695
Part5696.CFrame = CFrame.new(-1123.72034, 108.343445, -3683.3313, 0.969944656, 0.02711289, -0.241829604, -0.00409603119, 0.995455682, 0.095177874, 0.243309215, -0.0913271308, 0.965640247)
Part5696.Orientation = Vector3.new(-5.460000038146973, -14.0600004196167, -0.23999999463558197)
Part5696.Position = Vector3.new(-1123.7203369140625, 108.34344482421875, -3683.331298828125)
Part5696.Rotation = Vector3.new(-5.630000114440918, -13.989999771118164, -1.600000023841858)
Part5696.Size = Vector3.new(8.250000953674316, 0.2499980926513672, 7)
Part5696.Anchored = true
Part5696.CanCollide = false
Part5696.Material = Enum.Material.Fabric
SpecialMesh5697.Name = "BarkMesh"
SpecialMesh5697.Parent = Part5696
SpecialMesh5697.MeshId = "rbxassetid://623621260"
SpecialMesh5697.Offset = Vector3.new(0, 3.4100000858306885, 0)
SpecialMesh5697.TextureId = "rbxassetid://623618671"
SpecialMesh5697.MeshType = Enum.MeshType.FileMesh
Part5698.Name = "TreeMeshTop"
Part5698.Parent = Model5695
Part5698.CFrame = CFrame.new(-1122.9021, 138.346176, -3686.08423, 0.969945371, 0.0271122418, -0.241826877, -0.00409560464, 0.995455563, 0.0951779783, 0.243306488, -0.0913274065, 0.965640903)
Part5698.Orientation = Vector3.new(-5.460000038146973, -14.0600004196167, -0.23999999463558197)
Part5698.Position = Vector3.new(-1122.902099609375, 138.34617614746094, -3686.084228515625)
Part5698.Rotation = Vector3.new(-5.630000114440918, -13.989999771118164, -1.600000023841858)
Part5698.Transparency = 0.05000000074505806
Part5698.Size = Vector3.new(8.250000953674316, 0.2499980926513672, 7)
Part5698.Anchored = true
Part5698.CanCollide = false
Part5698.Material = Enum.Material.Fabric
SpecialMesh5699.Name = "TopTreeMesh"
SpecialMesh5699.Parent = Part5698
SpecialMesh5699.MeshId = "rbxassetid://623621456"
SpecialMesh5699.Offset = Vector3.new(0, 3.4100000858306885, 0)
SpecialMesh5699.Scale = Vector3.new(1.600000023841858, 1.600000023841858, 1.600000023841858)
SpecialMesh5699.TextureId = "rbxassetid://745556120"
SpecialMesh5699.MeshType = Enum.MeshType.FileMesh
Model5700.Name = "??"
Model5700.Parent = Folder0
Part5701.Name = "TreeMesh Bottom"
Part5701.Parent = Model5700
Part5701.CFrame = CFrame.new(-1227.03613, 110.951385, -3671.54224, 0.970297456, 8.59459192e-07, -0.241915122, 0.00844280422, 0.999390721, 0.0338667929, 0.241767779, -0.0349033028, 0.969706297)
Part5701.Orientation = Vector3.new(-1.940000057220459, -14.010000228881836, 0.47999998927116394)
Part5701.Position = Vector3.new(-1227.0361328125, 110.95138549804688, -3671.542236328125)
Part5701.Rotation = Vector3.new(-2, -14, 0)
Part5701.Size = Vector3.new(8.250000953674316, 0.2499980926513672, 7)
Part5701.Anchored = true
Part5701.CanCollide = false
Part5701.Material = Enum.Material.Fabric
SpecialMesh5702.Name = "BarkMesh"
SpecialMesh5702.Parent = Part5701
SpecialMesh5702.MeshId = "rbxassetid://623621260"
SpecialMesh5702.Offset = Vector3.new(0, 3.4100000858306885, 0)
SpecialMesh5702.TextureId = "rbxassetid://623618671"
SpecialMesh5702.MeshType = Enum.MeshType.FileMesh
Part5703.Name = "TreeMeshTop"
Part5703.Parent = Model5700
Part5703.CFrame = CFrame.new(-1227.03491, 141.07309, -3672.59448, 0.970298111, 2.10168608e-07, -0.241912395, 0.00844340771, 0.999390721, 0.0338669457, 0.241764992, -0.0349035934, 0.969707012)
Part5703.Orientation = Vector3.new(-1.940000057220459, -14.010000228881836, 0.47999998927116394)
Part5703.Position = Vector3.new(-1227.034912109375, 141.07308959960938, -3672.594482421875)
Part5703.Rotation = Vector3.new(-2, -14, 0)
Part5703.Transparency = 0.05000000074505806
Part5703.Size = Vector3.new(8.250000953674316, 0.2499980926513672, 7)
Part5703.Anchored = true
Part5703.CanCollide = false
Part5703.Material = Enum.Material.Fabric
SpecialMesh5704.Name = "TopTreeMesh"
SpecialMesh5704.Parent = Part5703
SpecialMesh5704.MeshId = "rbxassetid://623621456"
SpecialMesh5704.Offset = Vector3.new(0, 3.4100000858306885, 0)
SpecialMesh5704.Scale = Vector3.new(1.600000023841858, 1.600000023841858, 1.600000023841858)
SpecialMesh5704.TextureId = "rbxassetid://745556120"
SpecialMesh5704.MeshType = Enum.MeshType.FileMesh
Model5705.Name = "??"
Model5705.Parent = Folder0
Part5706.Name = "TreeMesh Bottom"
Part5706.Parent = Model5705
Part5706.CFrame = CFrame.new(-1088.81653, 111.727127, -3608.60205, 0.970840037, -0.05351853, -0.23369801, 0.0118048163, 0.984258473, -0.176361829, 0.239455938, 0.168457866, 0.956181824)
Part5706.Orientation = Vector3.new(10.15999984741211, -13.729999542236328, 0.6899999976158142)
Part5706.Position = Vector3.new(-1088.8165283203125, 111.72712707519531, -3608.60205078125)
Part5706.Rotation = Vector3.new(10.449999809265137, -13.510000228881836, 3.1600000858306885)
Part5706.Size = Vector3.new(8.250000953674316, 0.2499980926513672, 7)
Part5706.Anchored = true
Part5706.CanCollide = false
Part5706.Material = Enum.Material.Fabric
SpecialMesh5707.Name = "BarkMesh"
SpecialMesh5707.Parent = Part5706
SpecialMesh5707.MeshId = "rbxassetid://623621260"
SpecialMesh5707.Offset = Vector3.new(0, 3.4100000858306885, 0)
SpecialMesh5707.TextureId = "rbxassetid://623618671"
SpecialMesh5707.MeshType = Enum.MeshType.FileMesh
Part5708.Name = "TreeMeshTop"
Part5708.Parent = Model5705
Part5708.CFrame = CFrame.new(-1090.42834, 141.392654, -3603.52539, 0.970836401, -0.0535183214, -0.233693331, 0.0118059516, 0.984255075, -0.17635946, 0.239452302, 0.16845721, 0.95618248)
Part5708.Orientation = Vector3.new(10.15999984741211, -13.729999542236328, 0.6899999976158142)
Part5708.Position = Vector3.new(-1090.4283447265625, 141.3926544189453, -3603.525390625)
Part5708.Rotation = Vector3.new(10.449999809265137, -13.510000228881836, 3.1600000858306885)
Part5708.Transparency = 0.05000000074505806
Part5708.Size = Vector3.new(8.250000953674316, 0.2499980926513672, 7)
Part5708.Anchored = true
Part5708.CanCollide = false
Part5708.Material = Enum.Material.Fabric
SpecialMesh5709.Name = "TopTreeMesh"
SpecialMesh5709.Parent = Part5708
SpecialMesh5709.MeshId = "rbxassetid://623621456"
SpecialMesh5709.Offset = Vector3.new(0, 3.4100000858306885, 0)
SpecialMesh5709.Scale = Vector3.new(1.600000023841858, 1.600000023841858, 1.600000023841858)
SpecialMesh5709.TextureId = "rbxassetid://745556120"
SpecialMesh5709.MeshType = Enum.MeshType.FileMesh
Model5710.Name = "??"
Model5710.Parent = Folder0
Part5711.Name = "TreeMesh Bottom"
Part5711.Parent = Model5710
Part5711.CFrame = CFrame.new(-1035.65796, 97.4590073, -3644.76538, -0.640639186, 0.284643918, 0.713133454, -0.274084151, 0.782793343, -0.558670223, -0.717258215, -0.553364575, -0.423471749)
Part5711.Orientation = Vector3.new(33.959999084472656, 120.69999694824219, -19.299999237060547)
Part5711.Position = Vector3.new(-1035.657958984375, 97.4590072631836, -3644.765380859375)
Part5711.Rotation = Vector3.new(127.16000366210938, 45.4900016784668, -156.0399932861328)
Part5711.Size = Vector3.new(8.250000953674316, 0.2499980926513672, 7)
Part5711.Anchored = true
Part5711.CanCollide = false
Part5711.Material = Enum.Material.Fabric
SpecialMesh5712.Name = "BarkMesh"
SpecialMesh5712.Parent = Part5711
SpecialMesh5712.MeshId = "rbxassetid://623621260"
SpecialMesh5712.Offset = Vector3.new(0, 3.4100000858306885, 0)
SpecialMesh5712.TextureId = "rbxassetid://623618671"
SpecialMesh5712.MeshType = Enum.MeshType.FileMesh
Part5713.Name = "TreeMeshTop"
Part5713.Parent = Model5710
Part5713.CFrame = CFrame.new(-1028.94153, 124.698837, -3655.77979, -0.640639186, 0.284643918, 0.713133454, -0.274084151, 0.782793343, -0.558670223, -0.717258215, -0.553364575, -0.423471749)
Part5713.Orientation = Vector3.new(33.959999084472656, 120.69999694824219, -19.299999237060547)
Part5713.Position = Vector3.new(-1028.9415283203125, 124.69883728027344, -3655.77978515625)
Part5713.Rotation = Vector3.new(127.16000366210938, 45.4900016784668, -156.0399932861328)
Part5713.Transparency = 0.05000000074505806
Part5713.Size = Vector3.new(8.250000953674316, 0.2499980926513672, 7)
Part5713.Anchored = true
Part5713.CanCollide = false
Part5713.Material = Enum.Material.Fabric
SpecialMesh5714.Name = "TopTreeMesh"
SpecialMesh5714.Parent = Part5713
SpecialMesh5714.MeshId = "rbxassetid://623621456"
SpecialMesh5714.Offset = Vector3.new(0, 3.4100000858306885, 0)
SpecialMesh5714.Scale = Vector3.new(1.600000023841858, 1.600000023841858, 1.600000023841858)
SpecialMesh5714.TextureId = "rbxassetid://745556120"
SpecialMesh5714.MeshType = Enum.MeshType.FileMesh
Model5715.Name = "??"
Model5715.Parent = Folder0
Part5716.Name = "TreeMesh Bottom"
Part5716.Parent = Model5715
Part5716.CFrame = CFrame.new(-1227.03613, 110.951385, -3671.54224, 0.970297456, 8.59459192e-07, -0.241915122, 0.00844280422, 0.999390721, 0.0338667929, 0.241767779, -0.0349033028, 0.969706297)
Part5716.Orientation = Vector3.new(-1.940000057220459, -14.010000228881836, 0.47999998927116394)
Part5716.Position = Vector3.new(-1227.0361328125, 110.95138549804688, -3671.542236328125)
Part5716.Rotation = Vector3.new(-2, -14, 0)
Part5716.Size = Vector3.new(8.250000953674316, 0.2499980926513672, 7)
Part5716.Anchored = true
Part5716.CanCollide = false
Part5716.Material = Enum.Material.Fabric
SpecialMesh5717.Name = "BarkMesh"
SpecialMesh5717.Parent = Part5716
SpecialMesh5717.MeshId = "rbxassetid://623621260"
SpecialMesh5717.Offset = Vector3.new(0, 3.4100000858306885, 0)
SpecialMesh5717.TextureId = "rbxassetid://623618671"
SpecialMesh5717.MeshType = Enum.MeshType.FileMesh
Part5718.Name = "TreeMeshTop"
Part5718.Parent = Model5715
Part5718.CFrame = CFrame.new(-1227.03491, 141.07309, -3672.59448, 0.970298111, 2.10168608e-07, -0.241912395, 0.00844340771, 0.999390721, 0.0338669457, 0.241764992, -0.0349035934, 0.969707012)
Part5718.Orientation = Vector3.new(-1.940000057220459, -14.010000228881836, 0.47999998927116394)
Part5718.Position = Vector3.new(-1227.034912109375, 141.07308959960938, -3672.594482421875)
Part5718.Rotation = Vector3.new(-2, -14, 0)
Part5718.Transparency = 0.05000000074505806
Part5718.Size = Vector3.new(8.250000953674316, 0.2499980926513672, 7)
Part5718.Anchored = true
Part5718.CanCollide = false
Part5718.Material = Enum.Material.Fabric
SpecialMesh5719.Name = "TopTreeMesh"
SpecialMesh5719.Parent = Part5718
SpecialMesh5719.MeshId = "rbxassetid://623621456"
SpecialMesh5719.Offset = Vector3.new(0, 3.4100000858306885, 0)
