Part7606.Name = "TreeMeshTop"
Part7606.Parent = Model7603
Part7606.CFrame = CFrame.new(124.257866, 121.461357, -1107.24304, -0.629220247, 0.0809976533, 0.77299577, -0.115732841, 0.973703027, -0.196235389, -0.768562436, -0.212936193, -0.603299379)
Part7606.Orientation = Vector3.new(11.319999694824219, 127.97000122070312, -6.78000020980835)
Part7606.Position = Vector3.new(124.25786590576172, 121.46135711669922, -1107.2430419921875)
Part7606.Rotation = Vector3.new(161.97999572753906, 50.619998931884766, -172.66000366210938)
Part7606.Transparency = 0.05000000074505806
Part7606.Size = Vector3.new(8.250000953674316, 0.2499980926513672, 7)
Part7606.Anchored = true
Part7606.CanCollide = false
Part7606.Material = Enum.Material.Fabric
SpecialMesh7607.Name = "TopTreeMesh"
SpecialMesh7607.Parent = Part7606
SpecialMesh7607.MeshId = "rbxassetid://623621456"
SpecialMesh7607.Offset = Vector3.new(0, 3.4100000858306885, 0)
SpecialMesh7607.Scale = Vector3.new(1.600000023841858, 1.600000023841858, 1.600000023841858)
SpecialMesh7607.TextureId = "rbxassetid://745556120"
SpecialMesh7607.MeshType = Enum.MeshType.FileMesh
Model7608.Name = "??"
Model7608.Parent = Folder0
Part7609.Name = "TreeMesh Bottom"
Part7609.Parent = Model7608
Part7609.CFrame = CFrame.new(102.926155, 86.5330734, -1183.2478, -0.621740222, 0.0277913455, 0.782731831, -0.118280441, 0.984576881, -0.128910452, -0.774241388, -0.17273052, -0.608863294)
Part7609.Orientation = Vector3.new(7.409999847412109, 127.87999725341797, -6.849999904632568)
Part7609.Position = Vector3.new(102.92615509033203, 86.53307342529297, -1183.247802734375)
Part7609.Rotation = Vector3.new(168.0500030517578, 51.5099983215332, -177.44000244140625)
Part7609.Size = Vector3.new(8.250000953674316, 0.2499980926513672, 7)
Part7609.Anchored = true
Part7609.CanCollide = false
Part7609.Material = Enum.Material.Fabric
SpecialMesh7610.Name = "BarkMesh"
SpecialMesh7610.Parent = Part7609
SpecialMesh7610.MeshId = "rbxassetid://623621260"
SpecialMesh7610.Offset = Vector3.new(0, 3.4100000858306885, 0)
SpecialMesh7610.TextureId = "rbxassetid://623618671"
SpecialMesh7610.MeshType = Enum.MeshType.FileMesh
Part7611.Name = "TreeMeshTop"
Part7611.Parent = Model7608
Part7611.CFrame = CFrame.new(101.634911, 116.610893, -1181.80933, -0.621740222, 0.0277913455, 0.782731831, -0.118280441, 0.984576881, -0.128910452, -0.774241388, -0.17273052, -0.608863294)
Part7611.Orientation = Vector3.new(7.409999847412109, 127.87999725341797, -6.849999904632568)
Part7611.Position = Vector3.new(101.6349105834961, 116.61089324951172, -1181.809326171875)
Part7611.Rotation = Vector3.new(168.0500030517578, 51.5099983215332, -177.44000244140625)
Part7611.Transparency = 0.05000000074505806
Part7611.Size = Vector3.new(8.250000953674316, 0.2499980926513672, 7)
Part7611.Anchored = true
Part7611.CanCollide = false
Part7611.Material = Enum.Material.Fabric
SpecialMesh7612.Name = "TopTreeMesh"
SpecialMesh7612.Parent = Part7611
SpecialMesh7612.MeshId = "rbxassetid://623621456"
SpecialMesh7612.Offset = Vector3.new(0, 3.4100000858306885, 0)
SpecialMesh7612.Scale = Vector3.new(1.600000023841858, 1.600000023841858, 1.600000023841858)
SpecialMesh7612.TextureId = "rbxassetid://745556120"
SpecialMesh7612.MeshType = Enum.MeshType.FileMesh
Model7613.Name = "??"
Model7613.Parent = Folder0
Part7614.Name = "TreeMesh Bottom"
Part7614.Parent = Model7613
Part7614.CFrame = CFrame.new(102.926155, 75.5330734, -1235.2478, -0.621740222, 0.0277913455, 0.782731831, -0.118280441, 0.984576881, -0.128910452, -0.774241388, -0.17273052, -0.608863294)
Part7614.Orientation = Vector3.new(7.409999847412109, 127.87999725341797, -6.849999904632568)
Part7614.Position = Vector3.new(102.92615509033203, 75.53307342529297, -1235.247802734375)
Part7614.Rotation = Vector3.new(168.0500030517578, 51.5099983215332, -177.44000244140625)
Part7614.Size = Vector3.new(8.250000953674316, 0.2499980926513672, 7)
Part7614.Anchored = true
Part7614.CanCollide = false
Part7614.Material = Enum.Material.Fabric
SpecialMesh7615.Name = "BarkMesh"
SpecialMesh7615.Parent = Part7614
SpecialMesh7615.MeshId = "rbxassetid://623621260"
SpecialMesh7615.Offset = Vector3.new(0, 3.4100000858306885, 0)
SpecialMesh7615.TextureId = "rbxassetid://623618671"
SpecialMesh7615.MeshType = Enum.MeshType.FileMesh
Part7616.Name = "TreeMeshTop"
Part7616.Parent = Model7613
Part7616.CFrame = CFrame.new(101.634911, 105.610893, -1233.80933, -0.621740222, 0.0277913455, 0.782731831, -0.118280441, 0.984576881, -0.128910452, -0.774241388, -0.17273052, -0.608863294)
Part7616.Orientation = Vector3.new(7.409999847412109, 127.87999725341797, -6.849999904632568)
Part7616.Position = Vector3.new(101.6349105834961, 105.61089324951172, -1233.809326171875)
Part7616.Rotation = Vector3.new(168.0500030517578, 51.5099983215332, -177.44000244140625)
Part7616.Transparency = 0.05000000074505806
Part7616.Size = Vector3.new(8.250000953674316, 0.2499980926513672, 7)
Part7616.Anchored = true
Part7616.CanCollide = false
Part7616.Material = Enum.Material.Fabric
SpecialMesh7617.Name = "TopTreeMesh"
SpecialMesh7617.Parent = Part7616
SpecialMesh7617.MeshId = "rbxassetid://623621456"
SpecialMesh7617.Offset = Vector3.new(0, 3.4100000858306885, 0)
SpecialMesh7617.Scale = Vector3.new(1.600000023841858, 1.600000023841858, 1.600000023841858)
SpecialMesh7617.TextureId = "rbxassetid://745556120"
SpecialMesh7617.MeshType = Enum.MeshType.FileMesh
Model7618.Name = "??"
Model7618.Parent = Folder0
Part7619.Name = "TreeMesh Bottom"
Part7619.Parent = Model7618
Part7619.CFrame = CFrame.new(-16.2025986, 83.7903442, -1075.81482, 0.0950735807, 0.228378564, 0.968921304, -0.0738842413, 0.972261965, -0.221916139, -0.992725253, -0.0504892766, 0.109311759)
Part7619.Orientation = Vector3.new(12.819999694824219, 83.55999755859375, -4.349999904632568)
Part7619.Position = Vector3.new(-16.202598571777344, 83.79034423828125, -1075.8148193359375)
Part7619.Rotation = Vector3.new(63.779998779296875, 75.68000030517578, -67.4000015258789)
Part7619.Size = Vector3.new(8.250000953674316, 0.2499980926513672, 7)
Part7619.Anchored = true
Part7619.CanCollide = false
Part7619.Material = Enum.Material.Fabric
SpecialMesh7620.Name = "BarkMesh"
SpecialMesh7620.Parent = Part7619
SpecialMesh7620.MeshId = "rbxassetid://623621260"
SpecialMesh7620.Offset = Vector3.new(0, 3.4100000858306885, 0)
SpecialMesh7620.TextureId = "rbxassetid://623618671"
SpecialMesh7620.MeshType = Enum.MeshType.FileMesh
Part7621.Name = "TreeMeshTop"
Part7621.Parent = Model7618
Part7621.CFrame = CFrame.new(-15.4569931, 113.87133, -1074.08533, 0.0950735807, 0.228378564, 0.968921304, -0.0738842413, 0.972261965, -0.221916139, -0.992725253, -0.0504892766, 0.109311759)
Part7621.Orientation = Vector3.new(12.819999694824219, 83.55999755859375, -4.349999904632568)
Part7621.Position = Vector3.new(-15.456993103027344, 113.87133026123047, -1074.0853271484375)
Part7621.Rotation = Vector3.new(63.779998779296875, 75.68000030517578, -67.4000015258789)
Part7621.Transparency = 0.05000000074505806
Part7621.Size = Vector3.new(8.250000953674316, 0.2499980926513672, 7)
Part7621.Anchored = true
Part7621.CanCollide = false
Part7621.Material = Enum.Material.Fabric
SpecialMesh7622.Name = "TopTreeMesh"
SpecialMesh7622.Parent = Part7621
SpecialMesh7622.MeshId = "rbxassetid://623621456"
SpecialMesh7622.Offset = Vector3.new(0, 3.4100000858306885, 0)
SpecialMesh7622.Scale = Vector3.new(1.600000023841858, 1.600000023841858, 1.600000023841858)
SpecialMesh7622.TextureId = "rbxassetid://745556120"
SpecialMesh7622.MeshType = Enum.MeshType.FileMesh
Model7623.Name = "??"
Model7623.Parent = Folder0
Part7624.Name = "TreeMesh Bottom"
Part7624.Parent = Model7623
Part7624.CFrame = CFrame.new(22.3844376, 81.2165298, -1144.46606, 0.104323447, 0.162562937, 0.981170058, -0.0766821653, 0.98492825, -0.155032188, -0.991583705, -0.0590643585, 0.115219235)
Part7624.Orientation = Vector3.new(8.920000076293945, 83.30000305175781, -4.449999809265137)
Part7624.Position = Vector3.new(22.384437561035156, 81.2165298461914, -1144.466064453125)
Part7624.Rotation = Vector3.new(53.380001068115234, 78.86000061035156, -57.310001373291016)
Part7624.Size = Vector3.new(8.250000953674316, 0.2499980926513672, 7)
Part7624.Anchored = true
Part7624.CanCollide = false
Part7624.Material = Enum.Material.Fabric
SpecialMesh7625.Name = "BarkMesh"
SpecialMesh7625.Parent = Part7624
SpecialMesh7625.MeshId = "rbxassetid://623621260"
SpecialMesh7625.Offset = Vector3.new(0, 3.4100000858306885, 0)
SpecialMesh7625.TextureId = "rbxassetid://623618671"
SpecialMesh7625.MeshType = Enum.MeshType.FileMesh
Part7626.Name = "TreeMeshTop"
Part7626.Parent = Model7623
Part7626.CFrame = CFrame.new(21.0933609, 111.294289, -1143.02649, 0.104323447, 0.162562937, 0.981170058, -0.0766821653, 0.98492825, -0.155032188, -0.991583705, -0.0590643585, 0.115219235)
Part7626.Orientation = Vector3.new(8.920000076293945, 83.30000305175781, -4.449999809265137)
Part7626.Position = Vector3.new(21.093360900878906, 111.2942886352539, -1143.0264892578125)
Part7626.Rotation = Vector3.new(53.380001068115234, 78.86000061035156, -57.310001373291016)
Part7626.Transparency = 0.05000000074505806
Part7626.Size = Vector3.new(8.250000953674316, 0.2499980926513672, 7)
Part7626.Anchored = true
Part7626.CanCollide = false
Part7626.Material = Enum.Material.Fabric
SpecialMesh7627.Name = "TopTreeMesh"
SpecialMesh7627.Parent = Part7626
SpecialMesh7627.MeshId = "rbxassetid://623621456"
SpecialMesh7627.Offset = Vector3.new(0, 3.4100000858306885, 0)
SpecialMesh7627.Scale = Vector3.new(1.600000023841858, 1.600000023841858, 1.600000023841858)
SpecialMesh7627.TextureId = "rbxassetid://745556120"
SpecialMesh7627.MeshType = Enum.MeshType.FileMesh
Model7628.Name = "??"
Model7628.Parent = Folder0
Part7629.Name = "TreeMesh Bottom"
Part7629.Parent = Model7628
Part7629.CFrame = CFrame.new(58.8758316, 71.0806961, -1181.75745, 0.104323447, 0.162562937, 0.981170058, -0.0766821653, 0.98492825, -0.155032188, -0.991583705, -0.0590643585, 0.115219235)
Part7629.Orientation = Vector3.new(8.920000076293945, 83.30000305175781, -4.449999809265137)
Part7629.Position = Vector3.new(58.875831604003906, 71.08069610595703, -1181.7574462890625)
Part7629.Rotation = Vector3.new(53.380001068115234, 78.86000061035156, -57.310001373291016)
Part7629.Size = Vector3.new(8.250000953674316, 0.2499980926513672, 7)
Part7629.Anchored = true
Part7629.CanCollide = false
Part7629.Material = Enum.Material.Fabric
SpecialMesh7630.Name = "BarkMesh"
SpecialMesh7630.Parent = Part7629
SpecialMesh7630.MeshId = "rbxassetid://623621260"
SpecialMesh7630.Offset = Vector3.new(0, 3.4100000858306885, 0)
SpecialMesh7630.TextureId = "rbxassetid://623618671"
SpecialMesh7630.MeshType = Enum.MeshType.FileMesh
Part7631.Name = "TreeMeshTop"
Part7631.Parent = Model7628
Part7631.CFrame = CFrame.new(57.584816, 101.158455, -1180.31799, 0.104323447, 0.162562937, 0.981170058, -0.0766821653, 0.98492825, -0.155032188, -0.991583705, -0.0590643585, 0.115219235)
Part7631.Orientation = Vector3.new(8.920000076293945, 83.30000305175781, -4.449999809265137)
Part7631.Position = Vector3.new(57.584815979003906, 101.15845489501953, -1180.3179931640625)
Part7631.Rotation = Vector3.new(53.380001068115234, 78.86000061035156, -57.310001373291016)
Part7631.Transparency = 0.05000000074505806
Part7631.Size = Vector3.new(8.250000953674316, 0.2499980926513672, 7)
Part7631.Anchored = true
Part7631.CanCollide = false
Part7631.Material = Enum.Material.Fabric
SpecialMesh7632.Name = "TopTreeMesh"
SpecialMesh7632.Parent = Part7631
SpecialMesh7632.MeshId = "rbxassetid://623621456"
SpecialMesh7632.Offset = Vector3.new(0, 3.4100000858306885, 0)
SpecialMesh7632.Scale = Vector3.new(1.600000023841858, 1.600000023841858, 1.600000023841858)
SpecialMesh7632.TextureId = "rbxassetid://745556120"
SpecialMesh7632.MeshType = Enum.MeshType.FileMesh
Model7633.Name = "??"
Model7633.Parent = Folder0
Part7634.Name = "TreeMesh Bottom"
Part7634.Parent = Model7633
Part7634.CFrame = CFrame.new(-139.203598, 163.351486, -414.324066, 0.113686353, 0.454381555, -0.883523047, 0.214440405, 0.85710454, 0.46838814, 0.970100343, -0.242711872, 3.29212639e-06)
Part7634.Orientation = Vector3.new(-27.93000030517578, -90, 14.050000190734863)
Part7634.Position = Vector3.new(-139.20359802246094, 163.3514862060547, -414.3240661621094)
Part7634.Rotation = Vector3.new(-90, -62.06999969482422, -75.94999694824219)
Part7634.Size = Vector3.new(8.250000953674316, 0.2499980926513672, 7)
Part7634.Anchored = true
Part7634.CanCollide = false
Part7634.Material = Enum.Material.Fabric
SpecialMesh7635.Name = "BarkMesh"
SpecialMesh7635.Parent = Part7634
SpecialMesh7635.MeshId = "rbxassetid://623621260"
SpecialMesh7635.Offset = Vector3.new(0, 3.4100000858306885, 0)
SpecialMesh7635.TextureId = "rbxassetid://623618671"
SpecialMesh7635.MeshType = Enum.MeshType.FileMesh
Part7636.Name = "TreeMeshTop"
Part7636.Parent = Model7633
Part7636.CFrame = CFrame.new(-125.507408, 189.183716, -421.64032, 0.113688946, 0.454381019, -0.883522987, 0.214439303, 0.857104778, 0.46838823, 0.970100284, -0.24271214, 6.16247144e-06)
Part7636.Orientation = Vector3.new(-27.93000030517578, -90, 14.050000190734863)
Part7636.Position = Vector3.new(-125.50740814208984, 189.1837158203125, -421.64031982421875)
Part7636.Rotation = Vector3.new(-90, -62.06999969482422, -75.94999694824219)
Part7636.Transparency = 0.05000000074505806
Part7636.Size = Vector3.new(8.250000953674316, 0.2499980926513672, 7)
Part7636.Anchored = true
Part7636.CanCollide = false
Part7636.Material = Enum.Material.Fabric
SpecialMesh7637.Name = "TopTreeMesh"
SpecialMesh7637.Parent = Part7636
SpecialMesh7637.MeshId = "rbxassetid://623621456"
SpecialMesh7637.Offset = Vector3.new(0, 3.4100000858306885, 0)
SpecialMesh7637.Scale = Vector3.new(1.600000023841858, 1.600000023841858, 1.600000023841858)
SpecialMesh7637.TextureId = "rbxassetid://745556120"
SpecialMesh7637.MeshType = Enum.MeshType.FileMesh
Model7638.Name = "??"
Model7638.Parent = Folder0
Part7639.Name = "TreeMesh Bottom"
Part7639.Parent = Model7638
Part7639.CFrame = CFrame.new(-139.203598, 163.351486, -414.324066, 0.113686353, 0.454381555, -0.883523047, 0.214440405, 0.85710454, 0.46838814, 0.970100343, -0.242711872, 3.29212639e-06)
Part7639.Orientation = Vector3.new(-27.93000030517578, -90, 14.050000190734863)
Part7639.Position = Vector3.new(-139.20359802246094, 163.3514862060547, -414.3240661621094)
Part7639.Rotation = Vector3.new(-90, -62.06999969482422, -75.94999694824219)
Part7639.Size = Vector3.new(8.250000953674316, 0.2499980926513672, 7)
Part7639.Anchored = true
Part7639.CanCollide = false
Part7639.Material = Enum.Material.Fabric
SpecialMesh7640.Name = "BarkMesh"
SpecialMesh7640.Parent = Part7639
SpecialMesh7640.MeshId = "rbxassetid://623621260"
SpecialMesh7640.Offset = Vector3.new(0, 3.4100000858306885, 0)
SpecialMesh7640.TextureId = "rbxassetid://623618671"
SpecialMesh7640.MeshType = Enum.MeshType.FileMesh
Part7641.Name = "TreeMeshTop"
Part7641.Parent = Model7638
Part7641.CFrame = CFrame.new(-125.507408, 189.183716, -421.64032, 0.113688946, 0.454381019, -0.883522987, 0.214439303, 0.857104778, 0.46838823, 0.970100284, -0.24271214, 6.16247144e-06)
Part7641.Orientation = Vector3.new(-27.93000030517578, -90, 14.050000190734863)
Part7641.Position = Vector3.new(-125.50740814208984, 189.1837158203125, -421.64031982421875)
Part7641.Rotation = Vector3.new(-90, -62.06999969482422, -75.94999694824219)
Part7641.Transparency = 0.05000000074505806
Part7641.Size = Vector3.new(8.250000953674316, 0.2499980926513672, 7)
Part7641.Anchored = true
Part7641.CanCollide = false
Part7641.Material = Enum.Material.Fabric
SpecialMesh7642.Name = "TopTreeMesh"
SpecialMesh7642.Parent = Part7641
SpecialMesh7642.MeshId = "rbxassetid://623621456"
SpecialMesh7642.Offset = Vector3.new(0, 3.4100000858306885, 0)
SpecialMesh7642.Scale = Vector3.new(1.600000023841858, 1.600000023841858, 1.600000023841858)
SpecialMesh7642.TextureId = "rbxassetid://745556120"
SpecialMesh7642.MeshType = Enum.MeshType.FileMesh
Model7643.Name = "??"
Model7643.Parent = Folder0
Part7644.Name = "TreeMesh Bottom"
Part7644.Parent = Model7643
Part7644.CFrame = CFrame.new(-139.203598, 163.351486, -414.324066, 0.113686353, 0.454381555, -0.883523047, 0.214440405, 0.85710454, 0.46838814, 0.970100343, -0.242711872, 3.29212639e-06)
Part7644.Orientation = Vector3.new(-27.93000030517578, -90, 14.050000190734863)
Part7644.Position = Vector3.new(-139.20359802246094, 163.3514862060547, -414.3240661621094)
Part7644.Rotation = Vector3.new(-90, -62.06999969482422, -75.94999694824219)
Part7644.Size = Vector3.new(8.250000953674316, 0.2499980926513672, 7)
Part7644.Anchored = true
Part7644.CanCollide = false
Part7644.Material = Enum.Material.Fabric
SpecialMesh7645.Name = "BarkMesh"
SpecialMesh7645.Parent = Part7644
SpecialMesh7645.MeshId = "rbxassetid://623621260"
SpecialMesh7645.Offset = Vector3.new(0, 3.4100000858306885, 0)
SpecialMesh7645.TextureId = "rbxassetid://623618671"
SpecialMesh7645.MeshType = Enum.MeshType.FileMesh
Part7646.Name = "TreeMeshTop"
Part7646.Parent = Model7643
Part7646.CFrame = CFrame.new(-125.507408, 189.183716, -421.64032, 0.113688946, 0.454381019, -0.883522987, 0.214439303, 0.857104778, 0.46838823, 0.970100284, -0.24271214, 6.16247144e-06)
Part7646.Orientation = Vector3.new(-27.93000030517578, -90, 14.050000190734863)
Part7646.Position = Vector3.new(-125.50740814208984, 189.1837158203125, -421.64031982421875)
Part7646.Rotation = Vector3.new(-90, -62.06999969482422, -75.94999694824219)
Part7646.Transparency = 0.05000000074505806
Part7646.Size = Vector3.new(8.250000953674316, 0.2499980926513672, 7)
Part7646.Anchored = true
Part7646.CanCollide = false
Part7646.Material = Enum.Material.Fabric
SpecialMesh7647.Name = "TopTreeMesh"
SpecialMesh7647.Parent = Part7646
SpecialMesh7647.MeshId = "rbxassetid://623621456"
SpecialMesh7647.Offset = Vector3.new(0, 3.4100000858306885, 0)
SpecialMesh7647.Scale = Vector3.new(1.600000023841858, 1.600000023841858, 1.600000023841858)
SpecialMesh7647.TextureId = "rbxassetid://745556120"
SpecialMesh7647.MeshType = Enum.MeshType.FileMesh
Model7648.Name = "??"
Model7648.Parent = Folder0
Part7649.Name = "TreeMesh Bottom"
Part7649.Parent = Model7648
Part7649.CFrame = CFrame.new(-139.203598, 163.351486, -414.324066, 0.113686353, 0.454381555, -0.883523047, 0.214440405, 0.85710454, 0.46838814, 0.970100343, -0.242711872, 3.29212639e-06)
Part7649.Orientation = Vector3.new(-27.93000030517578, -90, 14.050000190734863)
Part7649.Position = Vector3.new(-139.20359802246094, 163.3514862060547, -414.3240661621094)
Part7649.Rotation = Vector3.new(-90, -62.06999969482422, -75.94999694824219)
Part7649.Size = Vector3.new(8.250000953674316, 0.2499980926513672, 7)
Part7649.Anchored = true
Part7649.CanCollide = false
Part7649.Material = Enum.Material.Fabric
SpecialMesh7650.Name = "BarkMesh"
SpecialMesh7650.Parent = Part7649
SpecialMesh7650.MeshId = "rbxassetid://623621260"
SpecialMesh7650.Offset = Vector3.new(0, 3.4100000858306885, 0)
SpecialMesh7650.TextureId = "rbxassetid://623618671"
SpecialMesh7650.MeshType = Enum.MeshType.FileMesh
Part7651.Name = "TreeMeshTop"
Part7651.Parent = Model7648
Part7651.CFrame = CFrame.new(-125.507408, 189.183716, -421.64032, 0.113688946, 0.454381019, -0.883522987, 0.214439303, 0.857104778, 0.46838823, 0.970100284, -0.24271214, 6.16247144e-06)
Part7651.Orientation = Vector3.new(-27.93000030517578, -90, 14.050000190734863)
Part7651.Position = Vector3.new(-125.50740814208984, 189.1837158203125, -421.64031982421875)
Part7651.Rotation = Vector3.new(-90, -62.06999969482422, -75.94999694824219)
Part7651.Transparency = 0.05000000074505806
Part7651.Size = Vector3.new(8.250000953674316, 0.2499980926513672, 7)
Part7651.Anchored = true
Part7651.CanCollide = false
Part7651.Material = Enum.Material.Fabric
SpecialMesh7652.Name = "TopTreeMesh"
SpecialMesh7652.Parent = Part7651
SpecialMesh7652.MeshId = "rbxassetid://623621456"
SpecialMesh7652.Offset = Vector3.new(0, 3.4100000858306885, 0)
SpecialMesh7652.Scale = Vector3.new(1.600000023841858, 1.600000023841858, 1.600000023841858)
SpecialMesh7652.TextureId = "rbxassetid://745556120"
SpecialMesh7652.MeshType = Enum.MeshType.FileMesh
Model7653.Name = "??"
Model7653.Parent = Folder0
Part7654.Name = "TreeMesh Bottom"
Part7654.Parent = Model7653
Part7654.CFrame = CFrame.new(-38.0935516, 132.510986, -316.955902, -0.844966054, 0.51208806, 0.154285148, 0.473493963, 0.850396037, -0.229416311, -0.248684973, -0.120795414, -0.961025298)
Part7654.Orientation = Vector3.new(13.260000228881836, 170.8800048828125, 29.110000610351562)
Part7654.Position = Vector3.new(-38.09355163574219, 132.510986328125, -316.9559020996094)
Part7654.Rotation = Vector3.new(166.57000732421875, 8.880000114440918, -148.77999877929688)
Part7654.Size = Vector3.new(8.250000953674316, 0.2499980926513672, 7)
Part7654.Anchored = true
Part7654.CanCollide = false
Part7654.Material = Enum.Material.Fabric
SpecialMesh7655.Name = "BarkMesh"
SpecialMesh7655.Parent = Part7654
SpecialMesh7655.MeshId = "rbxassetid://623621260"
SpecialMesh7655.Offset = Vector3.new(0, 3.4100000858306885, 0)
SpecialMesh7655.TextureId = "rbxassetid://623618671"
SpecialMesh7655.MeshType = Enum.MeshType.FileMesh
Part7656.Name = "TreeMeshTop"
Part7656.Parent = Model7653
Part7656.CFrame = CFrame.new(-22.6587048, 158.141785, -320.595032, -0.844966292, 0.512088358, 0.154282451, 0.473494858, 0.850395799, -0.229415506, -0.24868235, -0.120795935, -0.961025834)
Part7656.Orientation = Vector3.new(13.260000228881836, 170.8800048828125, 29.110000610351562)
Part7656.Position = Vector3.new(-22.65870475769043, 158.14178466796875, -320.59503173828125)
Part7656.Rotation = Vector3.new(166.57000732421875, 8.880000114440918, -148.77999877929688)
Part7656.Transparency = 0.05000000074505806
Part7656.Size = Vector3.new(8.250000953674316, 0.2499980926513672, 7)
Part7656.Anchored = true
Part7656.CanCollide = false
Part7656.Material = Enum.Material.Fabric
SpecialMesh7657.Name = "TopTreeMesh"
SpecialMesh7657.Parent = Part7656
SpecialMesh7657.MeshId = "rbxassetid://623621456"
SpecialMesh7657.Offset = Vector3.new(0, 3.4100000858306885, 0)
SpecialMesh7657.Scale = Vector3.new(1.600000023841858, 1.600000023841858, 1.600000023841858)
SpecialMesh7657.TextureId = "rbxassetid://745556120"
SpecialMesh7657.MeshType = Enum.MeshType.FileMesh
Model7658.Name = "??"
Model7658.Parent = Folder0
Part7659.Name = "TreeMesh Bottom"
Part7659.Parent = Model7658
Part7659.CFrame = CFrame.new(-38.0935516, 132.510986, -316.955902, -0.844966054, 0.51208806, 0.154285148, 0.473493963, 0.850396037, -0.229416311, -0.248684973, -0.120795414, -0.961025298)
Part7659.Orientation = Vector3.new(13.260000228881836, 170.8800048828125, 29.110000610351562)
Part7659.Position = Vector3.new(-38.09355163574219, 132.510986328125, -316.9559020996094)
Part7659.Rotation = Vector3.new(166.57000732421875, 8.880000114440918, -148.77999877929688)
Part7659.Size = Vector3.new(8.250000953674316, 0.2499980926513672, 7)
Part7659.Anchored = true
Part7659.CanCollide = false
Part7659.Material = Enum.Material.Fabric
SpecialMesh7660.Name = "BarkMesh"
SpecialMesh7660.Parent = Part7659
SpecialMesh7660.MeshId = "rbxassetid://623621260"
SpecialMesh7660.Offset = Vector3.new(0, 3.4100000858306885, 0)
SpecialMesh7660.TextureId = "rbxassetid://623618671"
SpecialMesh7660.MeshType = Enum.MeshType.FileMesh
Part7661.Name = "TreeMeshTop"
Part7661.Parent = Model7658
Part7661.CFrame = CFrame.new(-22.6587048, 158.141785, -320.595032, -0.844966292, 0.512088358, 0.154282451, 0.473494858, 0.850395799, -0.229415506, -0.24868235, -0.120795935, -0.961025834)
Part7661.Orientation = Vector3.new(13.260000228881836, 170.8800048828125, 29.110000610351562)
Part7661.Position = Vector3.new(-22.65870475769043, 158.14178466796875, -320.59503173828125)
Part7661.Rotation = Vector3.new(166.57000732421875, 8.880000114440918, -148.77999877929688)
Part7661.Transparency = 0.05000000074505806
Part7661.Size = Vector3.new(8.250000953674316, 0.2499980926513672, 7)
Part7661.Anchored = true
Part7661.CanCollide = false
Part7661.Material = Enum.Material.Fabric
SpecialMesh7662.Name = "TopTreeMesh"
SpecialMesh7662.Parent = Part7661
SpecialMesh7662.MeshId = "rbxassetid://623621456"
SpecialMesh7662.Offset = Vector3.new(0, 3.4100000858306885, 0)
SpecialMesh7662.Scale = Vector3.new(1.600000023841858, 1.600000023841858, 1.600000023841858)
SpecialMesh7662.TextureId = "rbxassetid://745556120"
SpecialMesh7662.MeshType = Enum.MeshType.FileMesh
Model7663.Name = "??"
Model7663.Parent = Folder0
Part7664.Name = "TreeMesh Bottom"
Part7664.Parent = Model7663
Part7664.CFrame = CFrame.new(-38.0935516, 132.510986, -316.955902, -0.844966054, 0.51208806, 0.154285148, 0.473493963, 0.850396037, -0.229416311, -0.248684973, -0.120795414, -0.961025298)
Part7664.Orientation = Vector3.new(13.260000228881836, 170.8800048828125, 29.110000610351562)
Part7664.Position = Vector3.new(-38.09355163574219, 132.510986328125, -316.9559020996094)
Part7664.Rotation = Vector3.new(166.57000732421875, 8.880000114440918, -148.77999877929688)
Part7664.Size = Vector3.new(8.250000953674316, 0.2499980926513672, 7)
Part7664.Anchored = true
Part7664.CanCollide = false
Part7664.Material = Enum.Material.Fabric
SpecialMesh7665.Name = "BarkMesh"
SpecialMesh7665.Parent = Part7664
SpecialMesh7665.MeshId = "rbxassetid://623621260"
SpecialMesh7665.Offset = Vector3.new(0, 3.4100000858306885, 0)
SpecialMesh7665.TextureId = "rbxassetid://623618671"
SpecialMesh7665.MeshType = Enum.MeshType.FileMesh
Part7666.Name = "TreeMeshTop"
Part7666.Parent = Model7663
Part7666.CFrame = CFrame.new(-22.6587048, 158.141785, -320.595032, -0.844966292, 0.512088358, 0.154282451, 0.473494858, 0.850395799, -0.229415506, -0.24868235, -0.120795935, -0.961025834)
Part7666.Orientation = Vector3.new(13.260000228881836, 170.8800048828125, 29.110000610351562)
Part7666.Position = Vector3.new(-22.65870475769043, 158.14178466796875, -320.59503173828125)
Part7666.Rotation = Vector3.new(166.57000732421875, 8.880000114440918, -148.77999877929688)
Part7666.Transparency = 0.05000000074505806
Part7666.Size = Vector3.new(8.250000953674316, 0.2499980926513672, 7)
Part7666.Anchored = true
Part7666.CanCollide = false
Part7666.Material = Enum.Material.Fabric
SpecialMesh7667.Name = "TopTreeMesh"
SpecialMesh7667.Parent = Part7666
SpecialMesh7667.MeshId = "rbxassetid://623621456"
SpecialMesh7667.Offset = Vector3.new(0, 3.4100000858306885, 0)
SpecialMesh7667.Scale = Vector3.new(1.600000023841858, 1.600000023841858, 1.600000023841858)
SpecialMesh7667.TextureId = "rbxassetid://745556120"
SpecialMesh7667.MeshType = Enum.MeshType.FileMesh
Model7668.Name = "??"
Model7668.Parent = Folder0
Part7669.Name = "TreeMesh Bottom"
Part7669.Parent = Model7668
Part7669.CFrame = CFrame.new(-38.0935516, 132.510986, -316.955902, -0.844966054, 0.51208806, 0.154285148, 0.473493963, 0.850396037, -0.229416311, -0.248684973, -0.120795414, -0.961025298)
Part7669.Orientation = Vector3.new(13.260000228881836, 170.8800048828125, 29.110000610351562)
Part7669.Position = Vector3.new(-38.09355163574219, 132.510986328125, -316.9559020996094)
Part7669.Rotation = Vector3.new(166.57000732421875, 8.880000114440918, -148.77999877929688)
Part7669.Size = Vector3.new(8.250000953674316, 0.2499980926513672, 7)
Part7669.Anchored = true
Part7669.CanCollide = false
Part7669.Material = Enum.Material.Fabric
SpecialMesh7670.Name = "BarkMesh"
SpecialMesh7670.Parent = Part7669
SpecialMesh7670.MeshId = "rbxassetid://623621260"
SpecialMesh7670.Offset = Vector3.new(0, 3.4100000858306885, 0)
SpecialMesh7670.TextureId = "rbxassetid://623618671"
SpecialMesh7670.MeshType = Enum.MeshType.FileMesh
Part7671.Name = "TreeMeshTop"
Part7671.Parent = Model7668
Part7671.CFrame = CFrame.new(-22.6587048, 158.141785, -320.595032, -0.844966292, 0.512088358, 0.154282451, 0.473494858, 0.850395799, -0.229415506, -0.24868235, -0.120795935, -0.961025834)
Part7671.Orientation = Vector3.new(13.260000228881836, 170.8800048828125, 29.110000610351562)
Part7671.Position = Vector3.new(-22.65870475769043, 158.14178466796875, -320.59503173828125)
Part7671.Rotation = Vector3.new(166.57000732421875, 8.880000114440918, -148.77999877929688)
Part7671.Transparency = 0.05000000074505806
Part7671.Size = Vector3.new(8.250000953674316, 0.2499980926513672, 7)
Part7671.Anchored = true
Part7671.CanCollide = false
Part7671.Material = Enum.Material.Fabric
SpecialMesh7672.Name = "TopTreeMesh"
SpecialMesh7672.Parent = Part7671
SpecialMesh7672.MeshId = "rbxassetid://623621456"
SpecialMesh7672.Offset = Vector3.new(0, 3.4100000858306885, 0)
SpecialMesh7672.Scale = Vector3.new(1.600000023841858, 1.600000023841858, 1.600000023841858)
SpecialMesh7672.TextureId = "rbxassetid://745556120"
SpecialMesh7672.MeshType = Enum.MeshType.FileMesh
Model7673.Name = "??"
Model7673.Parent = Folder0
Part7674.Name = "TreeMesh Bottom"
Part7674.Parent = Model7673
Part7674.CFrame = CFrame.new(3172.65332, 289.36676, 2945.91992, 0.839997172, -0.0238342881, 0.542067409, 0.0216941237, 0.999711394, 0.0103388131, -0.54215759, 0.00307510048, 0.840271473)
Part7674.Orientation = Vector3.new(-0.5899999737739563, 32.83000183105469, 1.2400000095367432)
Part7674.Position = Vector3.new(3172.6533203125, 289.36676025390625, 2945.919921875)
Part7674.Rotation = Vector3.new(-0.699999988079071, 32.81999969482422, 1.6299999952316284)
Part7674.Size = Vector3.new(8.250000953674316, 0.2499980926513672, 7)
Part7674.Anchored = true
Part7674.CanCollide = false
Part7674.Material = Enum.Material.Fabric
SpecialMesh7675.Name = "BarkMesh"
SpecialMesh7675.Parent = Part7674
SpecialMesh7675.MeshId = "rbxassetid://623621260"
SpecialMesh7675.Offset = Vector3.new(0, 3.4100000858306885, 0)
SpecialMesh7675.TextureId = "rbxassetid://623618671"
SpecialMesh7675.MeshType = Enum.MeshType.FileMesh
Part7676.Name = "TreeMeshTop"
Part7676.Parent = Model7673
Part7676.CFrame = CFrame.new(3171.93359, 319.497925, 2946.01221, 0.839997172, -0.0238342881, 0.542067409, 0.0216941237, 0.999711394, 0.0103388131, -0.54215759, 0.00307510048, 0.840271473)
Part7676.Orientation = Vector3.new(-0.5899999737739563, 32.83000183105469, 1.2400000095367432)
Part7676.Position = Vector3.new(3171.93359375, 319.4979248046875, 2946.01220703125)
Part7676.Rotation = Vector3.new(-0.699999988079071, 32.81999969482422, 1.6299999952316284)
Part7676.Transparency = 0.05000000074505806
Part7676.Size = Vector3.new(8.250000953674316, 0.2499980926513672, 7)
Part7676.Anchored = true
Part7676.CanCollide = false
Part7676.Material = Enum.Material.Fabric
SpecialMesh7677.Name = "TopTreeMesh"
SpecialMesh7677.Parent = Part7676
SpecialMesh7677.MeshId = "rbxassetid://623621456"
SpecialMesh7677.Offset = Vector3.new(0, 3.4100000858306885, 0)
SpecialMesh7677.Scale = Vector3.new(1.600000023841858, 1.600000023841858, 1.600000023841858)
SpecialMesh7677.TextureId = "rbxassetid://745556120"
SpecialMesh7677.MeshType = Enum.MeshType.FileMesh
Model7678.Name = "??"
Model7678.Parent = Folder0
Part7679.Name = "TreeMesh Bottom"
Part7679.Parent = Model7678
Part7679.CFrame = CFrame.new(1207.64111, 356.963806, 2882.39502, 0.844754696, -0.000814662024, -0.535153091, 0.000466525322, 0.999999642, -0.000785872689, 0.535153508, 0.000414207141, 0.844754815)
Part7679.Orientation = Vector3.new(0.05000000074505806, -32.349998474121094, 0.029999999329447746)
Part7679.Position = Vector3.new(1207.64111328125, 356.96380615234375, 2882.39501953125)
Part7679.Rotation = Vector3.new(0.05000000074505806, -32.349998474121094, 0.05999999865889549)
Part7679.Size = Vector3.new(8.250000953674316, 0.2499980926513672, 7)
Part7679.Anchored = true
Part7679.CanCollide = false
Part7679.Material = Enum.Material.Fabric
SpecialMesh7680.Name = "BarkMesh"
SpecialMesh7680.Parent = Part7679
SpecialMesh7680.MeshId = "rbxassetid://623621260"
SpecialMesh7680.Offset = Vector3.new(0, 3.4100000858306885, 0)
SpecialMesh7680.TextureId = "rbxassetid://623618671"
SpecialMesh7680.MeshType = Enum.MeshType.FileMesh
Part7681.Name = "TreeMeshTop"
Part7681.Parent = Model7678
Part7681.CFrame = CFrame.new(1207.61621, 387.10434, 2882.40674, 0.844754696, -0.000814662024, -0.535153091, 0.000466525322, 0.999999642, -0.000785872689, 0.535153508, 0.000414207141, 0.844754815)
Part7681.Orientation = Vector3.new(0.05000000074505806, -32.349998474121094, 0.029999999329447746)
Part7681.Position = Vector3.new(1207.6162109375, 387.1043395996094, 2882.40673828125)
Part7681.Rotation = Vector3.new(0.05000000074505806, -32.349998474121094, 0.05999999865889549)
Part7681.Transparency = 0.05000000074505806
Part7681.Size = Vector3.new(8.250000953674316, 0.2499980926513672, 7)
Part7681.Anchored = true
Part7681.CanCollide = false
Part7681.Material = Enum.Material.Fabric
SpecialMesh7682.Name = "TopTreeMesh"
SpecialMesh7682.Parent = Part7681
SpecialMesh7682.MeshId = "rbxassetid://623621456"
SpecialMesh7682.Offset = Vector3.new(0, 3.4100000858306885, 0)
SpecialMesh7682.Scale = Vector3.new(1.600000023841858, 1.600000023841858, 1.600000023841858)
SpecialMesh7682.TextureId = "rbxassetid://745556120"
SpecialMesh7682.MeshType = Enum.MeshType.FileMesh
Model7683.Name = "??"
Model7683.Parent = Folder0
Part7684.Name = "TreeMesh Bottom"
Part7684.Parent = Model7683
Part7684.CFrame = CFrame.new(1230.44922, 357.009186, 2898.05762, -0.535152078, 1.03061948e-05, -0.844755709, -0.00078516372, 0.999999642, 0.000509600795, 0.844755411, 0.000935985532, -0.535151839)
Part7684.Orientation = Vector3.new(-0.029999999329447746, -122.3499984741211, -0.03999999910593033)
Part7684.Position = Vector3.new(1230.44921875, 357.0091857910156, 2898.0576171875)
Part7684.Rotation = Vector3.new(-179.9499969482422, -57.650001525878906, -180)
Part7684.Size = Vector3.new(8.250000953674316, 0.2499980926513672, 7)
Part7684.Anchored = true
Part7684.CanCollide = false
Part7684.Material = Enum.Material.Fabric
SpecialMesh7685.Name = "BarkMesh"
SpecialMesh7685.Parent = Part7684
SpecialMesh7685.MeshId = "rbxassetid://623621260"
SpecialMesh7685.Offset = Vector3.new(0, 3.4100000858306885, 0)
SpecialMesh7685.TextureId = "rbxassetid://623618671"
SpecialMesh7685.MeshType = Enum.MeshType.FileMesh
Part7686.Name = "TreeMeshTop"
Part7686.Parent = Model7683
Part7686.CFrame = CFrame.new(1230.44995, 387.149719, 2898.08594, -0.535152078, 1.03061948e-05, -0.844755709, -0.00078516372, 0.999999642, 0.000509600795, 0.844755411, 0.000935985532, -0.535151839)
Part7686.Orientation = Vector3.new(-0.029999999329447746, -122.3499984741211, -0.03999999910593033)
Part7686.Position = Vector3.new(1230.449951171875, 387.14971923828125, 2898.0859375)
Part7686.Rotation = Vector3.new(-179.9499969482422, -57.650001525878906, -180)
Part7686.Transparency = 0.05000000074505806
Part7686.Size = Vector3.new(8.250000953674316, 0.2499980926513672, 7)
Part7686.Anchored = true
Part7686.CanCollide = false
Part7686.Material = Enum.Material.Fabric
SpecialMesh7687.Name = "TopTreeMesh"
SpecialMesh7687.Parent = Part7686
SpecialMesh7687.MeshId = "rbxassetid://623621456"
SpecialMesh7687.Offset = Vector3.new(0, 3.4100000858306885, 0)
SpecialMesh7687.Scale = Vector3.new(1.600000023841858, 1.600000023841858, 1.600000023841858)
SpecialMesh7687.TextureId = "rbxassetid://745556120"
SpecialMesh7687.MeshType = Enum.MeshType.FileMesh
Model7688.Name = "??"
Model7688.Parent = Folder0
Part7689.Name = "TreeMesh Bottom"
Part7689.Parent = Model7688
Part7689.CFrame = CFrame.new(1439.37122, 84.6936646, -1002.25696, 0.813556433, 0.446251333, -0.372807443, -0.378817081, 0.89315331, 0.242434934, 0.441161156, -0.0560086519, 0.895678341)
Part7689.Orientation = Vector3.new(-14.029999732971191, -22.600000381469727, -22.979999542236328)
Part7689.Position = Vector3.new(1439.3712158203125, 84.69366455078125, -1002.2569580078125)
Part7689.Rotation = Vector3.new(-15.149999618530273, -21.889999389648438, -28.75)
Part7689.Size = Vector3.new(8.250000953674316, 0.2499980926513672, 7)
Part7689.Anchored = true
Part7689.CanCollide = false
Part7689.Material = Enum.Material.Fabric
SpecialMesh7690.Name = "BarkMesh"
SpecialMesh7690.Parent = Part7689
SpecialMesh7690.MeshId = "rbxassetid://623621260"
SpecialMesh7690.Offset = Vector3.new(0, 3.4100000858306885, 0)
SpecialMesh7690.TextureId = "rbxassetid://623618671"
SpecialMesh7690.MeshType = Enum.MeshType.FileMesh
Part7691.Name = "TreeMeshTop"
Part7691.Parent = Model7688
Part7691.CFrame = CFrame.new(1450.77332, 112.147095, -997.284363, 0.813556433, 0.446251333, -0.372807443, -0.378817081, 0.89315331, 0.242434934, 0.441161156, -0.0560086519, 0.895678341)
Part7691.Orientation = Vector3.new(-14.029999732971191, -22.600000381469727, -22.979999542236328)
Part7691.Position = Vector3.new(1450.7733154296875, 112.1470947265625, -997.2843627929688)
Part7691.Rotation = Vector3.new(-15.149999618530273, -21.889999389648438, -28.75)
Part7691.Transparency = 0.05000000074505806
Part7691.Size = Vector3.new(8.250000953674316, 0.2499980926513672, 7)
Part7691.Anchored = true
Part7691.CanCollide = false
Part7691.Material = Enum.Material.Fabric
SpecialMesh7692.Name = "TopTreeMesh"
SpecialMesh7692.Parent = Part7691
SpecialMesh7692.MeshId = "rbxassetid://623621456"
SpecialMesh7692.Offset = Vector3.new(0, 3.4100000858306885, 0)
SpecialMesh7692.Scale = Vector3.new(1.600000023841858, 1.600000023841858, 1.600000023841858)
SpecialMesh7692.TextureId = "rbxassetid://745556120"
SpecialMesh7692.MeshType = Enum.MeshType.FileMesh
Model7693.Name = "??"
Model7693.Parent = Folder0
Part7694.Name = "TreeMesh Bottom"
Part7694.Parent = Model7693
Part7694.CFrame = CFrame.new(1395.33252, 101.195374, -992.394043, 0.813556433, 0.446251333, -0.372807443, -0.378817081, 0.89315331, 0.242434934, 0.441161156, -0.0560086519, 0.895678341)
Part7694.Orientation = Vector3.new(-14.029999732971191, -22.600000381469727, -22.979999542236328)
Part7694.Position = Vector3.new(1395.33251953125, 101.19537353515625, -992.39404296875)
Part7694.Rotation = Vector3.new(-15.149999618530273, -21.889999389648438, -28.75)
Part7694.Size = Vector3.new(8.250000953674316, 0.2499980926513672, 7)
Part7694.Anchored = true
Part7694.CanCollide = false
Part7694.Material = Enum.Material.Fabric
SpecialMesh7695.Name = "BarkMesh"
SpecialMesh7695.Parent = Part7694
SpecialMesh7695.MeshId = "rbxassetid://623621260"
SpecialMesh7695.Offset = Vector3.new(0, 3.4100000858306885, 0)
SpecialMesh7695.TextureId = "rbxassetid://623618671"
SpecialMesh7695.MeshType = Enum.MeshType.FileMesh
Part7696.Name = "TreeMeshTop"
Part7696.Parent = Model7693
Part7696.CFrame = CFrame.new(1406.73438, 128.648804, -987.421448, 0.813556433, 0.446251333, -0.372807443, -0.378817081, 0.89315331, 0.242434934, 0.441161156, -0.0560086519, 0.895678341)
Part7696.Orientation = Vector3.new(-14.029999732971191, -22.600000381469727, -22.979999542236328)
Part7696.Position = Vector3.new(1406.734375, 128.6488037109375, -987.4214477539062)
Part7696.Rotation = Vector3.new(-15.149999618530273, -21.889999389648438, -28.75)
Part7696.Transparency = 0.05000000074505806
Part7696.Size = Vector3.new(8.250000953674316, 0.2499980926513672, 7)
Part7696.Anchored = true
Part7696.CanCollide = false
Part7696.Material = Enum.Material.Fabric
SpecialMesh7697.Name = "TopTreeMesh"
SpecialMesh7697.Parent = Part7696
SpecialMesh7697.MeshId = "rbxassetid://623621456"
SpecialMesh7697.Offset = Vector3.new(0, 3.4100000858306885, 0)
SpecialMesh7697.Scale = Vector3.new(1.600000023841858, 1.600000023841858, 1.600000023841858)
SpecialMesh7697.TextureId = "rbxassetid://745556120"
SpecialMesh7697.MeshType = Enum.MeshType.FileMesh
Model7698.Name = "??"
Model7698.Parent = Folder0
Part7699.Name = "TreeMesh Bottom"
Part7699.Parent = Model7698
Part7699.CFrame = CFrame.new(1412.38513, 87.5028229, -955.901245, 0.813556433, 0.446251333, -0.372807443, -0.378817081, 0.89315331, 0.242434934, 0.441161156, -0.0560086519, 0.895678341)
Part7699.Orientation = Vector3.new(-14.029999732971191, -22.600000381469727, -22.979999542236328)
Part7699.Position = Vector3.new(1412.3851318359375, 87.50282287597656, -955.9012451171875)
Part7699.Rotation = Vector3.new(-15.149999618530273, -21.889999389648438, -28.75)
Part7699.Size = Vector3.new(8.250000953674316, 0.2499980926513672, 7)
Part7699.Anchored = true
Part7699.CanCollide = false
