SpecialMesh7892.Name = "TopTreeMesh"
SpecialMesh7892.Parent = Part7891
SpecialMesh7892.MeshId = "rbxassetid://623621456"
SpecialMesh7892.Offset = Vector3.new(0, 3.4100000858306885, 0)
SpecialMesh7892.Scale = Vector3.new(1.600000023841858, 1.600000023841858, 1.600000023841858)
SpecialMesh7892.TextureId = "rbxassetid://745556120"
SpecialMesh7892.MeshType = Enum.MeshType.FileMesh
Model7893.Name = "??"
Model7893.Parent = Folder0
Part7894.Name = "TreeMesh Bottom"
Part7894.Parent = Model7893
Part7894.CFrame = CFrame.new(472.587463, 239.069275, 1083.68335, -0.931177557, 0.300649375, -0.206215501, 0.311050057, 0.950201571, -0.0192184821, 0.190171808, -0.0820394829, -0.978320777)
Part7894.Orientation = Vector3.new(1.100000023841858, -168.10000610351562, 18.1299991607666)
Part7894.Position = Vector3.new(472.58746337890625, 239.06927490234375, 1083.683349609375)
Part7894.Rotation = Vector3.new(178.8699951171875, -11.899999618530273, -162.11000061035156)
Part7894.Size = Vector3.new(8.250000953674316, 0.2499980926513672, 7)
Part7894.Anchored = true
Part7894.CanCollide = false
Part7894.Material = Enum.Material.Fabric
SpecialMesh7895.Name = "BarkMesh"
SpecialMesh7895.Parent = Part7894
SpecialMesh7895.MeshId = "rbxassetid://623621260"
SpecialMesh7895.Offset = Vector3.new(0, 3.4100000858306885, 0)
SpecialMesh7895.TextureId = "rbxassetid://623618671"
SpecialMesh7895.MeshType = Enum.MeshType.FileMesh
Part7896.Name = "TreeMeshTop"
Part7896.Parent = Model7893
Part7896.CFrame = CFrame.new(481.650574, 267.707825, 1081.21118, -0.93117702, 0.300649107, -0.20621857, 0.311049968, 0.950201631, -0.0192181915, 0.190174401, -0.0820400864, -0.978320241)
Part7896.Orientation = Vector3.new(1.100000023841858, -168.10000610351562, 18.1299991607666)
Part7896.Position = Vector3.new(481.65057373046875, 267.70782470703125, 1081.211181640625)
Part7896.Rotation = Vector3.new(178.8699951171875, -11.899999618530273, -162.11000061035156)
Part7896.Transparency = 0.05000000074505806
Part7896.Size = Vector3.new(8.250000953674316, 0.2499980926513672, 7)
Part7896.Anchored = true
Part7896.CanCollide = false
Part7896.Material = Enum.Material.Fabric
SpecialMesh7897.Name = "TopTreeMesh"
SpecialMesh7897.Parent = Part7896
SpecialMesh7897.MeshId = "rbxassetid://623621456"
SpecialMesh7897.Offset = Vector3.new(0, 3.4100000858306885, 0)
SpecialMesh7897.Scale = Vector3.new(1.600000023841858, 1.600000023841858, 1.600000023841858)
SpecialMesh7897.TextureId = "rbxassetid://745556120"
SpecialMesh7897.MeshType = Enum.MeshType.FileMesh
Model7898.Name = "??"
Model7898.Parent = Folder0
Part7899.Name = "TreeMesh Bottom"
Part7899.Parent = Model7898
Part7899.CFrame = CFrame.new(371.778412, 232.215912, 963.98114, -0.931177557, 0.300649375, -0.206215501, 0.311050057, 0.950201571, -0.0192184821, 0.190171808, -0.0820394829, -0.978320777)
Part7899.Orientation = Vector3.new(1.100000023841858, -168.10000610351562, 18.1299991607666)
Part7899.Position = Vector3.new(371.7784118652344, 232.21591186523438, 963.9811401367188)
Part7899.Rotation = Vector3.new(178.8699951171875, -11.899999618530273, -162.11000061035156)
Part7899.Size = Vector3.new(8.250000953674316, 0.2499980926513672, 7)
Part7899.Anchored = true
Part7899.CanCollide = false
Part7899.Material = Enum.Material.Fabric
SpecialMesh7900.Name = "BarkMesh"
SpecialMesh7900.Parent = Part7899
SpecialMesh7900.MeshId = "rbxassetid://623621260"
SpecialMesh7900.Offset = Vector3.new(0, 3.4100000858306885, 0)
SpecialMesh7900.TextureId = "rbxassetid://623618671"
SpecialMesh7900.MeshType = Enum.MeshType.FileMesh
Part7901.Name = "TreeMeshTop"
Part7901.Parent = Model7898
Part7901.CFrame = CFrame.new(380.841522, 260.854462, 961.508972, -0.93117702, 0.300649107, -0.20621857, 0.311049968, 0.950201631, -0.0192181915, 0.190174401, -0.0820400864, -0.978320241)
Part7901.Orientation = Vector3.new(1.100000023841858, -168.10000610351562, 18.1299991607666)
Part7901.Position = Vector3.new(380.8415222167969, 260.8544616699219, 961.5089721679688)
Part7901.Rotation = Vector3.new(178.8699951171875, -11.899999618530273, -162.11000061035156)
Part7901.Transparency = 0.05000000074505806
Part7901.Size = Vector3.new(8.250000953674316, 0.2499980926513672, 7)
Part7901.Anchored = true
Part7901.CanCollide = false
Part7901.Material = Enum.Material.Fabric
SpecialMesh7902.Name = "TopTreeMesh"
SpecialMesh7902.Parent = Part7901
SpecialMesh7902.MeshId = "rbxassetid://623621456"
SpecialMesh7902.Offset = Vector3.new(0, 3.4100000858306885, 0)
SpecialMesh7902.Scale = Vector3.new(1.600000023841858, 1.600000023841858, 1.600000023841858)
SpecialMesh7902.TextureId = "rbxassetid://745556120"
SpecialMesh7902.MeshType = Enum.MeshType.FileMesh
Model7903.Name = "??"
Model7903.Parent = Folder0
Part7904.Name = "TreeMesh Bottom"
Part7904.Parent = Model7903
Part7904.CFrame = CFrame.new(263.921906, 259.345154, 882.937927, -0.931177557, 0.300649375, -0.206215501, 0.311050057, 0.950201571, -0.0192184821, 0.190171808, -0.0820394829, -0.978320777)
Part7904.Orientation = Vector3.new(1.100000023841858, -168.10000610351562, 18.1299991607666)
Part7904.Position = Vector3.new(263.9219055175781, 259.34515380859375, 882.9379272460938)
Part7904.Rotation = Vector3.new(178.8699951171875, -11.899999618530273, -162.11000061035156)
Part7904.Size = Vector3.new(8.250000953674316, 0.2499980926513672, 7)
Part7904.Anchored = true
Part7904.CanCollide = false
Part7904.Material = Enum.Material.Fabric
SpecialMesh7905.Name = "BarkMesh"
SpecialMesh7905.Parent = Part7904
SpecialMesh7905.MeshId = "rbxassetid://623621260"
SpecialMesh7905.Offset = Vector3.new(0, 3.4100000858306885, 0)
SpecialMesh7905.TextureId = "rbxassetid://623618671"
SpecialMesh7905.MeshType = Enum.MeshType.FileMesh
Part7906.Name = "TreeMeshTop"
Part7906.Parent = Model7903
Part7906.CFrame = CFrame.new(272.985016, 287.983765, 880.465759, -0.93117702, 0.300649107, -0.20621857, 0.311049968, 0.950201631, -0.0192181915, 0.190174401, -0.0820400864, -0.978320241)
Part7906.Orientation = Vector3.new(1.100000023841858, -168.10000610351562, 18.1299991607666)
Part7906.Position = Vector3.new(272.9850158691406, 287.9837646484375, 880.4657592773438)
Part7906.Rotation = Vector3.new(178.8699951171875, -11.899999618530273, -162.11000061035156)
Part7906.Transparency = 0.05000000074505806
Part7906.Size = Vector3.new(8.250000953674316, 0.2499980926513672, 7)
Part7906.Anchored = true
Part7906.CanCollide = false
Part7906.Material = Enum.Material.Fabric
SpecialMesh7907.Name = "TopTreeMesh"
SpecialMesh7907.Parent = Part7906
SpecialMesh7907.MeshId = "rbxassetid://623621456"
SpecialMesh7907.Offset = Vector3.new(0, 3.4100000858306885, 0)
SpecialMesh7907.Scale = Vector3.new(1.600000023841858, 1.600000023841858, 1.600000023841858)
SpecialMesh7907.TextureId = "rbxassetid://745556120"
SpecialMesh7907.MeshType = Enum.MeshType.FileMesh
Model7908.Name = "??"
Model7908.Parent = Folder0
Part7909.Name = "TreeMesh Bottom"
Part7909.Parent = Model7908
Part7909.CFrame = CFrame.new(20.5534058, 276.846191, 701.521729, -0.548987389, 0.101624824, -0.82962966, 0.128080651, 0.991086423, 0.0366480611, 0.825958908, -0.0861401781, -0.55711019)
Part7909.Orientation = Vector3.new(-2.0999999046325684, -123.87999725341797, 7.360000133514404)
Part7909.Position = Vector3.new(20.55340576171875, 276.84619140625, 701.521728515625)
Part7909.Rotation = Vector3.new(-176.24000549316406, -56.060001373291016, -169.50999450683594)
Part7909.Size = Vector3.new(8.250000953674316, 0.2499980926513672, 7)
Part7909.Anchored = true
Part7909.CanCollide = false
Part7909.Material = Enum.Material.Fabric
SpecialMesh7910.Name = "BarkMesh"
SpecialMesh7910.Parent = Part7909
SpecialMesh7910.MeshId = "rbxassetid://623621260"
SpecialMesh7910.Offset = Vector3.new(0, 3.4100000858306885, 0)
SpecialMesh7910.TextureId = "rbxassetid://623618671"
SpecialMesh7910.MeshType = Enum.MeshType.FileMesh
Part7911.Name = "TreeMeshTop"
Part7911.Parent = Model7908
Part7911.CFrame = CFrame.new(23.6178589, 306.717346, 698.924683, -0.548985243, 0.101624213, -0.82963115, 0.128080428, 0.991086423, 0.0366477631, 0.825960457, -0.0861404166, -0.557107925)
Part7911.Orientation = Vector3.new(-2.0999999046325684, -123.87999725341797, 7.360000133514404)
Part7911.Position = Vector3.new(23.61785888671875, 306.71734619140625, 698.9246826171875)
Part7911.Rotation = Vector3.new(-176.24000549316406, -56.060001373291016, -169.50999450683594)
Part7911.Transparency = 0.05000000074505806
Part7911.Size = Vector3.new(8.250000953674316, 0.2499980926513672, 7)
Part7911.Anchored = true
Part7911.CanCollide = false
Part7911.Material = Enum.Material.Fabric
SpecialMesh7912.Name = "TopTreeMesh"
SpecialMesh7912.Parent = Part7911
SpecialMesh7912.MeshId = "rbxassetid://623621456"
SpecialMesh7912.Offset = Vector3.new(0, 3.4100000858306885, 0)
SpecialMesh7912.Scale = Vector3.new(1.600000023841858, 1.600000023841858, 1.600000023841858)
SpecialMesh7912.TextureId = "rbxassetid://745556120"
SpecialMesh7912.MeshType = Enum.MeshType.FileMesh
Model7913.Name = "??"
Model7913.Parent = Folder0
Part7914.Name = "TreeMesh Bottom"
Part7914.Parent = Model7913
Part7914.CFrame = CFrame.new(217.082001, 266.012421, 788.504944, -0.931177557, 0.300649375, -0.206215501, 0.311050057, 0.950201571, -0.0192184821, 0.190171808, -0.0820394829, -0.978320777)
Part7914.Orientation = Vector3.new(1.100000023841858, -168.10000610351562, 18.1299991607666)
Part7914.Position = Vector3.new(217.08200073242188, 266.0124206542969, 788.5049438476562)
Part7914.Rotation = Vector3.new(178.8699951171875, -11.899999618530273, -162.11000061035156)
Part7914.Size = Vector3.new(8.250000953674316, 0.2499980926513672, 7)
Part7914.Anchored = true
Part7914.CanCollide = false
Part7914.Material = Enum.Material.Fabric
SpecialMesh7915.Name = "BarkMesh"
SpecialMesh7915.Parent = Part7914
SpecialMesh7915.MeshId = "rbxassetid://623621260"
SpecialMesh7915.Offset = Vector3.new(0, 3.4100000858306885, 0)
SpecialMesh7915.TextureId = "rbxassetid://623618671"
SpecialMesh7915.MeshType = Enum.MeshType.FileMesh
Part7916.Name = "TreeMeshTop"
Part7916.Parent = Model7913
Part7916.CFrame = CFrame.new(226.145111, 294.651031, 786.032776, -0.93117702, 0.300649107, -0.20621857, 0.311049968, 0.950201631, -0.0192181915, 0.190174401, -0.0820400864, -0.978320241)
Part7916.Orientation = Vector3.new(1.100000023841858, -168.10000610351562, 18.1299991607666)
Part7916.Position = Vector3.new(226.14511108398438, 294.6510314941406, 786.0327758789062)
Part7916.Rotation = Vector3.new(178.8699951171875, -11.899999618530273, -162.11000061035156)
Part7916.Transparency = 0.05000000074505806
Part7916.Size = Vector3.new(8.250000953674316, 0.2499980926513672, 7)
Part7916.Anchored = true
Part7916.CanCollide = false
Part7916.Material = Enum.Material.Fabric
SpecialMesh7917.Name = "TopTreeMesh"
SpecialMesh7917.Parent = Part7916
SpecialMesh7917.MeshId = "rbxassetid://623621456"
SpecialMesh7917.Offset = Vector3.new(0, 3.4100000858306885, 0)
SpecialMesh7917.Scale = Vector3.new(1.600000023841858, 1.600000023841858, 1.600000023841858)
SpecialMesh7917.TextureId = "rbxassetid://745556120"
SpecialMesh7917.MeshType = Enum.MeshType.FileMesh
Model7918.Name = "??"
Model7918.Parent = Folder0
Part7919.Name = "TreeMesh Bottom"
Part7919.Parent = Model7918
Part7919.CFrame = CFrame.new(26.7885132, 270.289612, 633.439941, -0.974830329, 0.101625547, -0.198443025, 0.116481483, 0.991086423, -0.0646522641, 0.190104008, -0.0861397907, -0.97797823)
Part7919.Orientation = Vector3.new(3.7100000381469727, -168.52999877929688, 6.699999809265137)
Part7919.Position = Vector3.new(26.78851318359375, 270.28961181640625, 633.43994140625)
Part7919.Rotation = Vector3.new(176.22000122070312, -11.449999809265137, -174.0500030517578)
Part7919.Size = Vector3.new(8.250000953674316, 0.2499980926513672, 7)
Part7919.Anchored = true
Part7919.CanCollide = false
Part7919.Material = Enum.Material.Fabric
SpecialMesh7920.Name = "BarkMesh"
SpecialMesh7920.Parent = Part7919
SpecialMesh7920.MeshId = "rbxassetid://623621260"
SpecialMesh7920.Offset = Vector3.new(0, 3.4100000858306885, 0)
SpecialMesh7920.TextureId = "rbxassetid://623618671"
SpecialMesh7920.MeshType = Enum.MeshType.FileMesh
Part7921.Name = "TreeMeshTop"
Part7921.Parent = Model7918
Part7921.CFrame = CFrame.new(29.8529663, 300.160767, 630.842896, -0.974829793, 0.101624891, -0.198445767, 0.116481043, 0.991086483, -0.0646523088, 0.19010672, -0.0861400366, -0.977977693)
Part7921.Orientation = Vector3.new(3.7100000381469727, -168.52999877929688, 6.699999809265137)
Part7921.Position = Vector3.new(29.85296630859375, 300.1607666015625, 630.8428955078125)
Part7921.Rotation = Vector3.new(176.22000122070312, -11.449999809265137, -174.0500030517578)
Part7921.Transparency = 0.05000000074505806
Part7921.Size = Vector3.new(8.250000953674316, 0.2499980926513672, 7)
Part7921.Anchored = true
Part7921.CanCollide = false
Part7921.Material = Enum.Material.Fabric
SpecialMesh7922.Name = "TopTreeMesh"
SpecialMesh7922.Parent = Part7921
SpecialMesh7922.MeshId = "rbxassetid://623621456"
SpecialMesh7922.Offset = Vector3.new(0, 3.4100000858306885, 0)
SpecialMesh7922.Scale = Vector3.new(1.600000023841858, 1.600000023841858, 1.600000023841858)
SpecialMesh7922.TextureId = "rbxassetid://745556120"
SpecialMesh7922.MeshType = Enum.MeshType.FileMesh
Model7923.Name = "??"
Model7923.Parent = Folder0
Part7924.Name = "TreeMesh Bottom"
Part7924.Parent = Model7923
Part7924.CFrame = CFrame.new(192.857056, 266.80188, 708.871155, -0.931177557, 0.300649375, -0.206215501, 0.311050057, 0.950201571, -0.0192184821, 0.190171808, -0.0820394829, -0.978320777)
Part7924.Orientation = Vector3.new(1.100000023841858, -168.10000610351562, 18.1299991607666)
Part7924.Position = Vector3.new(192.8570556640625, 266.8018798828125, 708.8711547851562)
Part7924.Rotation = Vector3.new(178.8699951171875, -11.899999618530273, -162.11000061035156)
Part7924.Size = Vector3.new(8.250000953674316, 0.2499980926513672, 7)
Part7924.Anchored = true
Part7924.CanCollide = false
Part7924.Material = Enum.Material.Fabric
SpecialMesh7925.Name = "BarkMesh"
SpecialMesh7925.Parent = Part7924
SpecialMesh7925.MeshId = "rbxassetid://623621260"
SpecialMesh7925.Offset = Vector3.new(0, 3.4100000858306885, 0)
SpecialMesh7925.TextureId = "rbxassetid://623618671"
SpecialMesh7925.MeshType = Enum.MeshType.FileMesh
Part7926.Name = "TreeMeshTop"
Part7926.Parent = Model7923
Part7926.CFrame = CFrame.new(201.920166, 295.440491, 706.398987, -0.93117702, 0.300649107, -0.20621857, 0.311049968, 0.950201631, -0.0192181915, 0.190174401, -0.0820400864, -0.978320241)
Part7926.Orientation = Vector3.new(1.100000023841858, -168.10000610351562, 18.1299991607666)
Part7926.Position = Vector3.new(201.920166015625, 295.44049072265625, 706.3989868164062)
Part7926.Rotation = Vector3.new(178.8699951171875, -11.899999618530273, -162.11000061035156)
Part7926.Transparency = 0.05000000074505806
Part7926.Size = Vector3.new(8.250000953674316, 0.2499980926513672, 7)
Part7926.Anchored = true
Part7926.CanCollide = false
Part7926.Material = Enum.Material.Fabric
SpecialMesh7927.Name = "TopTreeMesh"
SpecialMesh7927.Parent = Part7926
SpecialMesh7927.MeshId = "rbxassetid://623621456"
SpecialMesh7927.Offset = Vector3.new(0, 3.4100000858306885, 0)
SpecialMesh7927.Scale = Vector3.new(1.600000023841858, 1.600000023841858, 1.600000023841858)
SpecialMesh7927.TextureId = "rbxassetid://745556120"
SpecialMesh7927.MeshType = Enum.MeshType.FileMesh
Model7928.Name = "??"
Model7928.Parent = Folder0
Part7929.Name = "TreeMesh Bottom"
Part7929.Parent = Model7928
Part7929.CFrame = CFrame.new(208.878632, 265.869995, 756.792297, -0.931177557, 0.300649375, -0.206215501, 0.311050057, 0.950201571, -0.0192184821, 0.190171808, -0.0820394829, -0.978320777)
Part7929.Orientation = Vector3.new(1.100000023841858, -168.10000610351562, 18.1299991607666)
Part7929.Position = Vector3.new(208.87863159179688, 265.8699951171875, 756.7922973632812)
Part7929.Rotation = Vector3.new(178.8699951171875, -11.899999618530273, -162.11000061035156)
Part7929.Size = Vector3.new(8.250000953674316, 0.2499980926513672, 7)
Part7929.Anchored = true
Part7929.CanCollide = false
Part7929.Material = Enum.Material.Fabric
SpecialMesh7930.Name = "BarkMesh"
SpecialMesh7930.Parent = Part7929
SpecialMesh7930.MeshId = "rbxassetid://623621260"
SpecialMesh7930.Offset = Vector3.new(0, 3.4100000858306885, 0)
SpecialMesh7930.TextureId = "rbxassetid://623618671"
SpecialMesh7930.MeshType = Enum.MeshType.FileMesh
Part7931.Name = "TreeMeshTop"
Part7931.Parent = Model7928
Part7931.CFrame = CFrame.new(217.941803, 294.508606, 754.320129, -0.93117702, 0.300649107, -0.20621857, 0.311049968, 0.950201631, -0.0192181915, 0.190174401, -0.0820400864, -0.978320241)
Part7931.Orientation = Vector3.new(1.100000023841858, -168.10000610351562, 18.1299991607666)
Part7931.Position = Vector3.new(217.94180297851562, 294.50860595703125, 754.3201293945312)
Part7931.Rotation = Vector3.new(178.8699951171875, -11.899999618530273, -162.11000061035156)
Part7931.Transparency = 0.05000000074505806
Part7931.Size = Vector3.new(8.250000953674316, 0.2499980926513672, 7)
Part7931.Anchored = true
Part7931.CanCollide = false
Part7931.Material = Enum.Material.Fabric
SpecialMesh7932.Name = "TopTreeMesh"
SpecialMesh7932.Parent = Part7931
SpecialMesh7932.MeshId = "rbxassetid://623621456"
SpecialMesh7932.Offset = Vector3.new(0, 3.4100000858306885, 0)
SpecialMesh7932.Scale = Vector3.new(1.600000023841858, 1.600000023841858, 1.600000023841858)
SpecialMesh7932.TextureId = "rbxassetid://745556120"
SpecialMesh7932.MeshType = Enum.MeshType.FileMesh
Model7933.Name = "??"
Model7933.Parent = Folder0
Part7934.Name = "TreeMesh Bottom"
Part7934.Parent = Model7933
Part7934.CFrame = CFrame.new(153.232147, 268.144043, 579.201965, -0.931177557, 0.300649375, -0.206215501, 0.311050057, 0.950201571, -0.0192184821, 0.190171808, -0.0820394829, -0.978320777)
Part7934.Orientation = Vector3.new(1.100000023841858, -168.10000610351562, 18.1299991607666)
Part7934.Position = Vector3.new(153.23214721679688, 268.14404296875, 579.2019653320312)
Part7934.Rotation = Vector3.new(178.8699951171875, -11.899999618530273, -162.11000061035156)
Part7934.Size = Vector3.new(8.250000953674316, 0.2499980926513672, 7)
Part7934.Anchored = true
Part7934.CanCollide = false
Part7934.Material = Enum.Material.Fabric
SpecialMesh7935.Name = "BarkMesh"
SpecialMesh7935.Parent = Part7934
SpecialMesh7935.MeshId = "rbxassetid://623621260"
SpecialMesh7935.Offset = Vector3.new(0, 3.4100000858306885, 0)
SpecialMesh7935.TextureId = "rbxassetid://623618671"
SpecialMesh7935.MeshType = Enum.MeshType.FileMesh
Part7936.Name = "TreeMeshTop"
Part7936.Parent = Model7933
Part7936.CFrame = CFrame.new(162.295258, 296.782654, 576.729797, -0.93117702, 0.300649107, -0.20621857, 0.311049968, 0.950201631, -0.0192181915, 0.190174401, -0.0820400864, -0.978320241)
Part7936.Orientation = Vector3.new(1.100000023841858, -168.10000610351562, 18.1299991607666)
Part7936.Position = Vector3.new(162.29525756835938, 296.78265380859375, 576.7297973632812)
Part7936.Rotation = Vector3.new(178.8699951171875, -11.899999618530273, -162.11000061035156)
Part7936.Transparency = 0.05000000074505806
Part7936.Size = Vector3.new(8.250000953674316, 0.2499980926513672, 7)
Part7936.Anchored = true
Part7936.CanCollide = false
Part7936.Material = Enum.Material.Fabric
SpecialMesh7937.Name = "TopTreeMesh"
SpecialMesh7937.Parent = Part7936
SpecialMesh7937.MeshId = "rbxassetid://623621456"
SpecialMesh7937.Offset = Vector3.new(0, 3.4100000858306885, 0)
SpecialMesh7937.Scale = Vector3.new(1.600000023841858, 1.600000023841858, 1.600000023841858)
SpecialMesh7937.TextureId = "rbxassetid://745556120"
SpecialMesh7937.MeshType = Enum.MeshType.FileMesh
Model7938.Name = "??"
Model7938.Parent = Folder0
Part7939.Name = "TreeMesh Bottom"
Part7939.Parent = Model7938
Part7939.CFrame = CFrame.new(169.253723, 267.212158, 627.123108, -0.931177557, 0.300649375, -0.206215501, 0.311050057, 0.950201571, -0.0192184821, 0.190171808, -0.0820394829, -0.978320777)
Part7939.Orientation = Vector3.new(1.100000023841858, -168.10000610351562, 18.1299991607666)
Part7939.Position = Vector3.new(169.25372314453125, 267.212158203125, 627.1231079101562)
Part7939.Rotation = Vector3.new(178.8699951171875, -11.899999618530273, -162.11000061035156)
Part7939.Size = Vector3.new(8.250000953674316, 0.2499980926513672, 7)
Part7939.Anchored = true
Part7939.CanCollide = false
Part7939.Material = Enum.Material.Fabric
SpecialMesh7940.Name = "BarkMesh"
SpecialMesh7940.Parent = Part7939
SpecialMesh7940.MeshId = "rbxassetid://623621260"
SpecialMesh7940.Offset = Vector3.new(0, 3.4100000858306885, 0)
SpecialMesh7940.TextureId = "rbxassetid://623618671"
SpecialMesh7940.MeshType = Enum.MeshType.FileMesh
Part7941.Name = "TreeMeshTop"
Part7941.Parent = Model7938
Part7941.CFrame = CFrame.new(178.316895, 295.850769, 624.65094, -0.93117702, 0.300649107, -0.20621857, 0.311049968, 0.950201631, -0.0192181915, 0.190174401, -0.0820400864, -0.978320241)
Part7941.Orientation = Vector3.new(1.100000023841858, -168.10000610351562, 18.1299991607666)
Part7941.Position = Vector3.new(178.31689453125, 295.85076904296875, 624.6509399414062)
Part7941.Rotation = Vector3.new(178.8699951171875, -11.899999618530273, -162.11000061035156)
Part7941.Transparency = 0.05000000074505806
Part7941.Size = Vector3.new(8.250000953674316, 0.2499980926513672, 7)
Part7941.Anchored = true
Part7941.CanCollide = false
Part7941.Material = Enum.Material.Fabric
SpecialMesh7942.Name = "TopTreeMesh"
SpecialMesh7942.Parent = Part7941
SpecialMesh7942.MeshId = "rbxassetid://623621456"
SpecialMesh7942.Offset = Vector3.new(0, 3.4100000858306885, 0)
SpecialMesh7942.Scale = Vector3.new(1.600000023841858, 1.600000023841858, 1.600000023841858)
SpecialMesh7942.TextureId = "rbxassetid://745556120"
SpecialMesh7942.MeshType = Enum.MeshType.FileMesh
Model7943.Name = "??"
Model7943.Parent = Folder0
Part7944.Name = "TreeMesh Bottom"
Part7944.Parent = Model7943
Part7944.CFrame = CFrame.new(-19.1912842, 272.839569, 608.532837, -0.974830329, 0.101625547, -0.198443025, 0.116481483, 0.991086423, -0.0646522641, 0.190104008, -0.0861397907, -0.97797823)
Part7944.Orientation = Vector3.new(3.7100000381469727, -168.52999877929688, 6.699999809265137)
Part7944.Position = Vector3.new(-19.1912841796875, 272.8395690917969, 608.5328369140625)
Part7944.Rotation = Vector3.new(176.22000122070312, -11.449999809265137, -174.0500030517578)
Part7944.Size = Vector3.new(8.250000953674316, 0.2499980926513672, 7)
Part7944.Anchored = true
Part7944.CanCollide = false
Part7944.Material = Enum.Material.Fabric
SpecialMesh7945.Name = "BarkMesh"
SpecialMesh7945.Parent = Part7944
SpecialMesh7945.MeshId = "rbxassetid://623621260"
SpecialMesh7945.Offset = Vector3.new(0, 3.4100000858306885, 0)
SpecialMesh7945.TextureId = "rbxassetid://623618671"
SpecialMesh7945.MeshType = Enum.MeshType.FileMesh
Part7946.Name = "TreeMeshTop"
Part7946.Parent = Model7943
Part7946.CFrame = CFrame.new(-16.1268311, 302.710724, 605.935791, -0.974829793, 0.101624891, -0.198445767, 0.116481043, 0.991086483, -0.0646523088, 0.19010672, -0.0861400366, -0.977977693)
Part7946.Orientation = Vector3.new(3.7100000381469727, -168.52999877929688, 6.699999809265137)
Part7946.Position = Vector3.new(-16.1268310546875, 302.7107238769531, 605.935791015625)
Part7946.Rotation = Vector3.new(176.22000122070312, -11.449999809265137, -174.0500030517578)
Part7946.Transparency = 0.05000000074505806
Part7946.Size = Vector3.new(8.250000953674316, 0.2499980926513672, 7)
Part7946.Anchored = true
Part7946.CanCollide = false
Part7946.Material = Enum.Material.Fabric
SpecialMesh7947.Name = "TopTreeMesh"
SpecialMesh7947.Parent = Part7946
SpecialMesh7947.MeshId = "rbxassetid://623621456"
SpecialMesh7947.Offset = Vector3.new(0, 3.4100000858306885, 0)
SpecialMesh7947.Scale = Vector3.new(1.600000023841858, 1.600000023841858, 1.600000023841858)
SpecialMesh7947.TextureId = "rbxassetid://745556120"
SpecialMesh7947.MeshType = Enum.MeshType.FileMesh
Model7948.Name = "??"
Model7948.Parent = Folder0
Part7949.Name = "TreeMesh Bottom"
Part7949.Parent = Model7948
Part7949.CFrame = CFrame.new(218.880127, 247.770279, 583.807739, -0.804256856, 0.300649762, 0.512621462, 0.206355691, 0.950199604, -0.233533666, -0.557304561, -0.0820386857, -0.826245368)
Part7949.Orientation = Vector3.new(13.510000228881836, 148.17999267578125, 12.25)
Part7949.Position = Vector3.new(218.880126953125, 247.77027893066406, 583.8077392578125)
Part7949.Rotation = Vector3.new(164.22000122070312, 30.84000015258789, -159.5)
Part7949.Size = Vector3.new(8.250000953674316, 0.2499980926513672, 7)
Part7949.Anchored = true
Part7949.CanCollide = false
Part7949.Material = Enum.Material.Fabric
SpecialMesh7950.Name = "BarkMesh"
SpecialMesh7950.Parent = Part7949
SpecialMesh7950.MeshId = "rbxassetid://623621260"
SpecialMesh7950.Offset = Vector3.new(0, 3.4100000858306885, 0)
SpecialMesh7950.TextureId = "rbxassetid://623618671"
SpecialMesh7950.MeshType = Enum.MeshType.FileMesh
Part7951.Name = "TreeMeshTop"
Part7951.Parent = Model7948
Part7951.CFrame = CFrame.new(227.943314, 276.408875, 581.335571, -0.804258406, 0.300649464, 0.512619138, 0.206355751, 0.950199664, -0.233533442, -0.557302237, -0.082039319, -0.826246858)
Part7951.Orientation = Vector3.new(13.510000228881836, 148.17999267578125, 12.25)
Part7951.Position = Vector3.new(227.9433135986328, 276.40887451171875, 581.3355712890625)
Part7951.Rotation = Vector3.new(164.22000122070312, 30.84000015258789, -159.5)
Part7951.Transparency = 0.05000000074505806
Part7951.Size = Vector3.new(8.250000953674316, 0.2499980926513672, 7)
Part7951.Anchored = true
Part7951.CanCollide = false
Part7951.Material = Enum.Material.Fabric
SpecialMesh7952.Name = "TopTreeMesh"
SpecialMesh7952.Parent = Part7951
SpecialMesh7952.MeshId = "rbxassetid://623621456"
SpecialMesh7952.Offset = Vector3.new(0, 3.4100000858306885, 0)
SpecialMesh7952.Scale = Vector3.new(1.600000023841858, 1.600000023841858, 1.600000023841858)
SpecialMesh7952.TextureId = "rbxassetid://745556120"
SpecialMesh7952.MeshType = Enum.MeshType.FileMesh
Model7953.Name = "??"
Model7953.Parent = Folder0
Part7954.Name = "TreeMesh Bottom"
Part7954.Parent = Model7953
Part7954.CFrame = CFrame.new(227.083496, 247.912704, 615.520386, -0.804256856, 0.300649762, 0.512621462, 0.206355691, 0.950199604, -0.233533666, -0.557304561, -0.0820386857, -0.826245368)
Part7954.Orientation = Vector3.new(13.510000228881836, 148.17999267578125, 12.25)
Part7954.Position = Vector3.new(227.08349609375, 247.91270446777344, 615.5203857421875)
Part7954.Rotation = Vector3.new(164.22000122070312, 30.84000015258789, -159.5)
Part7954.Size = Vector3.new(8.250000953674316, 0.2499980926513672, 7)
Part7954.Anchored = true
Part7954.CanCollide = false
Part7954.Material = Enum.Material.Fabric
SpecialMesh7955.Name = "BarkMesh"
SpecialMesh7955.Parent = Part7954
SpecialMesh7955.MeshId = "rbxassetid://623621260"
SpecialMesh7955.Offset = Vector3.new(0, 3.4100000858306885, 0)
SpecialMesh7955.TextureId = "rbxassetid://623618671"
SpecialMesh7955.MeshType = Enum.MeshType.FileMesh
Part7956.Name = "TreeMeshTop"
Part7956.Parent = Model7953
Part7956.CFrame = CFrame.new(236.146622, 276.5513, 613.048218, -0.804258406, 0.300649464, 0.512619138, 0.206355751, 0.950199664, -0.233533442, -0.557302237, -0.082039319, -0.826246858)
Part7956.Orientation = Vector3.new(13.510000228881836, 148.17999267578125, 12.25)
Part7956.Position = Vector3.new(236.14662170410156, 276.5513000488281, 613.0482177734375)
Part7956.Rotation = Vector3.new(164.22000122070312, 30.84000015258789, -159.5)
Part7956.Transparency = 0.05000000074505806
Part7956.Size = Vector3.new(8.250000953674316, 0.2499980926513672, 7)
Part7956.Anchored = true
Part7956.CanCollide = false
Part7956.Material = Enum.Material.Fabric
SpecialMesh7957.Name = "TopTreeMesh"
SpecialMesh7957.Parent = Part7956
SpecialMesh7957.MeshId = "rbxassetid://623621456"
SpecialMesh7957.Offset = Vector3.new(0, 3.4100000858306885, 0)
SpecialMesh7957.Scale = Vector3.new(1.600000023841858, 1.600000023841858, 1.600000023841858)
SpecialMesh7957.TextureId = "rbxassetid://745556120"
SpecialMesh7957.MeshType = Enum.MeshType.FileMesh
Model7958.Name = "??"
Model7958.Parent = Folder0
Part7959.Name = "TreeMesh Bottom"
Part7959.Parent = Model7958
Part7959.CFrame = CFrame.new(242.483459, 247.360001, 665.555786, -0.804256856, 0.300649762, 0.512621462, 0.206355691, 0.950199604, -0.233533666, -0.557304561, -0.0820386857, -0.826245368)
Part7959.Orientation = Vector3.new(13.510000228881836, 148.17999267578125, 12.25)
Part7959.Position = Vector3.new(242.48345947265625, 247.36000061035156, 665.5557861328125)
Part7959.Rotation = Vector3.new(164.22000122070312, 30.84000015258789, -159.5)
Part7959.Size = Vector3.new(8.250000953674316, 0.2499980926513672, 7)
Part7959.Anchored = true
Part7959.CanCollide = false
Part7959.Material = Enum.Material.Fabric
SpecialMesh7960.Name = "BarkMesh"
SpecialMesh7960.Parent = Part7959
SpecialMesh7960.MeshId = "rbxassetid://623621260"
SpecialMesh7960.Offset = Vector3.new(0, 3.4100000858306885, 0)
SpecialMesh7960.TextureId = "rbxassetid://623618671"
SpecialMesh7960.MeshType = Enum.MeshType.FileMesh
Part7961.Name = "TreeMeshTop"
Part7961.Parent = Model7958
Part7961.CFrame = CFrame.new(251.546585, 275.998596, 663.083618, -0.804258406, 0.300649464, 0.512619138, 0.206355751, 0.950199664, -0.233533442, -0.557302237, -0.082039319, -0.826246858)
Part7961.Orientation = Vector3.new(13.510000228881836, 148.17999267578125, 12.25)
Part7961.Position = Vector3.new(251.5465850830078, 275.99859619140625, 663.0836181640625)
Part7961.Rotation = Vector3.new(164.22000122070312, 30.84000015258789, -159.5)
Part7961.Transparency = 0.05000000074505806
Part7961.Size = Vector3.new(8.250000953674316, 0.2499980926513672, 7)
Part7961.Anchored = true
Part7961.CanCollide = false
Part7961.Material = Enum.Material.Fabric
SpecialMesh7962.Name = "TopTreeMesh"
SpecialMesh7962.Parent = Part7961
SpecialMesh7962.MeshId = "rbxassetid://623621456"
SpecialMesh7962.Offset = Vector3.new(0, 3.4100000858306885, 0)
SpecialMesh7962.Scale = Vector3.new(1.600000023841858, 1.600000023841858, 1.600000023841858)
SpecialMesh7962.TextureId = "rbxassetid://745556120"
SpecialMesh7962.MeshType = Enum.MeshType.FileMesh
Model7963.Name = "??"
Model7963.Parent = Folder0
Part7964.Name = "TreeMesh Bottom"
Part7964.Parent = Model7963
Part7964.CFrame = CFrame.new(245.254807, 226.106918, 522.210999, -0.804256916, 0.300649703, 0.512621582, 0.206355706, 0.950199485, -0.23353371, -0.557304621, -0.0820386708, -0.826245606)
Part7964.Orientation = Vector3.new(13.510000228881836, 148.17999267578125, 12.25)
Part7964.Position = Vector3.new(245.2548065185547, 226.10691833496094, 522.2109985351562)
Part7964.Rotation = Vector3.new(164.22000122070312, 30.84000015258789, -159.5)
Part7964.Size = Vector3.new(8.250000953674316, 0.2499980926513672, 7)
Part7964.Anchored = true
Part7964.CanCollide = false
Part7964.Material = Enum.Material.Fabric
SpecialMesh7965.Name = "BarkMesh"
SpecialMesh7965.Parent = Part7964
SpecialMesh7965.MeshId = "rbxassetid://623621260"
SpecialMesh7965.Offset = Vector3.new(0, 3.4100000858306885, 0)
SpecialMesh7965.TextureId = "rbxassetid://623618671"
SpecialMesh7965.MeshType = Enum.MeshType.FileMesh
Part7966.Name = "TreeMeshTop"
Part7966.Parent = Model7963
Part7966.CFrame = CFrame.new(254.317932, 254.745499, 519.738831, -0.804258406, 0.300649434, 0.512619197, 0.206355751, 0.950199604, -0.233533472, -0.557302237, -0.0820393115, -0.826246977)
Part7966.Orientation = Vector3.new(13.510000228881836, 148.17999267578125, 12.25)
Part7966.Position = Vector3.new(254.31793212890625, 254.74549865722656, 519.7388305664062)
Part7966.Rotation = Vector3.new(164.22000122070312, 30.84000015258789, -159.5)
Part7966.Transparency = 0.05000000074505806
Part7966.Size = Vector3.new(8.250000953674316, 0.2499980926513672, 7)
Part7966.Anchored = true
Part7966.CanCollide = false
Part7966.Material = Enum.Material.Fabric
SpecialMesh7967.Name = "TopTreeMesh"
SpecialMesh7967.Parent = Part7966
SpecialMesh7967.MeshId = "rbxassetid://623621456"
SpecialMesh7967.Offset = Vector3.new(0, 3.4100000858306885, 0)
SpecialMesh7967.Scale = Vector3.new(1.600000023841858, 1.600000023841858, 1.600000023841858)
SpecialMesh7967.TextureId = "rbxassetid://745556120"
SpecialMesh7967.MeshType = Enum.MeshType.FileMesh
Model7968.Name = "??"
Model7968.Parent = Folder0
Part7969.Name = "TreeMesh Bottom"
Part7969.Parent = Model7968
Part7969.CFrame = CFrame.new(258.505035, 246.428116, 713.476929, -0.804256856, 0.300649762, 0.512621462, 0.206355691, 0.950199604, -0.233533666, -0.557304561, -0.0820386857, -0.826245368)
Part7969.Orientation = Vector3.new(13.510000228881836, 148.17999267578125, 12.25)
Part7969.Position = Vector3.new(258.5050354003906, 246.42811584472656, 713.4769287109375)
Part7969.Rotation = Vector3.new(164.22000122070312, 30.84000015258789, -159.5)
Part7969.Size = Vector3.new(8.250000953674316, 0.2499980926513672, 7)
Part7969.Anchored = true
Part7969.CanCollide = false
Part7969.Material = Enum.Material.Fabric
SpecialMesh7970.Name = "BarkMesh"
SpecialMesh7970.Parent = Part7969
SpecialMesh7970.MeshId = "rbxassetid://623621260"
SpecialMesh7970.Offset = Vector3.new(0, 3.4100000858306885, 0)
SpecialMesh7970.TextureId = "rbxassetid://623618671"
SpecialMesh7970.MeshType = Enum.MeshType.FileMesh
Part7971.Name = "TreeMeshTop"
Part7971.Parent = Model7968
Part7971.CFrame = CFrame.new(267.568237, 275.066711, 711.004761, -0.804258406, 0.300649464, 0.512619138, 0.206355751, 0.950199664, -0.233533442, -0.557302237, -0.082039319, -0.826246858)
Part7971.Orientation = Vector3.new(13.510000228881836, 148.17999267578125, 12.25)
Part7971.Position = Vector3.new(267.5682373046875, 275.06671142578125, 711.0047607421875)
Part7971.Rotation = Vector3.new(164.22000122070312, 30.84000015258789, -159.5)
Part7971.Transparency = 0.05000000074505806
Part7971.Size = Vector3.new(8.250000953674316, 0.2499980926513672, 7)
Part7971.Anchored = true
Part7971.CanCollide = false
Part7971.Material = Enum.Material.Fabric
SpecialMesh7972.Name = "TopTreeMesh"
SpecialMesh7972.Parent = Part7971
SpecialMesh7972.MeshId = "rbxassetid://623621456"
SpecialMesh7972.Offset = Vector3.new(0, 3.4100000858306885, 0)
SpecialMesh7972.Scale = Vector3.new(1.600000023841858, 1.600000023841858, 1.600000023841858)
SpecialMesh7972.TextureId = "rbxassetid://745556120"
SpecialMesh7972.MeshType = Enum.MeshType.FileMesh
Model7973.Name = "??"
Model7973.Parent = Folder0
Part7974.Name = "TreeMesh Bottom"
Part7974.Parent = Model7973
Part7974.CFrame = CFrame.new(202.858551, 248.702164, 535.886597, -0.804256856, 0.300649762, 0.512621462, 0.206355691, 0.950199604, -0.233533666, -0.557304561, -0.0820386857, -0.826245368)
Part7974.Orientation = Vector3.new(13.510000228881836, 148.17999267578125, 12.25)
Part7974.Position = Vector3.new(202.85855102539062, 248.70216369628906, 535.8865966796875)
Part7974.Rotation = Vector3.new(164.22000122070312, 30.84000015258789, -159.5)
Part7974.Size = Vector3.new(8.250000953674316, 0.2499980926513672, 7)
Part7974.Anchored = true
Part7974.CanCollide = false
Part7974.Material = Enum.Material.Fabric
SpecialMesh7975.Name = "BarkMesh"
SpecialMesh7975.Parent = Part7974
SpecialMesh7975.MeshId = "rbxassetid://623621260"
SpecialMesh7975.Offset = Vector3.new(0, 3.4100000858306885, 0)
SpecialMesh7975.TextureId = "rbxassetid://623618671"
SpecialMesh7975.MeshType = Enum.MeshType.FileMesh
Part7976.Name = "TreeMeshTop"
Part7976.Parent = Model7973
Part7976.CFrame = CFrame.new(211.921677, 277.340759, 533.414429, -0.804258406, 0.300649464, 0.512619138, 0.206355751, 0.950199664, -0.233533442, -0.557302237, -0.082039319, -0.826246858)
Part7976.Orientation = Vector3.new(13.510000228881836, 148.17999267578125, 12.25)
Part7976.Position = Vector3.new(211.9216766357422, 277.34075927734375, 533.4144287109375)
Part7976.Rotation = Vector3.new(164.22000122070312, 30.84000015258789, -159.5)
Part7976.Transparency = 0.05000000074505806
Part7976.Size = Vector3.new(8.250000953674316, 0.2499980926513672, 7)
Part7976.Anchored = true
Part7976.CanCollide = false
Part7976.Material = Enum.Material.Fabric
SpecialMesh7977.Name = "TopTreeMesh"
SpecialMesh7977.Parent = Part7976
SpecialMesh7977.MeshId = "rbxassetid://623621456"
SpecialMesh7977.Offset = Vector3.new(0, 3.4100000858306885, 0)
SpecialMesh7977.Scale = Vector3.new(1.600000023841858, 1.600000023841858, 1.600000023841858)
SpecialMesh7977.TextureId = "rbxassetid://745556120"
SpecialMesh7977.MeshType = Enum.MeshType.FileMesh
Model7978.Name = "??"
Model7978.Parent = Folder0
Part7979.Name = "TreeMesh Bottom"
Part7979.Parent = Model7978
Part7979.CFrame = CFrame.new(-98.3971558, 283.414886, 636.763184, -0.548987389, 0.101624824, -0.82962966, 0.128080651, 0.991086423, 0.0366480611, 0.825958908, -0.0861401781, -0.55711019)
Part7979.Orientation = Vector3.new(-2.0999999046325684, -123.87999725341797, 7.360000133514404)
Part7979.Position = Vector3.new(-98.39715576171875, 283.4148864746094, 636.76318359375)
Part7979.Rotation = Vector3.new(-176.24000549316406, -56.060001373291016, -169.50999450683594)
Part7979.Size = Vector3.new(8.250000953674316, 0.2499980926513672, 7)
Part7979.Anchored = true
Part7979.CanCollide = false
Part7979.Material = Enum.Material.Fabric
SpecialMesh7980.Name = "BarkMesh"
SpecialMesh7980.Parent = Part7979
SpecialMesh7980.MeshId = "rbxassetid://623621260"
SpecialMesh7980.Offset = Vector3.new(0, 3.4100000858306885, 0)
SpecialMesh7980.TextureId = "rbxassetid://623618671"
SpecialMesh7980.MeshType = Enum.MeshType.FileMesh
Part7981.Name = "TreeMeshTop"
Part7981.Parent = Model7978
Part7981.CFrame = CFrame.new(-95.3327332, 313.286041, 634.166138, -0.548985243, 0.101624213, -0.82963115, 0.128080428, 0.991086423, 0.0366477631, 0.825960457, -0.0861404166, -0.557107925)
Part7981.Orientation = Vector3.new(-2.0999999046325684, -123.87999725341797, 7.360000133514404)
Part7981.Position = Vector3.new(-95.33273315429688, 313.2860412597656, 634.1661376953125)
Part7981.Rotation = Vector3.new(-176.24000549316406, -56.060001373291016, -169.50999450683594)
Part7981.Transparency = 0.05000000074505806
Part7981.Size = Vector3.new(8.250000953674316, 0.2499980926513672, 7)
Part7981.Anchored = true
Part7981.CanCollide = false
Part7981.Material = Enum.Material.Fabric
SpecialMesh7982.Name = "TopTreeMesh"
SpecialMesh7982.Parent = Part7981
SpecialMesh7982.MeshId = "rbxassetid://623621456"
SpecialMesh7982.Offset = Vector3.new(0, 3.4100000858306885, 0)
SpecialMesh7982.Scale = Vector3.new(1.600000023841858, 1.600000023841858, 1.600000023841858)
SpecialMesh7982.TextureId = "rbxassetid://745556120"
SpecialMesh7982.MeshType = Enum.MeshType.FileMesh
Model7983.Name = "??"
Model7983.Parent = Folder0
Part7984.Name = "TreeMesh Bottom"
Part7984.Parent = Model7983
Part7984.CFrame = CFrame.new(-53.4298096, 280.795563, 659.677734, -0.548987389, 0.101624824, -0.82962966, 0.128080651, 0.991086423, 0.0366480611, 0.825958908, -0.0861401781, -0.55711019)
Part7984.Orientation = Vector3.new(-2.0999999046325684, -123.87999725341797, 7.360000133514404)
Part7984.Position = Vector3.new(-53.4298095703125, 280.7955627441406, 659.677734375)
Part7984.Rotation = Vector3.new(-176.24000549316406, -56.060001373291016, -169.50999450683594)
Part7984.Size = Vector3.new(8.250000953674316, 0.2499980926513672, 7)
Part7984.Anchored = true
Part7984.CanCollide = false
Part7984.Material = Enum.Material.Fabric
SpecialMesh7985.Name = "BarkMesh"
SpecialMesh7985.Parent = Part7984
SpecialMesh7985.MeshId = "rbxassetid://623621260"
SpecialMesh7985.Offset = Vector3.new(0, 3.4100000858306885, 0)
SpecialMesh7985.TextureId = "rbxassetid://623618671"
SpecialMesh7985.MeshType = Enum.MeshType.FileMesh
Part7986.Name = "TreeMeshTop"
Part7986.Parent = Model7983
Part7986.CFrame = CFrame.new(-50.3653564, 310.666748, 657.080688, -0.548985243, 0.101624213, -0.82963115, 0.128080428, 0.991086423, 0.0366477631, 0.825960457, -0.0861404166, -0.557107925)
Part7986.Orientation = Vector3.new(-2.0999999046325684, -123.87999725341797, 7.360000133514404)
Part7986.Position = Vector3.new(-50.3653564453125, 310.666748046875, 657.0806884765625)
