Part432.Name = "TreeMeshTop"
Part432.Parent = Model429
Part432.CFrame = CFrame.new(2780.14404, 257.140289, 2597.46411, 0.839997649, -0.0238344036, 0.54206723, 0.0216940567, 0.999711812, 0.010338746, -0.542158067, 0.00307510793, 0.840271533)
Part432.Orientation = Vector3.new(-0.5899999737739563, 32.83000183105469, 1.2400000095367432)
Part432.Position = Vector3.new(2780.14404296875, 257.1402893066406, 2597.464111328125)
Part432.Rotation = Vector3.new(-0.699999988079071, 32.81999969482422, 1.6299999952316284)
Part432.Transparency = 0.05000000074505806
Part432.Size = Vector3.new(8.250000953674316, 0.2499980926513672, 7)
Part432.Anchored = true
Part432.CanCollide = false
Part432.Material = Enum.Material.Fabric
SpecialMesh433.Name = "TopTreeMesh"
SpecialMesh433.Parent = Part432
SpecialMesh433.MeshId = "rbxassetid://623621456"
SpecialMesh433.Offset = Vector3.new(0, 3.4100000858306885, 0)
SpecialMesh433.Scale = Vector3.new(1.600000023841858, 1.600000023841858, 1.600000023841858)
SpecialMesh433.TextureId = "rbxassetid://745556120"
SpecialMesh433.MeshType = Enum.MeshType.FileMesh
Model434.Name = "??"
Model434.Parent = Folder0
Part435.Name = "TreeMesh Bottom"
Part435.Parent = Model434
Part435.CFrame = CFrame.new(2780.86377, 260.009094, 2782.37158, 0.839997649, -0.0238344036, 0.54206723, 0.0216940567, 0.999711812, 0.010338746, -0.542158067, 0.00307510793, 0.840271533)
Part435.Orientation = Vector3.new(-0.5899999737739563, 32.83000183105469, 1.2400000095367432)
Part435.Position = Vector3.new(2780.86376953125, 260.00909423828125, 2782.37158203125)
Part435.Rotation = Vector3.new(-0.699999988079071, 32.81999969482422, 1.6299999952316284)
Part435.Size = Vector3.new(8.250000953674316, 0.2499980926513672, 7)
Part435.Anchored = true
Part435.CanCollide = false
Part435.Material = Enum.Material.Fabric
SpecialMesh436.Name = "BarkMesh"
SpecialMesh436.Parent = Part435
SpecialMesh436.MeshId = "rbxassetid://623621260"
SpecialMesh436.Offset = Vector3.new(0, 3.4100000858306885, 0)
SpecialMesh436.TextureId = "rbxassetid://623618671"
SpecialMesh436.MeshType = Enum.MeshType.FileMesh
Part437.Name = "TreeMeshTop"
Part437.Parent = Model434
Part437.CFrame = CFrame.new(2780.14404, 290.140289, 2782.46411, 0.839997649, -0.0238344036, 0.54206723, 0.0216940567, 0.999711812, 0.010338746, -0.542158067, 0.00307510793, 0.840271533)
Part437.Orientation = Vector3.new(-0.5899999737739563, 32.83000183105469, 1.2400000095367432)
Part437.Position = Vector3.new(2780.14404296875, 290.1402893066406, 2782.464111328125)
Part437.Rotation = Vector3.new(-0.699999988079071, 32.81999969482422, 1.6299999952316284)
Part437.Transparency = 0.05000000074505806
Part437.Size = Vector3.new(8.250000953674316, 0.2499980926513672, 7)
Part437.Anchored = true
Part437.CanCollide = false
Part437.Material = Enum.Material.Fabric
SpecialMesh438.Name = "TopTreeMesh"
SpecialMesh438.Parent = Part437
SpecialMesh438.MeshId = "rbxassetid://623621456"
SpecialMesh438.Offset = Vector3.new(0, 3.4100000858306885, 0)
SpecialMesh438.Scale = Vector3.new(1.600000023841858, 1.600000023841858, 1.600000023841858)
SpecialMesh438.TextureId = "rbxassetid://745556120"
SpecialMesh438.MeshType = Enum.MeshType.FileMesh
Model439.Name = "??"
Model439.Parent = Folder0
Part440.Name = "TreeMesh Bottom"
Part440.Parent = Model439
Part440.CFrame = CFrame.new(2602.51147, 210.610107, 2951.49561, 0.837466359, -0.00841495302, 0.546424448, -0.00474184565, 0.999731898, 0.0226634014, -0.546468675, -0.0215708893, 0.837201834)
Part440.Orientation = Vector3.new(-1.2999999523162842, 33.130001068115234, -0.27000001072883606)
Part440.Position = Vector3.new(2602.511474609375, 210.610107421875, 2951.49560546875)
Part440.Rotation = Vector3.new(-1.5499999523162842, 33.119998931884766, 0.5799999833106995)
Part440.Size = Vector3.new(8.250000953674316, 0.2499980926513672, 7)
Part440.Anchored = true
Part440.CanCollide = false
Part440.Material = Enum.Material.Fabric
SpecialMesh441.Name = "BarkMesh"
SpecialMesh441.Parent = Part440
SpecialMesh441.MeshId = "rbxassetid://623621260"
SpecialMesh441.Offset = Vector3.new(0, 3.4100000858306885, 0)
SpecialMesh441.TextureId = "rbxassetid://623618671"
SpecialMesh441.MeshType = Enum.MeshType.FileMesh
Part442.Name = "TreeMeshTop"
Part442.Parent = Model439
Part442.CFrame = CFrame.new(2602.25732, 240.742035, 2950.84521, 0.837466359, -0.00841495302, 0.546424448, -0.00474184565, 0.999731898, 0.0226634014, -0.546468675, -0.0215708893, 0.837201834)
Part442.Orientation = Vector3.new(-1.2999999523162842, 33.130001068115234, -0.27000001072883606)
Part442.Position = Vector3.new(2602.25732421875, 240.74203491210938, 2950.84521484375)
Part442.Rotation = Vector3.new(-1.5499999523162842, 33.119998931884766, 0.5799999833106995)
Part442.Transparency = 0.05000000074505806
Part442.Size = Vector3.new(8.250000953674316, 0.2499980926513672, 7)
Part442.Anchored = true
Part442.CanCollide = false
Part442.Material = Enum.Material.Fabric
SpecialMesh443.Name = "TopTreeMesh"
SpecialMesh443.Parent = Part442
SpecialMesh443.MeshId = "rbxassetid://623621456"
SpecialMesh443.Offset = Vector3.new(0, 3.4100000858306885, 0)
SpecialMesh443.Scale = Vector3.new(1.600000023841858, 1.600000023841858, 1.600000023841858)
SpecialMesh443.TextureId = "rbxassetid://745556120"
SpecialMesh443.MeshType = Enum.MeshType.FileMesh
Model444.Name = "??"
Model444.Parent = Folder0
Part445.Name = "TreeMesh Bottom"
Part445.Parent = Model444
Part445.CFrame = CFrame.new(1804.04626, 210.691315, 2352.43896, 0.512443423, 0.022226885, -0.858434975, -0.00354350242, 0.999713778, 0.023769537, 0.858717322, -0.00913860928, 0.512373865)
Part445.Orientation = Vector3.new(-1.3600000143051147, -59.16999816894531, -0.20000000298023224)
Part445.Position = Vector3.new(1804.0462646484375, 210.69131469726562, 2352.43896484375)
Part445.Rotation = Vector3.new(-2.6600000858306885, -59.13999938964844, -2.4800000190734863)
Part445.Size = Vector3.new(8.250000953674316, 0.2499980926513672, 7)
Part445.Anchored = true
Part445.CanCollide = false
Part445.Material = Enum.Material.Fabric
SpecialMesh446.Name = "BarkMesh"
SpecialMesh446.Parent = Part445
SpecialMesh446.MeshId = "rbxassetid://623621260"
SpecialMesh446.Offset = Vector3.new(0, 3.4100000858306885, 0)
SpecialMesh446.TextureId = "rbxassetid://623618671"
SpecialMesh446.MeshType = Enum.MeshType.FileMesh
Part447.Name = "TreeMeshTop"
Part447.Parent = Model444
Part447.CFrame = CFrame.new(1804.7168, 240.822601, 2352.1626, 0.512443423, 0.022226885, -0.858434975, -0.00354350242, 0.999713778, 0.023769537, 0.858717322, -0.00913860928, 0.512373865)
Part447.Orientation = Vector3.new(-1.3600000143051147, -59.16999816894531, -0.20000000298023224)
Part447.Position = Vector3.new(1804.716796875, 240.82260131835938, 2352.16259765625)
Part447.Rotation = Vector3.new(-2.6600000858306885, -59.13999938964844, -2.4800000190734863)
Part447.Transparency = 0.05000000074505806
Part447.Size = Vector3.new(8.250000953674316, 0.2499980926513672, 7)
Part447.Anchored = true
Part447.CanCollide = false
Part447.Material = Enum.Material.Fabric
SpecialMesh448.Name = "TopTreeMesh"
SpecialMesh448.Parent = Part447
SpecialMesh448.MeshId = "rbxassetid://623621456"
SpecialMesh448.Offset = Vector3.new(0, 3.4100000858306885, 0)
SpecialMesh448.Scale = Vector3.new(1.600000023841858, 1.600000023841858, 1.600000023841858)
SpecialMesh448.TextureId = "rbxassetid://745556120"
SpecialMesh448.MeshType = Enum.MeshType.FileMesh
Model449.Name = "??"
Model449.Parent = Folder0
Part450.Name = "TreeMesh Bottom"
Part450.Parent = Model449
Part450.CFrame = CFrame.new(2780.36694, 316.919067, 3162.59033, -0.0153032728, -0.178993538, -0.983731389, 0.0838034898, 0.980155289, -0.179646641, 0.996365368, -0.0851891935, 6.97728524e-07)
Part450.Orientation = Vector3.new(10.350000381469727, -90, 4.889999866485596)
Part450.Position = Vector3.new(2780.366943359375, 316.9190673828125, 3162.59033203125)
Part450.Rotation = Vector3.new(90, -79.6500015258789, 94.88999938964844)
Part450.Size = Vector3.new(8.250000953674316, 0.2499980926513672, 7)
Part450.Anchored = true
Part450.CanCollide = false
Part450.Material = Enum.Material.Fabric
SpecialMesh451.Name = "BarkMesh"
SpecialMesh451.Parent = Part450
SpecialMesh451.MeshId = "rbxassetid://623621260"
SpecialMesh451.Offset = Vector3.new(0, 3.4100000858306885, 0)
SpecialMesh451.TextureId = "rbxassetid://623618671"
SpecialMesh451.MeshType = Enum.MeshType.FileMesh
Part452.Name = "TreeMeshTop"
Part452.Parent = Model449
Part452.CFrame = CFrame.new(2774.97339, 346.461426, 3160.02222, -0.0153032728, -0.178993538, -0.983731389, 0.0838034898, 0.980155289, -0.179646641, 0.996365368, -0.0851891935, 6.97728524e-07)
Part452.Orientation = Vector3.new(10.350000381469727, -90, 4.889999866485596)
Part452.Position = Vector3.new(2774.973388671875, 346.46142578125, 3160.022216796875)
Part452.Rotation = Vector3.new(90, -79.6500015258789, 94.88999938964844)
Part452.Transparency = 0.05000000074505806
Part452.Size = Vector3.new(8.250000953674316, 0.2499980926513672, 7)
Part452.Anchored = true
Part452.CanCollide = false
Part452.Material = Enum.Material.Fabric
SpecialMesh453.Name = "TopTreeMesh"
SpecialMesh453.Parent = Part452
SpecialMesh453.MeshId = "rbxassetid://623621456"
SpecialMesh453.Offset = Vector3.new(0, 3.4100000858306885, 0)
SpecialMesh453.Scale = Vector3.new(1.600000023841858, 1.600000023841858, 1.600000023841858)
SpecialMesh453.TextureId = "rbxassetid://745556120"
SpecialMesh453.MeshType = Enum.MeshType.FileMesh
Model454.Name = "??"
Model454.Parent = Folder0
Part455.Name = "TreeMesh Bottom"
Part455.Parent = Model454
Part455.CFrame = CFrame.new(2830.66748, 214.900269, 2407.02563, -0.99989289, 0.0146361403, 2.95312105e-07, 0.014624998, 0.999130905, 0.0390331708, 0.000570999924, 0.0390289947, -0.999237895)
Part455.Orientation = Vector3.new(-2.240000009536743, 180, 0.8399999737739563)
Part455.Position = Vector3.new(2830.66748046875, 214.9002685546875, 2407.025634765625)
Part455.Rotation = Vector3.new(-177.75999450683594, 0, -179.16000366210938)
Part455.Size = Vector3.new(8.250000953674316, 0.2499980926513672, 7)
Part455.Anchored = true
Part455.CanCollide = false
Part455.Material = Enum.Material.Fabric
SpecialMesh456.Name = "BarkMesh"
SpecialMesh456.Parent = Part455
SpecialMesh456.MeshId = "rbxassetid://623621260"
SpecialMesh456.Offset = Vector3.new(0, 3.4100000858306885, 0)
SpecialMesh456.TextureId = "rbxassetid://623618671"
SpecialMesh456.MeshType = Enum.MeshType.FileMesh
Part457.Name = "TreeMeshTop"
Part457.Parent = Model454
Part457.CFrame = CFrame.new(2831.10889, 245.014038, 2408.20361, -0.99989289, 0.0146361403, 2.95312105e-07, 0.014624998, 0.999130905, 0.0390331708, 0.000570999924, 0.0390289947, -0.999237895)
Part457.Orientation = Vector3.new(-2.240000009536743, 180, 0.8399999737739563)
Part457.Position = Vector3.new(2831.10888671875, 245.0140380859375, 2408.20361328125)
Part457.Rotation = Vector3.new(-177.75999450683594, 0, -179.16000366210938)
Part457.Transparency = 0.05000000074505806
Part457.Size = Vector3.new(8.250000953674316, 0.2499980926513672, 7)
Part457.Anchored = true
Part457.CanCollide = false
Part457.Material = Enum.Material.Fabric
SpecialMesh458.Name = "TopTreeMesh"
SpecialMesh458.Parent = Part457
SpecialMesh458.MeshId = "rbxassetid://623621456"
SpecialMesh458.Offset = Vector3.new(0, 3.4100000858306885, 0)
SpecialMesh458.Scale = Vector3.new(1.600000023841858, 1.600000023841858, 1.600000023841858)
SpecialMesh458.TextureId = "rbxassetid://745556120"
SpecialMesh458.MeshType = Enum.MeshType.FileMesh
Model459.Name = "??"
Model459.Parent = Folder0
Part460.Name = "TreeMesh Bottom"
Part460.Parent = Model459
Part460.CFrame = CFrame.new(2995.86377, 194.009094, 2289.37158, 0.839997649, -0.0238344036, 0.54206723, 0.0216940567, 0.999711812, 0.010338746, -0.542158067, 0.00307510793, 0.840271533)
Part460.Orientation = Vector3.new(-0.5899999737739563, 32.83000183105469, 1.2400000095367432)
Part460.Position = Vector3.new(2995.86376953125, 194.00909423828125, 2289.37158203125)
Part460.Rotation = Vector3.new(-0.699999988079071, 32.81999969482422, 1.6299999952316284)
Part460.Size = Vector3.new(8.250000953674316, 0.2499980926513672, 7)
Part460.Anchored = true
Part460.CanCollide = false
Part460.Material = Enum.Material.Fabric
SpecialMesh461.Name = "BarkMesh"
SpecialMesh461.Parent = Part460
SpecialMesh461.MeshId = "rbxassetid://623621260"
SpecialMesh461.Offset = Vector3.new(0, 3.4100000858306885, 0)
SpecialMesh461.TextureId = "rbxassetid://623618671"
SpecialMesh461.MeshType = Enum.MeshType.FileMesh
Part462.Name = "TreeMeshTop"
Part462.Parent = Model459
Part462.CFrame = CFrame.new(2995.14404, 224.140289, 2289.46411, 0.839997649, -0.0238344036, 0.54206723, 0.0216940567, 0.999711812, 0.010338746, -0.542158067, 0.00307510793, 0.840271533)
Part462.Orientation = Vector3.new(-0.5899999737739563, 32.83000183105469, 1.2400000095367432)
Part462.Position = Vector3.new(2995.14404296875, 224.14028930664062, 2289.464111328125)
Part462.Rotation = Vector3.new(-0.699999988079071, 32.81999969482422, 1.6299999952316284)
Part462.Transparency = 0.05000000074505806
Part462.Size = Vector3.new(8.250000953674316, 0.2499980926513672, 7)
Part462.Anchored = true
Part462.CanCollide = false
Part462.Material = Enum.Material.Fabric
SpecialMesh463.Name = "TopTreeMesh"
SpecialMesh463.Parent = Part462
SpecialMesh463.MeshId = "rbxassetid://623621456"
SpecialMesh463.Offset = Vector3.new(0, 3.4100000858306885, 0)
SpecialMesh463.Scale = Vector3.new(1.600000023841858, 1.600000023841858, 1.600000023841858)
SpecialMesh463.TextureId = "rbxassetid://745556120"
SpecialMesh463.MeshType = Enum.MeshType.FileMesh
Model464.Name = "??"
Model464.Parent = Folder0
Part465.Name = "TreeMesh Bottom"
Part465.Parent = Model464
Part465.CFrame = CFrame.new(2167.00903, 112.2547, 2475.34497, -0.292432338, 0, -0.956286192, 0, 1, 0, 0.956286192, 0, -0.292432338)
Part465.Orientation = Vector3.new(0, -107, 0)
Part465.Position = Vector3.new(2167.009033203125, 112.25469970703125, 2475.344970703125)
Part465.Rotation = Vector3.new(-180, -73, -180)
Part465.Size = Vector3.new(8.250000953674316, 0.2499980926513672, 7)
Part465.Anchored = true
Part465.CanCollide = false
Part465.Material = Enum.Material.Fabric
SpecialMesh466.Name = "BarkMesh"
SpecialMesh466.Parent = Part465
SpecialMesh466.MeshId = "rbxassetid://623621260"
SpecialMesh466.Offset = Vector3.new(0, 3.4100000858306885, 0)
SpecialMesh466.TextureId = "rbxassetid://623618671"
SpecialMesh466.MeshType = Enum.MeshType.FileMesh
Part467.Name = "TreeMeshTop"
Part467.Parent = Model464
Part467.CFrame = CFrame.new(2167.00952, 142.394562, 2475.34473, -0.292432338, 0, -0.956286192, 0, 1, 0, 0.956286192, 0, -0.292432338)
Part467.Orientation = Vector3.new(0, -107, 0)
Part467.Position = Vector3.new(2167.009521484375, 142.39456176757812, 2475.3447265625)
Part467.Rotation = Vector3.new(-180, -73, -180)
Part467.Transparency = 0.05000000074505806
Part467.Size = Vector3.new(8.250000953674316, 0.2499980926513672, 7)
Part467.Anchored = true
Part467.CanCollide = false
Part467.Material = Enum.Material.Fabric
SpecialMesh468.Name = "TopTreeMesh"
SpecialMesh468.Parent = Part467
SpecialMesh468.MeshId = "rbxassetid://623621456"
SpecialMesh468.Offset = Vector3.new(0, 3.4100000858306885, 0)
SpecialMesh468.Scale = Vector3.new(1.600000023841858, 1.600000023841858, 1.600000023841858)
SpecialMesh468.TextureId = "rbxassetid://745556120"
SpecialMesh468.MeshType = Enum.MeshType.FileMesh
Model469.Name = "??"
Model469.Parent = Folder0
Part470.Name = "TreeMesh Bottom"
Part470.Parent = Model469
Part470.CFrame = CFrame.new(2901.49854, 212.254593, 2423.87524, 1.1920929e-07, -5.19677997e-07, -1.00000179, -3.7997961e-07, 0.999998868, -5.36441803e-07, 1.00000215, 3.57627869e-07, 4.47034836e-07)
Part470.Orientation = Vector3.new(0, -90, 0)
Part470.Position = Vector3.new(2901.49853515625, 212.2545928955078, 2423.875244140625)
Part470.Rotation = Vector3.new(0, -90, 0)
Part470.Size = Vector3.new(8.250000953674316, 0.2499980926513672, 7)
Part470.Anchored = true
Part470.CanCollide = false
Part470.Material = Enum.Material.Fabric
SpecialMesh471.Name = "BarkMesh"
SpecialMesh471.Parent = Part470
SpecialMesh471.MeshId = "rbxassetid://623621260"
SpecialMesh471.Offset = Vector3.new(0, 3.4100000858306885, 0)
SpecialMesh471.TextureId = "rbxassetid://623618671"
SpecialMesh471.MeshType = Enum.MeshType.FileMesh
Part472.Name = "TreeMeshTop"
Part472.Parent = Model469
Part472.CFrame = CFrame.new(2901.5, 242.394669, 2423.875, 1.1920929e-07, -5.19677997e-07, -1.00000179, -3.7997961e-07, 0.999998868, -5.36441803e-07, 1.00000215, 3.57627869e-07, 4.47034836e-07)
Part472.Orientation = Vector3.new(0, -90, 0)
Part472.Position = Vector3.new(2901.5, 242.39466857910156, 2423.875)
Part472.Rotation = Vector3.new(0, -90, 0)
Part472.Transparency = 0.05000000074505806
Part472.Size = Vector3.new(8.250000953674316, 0.2499980926513672, 7)
Part472.Anchored = true
Part472.CanCollide = false
Part472.Material = Enum.Material.Fabric
SpecialMesh473.Name = "TopTreeMesh"
SpecialMesh473.Parent = Part472
SpecialMesh473.MeshId = "rbxassetid://623621456"
SpecialMesh473.Offset = Vector3.new(0, 3.4100000858306885, 0)
SpecialMesh473.Scale = Vector3.new(1.600000023841858, 1.600000023841858, 1.600000023841858)
SpecialMesh473.TextureId = "rbxassetid://745556120"
SpecialMesh473.MeshType = Enum.MeshType.FileMesh
Model474.Name = "??"
Model474.Parent = Folder0
Part475.Name = "TreeMesh Bottom"
Part475.Parent = Model474
Part475.CFrame = CFrame.new(2757.21436, 211.831787, 2458.53247, -0.000570998818, -0.0390290357, 0.999237955, 0.01462497, 0.999130964, 0.0390332118, -0.99989295, 0.0146361124, 2.95895944e-07)
Part475.Orientation = Vector3.new(-2.240000009536743, 90, 0.8399999737739563)
Part475.Position = Vector3.new(2757.21435546875, 211.831787109375, 2458.532470703125)
Part475.Rotation = Vector3.new(-90, 87.76000213623047, 90.83999633789062)
Part475.Size = Vector3.new(8.250000953674316, 0.2499980926513672, 7)
Part475.Anchored = true
Part475.CanCollide = false
Part475.Material = Enum.Material.Fabric
SpecialMesh476.Name = "BarkMesh"
SpecialMesh476.Parent = Part475
SpecialMesh476.MeshId = "rbxassetid://623621260"
SpecialMesh476.Offset = Vector3.new(0, 3.4100000858306885, 0)
SpecialMesh476.TextureId = "rbxassetid://623618671"
SpecialMesh476.MeshType = Enum.MeshType.FileMesh
Part477.Name = "TreeMeshTop"
Part477.Parent = Model474
Part477.CFrame = CFrame.new(2756.03638, 241.945557, 2458.97388, -0.000570998818, -0.0390290357, 0.999237955, 0.01462497, 0.999130964, 0.0390332118, -0.99989295, 0.0146361124, 2.95895944e-07)
Part477.Orientation = Vector3.new(-2.240000009536743, 90, 0.8399999737739563)
Part477.Position = Vector3.new(2756.036376953125, 241.945556640625, 2458.973876953125)
Part477.Rotation = Vector3.new(-90, 87.76000213623047, 90.83999633789062)
Part477.Transparency = 0.05000000074505806
Part477.Size = Vector3.new(8.250000953674316, 0.2499980926513672, 7)
Part477.Anchored = true
Part477.CanCollide = false
Part477.Material = Enum.Material.Fabric
SpecialMesh478.Name = "TopTreeMesh"
SpecialMesh478.Parent = Part477
SpecialMesh478.MeshId = "rbxassetid://623621456"
SpecialMesh478.Offset = Vector3.new(0, 3.4100000858306885, 0)
SpecialMesh478.Scale = Vector3.new(1.600000023841858, 1.600000023841858, 1.600000023841858)
SpecialMesh478.TextureId = "rbxassetid://745556120"
SpecialMesh478.MeshType = Enum.MeshType.FileMesh
Model479.Name = "??"
Model479.Parent = Folder0
Part480.Name = "TreeMesh Bottom"
Part480.Parent = Model479
Part480.CFrame = CFrame.new(1903.57031, 233.386276, 2718.01831, -0.83246541, 0.210739419, -0.5124439, 0.243358552, 0.969932854, 0.00354396552, 0.497781187, -0.121756896, -0.858716011)
Part480.Orientation = Vector3.new(-0.20000000298023224, -149.1699981689453, 14.079999923706055)
Part480.Position = Vector3.new(1903.5703125, 233.3862762451172, 2718.018310546875)
Part480.Rotation = Vector3.new(-179.75999450683594, -30.829999923706055, -165.7899932861328)
Part480.Size = Vector3.new(8.250000953674316, 0.2499980926513672, 7)
Part480.Anchored = true
Part480.CanCollide = false
Part480.Material = Enum.Material.Fabric
SpecialMesh481.Name = "BarkMesh"
SpecialMesh481.Parent = Part480
SpecialMesh481.MeshId = "rbxassetid://623621260"
SpecialMesh481.Offset = Vector3.new(0, 3.4100000858306885, 0)
SpecialMesh481.TextureId = "rbxassetid://623618671"
SpecialMesh481.MeshType = Enum.MeshType.FileMesh
Part482.Name = "TreeMeshTop"
Part482.Parent = Model479
Part482.CFrame = CFrame.new(1909.92273, 262.619781, 2714.34863, -0.83246541, 0.210739419, -0.5124439, 0.243358552, 0.969932854, 0.00354396552, 0.497781187, -0.121756896, -0.858716011)
Part482.Orientation = Vector3.new(-0.20000000298023224, -149.1699981689453, 14.079999923706055)
Part482.Position = Vector3.new(1909.9227294921875, 262.6197814941406, 2714.3486328125)
Part482.Rotation = Vector3.new(-179.75999450683594, -30.829999923706055, -165.7899932861328)
Part482.Transparency = 0.05000000074505806
Part482.Size = Vector3.new(8.250000953674316, 0.2499980926513672, 7)
Part482.Anchored = true
Part482.CanCollide = false
Part482.Material = Enum.Material.Fabric
SpecialMesh483.Name = "TopTreeMesh"
SpecialMesh483.Parent = Part482
SpecialMesh483.MeshId = "rbxassetid://623621456"
SpecialMesh483.Offset = Vector3.new(0, 3.4100000858306885, 0)
SpecialMesh483.Scale = Vector3.new(1.600000023841858, 1.600000023841858, 1.600000023841858)
SpecialMesh483.TextureId = "rbxassetid://745556120"
SpecialMesh483.MeshType = Enum.MeshType.FileMesh
Model484.Name = "??"
Model484.Parent = Folder0
Part485.Name = "TreeMesh Bottom"
Part485.Parent = Model484
Part485.CFrame = CFrame.new(1747.43835, 237.998444, 2489.40161, -0.832466006, 0.210738823, -0.512444556, 0.243358374, 0.969933569, 0.00354325771, 0.497781754, -0.121757507, -0.858716011)
Part485.Orientation = Vector3.new(-0.20000000298023224, -149.1699981689453, 14.079999923706055)
Part485.Position = Vector3.new(1747.4383544921875, 237.99844360351562, 2489.401611328125)
Part485.Rotation = Vector3.new(-179.75999450683594, -30.829999923706055, -165.7899932861328)
Part485.Size = Vector3.new(8.250000953674316, 0.2499980926513672, 7)
Part485.Anchored = true
Part485.CanCollide = false
Part485.Material = Enum.Material.Fabric
SpecialMesh486.Name = "BarkMesh"
SpecialMesh486.Parent = Part485
SpecialMesh486.MeshId = "rbxassetid://623621260"
SpecialMesh486.Offset = Vector3.new(0, 3.4100000858306885, 0)
SpecialMesh486.TextureId = "rbxassetid://623618671"
SpecialMesh486.MeshType = Enum.MeshType.FileMesh
Part487.Name = "TreeMeshTop"
Part487.Parent = Model484
Part487.CFrame = CFrame.new(1753.79114, 267.231934, 2485.73218, -0.832466006, 0.210738823, -0.512444556, 0.243358374, 0.969933569, 0.00354325771, 0.497781754, -0.121757507, -0.858716011)
Part487.Orientation = Vector3.new(-0.20000000298023224, -149.1699981689453, 14.079999923706055)
Part487.Position = Vector3.new(1753.7911376953125, 267.23193359375, 2485.732177734375)
Part487.Rotation = Vector3.new(-179.75999450683594, -30.829999923706055, -165.7899932861328)
Part487.Transparency = 0.05000000074505806
Part487.Size = Vector3.new(8.250000953674316, 0.2499980926513672, 7)
Part487.Anchored = true
Part487.CanCollide = false
Part487.Material = Enum.Material.Fabric
SpecialMesh488.Name = "TopTreeMesh"
SpecialMesh488.Parent = Part487
SpecialMesh488.MeshId = "rbxassetid://623621456"
SpecialMesh488.Offset = Vector3.new(0, 3.4100000858306885, 0)
SpecialMesh488.Scale = Vector3.new(1.600000023841858, 1.600000023841858, 1.600000023841858)
SpecialMesh488.TextureId = "rbxassetid://745556120"
SpecialMesh488.MeshType = Enum.MeshType.FileMesh
Model489.Name = "??"
Model489.Parent = Folder0
Part490.Name = "TreeMesh Bottom"
Part490.Parent = Model489
Part490.CFrame = CFrame.new(2582.52173, 209.017014, 2882.34375, 0.837466359, -0.00841495302, 0.546424448, -0.00474184565, 0.999731898, 0.0226634014, -0.546468675, -0.0215708893, 0.837201834)
Part490.Orientation = Vector3.new(-1.2999999523162842, 33.130001068115234, -0.27000001072883606)
Part490.Position = Vector3.new(2582.521728515625, 209.0170135498047, 2882.34375)
Part490.Rotation = Vector3.new(-1.5499999523162842, 33.119998931884766, 0.5799999833106995)
Part490.Size = Vector3.new(8.250000953674316, 0.2499980926513672, 7)
Part490.Anchored = true
Part490.CanCollide = false
Part490.Material = Enum.Material.Fabric
SpecialMesh491.Name = "BarkMesh"
SpecialMesh491.Parent = Part490
SpecialMesh491.MeshId = "rbxassetid://623621260"
SpecialMesh491.Offset = Vector3.new(0, 3.4100000858306885, 0)
SpecialMesh491.TextureId = "rbxassetid://623618671"
SpecialMesh491.MeshType = Enum.MeshType.FileMesh
Part492.Name = "TreeMeshTop"
Part492.Parent = Model489
Part492.CFrame = CFrame.new(2582.26709, 239.148926, 2881.69336, 0.837466359, -0.00841495302, 0.546424448, -0.00474184565, 0.999731898, 0.0226634014, -0.546468675, -0.0215708893, 0.837201834)
Part492.Orientation = Vector3.new(-1.2999999523162842, 33.130001068115234, -0.27000001072883606)
Part492.Position = Vector3.new(2582.26708984375, 239.14892578125, 2881.693359375)
Part492.Rotation = Vector3.new(-1.5499999523162842, 33.119998931884766, 0.5799999833106995)
Part492.Transparency = 0.05000000074505806
Part492.Size = Vector3.new(8.250000953674316, 0.2499980926513672, 7)
Part492.Anchored = true
Part492.CanCollide = false
Part492.Material = Enum.Material.Fabric
SpecialMesh493.Name = "TopTreeMesh"
SpecialMesh493.Parent = Part492
SpecialMesh493.MeshId = "rbxassetid://623621456"
SpecialMesh493.Offset = Vector3.new(0, 3.4100000858306885, 0)
SpecialMesh493.Scale = Vector3.new(1.600000023841858, 1.600000023841858, 1.600000023841858)
SpecialMesh493.TextureId = "rbxassetid://745556120"
SpecialMesh493.MeshType = Enum.MeshType.FileMesh
Model494.Name = "??"
Model494.Parent = Folder0
Part495.Name = "TreeMesh Bottom"
Part495.Parent = Model494
Part495.CFrame = CFrame.new(1875.46082, 236.068008, 2690.729, 0.512444794, 0.210739642, -0.83246541, -0.00354338437, 0.96993494, 0.243358642, 0.858718455, -0.121757507, 0.497781903)
Part495.Orientation = Vector3.new(-14.079999923706055, -59.119998931884766, -0.20999999344348907)
Part495.Position = Vector3.new(1875.4608154296875, 236.06800842285156, 2690.72900390625)
Part495.Rotation = Vector3.new(-26.049999237060547, -56.349998474121094, -22.350000381469727)
Part495.Size = Vector3.new(8.250000953674316, 0.2499980926513672, 7)
Part495.Anchored = true
Part495.CanCollide = false
Part495.Material = Enum.Material.Fabric
SpecialMesh496.Name = "BarkMesh"
SpecialMesh496.Parent = Part495
SpecialMesh496.MeshId = "rbxassetid://623621260"
SpecialMesh496.Offset = Vector3.new(0, 3.4100000858306885, 0)
SpecialMesh496.TextureId = "rbxassetid://623618671"
SpecialMesh496.MeshType = Enum.MeshType.FileMesh
Part497.Name = "TreeMeshTop"
Part497.Parent = Model494
Part497.CFrame = CFrame.new(1881.81299, 265.301544, 2687.05835, 0.512444794, 0.210739642, -0.83246541, -0.00354338437, 0.96993494, 0.243358642, 0.858718455, -0.121757507, 0.497781903)
Part497.Orientation = Vector3.new(-14.079999923706055, -59.119998931884766, -0.20999999344348907)
Part497.Position = Vector3.new(1881.81298828125, 265.3015441894531, 2687.058349609375)
Part497.Rotation = Vector3.new(-26.049999237060547, -56.349998474121094, -22.350000381469727)
Part497.Transparency = 0.05000000074505806
Part497.Size = Vector3.new(8.250000953674316, 0.2499980926513672, 7)
Part497.Anchored = true
Part497.CanCollide = false
Part497.Material = Enum.Material.Fabric
SpecialMesh498.Name = "TopTreeMesh"
SpecialMesh498.Parent = Part497
SpecialMesh498.MeshId = "rbxassetid://623621456"
SpecialMesh498.Offset = Vector3.new(0, 3.4100000858306885, 0)
SpecialMesh498.Scale = Vector3.new(1.600000023841858, 1.600000023841858, 1.600000023841858)
SpecialMesh498.TextureId = "rbxassetid://745556120"
SpecialMesh498.MeshType = Enum.MeshType.FileMesh
Model499.Name = "??"
Model499.Parent = Folder0
Part500.Name = "TreeMesh Bottom"
Part500.Parent = Model499
Part500.CFrame = CFrame.new(1991.71069, 232.776779, 2865.71753, -0.83246541, 0.210739419, -0.5124439, 0.243358552, 0.969932854, 0.00354396552, 0.497781187, -0.121756896, -0.858716011)
Part500.Orientation = Vector3.new(-0.20000000298023224, -149.1699981689453, 14.079999923706055)
Part500.Position = Vector3.new(1991.710693359375, 232.7767791748047, 2865.717529296875)
Part500.Rotation = Vector3.new(-179.75999450683594, -30.829999923706055, -165.7899932861328)
Part500.Size = Vector3.new(8.250000953674316, 0.2499980926513672, 7)
Part500.Anchored = true
Part500.CanCollide = false
Part500.Material = Enum.Material.Fabric
SpecialMesh501.Name = "BarkMesh"
SpecialMesh501.Parent = Part500
SpecialMesh501.MeshId = "rbxassetid://623621260"
SpecialMesh501.Offset = Vector3.new(0, 3.4100000858306885, 0)
SpecialMesh501.TextureId = "rbxassetid://623618671"
SpecialMesh501.MeshType = Enum.MeshType.FileMesh
Part502.Name = "TreeMeshTop"
Part502.Parent = Model499
Part502.CFrame = CFrame.new(1998.06299, 262.010284, 2862.04785, -0.83246541, 0.210739419, -0.5124439, 0.243358552, 0.969932854, 0.00354396552, 0.497781187, -0.121756896, -0.858716011)
Part502.Orientation = Vector3.new(-0.20000000298023224, -149.1699981689453, 14.079999923706055)
Part502.Position = Vector3.new(1998.06298828125, 262.0102844238281, 2862.0478515625)
Part502.Rotation = Vector3.new(-179.75999450683594, -30.829999923706055, -165.7899932861328)
Part502.Transparency = 0.05000000074505806
Part502.Size = Vector3.new(8.250000953674316, 0.2499980926513672, 7)
Part502.Anchored = true
Part502.CanCollide = false
Part502.Material = Enum.Material.Fabric
SpecialMesh503.Name = "TopTreeMesh"
SpecialMesh503.Parent = Part502
SpecialMesh503.MeshId = "rbxassetid://623621456"
SpecialMesh503.Offset = Vector3.new(0, 3.4100000858306885, 0)
SpecialMesh503.Scale = Vector3.new(1.600000023841858, 1.600000023841858, 1.600000023841858)
SpecialMesh503.TextureId = "rbxassetid://745556120"
SpecialMesh503.MeshType = Enum.MeshType.FileMesh
Model504.Name = "??"
Model504.Parent = Folder0
Part505.Name = "TreeMesh Bottom"
Part505.Parent = Model504
Part505.CFrame = CFrame.new(2465.1853, 224.841263, 3185.60205, -0.837546229, 0.0127465036, -0.546218038, 0.0367492735, 0.998778105, -0.0330422707, 0.545129478, -0.0477475375, -0.836991191)
Part505.Orientation = Vector3.new(1.8899999856948853, -146.8699951171875, 2.109999895095825)
Part505.Position = Vector3.new(2465.185302734375, 224.8412628173828, 3185.60205078125)
Part505.Rotation = Vector3.new(177.74000549316406, -33.11000061035156, -179.1300048828125)
Part505.Size = Vector3.new(8.250000953674316, 0.2499980926513672, 7)
Part505.Anchored = true
Part505.CanCollide = false
Part505.Material = Enum.Material.Fabric
SpecialMesh506.Name = "BarkMesh"
SpecialMesh506.Parent = Part505
SpecialMesh506.MeshId = "rbxassetid://623621260"
SpecialMesh506.Offset = Vector3.new(0, 3.4100000858306885, 0)
SpecialMesh506.TextureId = "rbxassetid://623618671"
SpecialMesh506.MeshType = Enum.MeshType.FileMesh
Part507.Name = "TreeMeshTop"
Part507.Parent = Model504
Part507.CFrame = CFrame.new(2465.57031, 254.944489, 3184.16333, -0.837546229, 0.0127465036, -0.546218038, 0.0367492735, 0.998778105, -0.0330422707, 0.545129478, -0.0477475375, -0.836991191)
Part507.Orientation = Vector3.new(1.8899999856948853, -146.8699951171875, 2.109999895095825)
Part507.Position = Vector3.new(2465.5703125, 254.94448852539062, 3184.163330078125)
Part507.Rotation = Vector3.new(177.74000549316406, -33.11000061035156, -179.1300048828125)
Part507.Transparency = 0.05000000074505806
Part507.Size = Vector3.new(8.250000953674316, 0.2499980926513672, 7)
Part507.Anchored = true
Part507.CanCollide = false
Part507.Material = Enum.Material.Fabric
SpecialMesh508.Name = "TopTreeMesh"
SpecialMesh508.Parent = Part507
SpecialMesh508.MeshId = "rbxassetid://623621456"
SpecialMesh508.Offset = Vector3.new(0, 3.4100000858306885, 0)
SpecialMesh508.Scale = Vector3.new(1.600000023841858, 1.600000023841858, 1.600000023841858)
SpecialMesh508.TextureId = "rbxassetid://745556120"
SpecialMesh508.MeshType = Enum.MeshType.FileMesh
Model509.Name = "??"
Model509.Parent = Folder0
Part510.Name = "TreeMesh Bottom"
Part510.Parent = Model509
Part510.CFrame = CFrame.new(2924.86377, 100.009094, 2117.37158, 0.839997649, -0.0238344036, 0.54206723, 0.0216940567, 0.999711812, 0.010338746, -0.542158067, 0.00307510793, 0.840271533)
Part510.Orientation = Vector3.new(-0.5899999737739563, 32.83000183105469, 1.2400000095367432)
Part510.Position = Vector3.new(2924.86376953125, 100.00909423828125, 2117.37158203125)
Part510.Rotation = Vector3.new(-0.699999988079071, 32.81999969482422, 1.6299999952316284)
Part510.Size = Vector3.new(8.250000953674316, 0.2499980926513672, 7)
Part510.Anchored = true
Part510.CanCollide = false
Part510.Material = Enum.Material.Fabric
SpecialMesh511.Name = "BarkMesh"
SpecialMesh511.Parent = Part510
SpecialMesh511.MeshId = "rbxassetid://623621260"
SpecialMesh511.Offset = Vector3.new(0, 3.4100000858306885, 0)
SpecialMesh511.TextureId = "rbxassetid://623618671"
SpecialMesh511.MeshType = Enum.MeshType.FileMesh
Part512.Name = "TreeMeshTop"
Part512.Parent = Model509
Part512.CFrame = CFrame.new(2924.14404, 130.140289, 2117.46411, 0.839997649, -0.0238344036, 0.54206723, 0.0216940567, 0.999711812, 0.010338746, -0.542158067, 0.00307510793, 0.840271533)
Part512.Orientation = Vector3.new(-0.5899999737739563, 32.83000183105469, 1.2400000095367432)
Part512.Position = Vector3.new(2924.14404296875, 130.14028930664062, 2117.464111328125)
Part512.Rotation = Vector3.new(-0.699999988079071, 32.81999969482422, 1.6299999952316284)
Part512.Transparency = 0.05000000074505806
Part512.Size = Vector3.new(8.250000953674316, 0.2499980926513672, 7)
Part512.Anchored = true
Part512.CanCollide = false
Part512.Material = Enum.Material.Fabric
SpecialMesh513.Name = "TopTreeMesh"
SpecialMesh513.Parent = Part512
SpecialMesh513.MeshId = "rbxassetid://623621456"
SpecialMesh513.Offset = Vector3.new(0, 3.4100000858306885, 0)
SpecialMesh513.Scale = Vector3.new(1.600000023841858, 1.600000023841858, 1.600000023841858)
SpecialMesh513.TextureId = "rbxassetid://745556120"
SpecialMesh513.MeshType = Enum.MeshType.FileMesh
Model514.Name = "??"
Model514.Parent = Folder0
Part515.Name = "TreeMesh Bottom"
Part515.Parent = Model514
Part515.CFrame = CFrame.new(3041.86377, 227.009094, 2504.37158, 0.839997649, -0.0238344036, 0.54206723, 0.0216940567, 0.999711812, 0.010338746, -0.542158067, 0.00307510793, 0.840271533)
Part515.Orientation = Vector3.new(-0.5899999737739563, 32.83000183105469, 1.2400000095367432)
Part515.Position = Vector3.new(3041.86376953125, 227.00909423828125, 2504.37158203125)
Part515.Rotation = Vector3.new(-0.699999988079071, 32.81999969482422, 1.6299999952316284)
Part515.Size = Vector3.new(8.250000953674316, 0.2499980926513672, 7)
Part515.Anchored = true
Part515.CanCollide = false
Part515.Material = Enum.Material.Fabric
SpecialMesh516.Name = "BarkMesh"
SpecialMesh516.Parent = Part515
SpecialMesh516.MeshId = "rbxassetid://623621260"
SpecialMesh516.Offset = Vector3.new(0, 3.4100000858306885, 0)
SpecialMesh516.TextureId = "rbxassetid://623618671"
SpecialMesh516.MeshType = Enum.MeshType.FileMesh
Part517.Name = "TreeMeshTop"
Part517.Parent = Model514
Part517.CFrame = CFrame.new(3041.14404, 257.140289, 2504.46411, 0.839997649, -0.0238344036, 0.54206723, 0.0216940567, 0.999711812, 0.010338746, -0.542158067, 0.00307510793, 0.840271533)
Part517.Orientation = Vector3.new(-0.5899999737739563, 32.83000183105469, 1.2400000095367432)
Part517.Position = Vector3.new(3041.14404296875, 257.1402893066406, 2504.464111328125)
Part517.Rotation = Vector3.new(-0.699999988079071, 32.81999969482422, 1.6299999952316284)
Part517.Transparency = 0.05000000074505806
Part517.Size = Vector3.new(8.250000953674316, 0.2499980926513672, 7)
Part517.Anchored = true
Part517.CanCollide = false
Part517.Material = Enum.Material.Fabric
SpecialMesh518.Name = "TopTreeMesh"
SpecialMesh518.Parent = Part517
SpecialMesh518.MeshId = "rbxassetid://623621456"
SpecialMesh518.Offset = Vector3.new(0, 3.4100000858306885, 0)
SpecialMesh518.Scale = Vector3.new(1.600000023841858, 1.600000023841858, 1.600000023841858)
SpecialMesh518.TextureId = "rbxassetid://745556120"
SpecialMesh518.MeshType = Enum.MeshType.FileMesh
Model519.Name = "??"
Model519.Parent = Folder0
Part520.Name = "TreeMesh Bottom"
Part520.Parent = Model519
Part520.CFrame = CFrame.new(2938.86377, 120.009094, 2172.37158, 0.839997649, -0.0238344036, 0.54206723, 0.0216940567, 0.999711812, 0.010338746, -0.542158067, 0.00307510793, 0.840271533)
Part520.Orientation = Vector3.new(-0.5899999737739563, 32.83000183105469, 1.2400000095367432)
Part520.Position = Vector3.new(2938.86376953125, 120.00909423828125, 2172.37158203125)
Part520.Rotation = Vector3.new(-0.699999988079071, 32.81999969482422, 1.6299999952316284)
Part520.Size = Vector3.new(8.250000953674316, 0.2499980926513672, 7)
Part520.Anchored = true
Part520.CanCollide = false
Part520.Material = Enum.Material.Fabric
SpecialMesh521.Name = "BarkMesh"
SpecialMesh521.Parent = Part520
SpecialMesh521.MeshId = "rbxassetid://623621260"
SpecialMesh521.Offset = Vector3.new(0, 3.4100000858306885, 0)
SpecialMesh521.TextureId = "rbxassetid://623618671"
SpecialMesh521.MeshType = Enum.MeshType.FileMesh
Part522.Name = "TreeMeshTop"
Part522.Parent = Model519
Part522.CFrame = CFrame.new(2938.14404, 150.140289, 2172.46411, 0.839997649, -0.0238344036, 0.54206723, 0.0216940567, 0.999711812, 0.010338746, -0.542158067, 0.00307510793, 0.840271533)
Part522.Orientation = Vector3.new(-0.5899999737739563, 32.83000183105469, 1.2400000095367432)
Part522.Position = Vector3.new(2938.14404296875, 150.14028930664062, 2172.464111328125)
Part522.Rotation = Vector3.new(-0.699999988079071, 32.81999969482422, 1.6299999952316284)
Part522.Transparency = 0.05000000074505806
Part522.Size = Vector3.new(8.250000953674316, 0.2499980926513672, 7)
Part522.Anchored = true
Part522.CanCollide = false
Part522.Material = Enum.Material.Fabric
SpecialMesh523.Name = "TopTreeMesh"
SpecialMesh523.Parent = Part522
SpecialMesh523.MeshId = "rbxassetid://623621456"
SpecialMesh523.Offset = Vector3.new(0, 3.4100000858306885, 0)
SpecialMesh523.Scale = Vector3.new(1.600000023841858, 1.600000023841858, 1.600000023841858)
SpecialMesh523.TextureId = "rbxassetid://745556120"
SpecialMesh523.MeshType = Enum.MeshType.FileMesh
Model524.Name = "??"
Model524.Parent = Folder0
Part525.Name = "TreeMesh Bottom"
Part525.Parent = Model524
Part525.CFrame = CFrame.new(1915.00745, 236.839722, 2770.20166, -0.832466006, 0.210738823, -0.512444556, 0.243358374, 0.969933569, 0.00354325771, 0.497781754, -0.121757507, -0.858716011)
Part525.Orientation = Vector3.new(-0.20000000298023224, -149.1699981689453, 14.079999923706055)
Part525.Position = Vector3.new(1915.0074462890625, 236.8397216796875, 2770.20166015625)
Part525.Rotation = Vector3.new(-179.75999450683594, -30.829999923706055, -165.7899932861328)
Part525.Size = Vector3.new(8.250000953674316, 0.2499980926513672, 7)
Part525.Anchored = true
Part525.CanCollide = false
Part525.Material = Enum.Material.Fabric
SpecialMesh526.Name = "BarkMesh"
SpecialMesh526.Parent = Part525
SpecialMesh526.MeshId = "rbxassetid://623621260"
SpecialMesh526.Offset = Vector3.new(0, 3.4100000858306885, 0)
SpecialMesh526.TextureId = "rbxassetid://623618671"
SpecialMesh526.MeshType = Enum.MeshType.FileMesh
Part527.Name = "TreeMeshTop"
Part527.Parent = Model524
Part527.CFrame = CFrame.new(1921.36047, 266.073212, 2766.53247, -0.832466006, 0.210738823, -0.512444556, 0.243358374, 0.969933569, 0.00354325771, 0.497781754, -0.121757507, -0.858716011)
Part527.Orientation = Vector3.new(-0.20000000298023224, -149.1699981689453, 14.079999923706055)
Part527.Position = Vector3.new(1921.3604736328125, 266.0732116699219, 2766.532470703125)
Part527.Rotation = Vector3.new(-179.75999450683594, -30.829999923706055, -165.7899932861328)
Part527.Transparency = 0.05000000074505806
Part527.Size = Vector3.new(8.250000953674316, 0.2499980926513672, 7)
Part527.Anchored = true
Part527.CanCollide = false
Part527.Material = Enum.Material.Fabric
SpecialMesh528.Name = "TopTreeMesh"
SpecialMesh528.Parent = Part527
SpecialMesh528.MeshId = "rbxassetid://623621456"
