Part2170.Name = "TreeMeshTop"
Part2170.Parent = Model2167
Part2170.CFrame = CFrame.new(1046.62598, 247.034485, 862.403442, -0.00383976544, 0, -0.999992609, 0, 1, 0, 0.999992609, 0, -0.00383976544)
Part2170.Orientation = Vector3.new(0, -90.22000122070312, 0)
Part2170.Position = Vector3.new(1046.6259765625, 247.03448486328125, 862.4034423828125)
Part2170.Rotation = Vector3.new(-180, -89.77999877929688, -180)
Part2170.Transparency = 0.05000000074505806
Part2170.Size = Vector3.new(8.250000953674316, 0.2499980926513672, 7)
Part2170.Anchored = true
Part2170.CanCollide = false
Part2170.Material = Enum.Material.Fabric
SpecialMesh2171.Name = "TopTreeMesh"
SpecialMesh2171.Parent = Part2170
SpecialMesh2171.MeshId = "rbxassetid://623621456"
SpecialMesh2171.Offset = Vector3.new(0, 3.4100000858306885, 0)
SpecialMesh2171.Scale = Vector3.new(1.600000023841858, 1.600000023841858, 1.600000023841858)
SpecialMesh2171.TextureId = "rbxassetid://745556120"
SpecialMesh2171.MeshType = Enum.MeshType.FileMesh
Model2172.Name = "??"
Model2172.Parent = Folder0
Part2173.Name = "TreeMesh Bottom"
Part2173.Parent = Model2172
Part2173.CFrame = CFrame.new(641.121521, 230.389694, 695.899414, 0.679185092, 0, -0.733967006, 0, 1, 0, 0.733967006, 0, 0.679185092)
Part2173.Orientation = Vector3.new(0, -47.220001220703125, 0)
Part2173.Position = Vector3.new(641.1215209960938, 230.3896942138672, 695.8994140625)
Part2173.Rotation = Vector3.new(0, -47.220001220703125, 0)
Part2173.Size = Vector3.new(8.250000953674316, 0.2499980926513672, 7)
Part2173.Anchored = true
Part2173.CanCollide = false
Part2173.Material = Enum.Material.Fabric
SpecialMesh2174.Name = "BarkMesh"
SpecialMesh2174.Parent = Part2173
SpecialMesh2174.MeshId = "rbxassetid://623621260"
SpecialMesh2174.Offset = Vector3.new(0, 3.4100000858306885, 0)
SpecialMesh2174.TextureId = "rbxassetid://623618671"
SpecialMesh2174.MeshType = Enum.MeshType.FileMesh
Part2175.Name = "TreeMeshTop"
Part2175.Parent = Model2172
Part2175.CFrame = CFrame.new(639.051453, 259.719238, 702.525146, 0.679185092, 0, -0.733967006, 0, 1, 0, 0.733967006, 0, 0.679185092)
Part2175.Orientation = Vector3.new(0, -47.220001220703125, 0)
Part2175.Position = Vector3.new(639.0514526367188, 259.71923828125, 702.525146484375)
Part2175.Rotation = Vector3.new(0, -47.220001220703125, 0)
Part2175.Transparency = 0.05000000074505806
Part2175.Size = Vector3.new(8.250000953674316, 0.2499980926513672, 7)
Part2175.Anchored = true
Part2175.CanCollide = false
Part2175.Material = Enum.Material.Fabric
SpecialMesh2176.Name = "TopTreeMesh"
SpecialMesh2176.Parent = Part2175
SpecialMesh2176.MeshId = "rbxassetid://623621456"
SpecialMesh2176.Offset = Vector3.new(0, 3.4100000858306885, 0)
SpecialMesh2176.Scale = Vector3.new(1.600000023841858, 1.600000023841858, 1.600000023841858)
SpecialMesh2176.TextureId = "rbxassetid://745556120"
SpecialMesh2176.MeshType = Enum.MeshType.FileMesh
Model2177.Name = "??"
Model2177.Parent = Folder0
Part2178.Name = "TreeMesh Bottom"
Part2178.Parent = Model2177
Part2178.CFrame = CFrame.new(1003.36145, 218.366852, 1420.34155, -0.67875433, -0.0347055309, -0.733545005, -0.104685441, 0.993254066, 0.0498732552, 0.726865649, 0.110643156, -0.677808642)
Part2178.Orientation = Vector3.new(-2.859999895095825, -132.74000549316406, -6.019999980926514)
Part2178.Position = Vector3.new(1003.3614501953125, 218.36685180664062, 1420.341552734375)
Part2178.Rotation = Vector3.new(-175.7899932861328, -47.18000030517578, 177.07000732421875)
Part2178.Size = Vector3.new(8.250000953674316, 0.2499980926513672, 7)
Part2178.Anchored = true
Part2178.CanCollide = false
Part2178.Material = Enum.Material.Fabric
SpecialMesh2179.Name = "BarkMesh"
SpecialMesh2179.Parent = Part2178
SpecialMesh2179.MeshId = "rbxassetid://623621260"
SpecialMesh2179.Offset = Vector3.new(0, 3.4100000858306885, 0)
SpecialMesh2179.TextureId = "rbxassetid://623618671"
SpecialMesh2179.MeshType = Enum.MeshType.FileMesh
Part2180.Name = "TreeMeshTop"
Part2180.Parent = Model2177
Part2180.CFrame = CFrame.new(1002.31665, 248.303543, 1423.67554, -0.678752244, -0.0347061828, -0.733546853, -0.104685828, 0.993254125, 0.0498723127, 0.726867497, 0.110642903, -0.677806675)
Part2180.Orientation = Vector3.new(-2.859999895095825, -132.74000549316406, -6.019999980926514)
Part2180.Position = Vector3.new(1002.316650390625, 248.3035430908203, 1423.675537109375)
Part2180.Rotation = Vector3.new(-175.7899932861328, -47.18000030517578, 177.07000732421875)
Part2180.Transparency = 0.05000000074505806
Part2180.Size = Vector3.new(8.250000953674316, 0.2499980926513672, 7)
Part2180.Anchored = true
Part2180.CanCollide = false
Part2180.Material = Enum.Material.Fabric
SpecialMesh2181.Name = "TopTreeMesh"
SpecialMesh2181.Parent = Part2180
SpecialMesh2181.MeshId = "rbxassetid://623621456"
SpecialMesh2181.Offset = Vector3.new(0, 3.4100000858306885, 0)
SpecialMesh2181.Scale = Vector3.new(1.600000023841858, 1.600000023841858, 1.600000023841858)
SpecialMesh2181.TextureId = "rbxassetid://745556120"
SpecialMesh2181.MeshType = Enum.MeshType.FileMesh
Model2182.Name = "??"
Model2182.Parent = Folder0
Part2183.Name = "TreeMesh Bottom"
Part2183.Parent = Model2182
Part2183.CFrame = CFrame.new(946.370117, 217.122849, 1413.62976, 0.00386685482, -0.0347053222, -0.999390185, -0.110576548, 0.993251979, -0.0349200219, 0.993862033, 0.11064449, 3.16808678e-06)
Part2183.Orientation = Vector3.new(2, -90, -6.349999904632568)
Part2183.Position = Vector3.new(946.3701171875, 217.1228485107422, 1413.6297607421875)
Part2183.Rotation = Vector3.new(89.98999786376953, -88, 83.63999938964844)
Part2183.Size = Vector3.new(8.250000953674316, 0.2499980926513672, 7)
Part2183.Anchored = true
Part2183.CanCollide = false
Part2183.Material = Enum.Material.Fabric
SpecialMesh2184.Name = "BarkMesh"
SpecialMesh2184.Parent = Part2183
SpecialMesh2184.MeshId = "rbxassetid://623621260"
SpecialMesh2184.Offset = Vector3.new(0, 3.4100000858306885, 0)
SpecialMesh2184.TextureId = "rbxassetid://623618671"
SpecialMesh2184.MeshType = Enum.MeshType.FileMesh
Part2185.Name = "TreeMeshTop"
Part2185.Parent = Model2182
Part2185.CFrame = CFrame.new(945.325378, 247.059677, 1416.9635, 0.00386964506, -0.0347059742, -0.999390125, -0.110576205, 0.993252039, -0.0349209756, 0.993862092, 0.110644251, 5.87966315e-06)
Part2185.Orientation = Vector3.new(2, -90, -6.349999904632568)
Part2185.Position = Vector3.new(945.3253784179688, 247.05967712402344, 1416.9635009765625)
Part2185.Rotation = Vector3.new(89.98999786376953, -88, 83.63999938964844)
Part2185.Transparency = 0.05000000074505806
Part2185.Size = Vector3.new(8.250000953674316, 0.2499980926513672, 7)
Part2185.Anchored = true
Part2185.CanCollide = false
Part2185.Material = Enum.Material.Fabric
SpecialMesh2186.Name = "TopTreeMesh"
SpecialMesh2186.Parent = Part2185
SpecialMesh2186.MeshId = "rbxassetid://623621456"
SpecialMesh2186.Offset = Vector3.new(0, 3.4100000858306885, 0)
SpecialMesh2186.Scale = Vector3.new(1.600000023841858, 1.600000023841858, 1.600000023841858)
SpecialMesh2186.TextureId = "rbxassetid://745556120"
SpecialMesh2186.MeshType = Enum.MeshType.FileMesh
Model2187.Name = "??"
Model2187.Parent = Folder0
Part2188.Name = "TreeMesh Bottom"
Part2188.Parent = Model2187
Part2188.CFrame = CFrame.new(1078.18433, 224.745392, 1386.55017, -0.67875433, -0.0347057097, -0.733545005, -0.104685605, 0.993254066, 0.0498731695, 0.726865649, 0.110643215, -0.677808702)
Part2188.Orientation = Vector3.new(-2.859999895095825, -132.74000549316406, -6.019999980926514)
Part2188.Position = Vector3.new(1078.184326171875, 224.74539184570312, 1386.5501708984375)
Part2188.Rotation = Vector3.new(-175.7899932861328, -47.18000030517578, 177.07000732421875)
Part2188.Size = Vector3.new(8.250000953674316, 0.2499980926513672, 7)
Part2188.Anchored = true
Part2188.CanCollide = false
Part2188.Material = Enum.Material.Fabric
SpecialMesh2189.Name = "BarkMesh"
SpecialMesh2189.Parent = Part2188
SpecialMesh2189.MeshId = "rbxassetid://623621260"
SpecialMesh2189.Offset = Vector3.new(0, 3.4100000858306885, 0)
SpecialMesh2189.TextureId = "rbxassetid://623618671"
SpecialMesh2189.MeshType = Enum.MeshType.FileMesh
Part2190.Name = "TreeMeshTop"
Part2190.Parent = Model2187
Part2190.CFrame = CFrame.new(1077.13953, 254.682022, 1389.88403, -0.678752244, -0.0347063579, -0.733546853, -0.104685992, 0.993254066, 0.049872227, 0.726867497, 0.110642955, -0.677806675)
Part2190.Orientation = Vector3.new(-2.859999895095825, -132.74000549316406, -6.019999980926514)
Part2190.Position = Vector3.new(1077.1395263671875, 254.68202209472656, 1389.884033203125)
Part2190.Rotation = Vector3.new(-175.7899932861328, -47.18000030517578, 177.07000732421875)
Part2190.Transparency = 0.05000000074505806
Part2190.Size = Vector3.new(8.250000953674316, 0.2499980926513672, 7)
Part2190.Anchored = true
Part2190.CanCollide = false
Part2190.Material = Enum.Material.Fabric
SpecialMesh2191.Name = "TopTreeMesh"
SpecialMesh2191.Parent = Part2190
SpecialMesh2191.MeshId = "rbxassetid://623621456"
SpecialMesh2191.Offset = Vector3.new(0, 3.4100000858306885, 0)
SpecialMesh2191.Scale = Vector3.new(1.600000023841858, 1.600000023841858, 1.600000023841858)
SpecialMesh2191.TextureId = "rbxassetid://745556120"
SpecialMesh2191.MeshType = Enum.MeshType.FileMesh
Model2192.Name = "??"
Model2192.Parent = Folder0
Part2193.Name = "TreeMesh Bottom"
Part2193.Parent = Model2192
Part2193.CFrame = CFrame.new(904.505127, 212.962021, 1526.68665, 3.26519353e-06, 0.034918379, -0.999390185, 0.110644914, 0.993252099, 0.0347044021, 0.993861914, -0.110577174, -0.00386029761)
Part2193.Orientation = Vector3.new(-1.9900000095367432, -90.22000122070312, 6.360000133514404)
Part2193.Position = Vector3.new(904.505126953125, 212.96202087402344, 1526.6866455078125)
Part2193.Rotation = Vector3.new(-96.3499984741211, -88, -89.98999786376953)
Part2193.Size = Vector3.new(8.250000953674316, 0.2499980926513672, 7)
Part2193.Anchored = true
Part2193.CanCollide = false
Part2193.Material = Enum.Material.Fabric
SpecialMesh2194.Name = "BarkMesh"
SpecialMesh2194.Parent = Part2193
SpecialMesh2194.MeshId = "rbxassetid://623621260"
SpecialMesh2194.Offset = Vector3.new(0, 3.4100000858306885, 0)
SpecialMesh2194.TextureId = "rbxassetid://623618671"
SpecialMesh2194.MeshType = Enum.MeshType.FileMesh
Part2195.Name = "TreeMeshTop"
Part2195.Parent = Model2192
Part2195.CFrame = CFrame.new(905.55896, 242.898483, 1523.35278, 6.07268839e-06, 0.0349177308, -0.999390185, 0.110645063, 0.993252158, 0.0347040705, 0.993861854, -0.110577434, -0.00385744264)
Part2195.Orientation = Vector3.new(-1.9900000095367432, -90.22000122070312, 6.360000133514404)
Part2195.Position = Vector3.new(905.5589599609375, 242.8984832763672, 1523.352783203125)
Part2195.Rotation = Vector3.new(-96.33999633789062, -88, -89.98999786376953)
Part2195.Transparency = 0.05000000074505806
Part2195.Size = Vector3.new(8.250000953674316, 0.2499980926513672, 7)
Part2195.Anchored = true
Part2195.CanCollide = false
Part2195.Material = Enum.Material.Fabric
SpecialMesh2196.Name = "TopTreeMesh"
SpecialMesh2196.Parent = Part2195
SpecialMesh2196.MeshId = "rbxassetid://623621456"
SpecialMesh2196.Offset = Vector3.new(0, 3.4100000858306885, 0)
SpecialMesh2196.Scale = Vector3.new(1.600000023841858, 1.600000023841858, 1.600000023841858)
SpecialMesh2196.TextureId = "rbxassetid://745556120"
SpecialMesh2196.MeshType = Enum.MeshType.FileMesh
Model2197.Name = "??"
Model2197.Parent = Folder0
Part2198.Name = "TreeMesh Bottom"
Part2198.Parent = Model2197
Part2198.CFrame = CFrame.new(1135.49988, 212.125, 1586.12537, -0.559190035, -6.43733074e-07, -0.829039514, -1.49515472e-07, 0.999999106, -6.81337497e-07, 0.829040289, -2.68220901e-07, -0.559190571)
Part2198.Orientation = Vector3.new(0, -124, 0)
Part2198.Position = Vector3.new(1135.4998779296875, 212.125, 1586.1253662109375)
Part2198.Rotation = Vector3.new(180, -56, 180)
Part2198.Size = Vector3.new(8.250000953674316, 0.2499980926513672, 7)
Part2198.Anchored = true
Part2198.CanCollide = false
Part2198.Material = Enum.Material.Fabric
SpecialMesh2199.Name = "BarkMesh"
SpecialMesh2199.Parent = Part2198
SpecialMesh2199.MeshId = "rbxassetid://623621260"
SpecialMesh2199.Offset = Vector3.new(0, 3.4100000858306885, 0)
SpecialMesh2199.TextureId = "rbxassetid://623618671"
SpecialMesh2199.MeshType = Enum.MeshType.FileMesh
Part2200.Name = "TreeMeshTop"
Part2200.Parent = Model2197
Part2200.CFrame = CFrame.new(1135.50122, 242.264999, 1586.12439, -0.559187651, -1.29258842e-06, -0.829041004, -3.01879567e-07, 0.999999166, -1.35357448e-06, 0.829041839, -5.14090061e-07, -0.559188247)
Part2200.Orientation = Vector3.new(0, -124, 0)
Part2200.Position = Vector3.new(1135.501220703125, 242.26499938964844, 1586.1243896484375)
Part2200.Rotation = Vector3.new(180, -56, 180)
Part2200.Transparency = 0.05000000074505806
Part2200.Size = Vector3.new(8.250000953674316, 0.2499980926513672, 7)
Part2200.Anchored = true
Part2200.CanCollide = false
Part2200.Material = Enum.Material.Fabric
SpecialMesh2201.Name = "TopTreeMesh"
SpecialMesh2201.Parent = Part2200
SpecialMesh2201.MeshId = "rbxassetid://623621456"
SpecialMesh2201.Offset = Vector3.new(0, 3.4100000858306885, 0)
SpecialMesh2201.Scale = Vector3.new(1.600000023841858, 1.600000023841858, 1.600000023841858)
SpecialMesh2201.TextureId = "rbxassetid://745556120"
SpecialMesh2201.MeshType = Enum.MeshType.FileMesh
Model2202.Name = "??"
Model2202.Parent = Folder0
Part2203.Name = "TreeMesh Bottom"
Part2203.Parent = Model2202
Part2203.CFrame = CFrame.new(1253.5083, 210.953491, 1617.50903, -0.258483469, 0.0506501421, -0.96468699, 0.0620803013, 0.997430801, 0.0357352383, 0.964019299, -0.0506510474, -0.260964036)
Part2203.Orientation = Vector3.new(-2.049999952316284, -105.13999938964844, 3.559999942779541)
Part2203.Position = Vector3.new(1253.50830078125, 210.9534912109375, 1617.509033203125)
Part2203.Rotation = Vector3.new(-172.1999969482422, -74.7300033569336, -168.91000366210938)
Part2203.Size = Vector3.new(8.250000953674316, 0.2499980926513672, 7)
Part2203.Anchored = true
Part2203.CanCollide = false
Part2203.Material = Enum.Material.Fabric
SpecialMesh2204.Name = "BarkMesh"
SpecialMesh2204.Parent = Part2203
SpecialMesh2204.MeshId = "rbxassetid://623621260"
SpecialMesh2204.Offset = Vector3.new(0, 3.4100000858306885, 0)
SpecialMesh2204.TextureId = "rbxassetid://623618671"
SpecialMesh2204.MeshType = Enum.MeshType.FileMesh
Part2205.Name = "TreeMeshTop"
Part2205.Parent = Model2202
Part2205.CFrame = CFrame.new(1255.03613, 241.015961, 1615.98145, -0.258480698, 0.0506494977, -0.964687586, 0.062080279, 0.997430861, 0.035734728, 0.964020014, -0.0506513007, -0.260961264)
Part2205.Orientation = Vector3.new(-2.049999952316284, -105.13999938964844, 3.559999942779541)
Part2205.Position = Vector3.new(1255.0361328125, 241.01596069335938, 1615.9814453125)
Part2205.Rotation = Vector3.new(-172.1999969482422, -74.7300033569336, -168.91000366210938)
Part2205.Transparency = 0.05000000074505806
Part2205.Size = Vector3.new(8.250000953674316, 0.2499980926513672, 7)
Part2205.Anchored = true
Part2205.CanCollide = false
Part2205.Material = Enum.Material.Fabric
SpecialMesh2206.Name = "TopTreeMesh"
SpecialMesh2206.Parent = Part2205
SpecialMesh2206.MeshId = "rbxassetid://623621456"
SpecialMesh2206.Offset = Vector3.new(0, 3.4100000858306885, 0)
SpecialMesh2206.Scale = Vector3.new(1.600000023841858, 1.600000023841858, 1.600000023841858)
SpecialMesh2206.TextureId = "rbxassetid://745556120"
SpecialMesh2206.MeshType = Enum.MeshType.FileMesh
Model2207.Name = "??"
Model2207.Parent = Folder0
Part2208.Name = "TreeMesh Bottom"
Part2208.Parent = Model2207
Part2208.CFrame = CFrame.new(1017.06726, 213.245148, 653.997375, -0.58373034, 0.0809773058, -0.807899415, 0.225600705, 0.972010314, -0.0655764937, 0.779976308, -0.220541671, -0.585660517)
Part2208.Orientation = Vector3.new(3.759999990463257, -125.94000244140625, 13.069999694824219)
Part2208.Position = Vector3.new(1017.0672607421875, 213.24514770507812, 653.9973754882812)
Part2208.Rotation = Vector3.new(173.61000061035156, -53.88999938964844, -172.10000610351562)
Part2208.Size = Vector3.new(8.250000953674316, 0.2499980926513672, 7)
Part2208.Anchored = true
Part2208.CanCollide = false
Part2208.Material = Enum.Material.Fabric
SpecialMesh2209.Name = "BarkMesh"
SpecialMesh2209.Parent = Part2208
SpecialMesh2209.MeshId = "rbxassetid://623621260"
SpecialMesh2209.Offset = Vector3.new(0, 3.4100000858306885, 0)
SpecialMesh2209.TextureId = "rbxassetid://623618671"
SpecialMesh2209.MeshType = Enum.MeshType.FileMesh
Part2210.Name = "TreeMeshTop"
Part2210.Parent = Model2207
Part2210.CFrame = CFrame.new(1017.42163, 243.383133, 653.967163, -0.58373034, 0.0809773058, -0.807899415, 0.225600705, 0.972010314, -0.0655764937, 0.779976308, -0.220541671, -0.585660517)
Part2210.Orientation = Vector3.new(3.759999990463257, -125.94000244140625, 13.069999694824219)
Part2210.Position = Vector3.new(1017.421630859375, 243.3831329345703, 653.9671630859375)
Part2210.Rotation = Vector3.new(173.61000061035156, -53.88999938964844, -172.10000610351562)
Part2210.Transparency = 0.05000000074505806
Part2210.Size = Vector3.new(8.250000953674316, 0.2499980926513672, 7)
Part2210.Anchored = true
Part2210.CanCollide = false
Part2210.Material = Enum.Material.Fabric
SpecialMesh2211.Name = "TopTreeMesh"
SpecialMesh2211.Parent = Part2210
SpecialMesh2211.MeshId = "rbxassetid://623621456"
SpecialMesh2211.Offset = Vector3.new(0, 3.4100000858306885, 0)
SpecialMesh2211.Scale = Vector3.new(1.600000023841858, 1.600000023841858, 1.600000023841858)
SpecialMesh2211.TextureId = "rbxassetid://745556120"
SpecialMesh2211.MeshType = Enum.MeshType.FileMesh
Model2212.Name = "??"
Model2212.Parent = Folder0
Part2213.Name = "TreeMesh Bottom"
Part2213.Parent = Model2212
Part2213.CFrame = CFrame.new(1117.18433, 209.745544, 1237.29675, 0.719339728, 0, -0.694658458, 0, 1, 0, 0.694658458, 0, 0.719339728)
Part2213.Orientation = Vector3.new(0, -44, 0)
Part2213.Position = Vector3.new(1117.184326171875, 209.74554443359375, 1237.2967529296875)
Part2213.Rotation = Vector3.new(0, -44, 0)
Part2213.Size = Vector3.new(8.250000953674316, 0.2499980926513672, 7)
Part2213.Anchored = true
Part2213.CanCollide = false
Part2213.Material = Enum.Material.Fabric
SpecialMesh2214.Name = "BarkMesh"
SpecialMesh2214.Parent = Part2213
SpecialMesh2214.MeshId = "rbxassetid://623621260"
SpecialMesh2214.Offset = Vector3.new(0, 3.4100000858306885, 0)
SpecialMesh2214.TextureId = "rbxassetid://623618671"
SpecialMesh2214.MeshType = Enum.MeshType.FileMesh
Part2215.Name = "TreeMeshTop"
Part2215.Parent = Model2212
Part2215.CFrame = CFrame.new(1116.13965, 239.682312, 1240.63062, 0.719339728, 0, -0.694658458, 0, 1, 0, 0.694658458, 0, 0.719339728)
Part2215.Orientation = Vector3.new(0, -44, 0)
Part2215.Position = Vector3.new(1116.1396484375, 239.68231201171875, 1240.630615234375)
Part2215.Rotation = Vector3.new(0, -44, 0)
Part2215.Transparency = 0.05000000074505806
Part2215.Size = Vector3.new(8.250000953674316, 0.2499980926513672, 7)
Part2215.Anchored = true
Part2215.CanCollide = false
Part2215.Material = Enum.Material.Fabric
SpecialMesh2216.Name = "TopTreeMesh"
SpecialMesh2216.Parent = Part2215
SpecialMesh2216.MeshId = "rbxassetid://623621456"
SpecialMesh2216.Offset = Vector3.new(0, 3.4100000858306885, 0)
SpecialMesh2216.Scale = Vector3.new(1.600000023841858, 1.600000023841858, 1.600000023841858)
SpecialMesh2216.TextureId = "rbxassetid://745556120"
SpecialMesh2216.MeshType = Enum.MeshType.FileMesh
Model2217.Name = "??"
Model2217.Parent = Folder0
Part2218.Name = "TreeMesh Bottom"
Part2218.Parent = Model2217
Part2218.CFrame = CFrame.new(509.757019, 215.221054, 721.972961, 0.679185092, 0, -0.733967006, 0, 1, 0, 0.733967006, 0, 0.679185092)
Part2218.Orientation = Vector3.new(0, -47.220001220703125, 0)
Part2218.Position = Vector3.new(509.75701904296875, 215.22105407714844, 721.9729614257812)
Part2218.Rotation = Vector3.new(0, -47.220001220703125, 0)
Part2218.Size = Vector3.new(8.250000953674316, 0.2499980926513672, 7)
Part2218.Anchored = true
Part2218.CanCollide = false
Part2218.Material = Enum.Material.Fabric
SpecialMesh2219.Name = "BarkMesh"
SpecialMesh2219.Parent = Part2218
SpecialMesh2219.MeshId = "rbxassetid://623621260"
SpecialMesh2219.Offset = Vector3.new(0, 3.4100000858306885, 0)
SpecialMesh2219.TextureId = "rbxassetid://623618671"
SpecialMesh2219.MeshType = Enum.MeshType.FileMesh
Part2220.Name = "TreeMeshTop"
Part2220.Parent = Model2217
Part2220.CFrame = CFrame.new(507.686707, 244.550598, 728.598572, 0.679185092, 0, -0.733967006, 0, 1, 0, 0.733967006, 0, 0.679185092)
Part2220.Orientation = Vector3.new(0, -47.220001220703125, 0)
Part2220.Position = Vector3.new(507.68670654296875, 244.55059814453125, 728.5985717773438)
Part2220.Rotation = Vector3.new(0, -47.220001220703125, 0)
Part2220.Transparency = 0.05000000074505806
Part2220.Size = Vector3.new(8.250000953674316, 0.2499980926513672, 7)
Part2220.Anchored = true
Part2220.CanCollide = false
Part2220.Material = Enum.Material.Fabric
SpecialMesh2221.Name = "TopTreeMesh"
SpecialMesh2221.Parent = Part2220
SpecialMesh2221.MeshId = "rbxassetid://623621456"
SpecialMesh2221.Offset = Vector3.new(0, 3.4100000858306885, 0)
SpecialMesh2221.Scale = Vector3.new(1.600000023841858, 1.600000023841858, 1.600000023841858)
SpecialMesh2221.TextureId = "rbxassetid://745556120"
SpecialMesh2221.MeshType = Enum.MeshType.FileMesh
Model2222.Name = "??"
Model2222.Parent = Folder0
Part2223.Name = "TreeMesh Bottom"
Part2223.Parent = Model2222
Part2223.CFrame = CFrame.new(806.209717, 204.439102, 671.759705, -4.37113883e-08, 0, -1, 0, 1, 0, 1, 0, -4.37113883e-08)
Part2223.Orientation = Vector3.new(0, -90, 0)
Part2223.Position = Vector3.new(806.209716796875, 204.43910217285156, 671.7597045898438)
Part2223.Rotation = Vector3.new(0, -90, 0)
Part2223.Size = Vector3.new(8.250000953674316, 0.2499980926513672, 7)
Part2223.Anchored = true
Part2223.CanCollide = false
Part2223.Material = Enum.Material.Fabric
SpecialMesh2224.Name = "BarkMesh"
SpecialMesh2224.Parent = Part2223
SpecialMesh2224.MeshId = "rbxassetid://623621260"
SpecialMesh2224.Offset = Vector3.new(0, 3.4100000858306885, 0)
SpecialMesh2224.TextureId = "rbxassetid://623618671"
SpecialMesh2224.MeshType = Enum.MeshType.FileMesh
Part2225.Name = "TreeMeshTop"
Part2225.Parent = Model2222
Part2225.CFrame = CFrame.new(805.165039, 234.375732, 675.093567, -4.37113883e-08, 0, -1, 0, 1, 0, 1, 0, -4.37113883e-08)
Part2225.Orientation = Vector3.new(0, -90, 0)
Part2225.Position = Vector3.new(805.1650390625, 234.375732421875, 675.0935668945312)
Part2225.Rotation = Vector3.new(0, -90, 0)
Part2225.Transparency = 0.05000000074505806
Part2225.Size = Vector3.new(8.250000953674316, 0.2499980926513672, 7)
Part2225.Anchored = true
Part2225.CanCollide = false
Part2225.Material = Enum.Material.Fabric
SpecialMesh2226.Name = "TopTreeMesh"
SpecialMesh2226.Parent = Part2225
SpecialMesh2226.MeshId = "rbxassetid://623621456"
SpecialMesh2226.Offset = Vector3.new(0, 3.4100000858306885, 0)
SpecialMesh2226.Scale = Vector3.new(1.600000023841858, 1.600000023841858, 1.600000023841858)
SpecialMesh2226.TextureId = "rbxassetid://745556120"
SpecialMesh2226.MeshType = Enum.MeshType.FileMesh
Model2227.Name = "??"
Model2227.Parent = Folder0
Part2228.Name = "TreeMesh Bottom"
Part2228.Parent = Model2227
Part2228.CFrame = CFrame.new(1095.49878, 212.125, 1608.12585, -0.559189975, -7.30136946e-07, -0.829039454, -1.11249761e-07, 1.00000286, -5.84635359e-07, 0.829039991, -2.90572757e-07, -0.559190392)
Part2228.Orientation = Vector3.new(0, -124, 0)
Part2228.Position = Vector3.new(1095.498779296875, 212.125, 1608.1258544921875)
Part2228.Rotation = Vector3.new(180, -56, 180)
Part2228.Size = Vector3.new(8.250000953674316, 0.2499980926513672, 7)
Part2228.Anchored = true
Part2228.CanCollide = false
Part2228.Material = Enum.Material.Fabric
SpecialMesh2229.Name = "BarkMesh"
SpecialMesh2229.Parent = Part2228
SpecialMesh2229.MeshId = "rbxassetid://623621260"
SpecialMesh2229.Offset = Vector3.new(0, 3.4100000858306885, 0)
SpecialMesh2229.TextureId = "rbxassetid://623618671"
SpecialMesh2229.MeshType = Enum.MeshType.FileMesh
Part2230.Name = "TreeMeshTop"
Part2230.Parent = Model2227
Part2230.CFrame = CFrame.new(1095.5, 242.264954, 1608.125, -0.55918777, -1.37833752e-06, -0.829041183, -2.66984244e-07, 1.00000286, -1.25853876e-06, 0.829041481, -5.32716683e-07, -0.559187949)
Part2230.Orientation = Vector3.new(0, -124, 0)
Part2230.Position = Vector3.new(1095.5, 242.26495361328125, 1608.125)
Part2230.Rotation = Vector3.new(180, -56, 180)
Part2230.Transparency = 0.05000000074505806
Part2230.Size = Vector3.new(8.250000953674316, 0.2499980926513672, 7)
Part2230.Anchored = true
Part2230.CanCollide = false
Part2230.Material = Enum.Material.Fabric
SpecialMesh2231.Name = "TopTreeMesh"
SpecialMesh2231.Parent = Part2230
SpecialMesh2231.MeshId = "rbxassetid://623621456"
SpecialMesh2231.Offset = Vector3.new(0, 3.4100000858306885, 0)
SpecialMesh2231.Scale = Vector3.new(1.600000023841858, 1.600000023841858, 1.600000023841858)
SpecialMesh2231.TextureId = "rbxassetid://745556120"
SpecialMesh2231.MeshType = Enum.MeshType.FileMesh
Model2232.Name = "??"
Model2232.Parent = Folder0
Part2233.Name = "TreeMesh Bottom"
Part2233.Parent = Model2232
Part2233.CFrame = CFrame.new(1047.49878, 212.125, 1507.87585, 3.25846145e-06, -6.40745895e-07, -1, 2.64495583e-07, 0.999999762, -6.40745043e-07, 1.00000024, -2.6449564e-07, 3.25846258e-06)
Part2233.Orientation = Vector3.new(0, -90, 0)
Part2233.Position = Vector3.new(1047.498779296875, 212.125, 1507.8758544921875)
Part2233.Rotation = Vector3.new(0, -90, 0)
Part2233.Size = Vector3.new(8.250000953674316, 0.2499980926513672, 7)
Part2233.Anchored = true
Part2233.CanCollide = false
Part2233.Material = Enum.Material.Fabric
SpecialMesh2234.Name = "BarkMesh"
SpecialMesh2234.Parent = Part2233
SpecialMesh2234.MeshId = "rbxassetid://623621260"
SpecialMesh2234.Offset = Vector3.new(0, 3.4100000858306885, 0)
SpecialMesh2234.TextureId = "rbxassetid://623618671"
SpecialMesh2234.MeshType = Enum.MeshType.FileMesh
Part2235.Name = "TreeMeshTop"
Part2235.Parent = Model2232
Part2235.CFrame = CFrame.new(1047.5, 242.265045, 1507.87488, 6.05894593e-06, -1.28894237e-06, -1, 5.12227359e-07, 0.999999821, -1.28893907e-06, 1.00000024, -5.12227473e-07, 6.0589482e-06)
Part2235.Orientation = Vector3.new(0, -90, 0)
Part2235.Position = Vector3.new(1047.5, 242.26504516601562, 1507.8748779296875)
Part2235.Rotation = Vector3.new(0, -90, 0)
Part2235.Transparency = 0.05000000074505806
Part2235.Size = Vector3.new(8.250000953674316, 0.2499980926513672, 7)
Part2235.Anchored = true
Part2235.CanCollide = false
Part2235.Material = Enum.Material.Fabric
SpecialMesh2236.Name = "TopTreeMesh"
SpecialMesh2236.Parent = Part2235
SpecialMesh2236.MeshId = "rbxassetid://623621456"
SpecialMesh2236.Offset = Vector3.new(0, 3.4100000858306885, 0)
SpecialMesh2236.Scale = Vector3.new(1.600000023841858, 1.600000023841858, 1.600000023841858)
SpecialMesh2236.TextureId = "rbxassetid://745556120"
SpecialMesh2236.MeshType = Enum.MeshType.FileMesh
Model2237.Name = "??"
Model2237.Parent = Folder0
Part2238.Name = "TreeMesh Bottom"
Part2238.Parent = Model2237
Part2238.CFrame = CFrame.new(990.498779, 212.125, 1501.12598, 3.25846145e-06, -6.40745895e-07, -1, 2.64495611e-07, 0.999999881, -6.407451e-07, 1.00000012, -2.64495611e-07, 3.25846213e-06)
Part2238.Orientation = Vector3.new(0, -90, 0)
Part2238.Position = Vector3.new(990.498779296875, 212.125, 1501.1259765625)
Part2238.Rotation = Vector3.new(0, -90, 0)
Part2238.Size = Vector3.new(8.250000953674316, 0.2499980926513672, 7)
Part2238.Anchored = true
Part2238.CanCollide = false
Part2238.Material = Enum.Material.Fabric
SpecialMesh2239.Name = "BarkMesh"
SpecialMesh2239.Parent = Part2238
SpecialMesh2239.MeshId = "rbxassetid://623621260"
SpecialMesh2239.Offset = Vector3.new(0, 3.4100000858306885, 0)
SpecialMesh2239.TextureId = "rbxassetid://623618671"
SpecialMesh2239.MeshType = Enum.MeshType.FileMesh
Part2240.Name = "TreeMeshTop"
Part2240.Parent = Model2237
Part2240.CFrame = CFrame.new(990.5, 242.265045, 1501.125, 6.05894593e-06, -1.28894237e-06, -1, 5.12227416e-07, 0.99999994, -1.28893919e-06, 1.00000012, -5.12227416e-07, 6.05894729e-06)
Part2240.Orientation = Vector3.new(0, -90, 0)
Part2240.Position = Vector3.new(990.5, 242.26504516601562, 1501.125)
Part2240.Rotation = Vector3.new(0, -90, 0)
Part2240.Transparency = 0.05000000074505806
Part2240.Size = Vector3.new(8.250000953674316, 0.2499980926513672, 7)
Part2240.Anchored = true
Part2240.CanCollide = false
Part2240.Material = Enum.Material.Fabric
SpecialMesh2241.Name = "TopTreeMesh"
SpecialMesh2241.Parent = Part2240
SpecialMesh2241.MeshId = "rbxassetid://623621456"
SpecialMesh2241.Offset = Vector3.new(0, 3.4100000858306885, 0)
SpecialMesh2241.Scale = Vector3.new(1.600000023841858, 1.600000023841858, 1.600000023841858)
SpecialMesh2241.TextureId = "rbxassetid://745556120"
SpecialMesh2241.MeshType = Enum.MeshType.FileMesh
Model2242.Name = "??"
Model2242.Parent = Folder0
Part2243.Name = "TreeMesh Bottom"
Part2243.Parent = Model2242
Part2243.CFrame = CFrame.new(1187.49878, 212.103043, 1559.63916, -0.694655716, -6.40745895e-07, -0.719342291, 0.0126424832, 0.999845505, -0.0122095039, 0.719231308, -0.0175756738, -0.694548547)
Part2243.Orientation = Vector3.new(0.699999988079071, -134, 0.7200000286102295)
Part2243.Position = Vector3.new(1187.498779296875, 212.10304260253906, 1559.63916015625)
Part2243.Rotation = Vector3.new(178.99000549316406, -46, 180)
Part2243.Size = Vector3.new(8.250000953674316, 0.2499980926513672, 7)
Part2243.Anchored = true
Part2243.CanCollide = false
Part2243.Material = Enum.Material.Fabric
SpecialMesh2244.Name = "BarkMesh"
SpecialMesh2244.Parent = Part2243
SpecialMesh2244.MeshId = "rbxassetid://623621260"
SpecialMesh2244.Offset = Vector3.new(0, 3.4100000858306885, 0)
SpecialMesh2244.TextureId = "rbxassetid://623618671"
SpecialMesh2244.MeshType = Enum.MeshType.FileMesh
Part2245.Name = "TreeMeshTop"
Part2245.Parent = Model2242
Part2245.CFrame = CFrame.new(1187.5, 242.238403, 1559.10852, -0.69465369, -1.28894237e-06, -0.719344258, 0.0126422448, 0.999845505, -0.0122101065, 0.719233155, -0.0175759215, -0.694546402)
Part2245.Orientation = Vector3.new(0.699999988079071, -134, 0.7200000286102295)
Part2245.Position = Vector3.new(1187.5, 242.2384033203125, 1559.1085205078125)
Part2245.Rotation = Vector3.new(178.99000549316406, -46, 180)
Part2245.Transparency = 0.05000000074505806
Part2245.Size = Vector3.new(8.250000953674316, 0.2499980926513672, 7)
Part2245.Anchored = true
Part2245.CanCollide = false
Part2245.Material = Enum.Material.Fabric
SpecialMesh2246.Name = "TopTreeMesh"
SpecialMesh2246.Parent = Part2245
SpecialMesh2246.MeshId = "rbxassetid://623621456"
SpecialMesh2246.Offset = Vector3.new(0, 3.4100000858306885, 0)
SpecialMesh2246.Scale = Vector3.new(1.600000023841858, 1.600000023841858, 1.600000023841858)
SpecialMesh2246.TextureId = "rbxassetid://745556120"
SpecialMesh2246.MeshType = Enum.MeshType.FileMesh
Model2247.Name = "??"
Model2247.Parent = Folder0
Part2248.Name = "TreeMesh Bottom"
Part2248.Parent = Model2247
Part2248.CFrame = CFrame.new(1042.36157, 203.366989, 1271.08801, 0.694658279, 0, -0.719339848, 0, 1, 0, 0.719339848, 0, 0.694658279)
Part2248.Orientation = Vector3.new(0, -46, 0)
Part2248.Position = Vector3.new(1042.361572265625, 203.3669891357422, 1271.0880126953125)
Part2248.Rotation = Vector3.new(0, -46, 0)
Part2248.Size = Vector3.new(8.250000953674316, 0.2499980926513672, 7)
Part2248.Anchored = true
Part2248.CanCollide = false
Part2248.Material = Enum.Material.Fabric
SpecialMesh2249.Name = "BarkMesh"
SpecialMesh2249.Parent = Part2248
SpecialMesh2249.MeshId = "rbxassetid://623621260"
SpecialMesh2249.Offset = Vector3.new(0, 3.4100000858306885, 0)
SpecialMesh2249.TextureId = "rbxassetid://623618671"
SpecialMesh2249.MeshType = Enum.MeshType.FileMesh
Part2250.Name = "TreeMeshTop"
Part2250.Parent = Model2247
Part2250.CFrame = CFrame.new(1041.31665, 233.303802, 1274.422, 0.694658279, 0, -0.719339848, 0, 1, 0, 0.719339848, 0, 0.694658279)
Part2250.Orientation = Vector3.new(0, -46, 0)
Part2250.Position = Vector3.new(1041.316650390625, 233.30380249023438, 1274.4219970703125)
Part2250.Rotation = Vector3.new(0, -46, 0)
Part2250.Transparency = 0.05000000074505806
Part2250.Size = Vector3.new(8.250000953674316, 0.2499980926513672, 7)
Part2250.Anchored = true
Part2250.CanCollide = false
Part2250.Material = Enum.Material.Fabric
SpecialMesh2251.Name = "TopTreeMesh"
SpecialMesh2251.Parent = Part2250
SpecialMesh2251.MeshId = "rbxassetid://623621456"
SpecialMesh2251.Offset = Vector3.new(0, 3.4100000858306885, 0)
SpecialMesh2251.Scale = Vector3.new(1.600000023841858, 1.600000023841858, 1.600000023841858)
SpecialMesh2251.TextureId = "rbxassetid://745556120"
SpecialMesh2251.MeshType = Enum.MeshType.FileMesh
Model2252.Name = "??"
Model2252.Parent = Folder0
Part2253.Name = "TreeMesh Bottom"
Part2253.Parent = Model2252
Part2253.CFrame = CFrame.new(985.370178, 202.122971, 1264.37976, 0.694658279, 0, -0.719339848, 0, 1, 0, 0.719339848, 0, 0.694658279)
Part2253.Orientation = Vector3.new(0, -46, 0)
Part2253.Position = Vector3.new(985.3701782226562, 202.1229705810547, 1264.3797607421875)
Part2253.Rotation = Vector3.new(0, -46, 0)
Part2253.Size = Vector3.new(8.250000953674316, 0.2499980926513672, 7)
Part2253.Anchored = true
Part2253.CanCollide = false
Part2253.Material = Enum.Material.Fabric
SpecialMesh2254.Name = "BarkMesh"
SpecialMesh2254.Parent = Part2253
SpecialMesh2254.MeshId = "rbxassetid://623621260"
SpecialMesh2254.Offset = Vector3.new(0, 3.4100000858306885, 0)
SpecialMesh2254.TextureId = "rbxassetid://623618671"
SpecialMesh2254.MeshType = Enum.MeshType.FileMesh
Part2255.Name = "TreeMeshTop"
Part2255.Parent = Model2252
Part2255.CFrame = CFrame.new(984.325439, 232.059799, 1267.7135, 0.694658279, 0, -0.719339848, 0, 1, 0, 0.719339848, 0, 0.694658279)
Part2255.Orientation = Vector3.new(0, -46, 0)
Part2255.Position = Vector3.new(984.325439453125, 232.05979919433594, 1267.7135009765625)
Part2255.Rotation = Vector3.new(0, -46, 0)
Part2255.Transparency = 0.05000000074505806
Part2255.Size = Vector3.new(8.250000953674316, 0.2499980926513672, 7)
Part2255.Anchored = true
Part2255.CanCollide = false
Part2255.Material = Enum.Material.Fabric
SpecialMesh2256.Name = "TopTreeMesh"
SpecialMesh2256.Parent = Part2255
SpecialMesh2256.MeshId = "rbxassetid://623621456"
SpecialMesh2256.Offset = Vector3.new(0, 3.4100000858306885, 0)
SpecialMesh2256.Scale = Vector3.new(1.600000023841858, 1.600000023841858, 1.600000023841858)
SpecialMesh2256.TextureId = "rbxassetid://745556120"
SpecialMesh2256.MeshType = Enum.MeshType.FileMesh
Model2257.Name = "??"
Model2257.Parent = Folder0
Part2258.Name = "TreeMesh Bottom"
Part2258.Parent = Model2257
Part2258.CFrame = CFrame.new(997.498474, 213.267242, 993.951172, 3.31579067e-05, 0.0695819035, -0.997576177, 0.220124364, 0.97310698, 0.0678824633, 0.975471795, -0.219593093, -0.0152844079)
Part2258.Orientation = Vector3.new(-3.890000104904175, -90.87999725341797, 12.75)
Part2258.Position = Vector3.new(997.4984741210938, 213.26724243164062, 993.951171875)
Part2258.Rotation = Vector3.new(-102.69000244140625, -86.01000213623047, -89.97000122070312)
Part2258.Size = Vector3.new(8.250000953674316, 0.2499980926513672, 7)
Part2258.Anchored = true
Part2258.CanCollide = false
Part2258.Material = Enum.Material.Fabric
SpecialMesh2259.Name = "BarkMesh"
SpecialMesh2259.Parent = Part2258
SpecialMesh2259.MeshId = "rbxassetid://623621260"
SpecialMesh2259.Offset = Vector3.new(0, 3.4100000858306885, 0)
SpecialMesh2259.TextureId = "rbxassetid://623618671"
SpecialMesh2259.MeshType = Enum.MeshType.FileMesh
Part2260.Name = "TreeMeshTop"
Part2260.Parent = Model2257
Part2260.CFrame = CFrame.new(997.499634, 243.407318, 993.950195, 3.31579067e-05, 0.0695819035, -0.997576177, 0.220124364, 0.97310698, 0.0678824633, 0.975471795, -0.219593093, -0.0152844079)
Part2260.Orientation = Vector3.new(-3.890000104904175, -90.87999725341797, 12.75)
Part2260.Position = Vector3.new(997.4996337890625, 243.40731811523438, 993.9501953125)
Part2260.Rotation = Vector3.new(-102.69000244140625, -86.01000213623047, -89.97000122070312)
Part2260.Transparency = 0.05000000074505806
Part2260.Size = Vector3.new(8.250000953674316, 0.2499980926513672, 7)
Part2260.Anchored = true
Part2260.CanCollide = false
Part2260.Material = Enum.Material.Fabric
SpecialMesh2261.Name = "TopTreeMesh"
SpecialMesh2261.Parent = Part2260
SpecialMesh2261.MeshId = "rbxassetid://623621456"
SpecialMesh2261.Offset = Vector3.new(0, 3.4100000858306885, 0)
SpecialMesh2261.Scale = Vector3.new(1.600000023841858, 1.600000023841858, 1.600000023841858)
SpecialMesh2261.TextureId = "rbxassetid://745556120"
SpecialMesh2261.MeshType = Enum.MeshType.FileMesh
Model2262.Name = "??"
Model2262.Parent = Folder0
Part2263.Name = "TreeMesh Bottom"
Part2263.Parent = Model2262
Part2263.CFrame = CFrame.new(566.69635, 217.704971, 728.777649, 0.679185092, 0, -0.733967006, 0, 1, 0, 0.733967006, 0, 0.679185092)
Part2263.Orientation = Vector3.new(0, -47.220001220703125, 0)
Part2263.Position = Vector3.new(566.6963500976562, 217.70497131347656, 728.7776489257812)
Part2263.Rotation = Vector3.new(0, -47.220001220703125, 0)
Part2263.Size = Vector3.new(8.250000953674316, 0.2499980926513672, 7)
Part2263.Anchored = true
Part2263.CanCollide = false
Part2263.Material = Enum.Material.Fabric
SpecialMesh2264.Name = "BarkMesh"
SpecialMesh2264.Parent = Part2263
SpecialMesh2264.MeshId = "rbxassetid://623621260"
SpecialMesh2264.Offset = Vector3.new(0, 3.4100000858306885, 0)
SpecialMesh2264.TextureId = "rbxassetid://623618671"
SpecialMesh2264.MeshType = Enum.MeshType.FileMesh
Part2265.Name = "TreeMeshTop"
Part2265.Parent = Model2262
Part2265.CFrame = CFrame.new(564.626038, 247.034546, 735.403442, 0.679185092, 0, -0.733967006, 0, 1, 0, 0.733967006, 0, 0.679185092)
Part2265.Orientation = Vector3.new(0, -47.220001220703125, 0)
Part2265.Position = Vector3.new(564.6260375976562, 247.0345458984375, 735.4034423828125)
Part2265.Rotation = Vector3.new(0, -47.220001220703125, 0)
Part2265.Transparency = 0.05000000074505806
Part2265.Size = Vector3.new(8.250000953674316, 0.2499980926513672, 7)
Part2265.Anchored = true
Part2265.CanCollide = false
Part2265.Material = Enum.Material.Fabric
SpecialMesh2266.Name = "TopTreeMesh"
SpecialMesh2266.Parent = Part2265
SpecialMesh2266.MeshId = "rbxassetid://623621456"
SpecialMesh2266.Offset = Vector3.new(0, 3.4100000858306885, 0)
SpecialMesh2266.Scale = Vector3.new(1.600000023841858, 1.600000023841858, 1.600000023841858)
SpecialMesh2266.TextureId = "rbxassetid://745556120"
SpecialMesh2266.MeshType = Enum.MeshType.FileMesh
Model2267.Name = "??"
Model2267.Parent = Folder0
Part2268.Name = "TreeMesh Bottom"
Part2268.Parent = Model2267
Part2268.CFrame = CFrame.new(1184.60938, 212.124985, 1649.89551, -0.6156587, -6.40745895e-07, -0.788012922, -1.86056553e-07, 1, -6.67753795e-07, 0.788012922, -2.6449348e-07, -0.6156587)
Part2268.Orientation = Vector3.new(0, -128, 0)
Part2268.Position = Vector3.new(1184.609375, 212.12498474121094, 1649.8955078125)
Part2268.Rotation = Vector3.new(180, -52, 180)
Part2268.Size = Vector3.new(8.250000953674316, 0.2499980926513672, 7)
Part2268.Anchored = true
Part2268.CanCollide = false
Part2268.Material = Enum.Material.Fabric
SpecialMesh2269.Name = "BarkMesh"
SpecialMesh2269.Parent = Part2268
SpecialMesh2269.MeshId = "rbxassetid://623621260"
SpecialMesh2269.Offset = Vector3.new(0, 3.4100000858306885, 0)
SpecialMesh2269.TextureId = "rbxassetid://623618671"
SpecialMesh2269.MeshType = Enum.MeshType.FileMesh
Part2270.Name = "TreeMeshTop"
Part2270.Parent = Model2267
Part2270.CFrame = CFrame.new(1184.61047, 242.264999, 1649.89465, -0.615656495, -1.28894237e-06, -0.78801465, -3.89909104e-07, 1, -1.33105664e-06, 0.78801465, -5.12219628e-07, -0.615656495)
Part2270.Orientation = Vector3.new(0, -128, 0)
Part2270.Position = Vector3.new(1184.6104736328125, 242.26499938964844, 1649.8946533203125)
Part2270.Rotation = Vector3.new(180, -52, 180)
Part2270.Transparency = 0.05000000074505806
Part2270.Size = Vector3.new(8.250000953674316, 0.2499980926513672, 7)
