Model1862.Name = "??"
Model1862.Parent = Folder0
Part1863.Name = "TreeMesh Bottom"
Part1863.Parent = Model1862
Part1863.CFrame = CFrame.new(788.913025, 214.744781, 955.473633, -0.00279263686, 0, -0.999996126, 0, 1, 0, 0.999996126, 0, -0.00279263686)
Part1863.Orientation = Vector3.new(0, -90.16000366210938, 0)
Part1863.Position = Vector3.new(788.9130249023438, 214.74478149414062, 955.4736328125)
Part1863.Rotation = Vector3.new(-180, -89.83999633789062, -180)
Part1863.Size = Vector3.new(8.250000953674316, 0.2499980926513672, 7)
Part1863.Anchored = true
Part1863.CanCollide = false
Part1863.Material = Enum.Material.Fabric
SpecialMesh1864.Name = "BarkMesh"
SpecialMesh1864.Parent = Part1863
SpecialMesh1864.MeshId = "rbxassetid://623621260"
SpecialMesh1864.Offset = Vector3.new(0, 3.4100000858306885, 0)
SpecialMesh1864.TextureId = "rbxassetid://623618671"
SpecialMesh1864.MeshType = Enum.MeshType.FileMesh
Part1865.Name = "TreeMeshTop"
Part1865.Parent = Model1862
Part1865.CFrame = CFrame.new(787.157959, 244.218689, 961.525024, -0.00279263686, 0, -0.999996126, 0, 1, 0, 0.999996126, 0, -0.00279263686)
Part1865.Orientation = Vector3.new(0, -90.16000366210938, 0)
Part1865.Position = Vector3.new(787.157958984375, 244.21868896484375, 961.5250244140625)
Part1865.Rotation = Vector3.new(-180, -89.83999633789062, -180)
Part1865.Transparency = 0.05000000074505806
Part1865.Size = Vector3.new(8.250000953674316, 0.2499980926513672, 7)
Part1865.Anchored = true
Part1865.CanCollide = false
Part1865.Material = Enum.Material.Fabric
SpecialMesh1866.Name = "TopTreeMesh"
SpecialMesh1866.Parent = Part1865
SpecialMesh1866.MeshId = "rbxassetid://623621456"
SpecialMesh1866.Offset = Vector3.new(0, 3.4100000858306885, 0)
SpecialMesh1866.Scale = Vector3.new(1.600000023841858, 1.600000023841858, 1.600000023841858)
SpecialMesh1866.TextureId = "rbxassetid://745556120"
SpecialMesh1866.MeshType = Enum.MeshType.FileMesh
Model1867.Name = "??"
Model1867.Parent = Folder0
Part1868.Name = "TreeMesh Bottom"
Part1868.Parent = Model1867
Part1868.CFrame = CFrame.new(776.420288, 200.853287, 1035.36206, 0.000523523486, 0, -0.999999881, 0, 1, 0, 0.999999881, 0, 0.000523523486)
Part1868.Orientation = Vector3.new(0, -89.97000122070312, 0)
Part1868.Position = Vector3.new(776.4202880859375, 200.85328674316406, 1035.362060546875)
Part1868.Rotation = Vector3.new(0, -89.97000122070312, 0)
Part1868.Size = Vector3.new(8.250000953674316, 0.2499980926513672, 7)
Part1868.Anchored = true
Part1868.CanCollide = false
Part1868.Material = Enum.Material.Fabric
SpecialMesh1869.Name = "BarkMesh"
SpecialMesh1869.Parent = Part1868
SpecialMesh1869.MeshId = "rbxassetid://623621260"
SpecialMesh1869.Offset = Vector3.new(0, 3.4100000858306885, 0)
SpecialMesh1869.TextureId = "rbxassetid://623618671"
SpecialMesh1869.MeshType = Enum.MeshType.FileMesh
Part1870.Name = "TreeMeshTop"
Part1870.Parent = Model1867
Part1870.CFrame = CFrame.new(775.697144, 230.858887, 1038.11023, 0.000523523486, 0, -0.999999881, 0, 1, 0, 0.999999881, 0, 0.000523523486)
Part1870.Orientation = Vector3.new(0, -89.97000122070312, 0)
Part1870.Position = Vector3.new(775.6971435546875, 230.85888671875, 1038.1102294921875)
Part1870.Rotation = Vector3.new(0, -89.97000122070312, 0)
Part1870.Transparency = 0.05000000074505806
Part1870.Size = Vector3.new(8.250000953674316, 0.2499980926513672, 7)
Part1870.Anchored = true
Part1870.CanCollide = false
Part1870.Material = Enum.Material.Fabric
SpecialMesh1871.Name = "TopTreeMesh"
SpecialMesh1871.Parent = Part1870
SpecialMesh1871.MeshId = "rbxassetid://623621456"
SpecialMesh1871.Offset = Vector3.new(0, 3.4100000858306885, 0)
SpecialMesh1871.Scale = Vector3.new(1.600000023841858, 1.600000023841858, 1.600000023841858)
SpecialMesh1871.TextureId = "rbxassetid://745556120"
SpecialMesh1871.MeshType = Enum.MeshType.FileMesh
Model1872.Name = "??"
Model1872.Parent = Folder0
Part1873.Name = "TreeMesh Bottom"
Part1873.Parent = Model1872
Part1873.CFrame = CFrame.new(685.14032, 209.61496, 396.605164, -0.0347251594, 0, -0.99939698, 0, 1, 0, 0.99939698, 0, -0.0347251594)
Part1873.Orientation = Vector3.new(0, -91.98999786376953, 0)
Part1873.Position = Vector3.new(685.1403198242188, 209.61495971679688, 396.60516357421875)
Part1873.Rotation = Vector3.new(-180, -88.01000213623047, -180)
Part1873.Size = Vector3.new(8.250000953674316, 0.2499980926513672, 7)
Part1873.Anchored = true
Part1873.CanCollide = false
Part1873.Material = Enum.Material.Fabric
SpecialMesh1874.Name = "BarkMesh"
SpecialMesh1874.Parent = Part1873
SpecialMesh1874.MeshId = "rbxassetid://623621260"
SpecialMesh1874.Offset = Vector3.new(0, 3.4100000858306885, 0)
SpecialMesh1874.TextureId = "rbxassetid://623618671"
SpecialMesh1874.MeshType = Enum.MeshType.FileMesh
Part1875.Name = "TreeMeshTop"
Part1875.Parent = Model1872
Part1875.CFrame = CFrame.new(685.440613, 239.584198, 399.792908, -0.0347251594, 0, -0.99939698, 0, 1, 0, 0.99939698, 0, -0.0347251594)
Part1875.Orientation = Vector3.new(0, -91.98999786376953, 0)
Part1875.Position = Vector3.new(685.4406127929688, 239.58419799804688, 399.79290771484375)
Part1875.Rotation = Vector3.new(-180, -88.01000213623047, -180)
Part1875.Transparency = 0.05000000074505806
Part1875.Size = Vector3.new(8.250000953674316, 0.2499980926513672, 7)
Part1875.Anchored = true
Part1875.CanCollide = false
Part1875.Material = Enum.Material.Fabric
SpecialMesh1876.Name = "TopTreeMesh"
SpecialMesh1876.Parent = Part1875
SpecialMesh1876.MeshId = "rbxassetid://623621456"
SpecialMesh1876.Offset = Vector3.new(0, 3.4100000858306885, 0)
SpecialMesh1876.Scale = Vector3.new(1.600000023841858, 1.600000023841858, 1.600000023841858)
SpecialMesh1876.TextureId = "rbxassetid://745556120"
SpecialMesh1876.MeshType = Enum.MeshType.FileMesh
Model1877.Name = "??"
Model1877.Parent = Folder0
Part1878.Name = "TreeMesh Bottom"
Part1878.Parent = Model1877
Part1878.CFrame = CFrame.new(424.209778, 204.439117, 746.759705, 0.681998312, 0, -0.73135376, 0, 1, 0, 0.73135376, 0, 0.681998312)
Part1878.Orientation = Vector3.new(0, -47, 0)
Part1878.Position = Vector3.new(424.20977783203125, 204.43911743164062, 746.7597045898438)
Part1878.Rotation = Vector3.new(0, -47, 0)
Part1878.Size = Vector3.new(8.250000953674316, 0.2499980926513672, 7)
Part1878.Anchored = true
Part1878.CanCollide = false
Part1878.Material = Enum.Material.Fabric
SpecialMesh1879.Name = "BarkMesh"
SpecialMesh1879.Parent = Part1878
SpecialMesh1879.MeshId = "rbxassetid://623621260"
SpecialMesh1879.Offset = Vector3.new(0, 3.4100000858306885, 0)
SpecialMesh1879.TextureId = "rbxassetid://623618671"
SpecialMesh1879.MeshType = Enum.MeshType.FileMesh
Part1880.Name = "TreeMeshTop"
Part1880.Parent = Model1877
Part1880.CFrame = CFrame.new(423.165161, 234.375702, 750.093567, 0.681998312, 0, -0.73135376, 0, 1, 0, 0.73135376, 0, 0.681998312)
Part1880.Orientation = Vector3.new(0, -47, 0)
Part1880.Position = Vector3.new(423.1651611328125, 234.37570190429688, 750.0935668945312)
Part1880.Rotation = Vector3.new(0, -47, 0)
Part1880.Transparency = 0.05000000074505806
Part1880.Size = Vector3.new(8.250000953674316, 0.2499980926513672, 7)
Part1880.Anchored = true
Part1880.CanCollide = false
Part1880.Material = Enum.Material.Fabric
SpecialMesh1881.Name = "TopTreeMesh"
SpecialMesh1881.Parent = Part1880
SpecialMesh1881.MeshId = "rbxassetid://623621456"
SpecialMesh1881.Offset = Vector3.new(0, 3.4100000858306885, 0)
SpecialMesh1881.Scale = Vector3.new(1.600000023841858, 1.600000023841858, 1.600000023841858)
SpecialMesh1881.TextureId = "rbxassetid://745556120"
SpecialMesh1881.MeshType = Enum.MeshType.FileMesh
Model1882.Name = "??"
Model1882.Parent = Folder0
Part1883.Name = "TreeMesh Bottom"
Part1883.Parent = Model1882
Part1883.CFrame = CFrame.new(1283.49878, 212.125015, 1711.87585, -0.754707098, -6.8544341e-07, -0.656061769, -2.82727683e-07, 1.00000143, -5.76487707e-07, 0.656062067, -2.75671511e-07, -0.754707396)
Part1883.Orientation = Vector3.new(0, -139, 0)
Part1883.Position = Vector3.new(1283.498779296875, 212.12501525878906, 1711.8758544921875)
Part1883.Rotation = Vector3.new(180, -41, 180)
Part1883.Size = Vector3.new(8.250000953674316, 0.2499980926513672, 7)
Part1883.Anchored = true
Part1883.CanCollide = false
Part1883.Material = Enum.Material.Fabric
SpecialMesh1884.Name = "BarkMesh"
SpecialMesh1884.Parent = Part1883
SpecialMesh1884.MeshId = "rbxassetid://623621260"
SpecialMesh1884.Offset = Vector3.new(0, 3.4100000858306885, 0)
SpecialMesh1884.TextureId = "rbxassetid://623618671"
SpecialMesh1884.MeshType = Enum.MeshType.FileMesh
Part1885.Name = "TreeMeshTop"
Part1885.Parent = Model1882
Part1885.CFrame = CFrame.new(1283.5, 242.264923, 1711.875, -0.754705429, -1.33364392e-06, -0.656064034, -6.07573895e-07, 1.00000143, -1.18712069e-06, 0.656064034, -5.17815408e-07, -0.754705489)
Part1885.Orientation = Vector3.new(0, -139, 0)
Part1885.Position = Vector3.new(1283.5, 242.26492309570312, 1711.875)
Part1885.Rotation = Vector3.new(180, -41, 180)
Part1885.Transparency = 0.05000000074505806
Part1885.Size = Vector3.new(8.250000953674316, 0.2499980926513672, 7)
Part1885.Anchored = true
Part1885.CanCollide = false
Part1885.Material = Enum.Material.Fabric
SpecialMesh1886.Name = "TopTreeMesh"
SpecialMesh1886.Parent = Part1885
SpecialMesh1886.MeshId = "rbxassetid://623621456"
SpecialMesh1886.Offset = Vector3.new(0, 3.4100000858306885, 0)
SpecialMesh1886.Scale = Vector3.new(1.600000023841858, 1.600000023841858, 1.600000023841858)
SpecialMesh1886.TextureId = "rbxassetid://745556120"
SpecialMesh1886.MeshType = Enum.MeshType.FileMesh
Model1887.Name = "??"
Model1887.Parent = Folder0
Part1888.Name = "TreeMesh Bottom"
Part1888.Parent = Model1887
Part1888.CFrame = CFrame.new(242.330933, 203.626755, 305.964508, 0.970633745, -0.0191859547, -0.239801586, -0.00380395725, 0.995463312, -0.0950412005, 0.240538433, 0.0931629837, 0.966162443)
Part1888.Orientation = Vector3.new(5.449999809265137, -13.9399995803833, -0.2199999988079071)
Part1888.Position = Vector3.new(242.3309326171875, 203.6267547607422, 305.9645080566406)
Part1888.Rotation = Vector3.new(5.619999885559082, -13.869999885559082, 1.1299999952316284)
Part1888.Size = Vector3.new(8.250000953674316, 0.2499980926513672, 7)
Part1888.Anchored = true
Part1888.CanCollide = false
Part1888.Material = Enum.Material.Fabric
SpecialMesh1889.Name = "BarkMesh"
SpecialMesh1889.Parent = Part1888
SpecialMesh1889.MeshId = "rbxassetid://623621260"
SpecialMesh1889.Offset = Vector3.new(0, 3.4100000858306885, 0)
SpecialMesh1889.TextureId = "rbxassetid://623618671"
SpecialMesh1889.MeshType = Enum.MeshType.FileMesh
Part1890.Name = "TreeMeshTop"
Part1890.Parent = Model1887
Part1890.CFrame = CFrame.new(241.754028, 233.629974, 308.771484, 0.970634341, -0.0191866066, -0.239798844, -0.00380300172, 0.995463312, -0.0950411335, 0.240535796, 0.0931627229, 0.966163158)
Part1890.Orientation = Vector3.new(5.449999809265137, -13.9399995803833, -0.2199999988079071)
Part1890.Position = Vector3.new(241.7540283203125, 233.62997436523438, 308.771484375)
Part1890.Rotation = Vector3.new(5.619999885559082, -13.869999885559082, 1.1299999952316284)
Part1890.Transparency = 0.05000000074505806
Part1890.Size = Vector3.new(8.250000953674316, 0.2499980926513672, 7)
Part1890.Anchored = true
Part1890.CanCollide = false
Part1890.Material = Enum.Material.Fabric
SpecialMesh1891.Name = "TopTreeMesh"
SpecialMesh1891.Parent = Part1890
SpecialMesh1891.MeshId = "rbxassetid://623621456"
SpecialMesh1891.Offset = Vector3.new(0, 3.4100000858306885, 0)
SpecialMesh1891.Scale = Vector3.new(1.600000023841858, 1.600000023841858, 1.600000023841858)
SpecialMesh1891.TextureId = "rbxassetid://745556120"
SpecialMesh1891.MeshType = Enum.MeshType.FileMesh
Model1892.Name = "??"
Model1892.Parent = Folder0
Part1893.Name = "TreeMesh Bottom"
Part1893.Parent = Model1892
Part1893.CFrame = CFrame.new(785.96344, 200.543121, 490.874878, -4.37113883e-08, 0, -1, 0, 1, 0, 1, 0, -4.37113883e-08)
Part1893.Orientation = Vector3.new(0, -90, 0)
Part1893.Position = Vector3.new(785.9634399414062, 200.54312133789062, 490.8748779296875)
Part1893.Rotation = Vector3.new(0, -90, 0)
Part1893.Size = Vector3.new(8.250000953674316, 0.2499980926513672, 7)
Part1893.Anchored = true
Part1893.CanCollide = false
Part1893.Material = Enum.Material.Fabric
SpecialMesh1894.Name = "BarkMesh"
SpecialMesh1894.Parent = Part1893
SpecialMesh1894.MeshId = "rbxassetid://623621260"
SpecialMesh1894.Offset = Vector3.new(0, 3.4100000858306885, 0)
SpecialMesh1894.TextureId = "rbxassetid://623618671"
SpecialMesh1894.MeshType = Enum.MeshType.FileMesh
Part1895.Name = "TreeMeshTop"
Part1895.Parent = Model1892
Part1895.CFrame = CFrame.new(787.3172, 230.652222, 490.727051, -4.37113883e-08, 0, -1, 0, 1, 0, 1, 0, -4.37113883e-08)
Part1895.Orientation = Vector3.new(0, -90, 0)
Part1895.Position = Vector3.new(787.3171997070312, 230.6522216796875, 490.72705078125)
Part1895.Rotation = Vector3.new(0, -90, 0)
Part1895.Transparency = 0.05000000074505806
Part1895.Size = Vector3.new(8.250000953674316, 0.2499980926513672, 7)
Part1895.Anchored = true
Part1895.CanCollide = false
Part1895.Material = Enum.Material.Fabric
SpecialMesh1896.Name = "TopTreeMesh"
SpecialMesh1896.Parent = Part1895
SpecialMesh1896.MeshId = "rbxassetid://623621456"
SpecialMesh1896.Offset = Vector3.new(0, 3.4100000858306885, 0)
SpecialMesh1896.Scale = Vector3.new(1.600000023841858, 1.600000023841858, 1.600000023841858)
SpecialMesh1896.TextureId = "rbxassetid://745556120"
SpecialMesh1896.MeshType = Enum.MeshType.FileMesh
Model1897.Name = "??"
Model1897.Parent = Folder0
Part1898.Name = "TreeMesh Bottom"
Part1898.Parent = Model1897
Part1898.CFrame = CFrame.new(1072.12158, 230.389969, 1151.90015, 0.716667175, 0, -0.697415352, 0, 1, 0, 0.697415352, 0, 0.716667175)
Part1898.Orientation = Vector3.new(0, -44.220001220703125, 0)
Part1898.Position = Vector3.new(1072.12158203125, 230.3899688720703, 1151.900146484375)
Part1898.Rotation = Vector3.new(0, -44.220001220703125, 0)
Part1898.Size = Vector3.new(8.250000953674316, 0.2499980926513672, 7)
Part1898.Anchored = true
Part1898.CanCollide = false
Part1898.Material = Enum.Material.Fabric
SpecialMesh1899.Name = "BarkMesh"
SpecialMesh1899.Parent = Part1898
SpecialMesh1899.MeshId = "rbxassetid://623621260"
SpecialMesh1899.Offset = Vector3.new(0, 3.4100000858306885, 0)
SpecialMesh1899.TextureId = "rbxassetid://623618671"
SpecialMesh1899.MeshType = Enum.MeshType.FileMesh
Part1900.Name = "TreeMeshTop"
Part1900.Parent = Model1897
Part1900.CFrame = CFrame.new(1070.05151, 259.719604, 1158.52576, 0.716667175, 0, -0.697415352, 0, 1, 0, 0.697415352, 0, 0.716667175)
Part1900.Orientation = Vector3.new(0, -44.220001220703125, 0)
Part1900.Position = Vector3.new(1070.051513671875, 259.7196044921875, 1158.5257568359375)
Part1900.Rotation = Vector3.new(0, -44.220001220703125, 0)
Part1900.Transparency = 0.05000000074505806
Part1900.Size = Vector3.new(8.250000953674316, 0.2499980926513672, 7)
Part1900.Anchored = true
Part1900.CanCollide = false
Part1900.Material = Enum.Material.Fabric
SpecialMesh1901.Name = "TopTreeMesh"
SpecialMesh1901.Parent = Part1900
SpecialMesh1901.MeshId = "rbxassetid://623621456"
SpecialMesh1901.Offset = Vector3.new(0, 3.4100000858306885, 0)
SpecialMesh1901.Scale = Vector3.new(1.600000023841858, 1.600000023841858, 1.600000023841858)
SpecialMesh1901.TextureId = "rbxassetid://745556120"
SpecialMesh1901.MeshType = Enum.MeshType.FileMesh
Model1902.Name = "??"
Model1902.Parent = Folder0
Part1903.Name = "TreeMesh Bottom"
Part1903.Parent = Model1902
Part1903.CFrame = CFrame.new(686.184387, 209.745392, 781.296387, -0.615661442, 0, -0.788010836, 0, 1, 0, 0.788010836, 0, -0.615661442)
Part1903.Orientation = Vector3.new(0, -128, 0)
Part1903.Position = Vector3.new(686.1843872070312, 209.74539184570312, 781.29638671875)
Part1903.Rotation = Vector3.new(-180, -52, -180)
Part1903.Size = Vector3.new(8.250000953674316, 0.2499980926513672, 7)
Part1903.Anchored = true
Part1903.CanCollide = false
Part1903.Material = Enum.Material.Fabric
SpecialMesh1904.Name = "BarkMesh"
SpecialMesh1904.Parent = Part1903
SpecialMesh1904.MeshId = "rbxassetid://623621260"
SpecialMesh1904.Offset = Vector3.new(0, 3.4100000858306885, 0)
SpecialMesh1904.TextureId = "rbxassetid://623618671"
SpecialMesh1904.MeshType = Enum.MeshType.FileMesh
Part1905.Name = "TreeMeshTop"
Part1905.Parent = Model1902
Part1905.CFrame = CFrame.new(685.139709, 239.682068, 784.630371, -0.615661442, 0, -0.788010836, 0, 1, 0, 0.788010836, 0, -0.615661442)
Part1905.Orientation = Vector3.new(0, -128, 0)
Part1905.Position = Vector3.new(685.1397094726562, 239.68206787109375, 784.63037109375)
Part1905.Rotation = Vector3.new(-180, -52, -180)
Part1905.Transparency = 0.05000000074505806
Part1905.Size = Vector3.new(8.250000953674316, 0.2499980926513672, 7)
Part1905.Anchored = true
Part1905.CanCollide = false
Part1905.Material = Enum.Material.Fabric
SpecialMesh1906.Name = "TopTreeMesh"
SpecialMesh1906.Parent = Part1905
SpecialMesh1906.MeshId = "rbxassetid://623621456"
SpecialMesh1906.Offset = Vector3.new(0, 3.4100000858306885, 0)
SpecialMesh1906.Scale = Vector3.new(1.600000023841858, 1.600000023841858, 1.600000023841858)
SpecialMesh1906.TextureId = "rbxassetid://745556120"
SpecialMesh1906.MeshType = Enum.MeshType.FileMesh
Model1907.Name = "??"
Model1907.Parent = Folder0
Part1908.Name = "TreeMesh Bottom"
Part1908.Parent = Model1907
Part1908.CFrame = CFrame.new(554.370178, 202.122833, 808.379639, -0.615661442, 0, -0.788010836, 0, 1, 0, 0.788010836, 0, -0.615661442)
Part1908.Orientation = Vector3.new(0, -128, 0)
Part1908.Position = Vector3.new(554.3701782226562, 202.12283325195312, 808.379638671875)
Part1908.Rotation = Vector3.new(-180, -52, -180)
Part1908.Size = Vector3.new(8.250000953674316, 0.2499980926513672, 7)
Part1908.Anchored = true
Part1908.CanCollide = false
Part1908.Material = Enum.Material.Fabric
SpecialMesh1909.Name = "BarkMesh"
SpecialMesh1909.Parent = Part1908
SpecialMesh1909.MeshId = "rbxassetid://623621260"
SpecialMesh1909.Offset = Vector3.new(0, 3.4100000858306885, 0)
SpecialMesh1909.TextureId = "rbxassetid://623618671"
SpecialMesh1909.MeshType = Enum.MeshType.FileMesh
Part1910.Name = "TreeMeshTop"
Part1910.Parent = Model1907
Part1910.CFrame = CFrame.new(553.3255, 232.059555, 811.713135, -0.615661442, 0, -0.788010836, 0, 1, 0, 0.788010836, 0, -0.615661442)
Part1910.Orientation = Vector3.new(0, -128, 0)
Part1910.Position = Vector3.new(553.3255004882812, 232.05955505371094, 811.713134765625)
Part1910.Rotation = Vector3.new(-180, -52, -180)
Part1910.Transparency = 0.05000000074505806
Part1910.Size = Vector3.new(8.250000953674316, 0.2499980926513672, 7)
Part1910.Anchored = true
Part1910.CanCollide = false
Part1910.Material = Enum.Material.Fabric
SpecialMesh1911.Name = "TopTreeMesh"
SpecialMesh1911.Parent = Part1910
SpecialMesh1911.MeshId = "rbxassetid://623621456"
SpecialMesh1911.Offset = Vector3.new(0, 3.4100000858306885, 0)
SpecialMesh1911.Scale = Vector3.new(1.600000023841858, 1.600000023841858, 1.600000023841858)
SpecialMesh1911.TextureId = "rbxassetid://745556120"
SpecialMesh1911.MeshType = Enum.MeshType.FileMesh
Model1912.Name = "??"
Model1912.Parent = Folder0
Part1913.Name = "TreeMesh Bottom"
Part1913.Parent = Model1912
Part1913.CFrame = CFrame.new(729.019287, 203.068207, 484.125366, 0.469471544, 0, -0.882947564, 0, 1, 0, 0.882947564, 0, 0.469471544)
Part1913.Orientation = Vector3.new(0, -62, 0)
Part1913.Position = Vector3.new(729.019287109375, 203.06820678710938, 484.1253662109375)
Part1913.Rotation = Vector3.new(0, -62, 0)
Part1913.Size = Vector3.new(8.250000953674316, 0.2499980926513672, 7)
Part1913.Anchored = true
Part1913.CanCollide = false
Part1913.Material = Enum.Material.Fabric
SpecialMesh1914.Name = "BarkMesh"
SpecialMesh1914.Parent = Part1913
SpecialMesh1914.MeshId = "rbxassetid://623621260"
SpecialMesh1914.Offset = Vector3.new(0, 3.4100000858306885, 0)
SpecialMesh1914.TextureId = "rbxassetid://623618671"
SpecialMesh1914.MeshType = Enum.MeshType.FileMesh
Part1915.Name = "TreeMeshTop"
Part1915.Parent = Model1912
Part1915.CFrame = CFrame.new(730.37323, 233.177307, 483.977051, 0.469471544, 0, -0.882947564, 0, 1, 0, 0.882947564, 0, 0.469471544)
Part1915.Orientation = Vector3.new(0, -62, 0)
Part1915.Position = Vector3.new(730.3732299804688, 233.17730712890625, 483.97705078125)
Part1915.Rotation = Vector3.new(0, -62, 0)
Part1915.Transparency = 0.05000000074505806
Part1915.Size = Vector3.new(8.250000953674316, 0.2499980926513672, 7)
Part1915.Anchored = true
Part1915.CanCollide = false
Part1915.Material = Enum.Material.Fabric
SpecialMesh1916.Name = "TopTreeMesh"
SpecialMesh1916.Parent = Part1915
SpecialMesh1916.MeshId = "rbxassetid://623621456"
SpecialMesh1916.Offset = Vector3.new(0, 3.4100000858306885, 0)
SpecialMesh1916.Scale = Vector3.new(1.600000023841858, 1.600000023841858, 1.600000023841858)
SpecialMesh1916.TextureId = "rbxassetid://745556120"
SpecialMesh1916.MeshType = Enum.MeshType.FileMesh
Model1917.Name = "??"
Model1917.Parent = Folder0
Part1918.Name = "TreeMesh Bottom"
Part1918.Parent = Model1917
Part1918.CFrame = CFrame.new(855.209778, 204.43927, 1202.76013, -4.37113883e-08, 0, -1, 0, 1, 0, 1, 0, -4.37113883e-08)
Part1918.Orientation = Vector3.new(0, -90, 0)
Part1918.Position = Vector3.new(855.2097778320312, 204.43927001953125, 1202.7601318359375)
Part1918.Rotation = Vector3.new(0, -90, 0)
Part1918.Size = Vector3.new(8.250000953674316, 0.2499980926513672, 7)
Part1918.Anchored = true
Part1918.CanCollide = false
Part1918.Material = Enum.Material.Fabric
SpecialMesh1919.Name = "BarkMesh"
SpecialMesh1919.Parent = Part1918
SpecialMesh1919.MeshId = "rbxassetid://623621260"
SpecialMesh1919.Offset = Vector3.new(0, 3.4100000858306885, 0)
SpecialMesh1919.TextureId = "rbxassetid://623618671"
SpecialMesh1919.MeshType = Enum.MeshType.FileMesh
Part1920.Name = "TreeMeshTop"
Part1920.Parent = Model1917
Part1920.CFrame = CFrame.new(854.165222, 234.375946, 1206.09399, -4.37113883e-08, 0, -1, 0, 1, 0, 1, 0, -4.37113883e-08)
Part1920.Orientation = Vector3.new(0, -90, 0)
Part1920.Position = Vector3.new(854.1652221679688, 234.37594604492188, 1206.093994140625)
Part1920.Rotation = Vector3.new(0, -90, 0)
Part1920.Transparency = 0.05000000074505806
Part1920.Size = Vector3.new(8.250000953674316, 0.2499980926513672, 7)
Part1920.Anchored = true
Part1920.CanCollide = false
Part1920.Material = Enum.Material.Fabric
SpecialMesh1921.Name = "TopTreeMesh"
SpecialMesh1921.Parent = Part1920
SpecialMesh1921.MeshId = "rbxassetid://623621456"
SpecialMesh1921.Offset = Vector3.new(0, 3.4100000858306885, 0)
SpecialMesh1921.Scale = Vector3.new(1.600000023841858, 1.600000023841858, 1.600000023841858)
SpecialMesh1921.TextureId = "rbxassetid://745556120"
SpecialMesh1921.MeshType = Enum.MeshType.FileMesh
Model1922.Name = "??"
Model1922.Parent = Folder0
Part1923.Name = "TreeMesh Bottom"
Part1923.Parent = Model1922
Part1923.CFrame = CFrame.new(611.361511, 203.366867, 815.087769, -0.615661442, 0, -0.788010836, 0, 1, 0, 0.788010836, 0, -0.615661442)
Part1923.Orientation = Vector3.new(0, -128, 0)
Part1923.Position = Vector3.new(611.3615112304688, 203.3668670654297, 815.0877685546875)
Part1923.Rotation = Vector3.new(-180, -52, -180)
Part1923.Size = Vector3.new(8.250000953674316, 0.2499980926513672, 7)
Part1923.Anchored = true
Part1923.CanCollide = false
Part1923.Material = Enum.Material.Fabric
SpecialMesh1924.Name = "BarkMesh"
SpecialMesh1924.Parent = Part1923
SpecialMesh1924.MeshId = "rbxassetid://623621260"
SpecialMesh1924.Offset = Vector3.new(0, 3.4100000858306885, 0)
SpecialMesh1924.TextureId = "rbxassetid://623618671"
SpecialMesh1924.MeshType = Enum.MeshType.FileMesh
Part1925.Name = "TreeMeshTop"
Part1925.Parent = Model1922
Part1925.CFrame = CFrame.new(610.316711, 233.303558, 818.421753, -0.615661442, 0, -0.788010836, 0, 1, 0, 0.788010836, 0, -0.615661442)
Part1925.Orientation = Vector3.new(0, -128, 0)
Part1925.Position = Vector3.new(610.3167114257812, 233.30355834960938, 818.4217529296875)
Part1925.Rotation = Vector3.new(-180, -52, -180)
Part1925.Transparency = 0.05000000074505806
Part1925.Size = Vector3.new(8.250000953674316, 0.2499980926513672, 7)
Part1925.Anchored = true
Part1925.CanCollide = false
Part1925.Material = Enum.Material.Fabric
SpecialMesh1926.Name = "TopTreeMesh"
SpecialMesh1926.Parent = Part1925
SpecialMesh1926.MeshId = "rbxassetid://623621456"
SpecialMesh1926.Offset = Vector3.new(0, 3.4100000858306885, 0)
SpecialMesh1926.Scale = Vector3.new(1.600000023841858, 1.600000023841858, 1.600000023841858)
SpecialMesh1926.TextureId = "rbxassetid://745556120"
SpecialMesh1926.MeshType = Enum.MeshType.FileMesh
Model1927.Name = "??"
Model1927.Parent = Folder0
Part1928.Name = "TreeMesh Bottom"
Part1928.Parent = Model1927
Part1928.CFrame = CFrame.new(468.498657, 197.125, 833.875977, -4.37113883e-08, 0, -1, 0, 1, 0, 1, 0, -4.37113883e-08)
Part1928.Orientation = Vector3.new(0, -90, 0)
Part1928.Position = Vector3.new(468.4986572265625, 197.125, 833.8759765625)
Part1928.Rotation = Vector3.new(0, -90, 0)
Part1928.Size = Vector3.new(8.250000953674316, 0.2499980926513672, 7)
Part1928.Anchored = true
Part1928.CanCollide = false
Part1928.Material = Enum.Material.Fabric
SpecialMesh1929.Name = "BarkMesh"
SpecialMesh1929.Parent = Part1928
SpecialMesh1929.MeshId = "rbxassetid://623621260"
SpecialMesh1929.Offset = Vector3.new(0, 3.4100000858306885, 0)
SpecialMesh1929.TextureId = "rbxassetid://623618671"
SpecialMesh1929.MeshType = Enum.MeshType.FileMesh
Part1930.Name = "TreeMeshTop"
Part1930.Parent = Model1927
Part1930.CFrame = CFrame.new(468.5, 227.264801, 833.875, -4.37113883e-08, 0, -1, 0, 1, 0, 1, 0, -4.37113883e-08)
Part1930.Orientation = Vector3.new(0, -90, 0)
Part1930.Position = Vector3.new(468.5, 227.26480102539062, 833.875)
Part1930.Rotation = Vector3.new(0, -90, 0)
Part1930.Transparency = 0.05000000074505806
Part1930.Size = Vector3.new(8.250000953674316, 0.2499980926513672, 7)
Part1930.Anchored = true
Part1930.CanCollide = false
Part1930.Material = Enum.Material.Fabric
SpecialMesh1931.Name = "TopTreeMesh"
SpecialMesh1931.Parent = Part1930
SpecialMesh1931.MeshId = "rbxassetid://623621456"
SpecialMesh1931.Offset = Vector3.new(0, 3.4100000858306885, 0)
SpecialMesh1931.Scale = Vector3.new(1.600000023841858, 1.600000023841858, 1.600000023841858)
SpecialMesh1931.TextureId = "rbxassetid://745556120"
SpecialMesh1931.MeshType = Enum.MeshType.FileMesh
Model1932.Name = "??"
Model1932.Parent = Folder0
Part1933.Name = "TreeMesh Bottom"
Part1933.Parent = Model1932
Part1933.CFrame = CFrame.new(1094.43323, 197.02298, 1052.8811, -4.37113883e-08, 0, -1, 0, 1, 0, 1, 0, -4.37113883e-08)
Part1933.Orientation = Vector3.new(0, -90, 0)
Part1933.Position = Vector3.new(1094.4332275390625, 197.02297973632812, 1052.881103515625)
Part1933.Rotation = Vector3.new(0, -90, 0)
Part1933.Size = Vector3.new(8.250000953674316, 0.2499980926513672, 7)
Part1933.Anchored = true
Part1933.CanCollide = false
Part1933.Material = Enum.Material.Fabric
SpecialMesh1934.Name = "BarkMesh"
SpecialMesh1934.Parent = Part1933
SpecialMesh1934.MeshId = "rbxassetid://623621260"
SpecialMesh1934.Offset = Vector3.new(0, 3.4100000858306885, 0)
SpecialMesh1934.TextureId = "rbxassetid://623618671"
SpecialMesh1934.MeshType = Enum.MeshType.FileMesh
Part1935.Name = "TreeMeshTop"
Part1935.Parent = Model1932
Part1935.CFrame = CFrame.new(1098.77246, 226.835175, 1053.78271, -4.37113883e-08, 0, -1, 0, 1, 0, 1, 0, -4.37113883e-08)
Part1935.Orientation = Vector3.new(0, -90, 0)
Part1935.Position = Vector3.new(1098.7724609375, 226.83517456054688, 1053.78271484375)
Part1935.Rotation = Vector3.new(0, -90, 0)
Part1935.Transparency = 0.05000000074505806
Part1935.Size = Vector3.new(8.250000953674316, 0.2499980926513672, 7)
Part1935.Anchored = true
Part1935.CanCollide = false
Part1935.Material = Enum.Material.Fabric
SpecialMesh1936.Name = "TopTreeMesh"
SpecialMesh1936.Parent = Part1935
SpecialMesh1936.MeshId = "rbxassetid://623621456"
SpecialMesh1936.Offset = Vector3.new(0, 3.4100000858306885, 0)
SpecialMesh1936.Scale = Vector3.new(1.600000023841858, 1.600000023841858, 1.600000023841858)
SpecialMesh1936.TextureId = "rbxassetid://745556120"
SpecialMesh1936.MeshType = Enum.MeshType.FileMesh
Model1937.Name = "??"
Model1937.Parent = Folder0
Part1938.Name = "TreeMesh Bottom"
Part1938.Parent = Model1937
Part1938.CFrame = CFrame.new(891.75708, 215.221069, 646.973022, -0.312666476, 0, -0.949862957, 0, 1, 0, 0.949862957, 0, -0.312666476)
Part1938.Orientation = Vector3.new(0, -108.22000122070312, 0)
Part1938.Position = Vector3.new(891.757080078125, 215.2210693359375, 646.9730224609375)
Part1938.Rotation = Vector3.new(-180, -71.77999877929688, -180)
Part1938.Size = Vector3.new(8.250000953674316, 0.2499980926513672, 7)
Part1938.Anchored = true
Part1938.CanCollide = false
Part1938.Material = Enum.Material.Fabric
SpecialMesh1939.Name = "BarkMesh"
SpecialMesh1939.Parent = Part1938
SpecialMesh1939.MeshId = "rbxassetid://623621260"
SpecialMesh1939.Offset = Vector3.new(0, 3.4100000858306885, 0)
SpecialMesh1939.TextureId = "rbxassetid://623618671"
SpecialMesh1939.MeshType = Enum.MeshType.FileMesh
Part1940.Name = "TreeMeshTop"
Part1940.Parent = Model1937
Part1940.CFrame = CFrame.new(889.686707, 244.550659, 653.598633, -0.312666476, 0, -0.949862957, 0, 1, 0, 0.949862957, 0, -0.312666476)
Part1940.Orientation = Vector3.new(0, -108.22000122070312, 0)
Part1940.Position = Vector3.new(889.6867065429688, 244.5506591796875, 653.5986328125)
Part1940.Rotation = Vector3.new(-180, -71.77999877929688, -180)
Part1940.Transparency = 0.05000000074505806
Part1940.Size = Vector3.new(8.250000953674316, 0.2499980926513672, 7)
Part1940.Anchored = true
Part1940.CanCollide = false
Part1940.Material = Enum.Material.Fabric
SpecialMesh1941.Name = "TopTreeMesh"
SpecialMesh1941.Parent = Part1940
SpecialMesh1941.MeshId = "rbxassetid://623621456"
SpecialMesh1941.Offset = Vector3.new(0, 3.4100000858306885, 0)
SpecialMesh1941.Scale = Vector3.new(1.600000023841858, 1.600000023841858, 1.600000023841858)
SpecialMesh1941.TextureId = "rbxassetid://745556120"
SpecialMesh1941.MeshType = Enum.MeshType.FileMesh
Model1942.Name = "??"
Model1942.Parent = Folder0
Part1943.Name = "TreeMesh Bottom"
Part1943.Parent = Model1942
Part1943.CFrame = CFrame.new(504.356628, 196.446945, 340.474609, 0.00213909522, -0.0191862043, -0.999814808, -0.093137987, 0.995467126, -0.0193020292, 0.995651007, 0.0931617543, 0.000342436746)
Part1943.Orientation = Vector3.new(1.1100000143051147, -89.9800033569336, -5.349999904632568)
Part1943.Position = Vector3.new(504.35662841796875, 196.4469451904297, 340.474609375)
Part1943.Rotation = Vector3.new(88.9800033569336, -88.9000015258789, 83.63999938964844)
Part1943.Size = Vector3.new(8.250000953674316, 0.2499980926513672, 7)
Part1943.Anchored = true
Part1943.CanCollide = false
Part1943.Material = Enum.Material.Fabric
SpecialMesh1944.Name = "BarkMesh"
SpecialMesh1944.Parent = Part1943
SpecialMesh1944.MeshId = "rbxassetid://623621260"
SpecialMesh1944.Offset = Vector3.new(0, 3.4100000858306885, 0)
SpecialMesh1944.TextureId = "rbxassetid://623618671"
SpecialMesh1944.MeshType = Enum.MeshType.FileMesh
Part1945.Name = "TreeMeshTop"
Part1945.Parent = Model1942
Part1945.CFrame = CFrame.new(503.779724, 226.450241, 343.281616, 0.00214188965, -0.0191868488, -0.999814749, -0.0931376964, 0.995467126, -0.0193029363, 0.995651066, 0.0931615159, 0.000345163629)
Part1945.Orientation = Vector3.new(1.1100000143051147, -89.9800033569336, -5.349999904632568)
Part1945.Position = Vector3.new(503.77972412109375, 226.4502410888672, 343.2816162109375)
Part1945.Rotation = Vector3.new(88.9800033569336, -88.9000015258789, 83.62999725341797)
Part1945.Transparency = 0.05000000074505806
Part1945.Size = Vector3.new(8.250000953674316, 0.2499980926513672, 7)
Part1945.Anchored = true
Part1945.CanCollide = false
Part1945.Material = Enum.Material.Fabric
SpecialMesh1946.Name = "TopTreeMesh"
SpecialMesh1946.Parent = Part1945
SpecialMesh1946.MeshId = "rbxassetid://623621456"
SpecialMesh1946.Offset = Vector3.new(0, 3.4100000858306885, 0)
SpecialMesh1946.Scale = Vector3.new(1.600000023841858, 1.600000023841858, 1.600000023841858)
SpecialMesh1946.TextureId = "rbxassetid://745556120"
SpecialMesh1946.MeshType = Enum.MeshType.FileMesh
Model1947.Name = "??"
Model1947.Parent = Folder0
Part1948.Name = "TreeMesh Bottom"
Part1948.Parent = Model1947
Part1948.CFrame = CFrame.new(899.498657, 197.125122, 1289.87598, -0.29237178, 0, -0.956304729, 0, 1, 0, 0.956304729, 0, -0.29237178)
Part1948.Orientation = Vector3.new(0, -107, 0)
Part1948.Position = Vector3.new(899.4986572265625, 197.1251220703125, 1289.8759765625)
Part1948.Rotation = Vector3.new(-180, -73, -180)
Part1948.Size = Vector3.new(8.250000953674316, 0.2499980926513672, 7)
Part1948.Anchored = true
Part1948.CanCollide = false
Part1948.Material = Enum.Material.Fabric
SpecialMesh1949.Name = "BarkMesh"
SpecialMesh1949.Parent = Part1948
SpecialMesh1949.MeshId = "rbxassetid://623621260"
SpecialMesh1949.Offset = Vector3.new(0, 3.4100000858306885, 0)
SpecialMesh1949.TextureId = "rbxassetid://623618671"
SpecialMesh1949.MeshType = Enum.MeshType.FileMesh
Part1950.Name = "TreeMeshTop"
Part1950.Parent = Model1947
Part1950.CFrame = CFrame.new(899.500061, 227.26503, 1289.875, -0.29237178, 0, -0.956304729, 0, 1, 0, 0.956304729, 0, -0.29237178)
Part1950.Orientation = Vector3.new(0, -107, 0)
Part1950.Position = Vector3.new(899.5000610351562, 227.26502990722656, 1289.875)
Part1950.Rotation = Vector3.new(-180, -73, -180)
Part1950.Transparency = 0.05000000074505806
Part1950.Size = Vector3.new(8.250000953674316, 0.2499980926513672, 7)
Part1950.Anchored = true
Part1950.CanCollide = false
Part1950.Material = Enum.Material.Fabric
SpecialMesh1951.Name = "TopTreeMesh"
SpecialMesh1951.Parent = Part1950
SpecialMesh1951.MeshId = "rbxassetid://623621456"
SpecialMesh1951.Offset = Vector3.new(0, 3.4100000858306885, 0)
SpecialMesh1951.Scale = Vector3.new(1.600000023841858, 1.600000023841858, 1.600000023841858)
SpecialMesh1951.TextureId = "rbxassetid://745556120"
SpecialMesh1951.MeshType = Enum.MeshType.FileMesh
Model1952.Name = "??"
Model1952.Parent = Folder0
Part1953.Name = "TreeMesh Bottom"
Part1953.Parent = Model1952
Part1953.CFrame = CFrame.new(1457.31226, 205.447067, 1739.12585, 3.26475129e-06, 0.129338562, -0.991600513, -1.63912773e-07, 0.991600633, 0.129338562, 1.00000012, -2.60770321e-07, 3.25878545e-06)
Part1953.Orientation = Vector3.new(-7.429999828338623, -90, 0)
Part1953.Position = Vector3.new(1457.312255859375, 205.4470672607422, 1739.1258544921875)
Part1953.Rotation = Vector3.new(-90, -82.56999969482422, -90)
Part1953.Size = Vector3.new(8.250000953674316, 0.2499980926513672, 7)
Part1953.Anchored = true
Part1953.CanCollide = false
Part1953.Material = Enum.Material.Fabric
SpecialMesh1954.Name = "BarkMesh"
SpecialMesh1954.Parent = Part1953
SpecialMesh1954.MeshId = "rbxassetid://623621260"
SpecialMesh1954.Offset = Vector3.new(0, 3.4100000858306885, 0)
SpecialMesh1954.TextureId = "rbxassetid://623618671"
SpecialMesh1954.MeshType = Enum.MeshType.FileMesh
Part1955.Name = "TreeMeshTop"
Part1955.Parent = Model1952
Part1955.CFrame = CFrame.new(1461.21155, 235.333633, 1739.12488, 6.07408583e-06, 0.129337922, -0.991600692, -2.79396772e-07, 0.991600692, 0.129337922, 0.99999994, -5.0291419e-07, 6.06033336e-06)
Part1955.Orientation = Vector3.new(-7.429999828338623, -90, 0)
Part1955.Position = Vector3.new(1461.2115478515625, 235.33363342285156, 1739.1248779296875)
Part1955.Rotation = Vector3.new(-90, -82.56999969482422, -90)
Part1955.Transparency = 0.05000000074505806
Part1955.Size = Vector3.new(8.250000953674316, 0.2499980926513672, 7)
Part1955.Anchored = true
Part1955.CanCollide = false
Part1955.Material = Enum.Material.Fabric
SpecialMesh1956.Name = "TopTreeMesh"
SpecialMesh1956.Parent = Part1955
SpecialMesh1956.MeshId = "rbxassetid://623621456"
SpecialMesh1956.Offset = Vector3.new(0, 3.4100000858306885, 0)
SpecialMesh1956.Scale = Vector3.new(1.600000023841858, 1.600000023841858, 1.600000023841858)
SpecialMesh1956.TextureId = "rbxassetid://745556120"
SpecialMesh1956.MeshType = Enum.MeshType.FileMesh
Model1957.Name = "??"
Model1957.Parent = Folder0
Part1958.Name = "TreeMesh Bottom"
Part1958.Parent = Model1957
Part1958.CFrame = CFrame.new(997.498474, 213.267242, 993.951172, 3.31579067e-05, 0.0695819035, -0.997576177, 0.220124364, 0.97310698, 0.0678824633, 0.975471795, -0.219593093, -0.0152844079)
Part1958.Orientation = Vector3.new(-3.890000104904175, -90.87999725341797, 12.75)
Part1958.Position = Vector3.new(997.4984741210938, 213.26724243164062, 993.951171875)
Part1958.Rotation = Vector3.new(-102.69000244140625, -86.01000213623047, -89.97000122070312)
Part1958.Size = Vector3.new(8.250000953674316, 0.2499980926513672, 7)
Part1958.Anchored = true
Part1958.CanCollide = false
Part1958.Material = Enum.Material.Fabric
SpecialMesh1959.Name = "BarkMesh"
SpecialMesh1959.Parent = Part1958
SpecialMesh1959.MeshId = "rbxassetid://623621260"
SpecialMesh1959.Offset = Vector3.new(0, 3.4100000858306885, 0)
SpecialMesh1959.TextureId = "rbxassetid://623618671"
SpecialMesh1959.MeshType = Enum.MeshType.FileMesh
Part1960.Name = "TreeMeshTop"
Part1960.Parent = Model1957
Part1960.CFrame = CFrame.new(997.499634, 243.407318, 993.950195, 3.31579067e-05, 0.0695819035, -0.997576177, 0.220124364, 0.97310698, 0.0678824633, 0.975471795, -0.219593093, -0.0152844079)
Part1960.Orientation = Vector3.new(-3.890000104904175, -90.87999725341797, 12.75)
Part1960.Position = Vector3.new(997.4996337890625, 243.40731811523438, 993.9501953125)
Part1960.Rotation = Vector3.new(-102.69000244140625, -86.01000213623047, -89.97000122070312)
Part1960.Transparency = 0.05000000074505806
Part1960.Size = Vector3.new(8.250000953674316, 0.2499980926513672, 7)
Part1960.Anchored = true
Part1960.CanCollide = false
Part1960.Material = Enum.Material.Fabric
SpecialMesh1961.Name = "TopTreeMesh"
SpecialMesh1961.Parent = Part1960
SpecialMesh1961.MeshId = "rbxassetid://623621456"
SpecialMesh1961.Offset = Vector3.new(0, 3.4100000858306885, 0)
SpecialMesh1961.Scale = Vector3.new(1.600000023841858, 1.600000023841858, 1.600000023841858)
SpecialMesh1961.TextureId = "rbxassetid://745556120"
SpecialMesh1961.MeshType = Enum.MeshType.FileMesh
Model1962.Name = "??"
Model1962.Parent = Folder0
Part1963.Name = "TreeMesh Bottom"
Part1963.Parent = Model1962
Part1963.CFrame = CFrame.new(891.75708, 215.221069, 646.973022, -0.312666476, 0, -0.949862957, 0, 1, 0, 0.949862957, 0, -0.312666476)
Part1963.Orientation = Vector3.new(0, -108.22000122070312, 0)
Part1963.Position = Vector3.new(891.757080078125, 215.2210693359375, 646.9730224609375)
Part1963.Rotation = Vector3.new(-180, -71.77999877929688, -180)
Part1963.Size = Vector3.new(8.250000953674316, 0.2499980926513672, 7)
Part1963.Anchored = true
Part1963.CanCollide = false
Part1963.Material = Enum.Material.Fabric
SpecialMesh1964.Name = "BarkMesh"
SpecialMesh1964.Parent = Part1963
SpecialMesh1964.MeshId = "rbxassetid://623621260"
SpecialMesh1964.Offset = Vector3.new(0, 3.4100000858306885, 0)
SpecialMesh1964.TextureId = "rbxassetid://623618671"
SpecialMesh1964.MeshType = Enum.MeshType.FileMesh
Part1965.Name = "TreeMeshTop"
Part1965.Parent = Model1962
Part1965.CFrame = CFrame.new(889.686707, 244.550659, 653.598633, -0.312666476, 0, -0.949862957, 0, 1, 0, 0.949862957, 0, -0.312666476)
Part1965.Orientation = Vector3.new(0, -108.22000122070312, 0)
Part1965.Position = Vector3.new(889.6867065429688, 244.5506591796875, 653.5986328125)
Part1965.Rotation = Vector3.new(-180, -71.77999877929688, -180)
Part1965.Transparency = 0.05000000074505806
Part1965.Size = Vector3.new(8.250000953674316, 0.2499980926513672, 7)
Part1965.Anchored = true
Part1965.CanCollide = false
Part1965.Material = Enum.Material.Fabric
SpecialMesh1966.Name = "TopTreeMesh"
SpecialMesh1966.Parent = Part1965
SpecialMesh1966.MeshId = "rbxassetid://623621456"
SpecialMesh1966.Offset = Vector3.new(0, 3.4100000858306885, 0)
SpecialMesh1966.Scale = Vector3.new(1.600000023841858, 1.600000023841858, 1.600000023841858)
SpecialMesh1966.TextureId = "rbxassetid://745556120"
SpecialMesh1966.MeshType = Enum.MeshType.FileMesh
Model1967.Name = "??"
Model1967.Parent = Folder0
