Model5059.Name = "??"
Model5059.Parent = Folder0
Part5060.Name = "TreeMesh Bottom"
Part5060.Parent = Model5059
Part5060.CFrame = CFrame.new(-546.472778, 112.859894, -2092.72998, -0.701953709, 0.0996283293, -0.705220461, 0.0678373054, 0.995019078, 0.0730461404, 0.708984971, 0.00343482196, -0.705215693)
Part5060.Orientation = Vector3.new(-4.190000057220459, -135, 3.9000000953674316)
Part5060.Position = Vector3.new(-546.4727783203125, 112.85989379882812, -2092.72998046875)
Part5060.Rotation = Vector3.new(-174.08999633789062, -44.849998474121094, -171.9199981689453)
Part5060.Size = Vector3.new(8.250000953674316, 0.2499980926513672, 7)
Part5060.Anchored = true
Part5060.CanCollide = false
Part5060.Material = Enum.Material.Fabric
SpecialMesh5061.Name = "BarkMesh"
SpecialMesh5061.Parent = Part5060
SpecialMesh5061.MeshId = "rbxassetid://623621260"
SpecialMesh5061.Offset = Vector3.new(0, 3.4100000858306885, 0)
SpecialMesh5061.TextureId = "rbxassetid://623618671"
SpecialMesh5061.MeshType = Enum.MeshType.FileMesh
Part5062.Name = "TreeMeshTop"
Part5062.Parent = Model5059
Part5062.CFrame = CFrame.new(-543.468384, 142.849548, -2092.62598, -0.701951802, 0.0996280611, -0.705222249, 0.0678373203, 0.995019078, 0.0730457529, 0.708986998, 0.00343424454, -0.705213547)
Part5062.Orientation = Vector3.new(-4.190000057220459, -135, 3.9000000953674316)
Part5062.Position = Vector3.new(-543.4683837890625, 142.84954833984375, -2092.6259765625)
Part5062.Rotation = Vector3.new(-174.08999633789062, -44.849998474121094, -171.9199981689453)
Part5062.Transparency = 0.05000000074505806
Part5062.Size = Vector3.new(8.250000953674316, 0.2499980926513672, 7)
Part5062.Anchored = true
Part5062.CanCollide = false
Part5062.Material = Enum.Material.Fabric
SpecialMesh5063.Name = "TopTreeMesh"
SpecialMesh5063.Parent = Part5062
SpecialMesh5063.MeshId = "rbxassetid://623621456"
SpecialMesh5063.Offset = Vector3.new(0, 3.4100000858306885, 0)
SpecialMesh5063.Scale = Vector3.new(1.600000023841858, 1.600000023841858, 1.600000023841858)
SpecialMesh5063.TextureId = "rbxassetid://745556120"
SpecialMesh5063.MeshType = Enum.MeshType.FileMesh
Model5064.Name = "??"
Model5064.Parent = Folder0
Part5065.Name = "TreeMesh Bottom"
Part5065.Parent = Model5064
Part5065.CFrame = CFrame.new(-546.472778, 112.859894, -2092.72998, -0.701953709, 0.0996283293, -0.705220461, 0.0678373054, 0.995019078, 0.0730461404, 0.708984971, 0.00343482196, -0.705215693)
Part5065.Orientation = Vector3.new(-4.190000057220459, -135, 3.9000000953674316)
Part5065.Position = Vector3.new(-546.4727783203125, 112.85989379882812, -2092.72998046875)
Part5065.Rotation = Vector3.new(-174.08999633789062, -44.849998474121094, -171.9199981689453)
Part5065.Size = Vector3.new(8.250000953674316, 0.2499980926513672, 7)
Part5065.Anchored = true
Part5065.CanCollide = false
Part5065.Material = Enum.Material.Fabric
SpecialMesh5066.Name = "BarkMesh"
SpecialMesh5066.Parent = Part5065
SpecialMesh5066.MeshId = "rbxassetid://623621260"
SpecialMesh5066.Offset = Vector3.new(0, 3.4100000858306885, 0)
SpecialMesh5066.TextureId = "rbxassetid://623618671"
SpecialMesh5066.MeshType = Enum.MeshType.FileMesh
Part5067.Name = "TreeMeshTop"
Part5067.Parent = Model5064
Part5067.CFrame = CFrame.new(-543.468384, 142.849548, -2092.62598, -0.701951802, 0.0996280611, -0.705222249, 0.0678373203, 0.995019078, 0.0730457529, 0.708986998, 0.00343424454, -0.705213547)
Part5067.Orientation = Vector3.new(-4.190000057220459, -135, 3.9000000953674316)
Part5067.Position = Vector3.new(-543.4683837890625, 142.84954833984375, -2092.6259765625)
Part5067.Rotation = Vector3.new(-174.08999633789062, -44.849998474121094, -171.9199981689453)
Part5067.Transparency = 0.05000000074505806
Part5067.Size = Vector3.new(8.250000953674316, 0.2499980926513672, 7)
Part5067.Anchored = true
Part5067.CanCollide = false
Part5067.Material = Enum.Material.Fabric
SpecialMesh5068.Name = "TopTreeMesh"
SpecialMesh5068.Parent = Part5067
SpecialMesh5068.MeshId = "rbxassetid://623621456"
SpecialMesh5068.Offset = Vector3.new(0, 3.4100000858306885, 0)
SpecialMesh5068.Scale = Vector3.new(1.600000023841858, 1.600000023841858, 1.600000023841858)
SpecialMesh5068.TextureId = "rbxassetid://745556120"
SpecialMesh5068.MeshType = Enum.MeshType.FileMesh
Model5069.Name = "??"
Model5069.Parent = Folder0
Part5070.Name = "TreeMesh Bottom"
Part5070.Parent = Model5069
Part5070.CFrame = CFrame.new(-629.944214, 119.197113, -2191.1084, 0.720909178, -0.147702843, -0.67711091, 0.0034405347, 0.977778375, -0.209626779, 0.693025649, 0.148790717, 0.705392838)
Part5070.Orientation = Vector3.new(12.100000381469727, -43.83000183105469, 0.20000000298023224)
Part5070.Position = Vector3.new(-629.9442138671875, 119.19711303710938, -2191.1083984375)
Part5070.Rotation = Vector3.new(16.549999237060547, -42.619998931884766, 11.579999923706055)
Part5070.Size = Vector3.new(8.250000953674316, 0.2499980926513672, 7)
Part5070.Anchored = true
Part5070.CanCollide = false
Part5070.Material = Enum.Material.Fabric
SpecialMesh5071.Name = "BarkMesh"
SpecialMesh5071.Parent = Part5070
SpecialMesh5071.MeshId = "rbxassetid://623621260"
SpecialMesh5071.Offset = Vector3.new(0, 3.4100000858306885, 0)
SpecialMesh5071.TextureId = "rbxassetid://623618671"
SpecialMesh5071.MeshType = Enum.MeshType.FileMesh
Part5072.Name = "TreeMeshTop"
Part5072.Parent = Model5069
Part5072.CFrame = CFrame.new(-634.394287, 148.66748, -2186.62378, 0.720912397, -0.14770259, -0.67710948, 0.00344195217, 0.977780282, -0.209626019, 0.693024695, 0.148788884, 0.705394864)
Part5072.Orientation = Vector3.new(12.100000381469727, -43.83000183105469, 0.20000000298023224)
Part5072.Position = Vector3.new(-634.394287109375, 148.66748046875, -2186.623779296875)
Part5072.Rotation = Vector3.new(16.549999237060547, -42.619998931884766, 11.579999923706055)
Part5072.Transparency = 0.05000000074505806
Part5072.Size = Vector3.new(8.250000953674316, 0.2499980926513672, 7)
Part5072.Anchored = true
Part5072.CanCollide = false
Part5072.Material = Enum.Material.Fabric
SpecialMesh5073.Name = "TopTreeMesh"
SpecialMesh5073.Parent = Part5072
SpecialMesh5073.MeshId = "rbxassetid://623621456"
SpecialMesh5073.Offset = Vector3.new(0, 3.4100000858306885, 0)
SpecialMesh5073.Scale = Vector3.new(1.600000023841858, 1.600000023841858, 1.600000023841858)
SpecialMesh5073.TextureId = "rbxassetid://745556120"
SpecialMesh5073.MeshType = Enum.MeshType.FileMesh
Model5074.Name = "??"
Model5074.Parent = Folder0
Part5075.Name = "TreeMesh Bottom"
Part5075.Parent = Model5074
Part5075.CFrame = CFrame.new(-535.674194, 94.9260788, -2403.53516, -0.191614568, 0.509365797, 0.8389498, -0.248885557, 0.80163157, -0.543553114, -0.949391246, -0.31295234, -0.0268273354)
Part5075.Orientation = Vector3.new(32.93000030517578, 91.83000183105469, -17.25)
Part5075.Position = Vector3.new(-535.6741943359375, 94.92607879638672, -2403.53515625)
Part5075.Rotation = Vector3.new(92.83000183105469, 57.029998779296875, -110.62000274658203)
Part5075.Size = Vector3.new(8.250000953674316, 0.2499980926513672, 7)
Part5075.Anchored = true
Part5075.CanCollide = false
Part5075.Material = Enum.Material.Fabric
SpecialMesh5076.Name = "BarkMesh"
SpecialMesh5076.Parent = Part5075
SpecialMesh5076.MeshId = "rbxassetid://623621260"
SpecialMesh5076.Offset = Vector3.new(0, 3.4100000858306885, 0)
SpecialMesh5076.TextureId = "rbxassetid://623618671"
SpecialMesh5076.MeshType = Enum.MeshType.FileMesh
Part5077.Name = "TreeMeshTop"
Part5077.Parent = Model5074
Part5077.CFrame = CFrame.new(-524.829102, 122.533569, -2408.88672, -0.191614568, 0.509365797, 0.8389498, -0.248885557, 0.80163157, -0.543553114, -0.949391246, -0.31295234, -0.0268273354)
Part5077.Orientation = Vector3.new(32.93000030517578, 91.83000183105469, -17.25)
Part5077.Position = Vector3.new(-524.8291015625, 122.5335693359375, -2408.88671875)
Part5077.Rotation = Vector3.new(92.83000183105469, 57.029998779296875, -110.62000274658203)
Part5077.Transparency = 0.05000000074505806
Part5077.Size = Vector3.new(8.250000953674316, 0.2499980926513672, 7)
Part5077.Anchored = true
Part5077.CanCollide = false
Part5077.Material = Enum.Material.Fabric
SpecialMesh5078.Name = "TopTreeMesh"
SpecialMesh5078.Parent = Part5077
SpecialMesh5078.MeshId = "rbxassetid://623621456"
SpecialMesh5078.Offset = Vector3.new(0, 3.4100000858306885, 0)
SpecialMesh5078.Scale = Vector3.new(1.600000023841858, 1.600000023841858, 1.600000023841858)
SpecialMesh5078.TextureId = "rbxassetid://745556120"
SpecialMesh5078.MeshType = Enum.MeshType.FileMesh
Model5079.Name = "??"
Model5079.Parent = Folder0
Part5080.Name = "TreeMesh Bottom"
Part5080.Parent = Model5079
Part5080.CFrame = CFrame.new(-574.556396, 116.493332, -2395.32886, 0.718483686, 0.0517453849, -0.69361639, -0.0125847384, 0.998032749, 0.0614196323, 0.695429921, -0.0354000255, 0.717721522)
Part5080.Orientation = Vector3.new(-3.5199999809265137, -44.02000045776367, -0.7200000286102295)
Part5080.Position = Vector3.new(-574.556396484375, 116.49333190917969, -2395.328857421875)
Part5080.Rotation = Vector3.new(-4.889999866485596, -43.91999816894531, -4.119999885559082)
Part5080.Size = Vector3.new(8.250000953674316, 0.2499980926513672, 7)
Part5080.Anchored = true
Part5080.CanCollide = false
Part5080.Material = Enum.Material.Fabric
SpecialMesh5081.Name = "BarkMesh"
SpecialMesh5081.Parent = Part5080
SpecialMesh5081.MeshId = "rbxassetid://623621260"
SpecialMesh5081.Offset = Vector3.new(0, 3.4100000858306885, 0)
SpecialMesh5081.TextureId = "rbxassetid://623618671"
SpecialMesh5081.MeshType = Enum.MeshType.FileMesh
Part5082.Name = "TreeMeshTop"
Part5082.Parent = Model5079
Part5082.CFrame = CFrame.new(-572.995544, 146.573792, -2396.39575, 0.718485713, 0.0517449677, -0.693614364, -0.012584216, 0.998032629, 0.0614197142, 0.695427954, -0.0354005918, 0.717723489)
Part5082.Orientation = Vector3.new(-3.5199999809265137, -44.02000045776367, -0.7200000286102295)
Part5082.Position = Vector3.new(-572.9955444335938, 146.57379150390625, -2396.395751953125)
Part5082.Rotation = Vector3.new(-4.889999866485596, -43.91999816894531, -4.119999885559082)
Part5082.Transparency = 0.05000000074505806
Part5082.Size = Vector3.new(8.250000953674316, 0.2499980926513672, 7)
Part5082.Anchored = true
Part5082.CanCollide = false
Part5082.Material = Enum.Material.Fabric
SpecialMesh5083.Name = "TopTreeMesh"
SpecialMesh5083.Parent = Part5082
SpecialMesh5083.MeshId = "rbxassetid://623621456"
SpecialMesh5083.Offset = Vector3.new(0, 3.4100000858306885, 0)
SpecialMesh5083.Scale = Vector3.new(1.600000023841858, 1.600000023841858, 1.600000023841858)
SpecialMesh5083.TextureId = "rbxassetid://745556120"
SpecialMesh5083.MeshType = Enum.MeshType.FileMesh
Model5084.Name = "??"
Model5084.Parent = Folder0
Part5085.Name = "TreeMesh Bottom"
Part5085.Parent = Model5084
Part5085.CFrame = CFrame.new(-517.373779, 104.269699, -2318.24854, -0.191614568, 0.509365797, 0.8389498, -0.248885557, 0.80163157, -0.543553114, -0.949391246, -0.31295234, -0.0268273354)
Part5085.Orientation = Vector3.new(32.93000030517578, 91.83000183105469, -17.25)
Part5085.Position = Vector3.new(-517.373779296875, 104.26969909667969, -2318.24853515625)
Part5085.Rotation = Vector3.new(92.83000183105469, 57.029998779296875, -110.62000274658203)
Part5085.Size = Vector3.new(8.250000953674316, 0.2499980926513672, 7)
Part5085.Anchored = true
Part5085.CanCollide = false
Part5085.Material = Enum.Material.Fabric
SpecialMesh5086.Name = "BarkMesh"
SpecialMesh5086.Parent = Part5085
SpecialMesh5086.MeshId = "rbxassetid://623621260"
SpecialMesh5086.Offset = Vector3.new(0, 3.4100000858306885, 0)
SpecialMesh5086.TextureId = "rbxassetid://623618671"
SpecialMesh5086.MeshType = Enum.MeshType.FileMesh
Part5087.Name = "TreeMeshTop"
Part5087.Parent = Model5084
Part5087.CFrame = CFrame.new(-506.528564, 131.877213, -2323.59985, -0.191614568, 0.509365797, 0.8389498, -0.248885557, 0.80163157, -0.543553114, -0.949391246, -0.31295234, -0.0268273354)
Part5087.Orientation = Vector3.new(32.93000030517578, 91.83000183105469, -17.25)
Part5087.Position = Vector3.new(-506.528564453125, 131.87721252441406, -2323.599853515625)
Part5087.Rotation = Vector3.new(92.83000183105469, 57.029998779296875, -110.62000274658203)
Part5087.Transparency = 0.05000000074505806
Part5087.Size = Vector3.new(8.250000953674316, 0.2499980926513672, 7)
Part5087.Anchored = true
Part5087.CanCollide = false
Part5087.Material = Enum.Material.Fabric
SpecialMesh5088.Name = "TopTreeMesh"
SpecialMesh5088.Parent = Part5087
SpecialMesh5088.MeshId = "rbxassetid://623621456"
SpecialMesh5088.Offset = Vector3.new(0, 3.4100000858306885, 0)
SpecialMesh5088.Scale = Vector3.new(1.600000023841858, 1.600000023841858, 1.600000023841858)
SpecialMesh5088.TextureId = "rbxassetid://745556120"
SpecialMesh5088.MeshType = Enum.MeshType.FileMesh
Part5089.Name = "?"
Part5089.Parent = Folder0
Part5089.CFrame = CFrame.new(-646.693726, 122.043304, -2292.14355, 0.823662162, -0.27566728, 0.495568812, -0.471857369, 0.151546985, 0.868553042, -0.314533561, -0.949231744, -0.00525182486)
Part5089.Orientation = Vector3.new(-60.290000915527344, 90.61000061035156, -72.19000244140625)
Part5089.Position = Vector3.new(-646.6937255859375, 122.04330444335938, -2292.1435546875)
Part5089.Rotation = Vector3.new(-90.3499984741211, 29.709999084472656, 18.5)
Part5089.Size = Vector3.new(40, 20, 20)
Part5089.Anchored = true
Part5089.BottomSurface = Enum.SurfaceType.Smooth
Part5089.TopSurface = Enum.SurfaceType.Smooth
SpecialMesh5090.Parent = Part5089
SpecialMesh5090.MeshId = "rbxassetid://473211502"
SpecialMesh5090.TextureId = "rbxassetid://473212369"
SpecialMesh5090.MeshType = Enum.MeshType.FileMesh
Part5091.Name = "?"
Part5091.Parent = Folder0
Part5091.CFrame = CFrame.new(-689.736877, 119.638184, -2744.40918, 0.516995549, 0.845539391, 0.133335292, -0.0515456498, -0.124733537, 0.990851164, 0.854434967, -0.519138098, -0.0209023058)
Part5091.Orientation = Vector3.new(-82.23999786376953, 98.91000366210938, -157.5500030517578)
Part5091.Position = Vector3.new(-689.7368774414062, 119.63818359375, -2744.4091796875)
Part5091.Rotation = Vector3.new(-91.20999908447266, 7.659999847412109, -58.560001373291016)
Part5091.Size = Vector3.new(40, 20, 20)
Part5091.Anchored = true
Part5091.BottomSurface = Enum.SurfaceType.Smooth
Part5091.TopSurface = Enum.SurfaceType.Smooth
SpecialMesh5092.Parent = Part5091
SpecialMesh5092.MeshId = "rbxassetid://473211502"
SpecialMesh5092.TextureId = "rbxassetid://473212369"
SpecialMesh5092.MeshType = Enum.MeshType.FileMesh
Part5093.Name = "?"
Part5093.Parent = Folder0
Part5093.CFrame = CFrame.new(-704.841431, 123.689835, -2788.0686, 0.516995609, 0.845538914, 0.133334666, -0.0515456237, -0.124734432, 0.990852475, 0.854435503, -0.519138098, -0.0209018141)
Part5093.Orientation = Vector3.new(-82.23999786376953, 98.91000366210938, -157.5500030517578)
Part5093.Position = Vector3.new(-704.8414306640625, 123.68983459472656, -2788.068603515625)
Part5093.Rotation = Vector3.new(-91.20999908447266, 7.659999847412109, -58.560001373291016)
Part5093.Size = Vector3.new(40, 20, 20)
Part5093.Anchored = true
Part5093.BottomSurface = Enum.SurfaceType.Smooth
Part5093.TopSurface = Enum.SurfaceType.Smooth
SpecialMesh5094.Parent = Part5093
SpecialMesh5094.MeshId = "rbxassetid://473211502"
SpecialMesh5094.TextureId = "rbxassetid://473212369"
SpecialMesh5094.MeshType = Enum.MeshType.FileMesh
Model5095.Name = "??"
Model5095.Parent = Folder0
Part5096.Name = "TreeMesh Bottom"
Part5096.Parent = Model5095
Part5096.CFrame = CFrame.new(-1297.63379, 115.051559, -3280.44092, 0.970840037, -0.05351853, -0.23369801, 0.0118048163, 0.984258473, -0.176361829, 0.239455938, 0.168457866, 0.956181824)
Part5096.Orientation = Vector3.new(10.15999984741211, -13.729999542236328, 0.6899999976158142)
Part5096.Position = Vector3.new(-1297.6337890625, 115.05155944824219, -3280.44091796875)
Part5096.Rotation = Vector3.new(10.449999809265137, -13.510000228881836, 3.1600000858306885)
Part5096.Size = Vector3.new(8.250000953674316, 0.2499980926513672, 7)
Part5096.Anchored = true
Part5096.CanCollide = false
Part5096.Material = Enum.Material.Fabric
SpecialMesh5097.Name = "BarkMesh"
SpecialMesh5097.Parent = Part5096
SpecialMesh5097.MeshId = "rbxassetid://623621260"
SpecialMesh5097.Offset = Vector3.new(0, 3.4100000858306885, 0)
SpecialMesh5097.TextureId = "rbxassetid://623618671"
SpecialMesh5097.MeshType = Enum.MeshType.FileMesh
Part5098.Name = "TreeMeshTop"
Part5098.Parent = Model5095
Part5098.CFrame = CFrame.new(-1299.24561, 144.717056, -3275.36377, 0.970836401, -0.0535183214, -0.233693331, 0.0118059516, 0.984255075, -0.17635946, 0.239452302, 0.16845721, 0.95618248)
Part5098.Orientation = Vector3.new(10.15999984741211, -13.729999542236328, 0.6899999976158142)
Part5098.Position = Vector3.new(-1299.24560546875, 144.71705627441406, -3275.36376953125)
Part5098.Rotation = Vector3.new(10.449999809265137, -13.510000228881836, 3.1600000858306885)
Part5098.Transparency = 0.05000000074505806
Part5098.Size = Vector3.new(8.250000953674316, 0.2499980926513672, 7)
Part5098.Anchored = true
Part5098.CanCollide = false
Part5098.Material = Enum.Material.Fabric
SpecialMesh5099.Name = "TopTreeMesh"
SpecialMesh5099.Parent = Part5098
SpecialMesh5099.MeshId = "rbxassetid://623621456"
SpecialMesh5099.Offset = Vector3.new(0, 3.4100000858306885, 0)
SpecialMesh5099.Scale = Vector3.new(1.600000023841858, 1.600000023841858, 1.600000023841858)
SpecialMesh5099.TextureId = "rbxassetid://745556120"
SpecialMesh5099.MeshType = Enum.MeshType.FileMesh
Model5100.Name = "??"
Model5100.Parent = Folder0
Part5101.Name = "TreeMesh Bottom"
Part5101.Parent = Model5100
Part5101.CFrame = CFrame.new(-1592.51929, 115.58345, -3352.75098, 0.0038668639, -0.0347058773, -0.999394715, -0.0758246109, 0.996514142, -0.0348991528, 0.997114241, 0.0759119093, 0.00122186705)
Part5101.Orientation = Vector3.new(2, -89.93000030517578, -4.349999904632568)
Part5101.Position = Vector3.new(-1592.519287109375, 115.58345031738281, -3352.7509765625)
Part5101.Rotation = Vector3.new(87.98999786376953, -88.01000213623047, 83.63999938964844)
Part5101.Size = Vector3.new(8.250000953674316, 0.2499980926513672, 7)
Part5101.Anchored = true
Part5101.CanCollide = false
Part5101.Material = Enum.Material.Fabric
SpecialMesh5102.Name = "BarkMesh"
SpecialMesh5102.Parent = Part5101
SpecialMesh5102.MeshId = "rbxassetid://623621260"
SpecialMesh5102.Offset = Vector3.new(0, 3.4100000858306885, 0)
SpecialMesh5102.TextureId = "rbxassetid://623618671"
SpecialMesh5102.MeshType = Enum.MeshType.FileMesh
Part5103.Name = "TreeMeshTop"
Part5103.Parent = Model5100
Part5103.CFrame = CFrame.new(-1593.56396, 145.618484, -3350.46387, 0.00386965415, -0.0347065181, -0.999394774, -0.0758242831, 0.996514201, -0.0349000059, 0.997114241, 0.0759117007, 0.00122461072)
Part5103.Orientation = Vector3.new(2, -89.93000030517578, -4.349999904632568)
Part5103.Position = Vector3.new(-1593.56396484375, 145.6184844970703, -3350.4638671875)
Part5103.Rotation = Vector3.new(87.98999786376953, -88.01000213623047, 83.63999938964844)
Part5103.Transparency = 0.05000000074505806
Part5103.Size = Vector3.new(8.250000953674316, 0.2499980926513672, 7)
Part5103.Anchored = true
Part5103.CanCollide = false
Part5103.Material = Enum.Material.Fabric
SpecialMesh5104.Name = "TopTreeMesh"
SpecialMesh5104.Parent = Part5103
SpecialMesh5104.MeshId = "rbxassetid://623621456"
SpecialMesh5104.Offset = Vector3.new(0, 3.4100000858306885, 0)
SpecialMesh5104.Scale = Vector3.new(1.600000023841858, 1.600000023841858, 1.600000023841858)
SpecialMesh5104.TextureId = "rbxassetid://745556120"
SpecialMesh5104.MeshType = Enum.MeshType.FileMesh
Model5105.Name = "??"
Model5105.Parent = Folder0
Part5106.Name = "TreeMesh Bottom"
Part5106.Parent = Model5105
Part5106.CFrame = CFrame.new(-1248.15039, 85.8627167, -3344.11035, -0.640639186, 0.284643918, 0.713133454, -0.274084151, 0.782793343, -0.558670223, -0.717258215, -0.553364575, -0.423471749)
Part5106.Orientation = Vector3.new(33.959999084472656, 120.69999694824219, -19.299999237060547)
Part5106.Position = Vector3.new(-1248.150390625, 85.86271667480469, -3344.1103515625)
Part5106.Rotation = Vector3.new(127.16000366210938, 45.4900016784668, -156.0399932861328)
Part5106.Size = Vector3.new(8.250000953674316, 0.2499980926513672, 7)
Part5106.Anchored = true
Part5106.CanCollide = false
Part5106.Material = Enum.Material.Fabric
SpecialMesh5107.Name = "BarkMesh"
SpecialMesh5107.Parent = Part5106
SpecialMesh5107.MeshId = "rbxassetid://623621260"
SpecialMesh5107.Offset = Vector3.new(0, 3.4100000858306885, 0)
SpecialMesh5107.TextureId = "rbxassetid://623618671"
SpecialMesh5107.MeshType = Enum.MeshType.FileMesh
Part5108.Name = "TreeMeshTop"
Part5108.Parent = Model5105
Part5108.CFrame = CFrame.new(-1241.43384, 113.102539, -3355.12476, -0.640639186, 0.284643918, 0.713133454, -0.274084151, 0.782793343, -0.558670223, -0.717258215, -0.553364575, -0.423471749)
Part5108.Orientation = Vector3.new(33.959999084472656, 120.69999694824219, -19.299999237060547)
Part5108.Position = Vector3.new(-1241.433837890625, 113.1025390625, -3355.124755859375)
Part5108.Rotation = Vector3.new(127.16000366210938, 45.4900016784668, -156.0399932861328)
Part5108.Transparency = 0.05000000074505806
Part5108.Size = Vector3.new(8.250000953674316, 0.2499980926513672, 7)
Part5108.Anchored = true
Part5108.CanCollide = false
Part5108.Material = Enum.Material.Fabric
SpecialMesh5109.Name = "TopTreeMesh"
SpecialMesh5109.Parent = Part5108
SpecialMesh5109.MeshId = "rbxassetid://623621456"
SpecialMesh5109.Offset = Vector3.new(0, 3.4100000858306885, 0)
SpecialMesh5109.Scale = Vector3.new(1.600000023841858, 1.600000023841858, 1.600000023841858)
SpecialMesh5109.TextureId = "rbxassetid://745556120"
SpecialMesh5109.MeshType = Enum.MeshType.FileMesh
Model5110.Name = "??"
Model5110.Parent = Folder0
Part5111.Name = "TreeMesh Bottom"
Part5111.Parent = Model5110
Part5111.CFrame = CFrame.new(-1517.69592, 120.778824, -3386.74463, 0.721592486, -0.0347046964, -0.691454411, -0.0275676772, 0.996514261, -0.0787850693, 0.691772759, 0.0759107545, 0.718114734)
Part5111.Orientation = Vector3.new(4.519999980926514, -43.91999816894531, -1.5800000429153442)
Part5111.Position = Vector3.new(-1517.6959228515625, 120.77882385253906, -3386.74462890625)
Part5111.Rotation = Vector3.new(6.260000228881836, -43.75, 2.75)
Part5111.Size = Vector3.new(8.250000953674316, 0.2499980926513672, 7)
Part5111.Anchored = true
Part5111.CanCollide = false
Part5111.Material = Enum.Material.Fabric
SpecialMesh5112.Name = "BarkMesh"
SpecialMesh5112.Parent = Part5111
SpecialMesh5112.MeshId = "rbxassetid://623621260"
SpecialMesh5112.Offset = Vector3.new(0, 3.4100000858306885, 0)
SpecialMesh5112.TextureId = "rbxassetid://623618671"
SpecialMesh5112.MeshType = Enum.MeshType.FileMesh
Part5113.Name = "TreeMeshTop"
Part5113.Parent = Model5110
Part5113.CFrame = CFrame.new(-1518.74036, 150.813797, -3384.45728, 0.721594453, -0.034705326, -0.691452444, -0.0275668129, 0.996514261, -0.0787853897, 0.691770852, 0.0759104788, 0.718116641)
Part5113.Orientation = Vector3.new(4.519999980926514, -43.91999816894531, -1.5800000429153442)
Part5113.Position = Vector3.new(-1518.7403564453125, 150.8137969970703, -3384.457275390625)
Part5113.Rotation = Vector3.new(6.260000228881836, -43.75, 2.75)
Part5113.Transparency = 0.05000000074505806
Part5113.Size = Vector3.new(8.250000953674316, 0.2499980926513672, 7)
Part5113.Anchored = true
Part5113.CanCollide = false
Part5113.Material = Enum.Material.Fabric
SpecialMesh5114.Name = "TopTreeMesh"
SpecialMesh5114.Parent = Part5113
SpecialMesh5114.MeshId = "rbxassetid://623621456"
SpecialMesh5114.Offset = Vector3.new(0, 3.4100000858306885, 0)
SpecialMesh5114.Scale = Vector3.new(1.600000023841858, 1.600000023841858, 1.600000023841858)
SpecialMesh5114.TextureId = "rbxassetid://745556120"
SpecialMesh5114.MeshType = Enum.MeshType.FileMesh
Model5115.Name = "??"
Model5115.Parent = Folder0
Part5116.Name = "TreeMesh Bottom"
Part5116.Parent = Model5115
Part5116.CFrame = CFrame.new(-1410.38049, 98.3864746, -3236.54199, 0.719347417, -9.70614309e-08, -0.694657207, 0.0242429953, 0.999394655, 0.025104614, 0.694231153, -0.0349003784, 0.718906045)
Part5116.Orientation = Vector3.new(-1.440000057220459, -44.02000045776367, 1.3899999856948853)
Part5116.Position = Vector3.new(-1410.3804931640625, 98.386474609375, -3236.5419921875)
Part5116.Rotation = Vector3.new(-2, -44, 0)
Part5116.Size = Vector3.new(8.250000953674316, 0.2499980926513672, 7)
Part5116.Anchored = true
Part5116.CanCollide = false
Part5116.Material = Enum.Material.Fabric
SpecialMesh5117.Name = "BarkMesh"
SpecialMesh5117.Parent = Part5116
SpecialMesh5117.MeshId = "rbxassetid://623621260"
SpecialMesh5117.Offset = Vector3.new(0, 3.4100000858306885, 0)
SpecialMesh5117.TextureId = "rbxassetid://623618671"
SpecialMesh5117.MeshType = Enum.MeshType.FileMesh
Part5118.Name = "TreeMeshTop"
Part5118.Parent = Model5115
Part5118.CFrame = CFrame.new(-1410.37927, 128.508209, -3237.59473, 0.719349325, -7.5907559e-07, -0.69465518, 0.0242435578, 0.999394596, 0.0251043942, 0.694229007, -0.0349006131, 0.718908012)
Part5118.Orientation = Vector3.new(-1.440000057220459, -44.02000045776367, 1.3899999856948853)
Part5118.Position = Vector3.new(-1410.3792724609375, 128.50820922851562, -3237.5947265625)
Part5118.Rotation = Vector3.new(-2, -44, 0)
Part5118.Transparency = 0.05000000074505806
Part5118.Size = Vector3.new(8.250000953674316, 0.2499980926513672, 7)
Part5118.Anchored = true
Part5118.CanCollide = false
Part5118.Material = Enum.Material.Fabric
SpecialMesh5119.Name = "TopTreeMesh"
SpecialMesh5119.Parent = Part5118
SpecialMesh5119.MeshId = "rbxassetid://623621456"
SpecialMesh5119.Offset = Vector3.new(0, 3.4100000858306885, 0)
SpecialMesh5119.Scale = Vector3.new(1.600000023841858, 1.600000023841858, 1.600000023841858)
SpecialMesh5119.TextureId = "rbxassetid://745556120"
SpecialMesh5119.MeshType = Enum.MeshType.FileMesh
Model5120.Name = "??"
Model5120.Parent = Folder0
Part5121.Name = "TreeMesh Bottom"
Part5121.Parent = Model5120
Part5121.CFrame = CFrame.new(-1381.03613, 110.951385, -3306.54224, 0.970297456, 8.59459192e-07, -0.241915122, 0.00844280422, 0.999390721, 0.0338667929, 0.241767779, -0.0349033028, 0.969706297)
Part5121.Orientation = Vector3.new(-1.940000057220459, -14.010000228881836, 0.47999998927116394)
Part5121.Position = Vector3.new(-1381.0361328125, 110.95138549804688, -3306.542236328125)
Part5121.Rotation = Vector3.new(-2, -14, 0)
Part5121.Size = Vector3.new(8.250000953674316, 0.2499980926513672, 7)
Part5121.Anchored = true
Part5121.CanCollide = false
Part5121.Material = Enum.Material.Fabric
SpecialMesh5122.Name = "BarkMesh"
SpecialMesh5122.Parent = Part5121
SpecialMesh5122.MeshId = "rbxassetid://623621260"
SpecialMesh5122.Offset = Vector3.new(0, 3.4100000858306885, 0)
SpecialMesh5122.TextureId = "rbxassetid://623618671"
SpecialMesh5122.MeshType = Enum.MeshType.FileMesh
Part5123.Name = "TreeMeshTop"
Part5123.Parent = Model5120
Part5123.CFrame = CFrame.new(-1381.03491, 141.07309, -3307.59448, 0.970298111, 2.10168608e-07, -0.241912395, 0.00844340771, 0.999390721, 0.0338669457, 0.241764992, -0.0349035934, 0.969707012)
Part5123.Orientation = Vector3.new(-1.940000057220459, -14.010000228881836, 0.47999998927116394)
Part5123.Position = Vector3.new(-1381.034912109375, 141.07308959960938, -3307.594482421875)
Part5123.Rotation = Vector3.new(-2, -14, 0)
Part5123.Transparency = 0.05000000074505806
Part5123.Size = Vector3.new(8.250000953674316, 0.2499980926513672, 7)
Part5123.Anchored = true
Part5123.CanCollide = false
Part5123.Material = Enum.Material.Fabric
SpecialMesh5124.Name = "TopTreeMesh"
SpecialMesh5124.Parent = Part5123
SpecialMesh5124.MeshId = "rbxassetid://623621456"
SpecialMesh5124.Offset = Vector3.new(0, 3.4100000858306885, 0)
SpecialMesh5124.Scale = Vector3.new(1.600000023841858, 1.600000023841858, 1.600000023841858)
SpecialMesh5124.TextureId = "rbxassetid://745556120"
SpecialMesh5124.MeshType = Enum.MeshType.FileMesh
Model5125.Name = "??"
Model5125.Parent = Folder0
Part5126.Name = "TreeMesh Bottom"
Part5126.Parent = Model5125
Part5126.CFrame = CFrame.new(-1242.81653, 111.727127, -3243.60205, 0.970840037, -0.05351853, -0.23369801, 0.0118048163, 0.984258473, -0.176361829, 0.239455938, 0.168457866, 0.956181824)
Part5126.Orientation = Vector3.new(10.15999984741211, -13.729999542236328, 0.6899999976158142)
Part5126.Position = Vector3.new(-1242.8165283203125, 111.72712707519531, -3243.60205078125)
Part5126.Rotation = Vector3.new(10.449999809265137, -13.510000228881836, 3.1600000858306885)
Part5126.Size = Vector3.new(8.250000953674316, 0.2499980926513672, 7)
Part5126.Anchored = true
Part5126.CanCollide = false
Part5126.Material = Enum.Material.Fabric
SpecialMesh5127.Name = "BarkMesh"
SpecialMesh5127.Parent = Part5126
SpecialMesh5127.MeshId = "rbxassetid://623621260"
SpecialMesh5127.Offset = Vector3.new(0, 3.4100000858306885, 0)
SpecialMesh5127.TextureId = "rbxassetid://623618671"
SpecialMesh5127.MeshType = Enum.MeshType.FileMesh
Part5128.Name = "TreeMeshTop"
Part5128.Parent = Model5125
Part5128.CFrame = CFrame.new(-1244.42834, 141.392654, -3238.52539, 0.970836401, -0.0535183214, -0.233693331, 0.0118059516, 0.984255075, -0.17635946, 0.239452302, 0.16845721, 0.95618248)
Part5128.Orientation = Vector3.new(10.15999984741211, -13.729999542236328, 0.6899999976158142)
Part5128.Position = Vector3.new(-1244.4283447265625, 141.3926544189453, -3238.525390625)
Part5128.Rotation = Vector3.new(10.449999809265137, -13.510000228881836, 3.1600000858306885)
Part5128.Transparency = 0.05000000074505806
Part5128.Size = Vector3.new(8.250000953674316, 0.2499980926513672, 7)
Part5128.Anchored = true
Part5128.CanCollide = false
Part5128.Material = Enum.Material.Fabric
SpecialMesh5129.Name = "TopTreeMesh"
SpecialMesh5129.Parent = Part5128
SpecialMesh5129.MeshId = "rbxassetid://623621456"
SpecialMesh5129.Offset = Vector3.new(0, 3.4100000858306885, 0)
SpecialMesh5129.Scale = Vector3.new(1.600000023841858, 1.600000023841858, 1.600000023841858)
SpecialMesh5129.TextureId = "rbxassetid://745556120"
SpecialMesh5129.MeshType = Enum.MeshType.FileMesh
Model5130.Name = "??"
Model5130.Parent = Folder0
Part5131.Name = "TreeMesh Bottom"
Part5131.Parent = Model5130
Part5131.CFrame = CFrame.new(-1424.72546, 103.363464, -3406.12207, 0.969997406, 0.0250318348, -0.24184227, 0.0245772898, 0.979499698, 0.199959472, 0.241887838, -0.199903488, 0.949489236)
Part5131.Orientation = Vector3.new(-11.529999732971191, -14.289999961853027, 1.440000057220459)
Part5131.Position = Vector3.new(-1424.7254638671875, 103.36346435546875, -3406.1220703125)
Part5131.Rotation = Vector3.new(-11.890000343322754, -14, -1.4800000190734863)
Part5131.Size = Vector3.new(8.250000953674316, 0.2499980926513672, 7)
Part5131.Anchored = true
Part5131.CanCollide = false
Part5131.Material = Enum.Material.Fabric
SpecialMesh5132.Name = "BarkMesh"
SpecialMesh5132.Parent = Part5131
SpecialMesh5132.MeshId = "rbxassetid://623621260"
SpecialMesh5132.Offset = Vector3.new(0, 3.4100000858306885, 0)
SpecialMesh5132.TextureId = "rbxassetid://623618671"
SpecialMesh5132.MeshType = Enum.MeshType.FileMesh
Part5133.Name = "TreeMeshTop"
Part5133.Parent = Model5130
Part5133.CFrame = CFrame.new(-1423.96985, 132.885284, -3412.14746, 0.969998181, 0.0250311922, -0.241839543, 0.0245774128, 0.979499698, 0.199959695, 0.241885036, -0.199903816, 0.949489951)
Part5133.Orientation = Vector3.new(-11.529999732971191, -14.289999961853027, 1.440000057220459)
Part5133.Position = Vector3.new(-1423.9698486328125, 132.88528442382812, -3412.1474609375)
Part5133.Rotation = Vector3.new(-11.890000343322754, -14, -1.4800000190734863)
Part5133.Transparency = 0.05000000074505806
Part5133.Size = Vector3.new(8.250000953674316, 0.2499980926513672, 7)
Part5133.Anchored = true
Part5133.CanCollide = false
Part5133.Material = Enum.Material.Fabric
SpecialMesh5134.Name = "TopTreeMesh"
SpecialMesh5134.Parent = Part5133
SpecialMesh5134.MeshId = "rbxassetid://623621456"
SpecialMesh5134.Offset = Vector3.new(0, 3.4100000858306885, 0)
SpecialMesh5134.Scale = Vector3.new(1.600000023841858, 1.600000023841858, 1.600000023841858)
SpecialMesh5134.TextureId = "rbxassetid://745556120"
SpecialMesh5134.MeshType = Enum.MeshType.FileMesh
Model5135.Name = "??"
Model5135.Parent = Folder0
Part5136.Name = "TreeMesh Bottom"
Part5136.Parent = Model5135
Part5136.CFrame = CFrame.new(-1277.72034, 108.343445, -3318.3313, 0.969944656, 0.02711289, -0.241829604, -0.00409603119, 0.995455682, 0.095177874, 0.243309215, -0.0913271308, 0.965640247)
Part5136.Orientation = Vector3.new(-5.460000038146973, -14.0600004196167, -0.23999999463558197)
Part5136.Position = Vector3.new(-1277.7203369140625, 108.34344482421875, -3318.331298828125)
Part5136.Rotation = Vector3.new(-5.630000114440918, -13.989999771118164, -1.600000023841858)
Part5136.Size = Vector3.new(8.250000953674316, 0.2499980926513672, 7)
Part5136.Anchored = true
Part5136.CanCollide = false
Part5136.Material = Enum.Material.Fabric
SpecialMesh5137.Name = "BarkMesh"
SpecialMesh5137.Parent = Part5136
SpecialMesh5137.MeshId = "rbxassetid://623621260"
SpecialMesh5137.Offset = Vector3.new(0, 3.4100000858306885, 0)
SpecialMesh5137.TextureId = "rbxassetid://623618671"
SpecialMesh5137.MeshType = Enum.MeshType.FileMesh
Part5138.Name = "TreeMeshTop"
Part5138.Parent = Model5135
Part5138.CFrame = CFrame.new(-1276.9021, 138.346176, -3321.08423, 0.969945371, 0.0271122418, -0.241826877, -0.00409560464, 0.995455563, 0.0951779783, 0.243306488, -0.0913274065, 0.965640903)
Part5138.Orientation = Vector3.new(-5.460000038146973, -14.0600004196167, -0.23999999463558197)
Part5138.Position = Vector3.new(-1276.902099609375, 138.34617614746094, -3321.084228515625)
Part5138.Rotation = Vector3.new(-5.630000114440918, -13.989999771118164, -1.600000023841858)
Part5138.Transparency = 0.05000000074505806
Part5138.Size = Vector3.new(8.250000953674316, 0.2499980926513672, 7)
Part5138.Anchored = true
Part5138.CanCollide = false
Part5138.Material = Enum.Material.Fabric
SpecialMesh5139.Name = "TopTreeMesh"
SpecialMesh5139.Parent = Part5138
SpecialMesh5139.MeshId = "rbxassetid://623621456"
SpecialMesh5139.Offset = Vector3.new(0, 3.4100000858306885, 0)
SpecialMesh5139.Scale = Vector3.new(1.600000023841858, 1.600000023841858, 1.600000023841858)
SpecialMesh5139.TextureId = "rbxassetid://745556120"
SpecialMesh5139.MeshType = Enum.MeshType.FileMesh
Model5140.Name = "??"
Model5140.Parent = Folder0
Part5141.Name = "TreeMesh Bottom"
Part5141.Parent = Model5140
Part5141.CFrame = CFrame.new(-1403.54834, 108.124313, -3143.98657, 0.970637083, -0.0191857517, -0.239802137, 0.00459270459, 0.998114705, -0.0612657703, 0.240523562, 0.0583638698, 0.968887508)
Part5141.Orientation = Vector3.new(3.509999990463257, -13.899999618530273, 0.25999999046325684)
Part5141.Position = Vector3.new(-1403.54833984375, 108.12431335449219, -3143.986572265625)
Part5141.Rotation = Vector3.new(3.619999885559082, -13.869999885559082, 1.1299999952316284)
Part5141.Size = Vector3.new(8.250000953674316, 0.2499980926513672, 7)
Part5141.Anchored = true
Part5141.CanCollide = false
Part5141.Material = Enum.Material.Fabric
SpecialMesh5142.Name = "BarkMesh"
SpecialMesh5142.Parent = Part5141
SpecialMesh5142.MeshId = "rbxassetid://623621260"
SpecialMesh5142.Offset = Vector3.new(0, 3.4100000858306885, 0)
SpecialMesh5142.TextureId = "rbxassetid://623618671"
SpecialMesh5142.MeshType = Enum.MeshType.FileMesh
Part5143.Name = "TreeMeshTop"
Part5143.Parent = Model5140
Part5143.CFrame = CFrame.new(-1404.12524, 138.207397, -3142.22876, 0.970637619, -0.0191864055, -0.239799425, 0.00459356885, 0.998114705, -0.0612656809, 0.240520865, 0.0583636165, 0.968888223)
Part5143.Orientation = Vector3.new(3.509999990463257, -13.899999618530273, 0.25999999046325684)
Part5143.Position = Vector3.new(-1404.125244140625, 138.2073974609375, -3142.228759765625)
Part5143.Rotation = Vector3.new(3.619999885559082, -13.869999885559082, 1.1299999952316284)
Part5143.Transparency = 0.05000000074505806
Part5143.Size = Vector3.new(8.250000953674316, 0.2499980926513672, 7)
Part5143.Anchored = true
Part5143.CanCollide = false
Part5143.Material = Enum.Material.Fabric
SpecialMesh5144.Name = "TopTreeMesh"
SpecialMesh5144.Parent = Part5143
SpecialMesh5144.MeshId = "rbxassetid://623621456"
SpecialMesh5144.Offset = Vector3.new(0, 3.4100000858306885, 0)
SpecialMesh5144.Scale = Vector3.new(1.600000023841858, 1.600000023841858, 1.600000023841858)
SpecialMesh5144.TextureId = "rbxassetid://745556120"
SpecialMesh5144.MeshType = Enum.MeshType.FileMesh
Model5145.Name = "??"
Model5145.Parent = Folder0
Part5146.Name = "TreeMesh Bottom"
Part5146.Parent = Model5145
Part5146.CFrame = CFrame.new(-1286.72485, 99.8068924, -3422.00781, 0.969997406, 0.0250318348, -0.24184227, 0.0245772898, 0.979499698, 0.199959472, 0.241887838, -0.199903488, 0.949489236)
Part5146.Orientation = Vector3.new(-11.529999732971191, -14.289999961853027, 1.440000057220459)
Part5146.Position = Vector3.new(-1286.724853515625, 99.80689239501953, -3422.0078125)
Part5146.Rotation = Vector3.new(-11.890000343322754, -14, -1.4800000190734863)
Part5146.Size = Vector3.new(8.250000953674316, 0.2499980926513672, 7)
Part5146.Anchored = true
Part5146.CanCollide = false
Part5146.Material = Enum.Material.Fabric
SpecialMesh5147.Name = "BarkMesh"
SpecialMesh5147.Parent = Part5146
SpecialMesh5147.MeshId = "rbxassetid://623621260"
SpecialMesh5147.Offset = Vector3.new(0, 3.4100000858306885, 0)
SpecialMesh5147.TextureId = "rbxassetid://623618671"
SpecialMesh5147.MeshType = Enum.MeshType.FileMesh
Part5148.Name = "TreeMeshTop"
Part5148.Parent = Model5145
Part5148.CFrame = CFrame.new(-1285.96924, 129.328705, -3428.03296, 0.969998181, 0.0250311922, -0.241839543, 0.0245774128, 0.979499698, 0.199959695, 0.241885036, -0.199903816, 0.949489951)
Part5148.Orientation = Vector3.new(-11.529999732971191, -14.289999961853027, 1.440000057220459)
Part5148.Position = Vector3.new(-1285.96923828125, 129.32870483398438, -3428.032958984375)
Part5148.Rotation = Vector3.new(-11.890000343322754, -14, -1.4800000190734863)
Part5148.Transparency = 0.05000000074505806
Part5148.Size = Vector3.new(8.250000953674316, 0.2499980926513672, 7)
Part5148.Anchored = true
Part5148.CanCollide = false
Part5148.Material = Enum.Material.Fabric
SpecialMesh5149.Name = "TopTreeMesh"
SpecialMesh5149.Parent = Part5148
SpecialMesh5149.MeshId = "rbxassetid://623621456"
SpecialMesh5149.Offset = Vector3.new(0, 3.4100000858306885, 0)
SpecialMesh5149.Scale = Vector3.new(1.600000023841858, 1.600000023841858, 1.600000023841858)
SpecialMesh5149.TextureId = "rbxassetid://745556120"
SpecialMesh5149.MeshType = Enum.MeshType.FileMesh
Model5150.Name = "??"
Model5150.Parent = Folder0
Part5151.Name = "TreeMesh Bottom"
Part5151.Parent = Model5150
Part5151.CFrame = CFrame.new(-1185.13184, 107.314957, -3199.49805, 0.970840037, -0.05351853, -0.23369801, 0.0118048163, 0.984258473, -0.176361829, 0.239455938, 0.168457866, 0.956181824)
Part5151.Orientation = Vector3.new(10.15999984741211, -13.729999542236328, 0.6899999976158142)
Part5151.Position = Vector3.new(-1185.1318359375, 107.31495666503906, -3199.498046875)
Part5151.Rotation = Vector3.new(10.449999809265137, -13.510000228881836, 3.1600000858306885)
Part5151.Size = Vector3.new(8.250000953674316, 0.2499980926513672, 7)
Part5151.Anchored = true
Part5151.CanCollide = false
Part5151.Material = Enum.Material.Fabric
SpecialMesh5152.Name = "BarkMesh"
SpecialMesh5152.Parent = Part5151
SpecialMesh5152.MeshId = "rbxassetid://623621260"
SpecialMesh5152.Offset = Vector3.new(0, 3.4100000858306885, 0)
SpecialMesh5152.TextureId = "rbxassetid://623618671"
SpecialMesh5152.MeshType = Enum.MeshType.FileMesh
Part5153.Name = "TreeMeshTop"
Part5153.Parent = Model5150
Part5153.CFrame = CFrame.new(-1186.74353, 136.980606, -3194.42139, 0.970836401, -0.0535183214, -0.233693331, 0.0118059516, 0.984255075, -0.17635946, 0.239452302, 0.16845721, 0.95618248)
Part5153.Orientation = Vector3.new(10.15999984741211, -13.729999542236328, 0.6899999976158142)
Part5153.Position = Vector3.new(-1186.7435302734375, 136.98060607910156, -3194.42138671875)
