SpecialMesh6754.Name = "TopTreeMesh"
SpecialMesh6754.Parent = Part6753
SpecialMesh6754.MeshId = "rbxassetid://623621456"
SpecialMesh6754.Offset = Vector3.new(0, 3.4100000858306885, 0)
SpecialMesh6754.Scale = Vector3.new(1.600000023841858, 1.600000023841858, 1.600000023841858)
SpecialMesh6754.TextureId = "rbxassetid://745556120"
SpecialMesh6754.MeshType = Enum.MeshType.FileMesh
Model6755.Name = "??"
Model6755.Parent = Folder0
Part6756.Name = "TreeMesh Bottom"
Part6756.Parent = Model6755
Part6756.CFrame = CFrame.new(2444.21313, 84.0955963, 1535.51172, 0.960168004, -0.277975529, -0.0284104906, 0.279423594, 0.955192089, 0.0976256579, -7.08491186e-08, -0.1016756, 0.994817615)
Part6756.Orientation = Vector3.new(-5.599999904632568, -1.6399999856948853, 16.309999465942383)
Part6756.Position = Vector3.new(2444.213134765625, 84.09559631347656, 1535.51171875)
Part6756.Rotation = Vector3.new(-5.599999904632568, -1.6299999952316284, 16.149999618530273)
Part6756.Size = Vector3.new(8.250000953674316, 0.2499980926513672, 7)
Part6756.Anchored = true
Part6756.CanCollide = false
Part6756.Material = Enum.Material.Fabric
SpecialMesh6757.Name = "BarkMesh"
SpecialMesh6757.Parent = Part6756
SpecialMesh6757.MeshId = "rbxassetid://623621260"
SpecialMesh6757.Offset = Vector3.new(0, 3.4100000858306885, 0)
SpecialMesh6757.TextureId = "rbxassetid://623618671"
SpecialMesh6757.MeshType = Enum.MeshType.FileMesh
Part6758.Name = "TreeMeshTop"
Part6758.Parent = Model6755
Part6758.CFrame = CFrame.new(2435.83423, 112.885056, 1532.44714, 0.960168004, -0.277975529, -0.0284104906, 0.279423594, 0.955192089, 0.0976256579, -7.08491186e-08, -0.1016756, 0.994817615)
Part6758.Orientation = Vector3.new(-5.599999904632568, -1.6399999856948853, 16.309999465942383)
Part6758.Position = Vector3.new(2435.834228515625, 112.88505554199219, 1532.4471435546875)
Part6758.Rotation = Vector3.new(-5.599999904632568, -1.6299999952316284, 16.149999618530273)
Part6758.Transparency = 0.05000000074505806
Part6758.Size = Vector3.new(8.250000953674316, 0.2499980926513672, 7)
Part6758.Anchored = true
Part6758.CanCollide = false
Part6758.Material = Enum.Material.Fabric
SpecialMesh6759.Name = "TopTreeMesh"
SpecialMesh6759.Parent = Part6758
SpecialMesh6759.MeshId = "rbxassetid://623621456"
SpecialMesh6759.Offset = Vector3.new(0, 3.4100000858306885, 0)
SpecialMesh6759.Scale = Vector3.new(1.600000023841858, 1.600000023841858, 1.600000023841858)
SpecialMesh6759.TextureId = "rbxassetid://745556120"
SpecialMesh6759.MeshType = Enum.MeshType.FileMesh
Part6760.Name = "?"
Part6760.Parent = Folder0
Part6760.CFrame = CFrame.new(2807.96094, 103.023285, 1325.03906, 0.898794115, -0.438371003, -1.29727202e-13, -2.39808173e-13, -1.95749666e-13, 1, -0.438371003, -0.898794115, 2.81063584e-13)
Part6760.Orientation = Vector3.new(-90, 26, 0)
Part6760.Position = Vector3.new(2807.9609375, 103.02328491210938, 1325.0390625)
Part6760.Rotation = Vector3.new(-90, 0, 26)
Part6760.Size = Vector3.new(40, 20, 20)
Part6760.Anchored = true
Part6760.BottomSurface = Enum.SurfaceType.Smooth
Part6760.TopSurface = Enum.SurfaceType.Smooth
SpecialMesh6761.Parent = Part6760
SpecialMesh6761.MeshId = "rbxassetid://473211502"
SpecialMesh6761.TextureId = "rbxassetid://473212369"
SpecialMesh6761.MeshType = Enum.MeshType.FileMesh
Part6762.Name = "?"
Part6762.Parent = Folder0
Part6762.CFrame = CFrame.new(2514.68311, 87.8951569, 1423.13354, 0.898794115, -0.438371003, -3.89181607e-13, -7.1942452e-13, -5.87248999e-13, 1, -0.438371003, -0.898794115, 8.43190752e-13)
Part6762.Orientation = Vector3.new(-90, 26, 0)
Part6762.Position = Vector3.new(2514.68310546875, 87.89515686035156, 1423.133544921875)
Part6762.Rotation = Vector3.new(-90, 0, 26)
Part6762.Size = Vector3.new(40, 20, 20)
Part6762.Anchored = true
Part6762.BottomSurface = Enum.SurfaceType.Smooth
Part6762.TopSurface = Enum.SurfaceType.Smooth
SpecialMesh6763.Parent = Part6762
SpecialMesh6763.MeshId = "rbxassetid://473211502"
SpecialMesh6763.TextureId = "rbxassetid://473212369"
SpecialMesh6763.MeshType = Enum.MeshType.FileMesh
Model6764.Name = "??"
Model6764.Parent = Folder0
Part6765.Name = "TreeMesh Bottom"
Part6765.Parent = Model6764
Part6765.CFrame = CFrame.new(3255.5791, 80.7258759, 772.491272, 0.998004198, -0.0268264227, 0.0572115183, 0.0194865614, 0.991940677, 0.125193894, -0.0601089299, -0.123828873, 0.990480661)
Part6765.Orientation = Vector3.new(-7.190000057220459, 3.309999942779541, 1.1299999952316284)
Part6765.Position = Vector3.new(3255.5791015625, 80.72587585449219, 772.4912719726562)
Part6765.Rotation = Vector3.new(-7.199999809265137, 3.2799999713897705, 1.5399999618530273)
Part6765.Size = Vector3.new(8.250000953674316, 0.2499980926513672, 7)
Part6765.Anchored = true
Part6765.CanCollide = false
Part6765.Material = Enum.Material.Fabric
SpecialMesh6766.Name = "BarkMesh"
SpecialMesh6766.Parent = Part6765
SpecialMesh6766.MeshId = "rbxassetid://623621260"
SpecialMesh6766.Offset = Vector3.new(0, 3.4100000858306885, 0)
SpecialMesh6766.TextureId = "rbxassetid://623618671"
SpecialMesh6766.MeshType = Enum.MeshType.FileMesh
Part6767.Name = "TreeMeshTop"
Part6767.Parent = Model6764
Part6767.CFrame = CFrame.new(3254.76978, 110.623047, 768.759033, 0.998004198, -0.0268264227, 0.0572115183, 0.0194865614, 0.991940677, 0.125193894, -0.0601089299, -0.123828873, 0.990480661)
Part6767.Orientation = Vector3.new(-7.190000057220459, 3.309999942779541, 1.1299999952316284)
Part6767.Position = Vector3.new(3254.769775390625, 110.623046875, 768.759033203125)
Part6767.Rotation = Vector3.new(-7.199999809265137, 3.2799999713897705, 1.5399999618530273)
Part6767.Transparency = 0.05000000074505806
Part6767.Size = Vector3.new(8.250000953674316, 0.2499980926513672, 7)
Part6767.Anchored = true
Part6767.CanCollide = false
Part6767.Material = Enum.Material.Fabric
SpecialMesh6768.Name = "TopTreeMesh"
SpecialMesh6768.Parent = Part6767
SpecialMesh6768.MeshId = "rbxassetid://623621456"
SpecialMesh6768.Offset = Vector3.new(0, 3.4100000858306885, 0)
SpecialMesh6768.Scale = Vector3.new(1.600000023841858, 1.600000023841858, 1.600000023841858)
SpecialMesh6768.TextureId = "rbxassetid://745556120"
SpecialMesh6768.MeshType = Enum.MeshType.FileMesh
Model6769.Name = "??"
Model6769.Parent = Folder0
Part6770.Name = "TreeMesh Bottom"
Part6770.Parent = Model6769
Part6770.CFrame = CFrame.new(2992.50757, 80.6902008, 922.26532, 0.688788831, -0.106491357, 0.717099309, 0.0716307387, 0.994309008, 0.078855224, -0.721418083, -0.00294810161, 0.69249475)
Part6770.Orientation = Vector3.new(-4.519999980926514, 46, 4.119999885559082)
Part6770.Position = Vector3.new(2992.507568359375, 80.69020080566406, 922.2653198242188)
Part6770.Rotation = Vector3.new(-6.5, 45.81999969482422, 8.789999961853027)
Part6770.Size = Vector3.new(8.250000953674316, 0.2499980926513672, 7)
Part6770.Anchored = true
Part6770.CanCollide = false
Part6770.Material = Enum.Material.Fabric
SpecialMesh6771.Name = "BarkMesh"
SpecialMesh6771.Parent = Part6770
SpecialMesh6771.MeshId = "rbxassetid://623621260"
SpecialMesh6771.Offset = Vector3.new(0, 3.4100000858306885, 0)
SpecialMesh6771.TextureId = "rbxassetid://623618671"
SpecialMesh6771.MeshType = Enum.MeshType.FileMesh
Part6772.Name = "TreeMeshTop"
Part6772.Parent = Model6769
Part6772.CFrame = CFrame.new(2989.29712, 110.658722, 922.17688, 0.688788831, -0.106491357, 0.717099309, 0.0716307387, 0.994309008, 0.078855224, -0.721418083, -0.00294810161, 0.69249475)
Part6772.Orientation = Vector3.new(-4.519999980926514, 46, 4.119999885559082)
Part6772.Position = Vector3.new(2989.297119140625, 110.65872192382812, 922.1768798828125)
Part6772.Rotation = Vector3.new(-6.5, 45.81999969482422, 8.789999961853027)
Part6772.Transparency = 0.05000000074505806
Part6772.Size = Vector3.new(8.250000953674316, 0.2499980926513672, 7)
Part6772.Anchored = true
Part6772.CanCollide = false
Part6772.Material = Enum.Material.Fabric
SpecialMesh6773.Name = "TopTreeMesh"
SpecialMesh6773.Parent = Part6772
SpecialMesh6773.MeshId = "rbxassetid://623621456"
SpecialMesh6773.Offset = Vector3.new(0, 3.4100000858306885, 0)
SpecialMesh6773.Scale = Vector3.new(1.600000023841858, 1.600000023841858, 1.600000023841858)
SpecialMesh6773.TextureId = "rbxassetid://745556120"
SpecialMesh6773.MeshType = Enum.MeshType.FileMesh
Model6774.Name = "??"
Model6774.Parent = Folder0
Part6775.Name = "TreeMesh Bottom"
Part6775.Parent = Model6774
Part6775.CFrame = CFrame.new(3179.46045, 80.7258759, 801.126587, 0.988967776, -0.0375167131, 0.143319696, 0.0194865614, 0.991940677, 0.125193894, -0.146861762, -0.121019594, 0.981725335)
Part6775.Orientation = Vector3.new(-7.190000057220459, 8.3100004196167, 1.1299999952316284)
Part6775.Position = Vector3.new(3179.46044921875, 80.72587585449219, 801.1265869140625)
Part6775.Rotation = Vector3.new(-7.269999980926514, 8.239999771118164, 2.1700000762939453)
Part6775.Size = Vector3.new(8.250000953674316, 0.2499980926513672, 7)
Part6775.Anchored = true
Part6775.CanCollide = false
Part6775.Material = Enum.Material.Fabric
SpecialMesh6776.Name = "BarkMesh"
SpecialMesh6776.Parent = Part6775
SpecialMesh6776.MeshId = "rbxassetid://623621260"
SpecialMesh6776.Offset = Vector3.new(0, 3.4100000858306885, 0)
SpecialMesh6776.TextureId = "rbxassetid://623618671"
SpecialMesh6776.MeshType = Enum.MeshType.FileMesh
Part6777.Name = "TreeMeshTop"
Part6777.Parent = Model6774
Part6777.CFrame = CFrame.new(3178.32886, 110.623047, 797.479004, 0.988967776, -0.0375167131, 0.143319696, 0.0194865614, 0.991940677, 0.125193894, -0.146861762, -0.121019594, 0.981725335)
Part6777.Orientation = Vector3.new(-7.190000057220459, 8.3100004196167, 1.1299999952316284)
Part6777.Position = Vector3.new(3178.328857421875, 110.623046875, 797.47900390625)
Part6777.Rotation = Vector3.new(-7.269999980926514, 8.239999771118164, 2.1700000762939453)
Part6777.Transparency = 0.05000000074505806
Part6777.Size = Vector3.new(8.250000953674316, 0.2499980926513672, 7)
Part6777.Anchored = true
Part6777.CanCollide = false
Part6777.Material = Enum.Material.Fabric
SpecialMesh6778.Name = "TopTreeMesh"
SpecialMesh6778.Parent = Part6777
SpecialMesh6778.MeshId = "rbxassetid://623621456"
SpecialMesh6778.Offset = Vector3.new(0, 3.4100000858306885, 0)
SpecialMesh6778.Scale = Vector3.new(1.600000023841858, 1.600000023841858, 1.600000023841858)
SpecialMesh6778.TextureId = "rbxassetid://745556120"
SpecialMesh6778.MeshType = Enum.MeshType.FileMesh
Model6779.Name = "??"
Model6779.Parent = Folder0
Part6780.Name = "TreeMesh Bottom"
Part6780.Parent = Model6779
Part6780.CFrame = CFrame.new(3046.77075, 80.6902008, 870.394958, 0.860956132, -0.101553448, 0.49844256, 0.0716307387, 0.994309008, 0.078855224, -0.503615499, -0.0321869105, 0.863328099)
Part6780.Orientation = Vector3.new(-4.519999980926514, 30, 4.119999885559082)
Part6780.Position = Vector3.new(3046.770751953125, 80.69020080566406, 870.3949584960938)
Part6780.Rotation = Vector3.new(-5.21999979019165, 29.899999618530273, 6.730000019073486)
Part6780.Size = Vector3.new(8.250000953674316, 0.2499980926513672, 7)
Part6780.Anchored = true
Part6780.CanCollide = false
Part6780.Material = Enum.Material.Fabric
SpecialMesh6781.Name = "BarkMesh"
SpecialMesh6781.Parent = Part6780
SpecialMesh6781.MeshId = "rbxassetid://623621260"
SpecialMesh6781.Offset = Vector3.new(0, 3.4100000858306885, 0)
SpecialMesh6781.TextureId = "rbxassetid://623618671"
SpecialMesh6781.MeshType = Enum.MeshType.FileMesh
Part6782.Name = "TreeMeshTop"
Part6782.Parent = Model6779
Part6782.CFrame = CFrame.new(3043.70898, 110.658722, 869.425171, 0.860956132, -0.101553448, 0.49844256, 0.0716307387, 0.994309008, 0.078855224, -0.503615499, -0.0321869105, 0.863328099)
Part6782.Orientation = Vector3.new(-4.519999980926514, 30, 4.119999885559082)
Part6782.Position = Vector3.new(3043.708984375, 110.65872192382812, 869.4251708984375)
Part6782.Rotation = Vector3.new(-5.21999979019165, 29.899999618530273, 6.730000019073486)
Part6782.Transparency = 0.05000000074505806
Part6782.Size = Vector3.new(8.250000953674316, 0.2499980926513672, 7)
Part6782.Anchored = true
Part6782.CanCollide = false
Part6782.Material = Enum.Material.Fabric
SpecialMesh6783.Name = "TopTreeMesh"
SpecialMesh6783.Parent = Part6782
SpecialMesh6783.MeshId = "rbxassetid://623621456"
SpecialMesh6783.Offset = Vector3.new(0, 3.4100000858306885, 0)
SpecialMesh6783.Scale = Vector3.new(1.600000023841858, 1.600000023841858, 1.600000023841858)
SpecialMesh6783.TextureId = "rbxassetid://745556120"
SpecialMesh6783.MeshType = Enum.MeshType.FileMesh
Model6784.Name = "??"
Model6784.Parent = Folder0
Part6785.Name = "TreeMesh Bottom"
Part6785.Parent = Model6784
Part6785.CFrame = CFrame.new(3249.3855, 80.7258759, 749.619141, 0.621669948, 0.0860476866, -0.778539181, 0.0194865614, 0.991940677, 0.125193894, 0.783040226, -0.0930002332, 0.614981174)
Part6785.Orientation = Vector3.new(-7.190000057220459, -51.689998626708984, 1.1299999952316284)
Part6785.Position = Vector3.new(3249.385498046875, 80.72587585449219, 749.619140625)
Part6785.Rotation = Vector3.new(-11.510000228881836, -51.130001068115234, -7.880000114440918)
Part6785.Size = Vector3.new(8.250000953674316, 0.2499980926513672, 7)
Part6785.Anchored = true
Part6785.CanCollide = false
Part6785.Material = Enum.Material.Fabric
SpecialMesh6786.Name = "BarkMesh"
SpecialMesh6786.Parent = Part6785
SpecialMesh6786.MeshId = "rbxassetid://623621260"
SpecialMesh6786.Offset = Vector3.new(0, 3.4100000858306885, 0)
SpecialMesh6786.TextureId = "rbxassetid://623618671"
SpecialMesh6786.MeshType = Enum.MeshType.FileMesh
Part6787.Name = "TreeMeshTop"
Part6787.Parent = Model6784
Part6787.CFrame = CFrame.new(3251.97852, 110.623047, 746.81543, 0.621669948, 0.0860476866, -0.778539181, 0.0194865614, 0.991940677, 0.125193894, 0.783040226, -0.0930002332, 0.614981174)
Part6787.Orientation = Vector3.new(-7.190000057220459, -51.689998626708984, 1.1299999952316284)
Part6787.Position = Vector3.new(3251.978515625, 110.623046875, 746.8154296875)
Part6787.Rotation = Vector3.new(-11.510000228881836, -51.130001068115234, -7.880000114440918)
Part6787.Transparency = 0.05000000074505806
Part6787.Size = Vector3.new(8.250000953674316, 0.2499980926513672, 7)
Part6787.Anchored = true
Part6787.CanCollide = false
Part6787.Material = Enum.Material.Fabric
SpecialMesh6788.Name = "TopTreeMesh"
SpecialMesh6788.Parent = Part6787
SpecialMesh6788.MeshId = "rbxassetid://623621456"
SpecialMesh6788.Offset = Vector3.new(0, 3.4100000858306885, 0)
SpecialMesh6788.Scale = Vector3.new(1.600000023841858, 1.600000023841858, 1.600000023841858)
SpecialMesh6788.TextureId = "rbxassetid://745556120"
SpecialMesh6788.MeshType = Enum.MeshType.FileMesh
Model6789.Name = "??"
Model6789.Parent = Folder0
Part6790.Name = "TreeMesh Bottom"
Part6790.Parent = Model6789
Part6790.CFrame = CFrame.new(3182.2688, 80.7258759, 703.690918, 0.687550664, 0.0776147544, -0.721977592, 0.0194865614, 0.991940677, 0.125193894, 0.725878596, -0.100145869, 0.680495083)
Part6790.Orientation = Vector3.new(-7.190000057220459, -46.689998626708984, 1.1299999952316284)
Part6790.Position = Vector3.new(3182.268798828125, 80.72587585449219, 703.69091796875)
Part6790.Rotation = Vector3.new(-10.420000076293945, -46.220001220703125, -6.440000057220459)
Part6790.Size = Vector3.new(8.250000953674316, 0.2499980926513672, 7)
Part6790.Anchored = true
Part6790.CanCollide = false
Part6790.Material = Enum.Material.Fabric
SpecialMesh6791.Name = "BarkMesh"
SpecialMesh6791.Parent = Part6790
SpecialMesh6791.MeshId = "rbxassetid://623621260"
SpecialMesh6791.Offset = Vector3.new(0, 3.4100000858306885, 0)
SpecialMesh6791.TextureId = "rbxassetid://623618671"
SpecialMesh6791.MeshType = Enum.MeshType.FileMesh
Part6792.Name = "TreeMeshTop"
Part6792.Parent = Model6789
Part6792.CFrame = CFrame.new(3184.60767, 110.623047, 700.671814, 0.687550664, 0.0776147544, -0.721977592, 0.0194865614, 0.991940677, 0.125193894, 0.725878596, -0.100145869, 0.680495083)
Part6792.Orientation = Vector3.new(-7.190000057220459, -46.689998626708984, 1.1299999952316284)
Part6792.Position = Vector3.new(3184.607666015625, 110.623046875, 700.6718139648438)
Part6792.Rotation = Vector3.new(-10.420000076293945, -46.220001220703125, -6.440000057220459)
Part6792.Transparency = 0.05000000074505806
Part6792.Size = Vector3.new(8.250000953674316, 0.2499980926513672, 7)
Part6792.Anchored = true
Part6792.CanCollide = false
Part6792.Material = Enum.Material.Fabric
SpecialMesh6793.Name = "TopTreeMesh"
SpecialMesh6793.Parent = Part6792
SpecialMesh6793.MeshId = "rbxassetid://623621456"
SpecialMesh6793.Offset = Vector3.new(0, 3.4100000858306885, 0)
SpecialMesh6793.Scale = Vector3.new(1.600000023841858, 1.600000023841858, 1.600000023841858)
SpecialMesh6793.TextureId = "rbxassetid://745556120"
SpecialMesh6793.MeshType = Enum.MeshType.FileMesh
Model6794.Name = "??"
Model6794.Parent = Folder0
Part6795.Name = "TreeMesh Bottom"
Part6795.Parent = Model6794
Part6795.CFrame = CFrame.new(3072.2688, 80.7258759, 621.690918, 0.687550664, 0.0776147544, -0.721977592, 0.0194865614, 0.991940677, 0.125193894, 0.725878596, -0.100145869, 0.680495083)
Part6795.Orientation = Vector3.new(-7.190000057220459, -46.689998626708984, 1.1299999952316284)
Part6795.Position = Vector3.new(3072.268798828125, 80.72587585449219, 621.69091796875)
Part6795.Rotation = Vector3.new(-10.420000076293945, -46.220001220703125, -6.440000057220459)
Part6795.Size = Vector3.new(8.250000953674316, 0.2499980926513672, 7)
Part6795.Anchored = true
Part6795.CanCollide = false
Part6795.Material = Enum.Material.Fabric
SpecialMesh6796.Name = "BarkMesh"
SpecialMesh6796.Parent = Part6795
SpecialMesh6796.MeshId = "rbxassetid://623621260"
SpecialMesh6796.Offset = Vector3.new(0, 3.4100000858306885, 0)
SpecialMesh6796.TextureId = "rbxassetid://623618671"
SpecialMesh6796.MeshType = Enum.MeshType.FileMesh
Part6797.Name = "TreeMeshTop"
Part6797.Parent = Model6794
Part6797.CFrame = CFrame.new(3074.60767, 110.623047, 618.671814, 0.687550664, 0.0776147544, -0.721977592, 0.0194865614, 0.991940677, 0.125193894, 0.725878596, -0.100145869, 0.680495083)
Part6797.Orientation = Vector3.new(-7.190000057220459, -46.689998626708984, 1.1299999952316284)
Part6797.Position = Vector3.new(3074.607666015625, 110.623046875, 618.6718139648438)
Part6797.Rotation = Vector3.new(-10.420000076293945, -46.220001220703125, -6.440000057220459)
Part6797.Transparency = 0.05000000074505806
Part6797.Size = Vector3.new(8.250000953674316, 0.2499980926513672, 7)
Part6797.Anchored = true
Part6797.CanCollide = false
Part6797.Material = Enum.Material.Fabric
SpecialMesh6798.Name = "TopTreeMesh"
SpecialMesh6798.Parent = Part6797
SpecialMesh6798.MeshId = "rbxassetid://623621456"
SpecialMesh6798.Offset = Vector3.new(0, 3.4100000858306885, 0)
SpecialMesh6798.Scale = Vector3.new(1.600000023841858, 1.600000023841858, 1.600000023841858)
SpecialMesh6798.TextureId = "rbxassetid://745556120"
SpecialMesh6798.MeshType = Enum.MeshType.FileMesh
Model6799.Name = "??"
Model6799.Parent = Folder0
Part6800.Name = "TreeMesh Bottom"
Part6800.Parent = Model6799
Part6800.CFrame = CFrame.new(3139.3855, 80.7258759, 667.619141, 0.621669948, 0.0860476866, -0.778539181, 0.0194865614, 0.991940677, 0.125193894, 0.783040226, -0.0930002332, 0.614981174)
Part6800.Orientation = Vector3.new(-7.190000057220459, -51.689998626708984, 1.1299999952316284)
Part6800.Position = Vector3.new(3139.385498046875, 80.72587585449219, 667.619140625)
Part6800.Rotation = Vector3.new(-11.510000228881836, -51.130001068115234, -7.880000114440918)
Part6800.Size = Vector3.new(8.250000953674316, 0.2499980926513672, 7)
Part6800.Anchored = true
Part6800.CanCollide = false
Part6800.Material = Enum.Material.Fabric
SpecialMesh6801.Name = "BarkMesh"
SpecialMesh6801.Parent = Part6800
SpecialMesh6801.MeshId = "rbxassetid://623621260"
SpecialMesh6801.Offset = Vector3.new(0, 3.4100000858306885, 0)
SpecialMesh6801.TextureId = "rbxassetid://623618671"
SpecialMesh6801.MeshType = Enum.MeshType.FileMesh
Part6802.Name = "TreeMeshTop"
Part6802.Parent = Model6799
Part6802.CFrame = CFrame.new(3141.97852, 110.623047, 664.81543, 0.621669948, 0.0860476866, -0.778539181, 0.0194865614, 0.991940677, 0.125193894, 0.783040226, -0.0930002332, 0.614981174)
Part6802.Orientation = Vector3.new(-7.190000057220459, -51.689998626708984, 1.1299999952316284)
Part6802.Position = Vector3.new(3141.978515625, 110.623046875, 664.8154296875)
Part6802.Rotation = Vector3.new(-11.510000228881836, -51.130001068115234, -7.880000114440918)
Part6802.Transparency = 0.05000000074505806
Part6802.Size = Vector3.new(8.250000953674316, 0.2499980926513672, 7)
Part6802.Anchored = true
Part6802.CanCollide = false
Part6802.Material = Enum.Material.Fabric
SpecialMesh6803.Name = "TopTreeMesh"
SpecialMesh6803.Parent = Part6802
SpecialMesh6803.MeshId = "rbxassetid://623621456"
SpecialMesh6803.Offset = Vector3.new(0, 3.4100000858306885, 0)
SpecialMesh6803.Scale = Vector3.new(1.600000023841858, 1.600000023841858, 1.600000023841858)
SpecialMesh6803.TextureId = "rbxassetid://745556120"
SpecialMesh6803.MeshType = Enum.MeshType.FileMesh
Model6804.Name = "??"
Model6804.Parent = Folder0
Part6805.Name = "TreeMesh Bottom"
Part6805.Parent = Model6804
Part6805.CFrame = CFrame.new(3139.3855, 80.7258759, 746.619141, 0.621669948, 0.0860476866, -0.778539181, 0.0194865614, 0.991940677, 0.125193894, 0.783040226, -0.0930002332, 0.614981174)
Part6805.Orientation = Vector3.new(-7.190000057220459, -51.689998626708984, 1.1299999952316284)
Part6805.Position = Vector3.new(3139.385498046875, 80.72587585449219, 746.619140625)
Part6805.Rotation = Vector3.new(-11.510000228881836, -51.130001068115234, -7.880000114440918)
Part6805.Size = Vector3.new(8.250000953674316, 0.2499980926513672, 7)
Part6805.Anchored = true
Part6805.CanCollide = false
Part6805.Material = Enum.Material.Fabric
SpecialMesh6806.Name = "BarkMesh"
SpecialMesh6806.Parent = Part6805
SpecialMesh6806.MeshId = "rbxassetid://623621260"
SpecialMesh6806.Offset = Vector3.new(0, 3.4100000858306885, 0)
SpecialMesh6806.TextureId = "rbxassetid://623618671"
SpecialMesh6806.MeshType = Enum.MeshType.FileMesh
Part6807.Name = "TreeMeshTop"
Part6807.Parent = Model6804
Part6807.CFrame = CFrame.new(3141.97852, 110.623047, 743.81543, 0.621669948, 0.0860476866, -0.778539181, 0.0194865614, 0.991940677, 0.125193894, 0.783040226, -0.0930002332, 0.614981174)
Part6807.Orientation = Vector3.new(-7.190000057220459, -51.689998626708984, 1.1299999952316284)
Part6807.Position = Vector3.new(3141.978515625, 110.623046875, 743.8154296875)
Part6807.Rotation = Vector3.new(-11.510000228881836, -51.130001068115234, -7.880000114440918)
Part6807.Transparency = 0.05000000074505806
Part6807.Size = Vector3.new(8.250000953674316, 0.2499980926513672, 7)
Part6807.Anchored = true
Part6807.CanCollide = false
Part6807.Material = Enum.Material.Fabric
SpecialMesh6808.Name = "TopTreeMesh"
SpecialMesh6808.Parent = Part6807
SpecialMesh6808.MeshId = "rbxassetid://623621456"
SpecialMesh6808.Offset = Vector3.new(0, 3.4100000858306885, 0)
SpecialMesh6808.Scale = Vector3.new(1.600000023841858, 1.600000023841858, 1.600000023841858)
SpecialMesh6808.TextureId = "rbxassetid://745556120"
SpecialMesh6808.MeshType = Enum.MeshType.FileMesh
Model6809.Name = "??"
Model6809.Parent = Folder0
Part6810.Name = "TreeMesh Bottom"
Part6810.Parent = Model6809
Part6810.CFrame = CFrame.new(3028.2688, 80.7258759, 843.690918, 0.687550664, 0.0776147544, -0.721977592, 0.0194865614, 0.991940677, 0.125193894, 0.725878596, -0.100145869, 0.680495083)
Part6810.Orientation = Vector3.new(-7.190000057220459, -46.689998626708984, 1.1299999952316284)
Part6810.Position = Vector3.new(3028.268798828125, 80.72587585449219, 843.69091796875)
Part6810.Rotation = Vector3.new(-10.420000076293945, -46.220001220703125, -6.440000057220459)
Part6810.Size = Vector3.new(8.250000953674316, 0.2499980926513672, 7)
Part6810.Anchored = true
Part6810.CanCollide = false
Part6810.Material = Enum.Material.Fabric
SpecialMesh6811.Name = "BarkMesh"
SpecialMesh6811.Parent = Part6810
SpecialMesh6811.MeshId = "rbxassetid://623621260"
SpecialMesh6811.Offset = Vector3.new(0, 3.4100000858306885, 0)
SpecialMesh6811.TextureId = "rbxassetid://623618671"
SpecialMesh6811.MeshType = Enum.MeshType.FileMesh
Part6812.Name = "TreeMeshTop"
Part6812.Parent = Model6809
Part6812.CFrame = CFrame.new(3030.60767, 110.623047, 840.671814, 0.687550664, 0.0776147544, -0.721977592, 0.0194865614, 0.991940677, 0.125193894, 0.725878596, -0.100145869, 0.680495083)
Part6812.Orientation = Vector3.new(-7.190000057220459, -46.689998626708984, 1.1299999952316284)
Part6812.Position = Vector3.new(3030.607666015625, 110.623046875, 840.6718139648438)
Part6812.Rotation = Vector3.new(-10.420000076293945, -46.220001220703125, -6.440000057220459)
Part6812.Transparency = 0.05000000074505806
Part6812.Size = Vector3.new(8.250000953674316, 0.2499980926513672, 7)
Part6812.Anchored = true
Part6812.CanCollide = false
Part6812.Material = Enum.Material.Fabric
SpecialMesh6813.Name = "TopTreeMesh"
SpecialMesh6813.Parent = Part6812
SpecialMesh6813.MeshId = "rbxassetid://623621456"
SpecialMesh6813.Offset = Vector3.new(0, 3.4100000858306885, 0)
SpecialMesh6813.Scale = Vector3.new(1.600000023841858, 1.600000023841858, 1.600000023841858)
SpecialMesh6813.TextureId = "rbxassetid://745556120"
SpecialMesh6813.MeshType = Enum.MeshType.FileMesh
Model6814.Name = "??"
Model6814.Parent = Folder0
Part6815.Name = "TreeMesh Bottom"
Part6815.Parent = Model6814
Part6815.CFrame = CFrame.new(2885.2688, 80.7258759, 726.690918, 0.687550664, 0.0776147544, -0.721977592, 0.0194865614, 0.991940677, 0.125193894, 0.725878596, -0.100145869, 0.680495083)
Part6815.Orientation = Vector3.new(-7.190000057220459, -46.689998626708984, 1.1299999952316284)
Part6815.Position = Vector3.new(2885.268798828125, 80.72587585449219, 726.69091796875)
Part6815.Rotation = Vector3.new(-10.420000076293945, -46.220001220703125, -6.440000057220459)
Part6815.Size = Vector3.new(8.250000953674316, 0.2499980926513672, 7)
Part6815.Anchored = true
Part6815.CanCollide = false
Part6815.Material = Enum.Material.Fabric
SpecialMesh6816.Name = "BarkMesh"
SpecialMesh6816.Parent = Part6815
SpecialMesh6816.MeshId = "rbxassetid://623621260"
SpecialMesh6816.Offset = Vector3.new(0, 3.4100000858306885, 0)
SpecialMesh6816.TextureId = "rbxassetid://623618671"
SpecialMesh6816.MeshType = Enum.MeshType.FileMesh
Part6817.Name = "TreeMeshTop"
Part6817.Parent = Model6814
Part6817.CFrame = CFrame.new(2887.60767, 110.623047, 723.671814, 0.687550664, 0.0776147544, -0.721977592, 0.0194865614, 0.991940677, 0.125193894, 0.725878596, -0.100145869, 0.680495083)
Part6817.Orientation = Vector3.new(-7.190000057220459, -46.689998626708984, 1.1299999952316284)
Part6817.Position = Vector3.new(2887.607666015625, 110.623046875, 723.6718139648438)
Part6817.Rotation = Vector3.new(-10.420000076293945, -46.220001220703125, -6.440000057220459)
Part6817.Transparency = 0.05000000074505806
Part6817.Size = Vector3.new(8.250000953674316, 0.2499980926513672, 7)
Part6817.Anchored = true
Part6817.CanCollide = false
Part6817.Material = Enum.Material.Fabric
SpecialMesh6818.Name = "TopTreeMesh"
SpecialMesh6818.Parent = Part6817
SpecialMesh6818.MeshId = "rbxassetid://623621456"
SpecialMesh6818.Offset = Vector3.new(0, 3.4100000858306885, 0)
SpecialMesh6818.Scale = Vector3.new(1.600000023841858, 1.600000023841858, 1.600000023841858)
SpecialMesh6818.TextureId = "rbxassetid://745556120"
SpecialMesh6818.MeshType = Enum.MeshType.FileMesh
Model6819.Name = "??"
Model6819.Parent = Folder0
Part6820.Name = "TreeMesh Bottom"
Part6820.Parent = Model6819
Part6820.CFrame = CFrame.new(2995.89551, 92.5632477, 578.402588, -0.972402096, 0.0479210466, -0.228336871, 0.0194862522, 0.991940916, 0.125193894, 0.232496083, 0.117289364, -0.965499282)
Part6820.Orientation = Vector3.new(-7.190000057220459, -166.69000244140625, 1.1299999952316284)
Part6820.Position = Vector3.new(2995.8955078125, 92.56324768066406, 578.402587890625)
Part6820.Rotation = Vector3.new(-172.61000061035156, -13.199999809265137, -177.17999267578125)
Part6820.Size = Vector3.new(8.250000953674316, 0.2499980926513672, 7)
Part6820.Anchored = true
Part6820.CanCollide = false
Part6820.Material = Enum.Material.Fabric
SpecialMesh6821.Name = "BarkMesh"
SpecialMesh6821.Parent = Part6820
SpecialMesh6821.MeshId = "rbxassetid://623621260"
SpecialMesh6821.Offset = Vector3.new(0, 3.4100000858306885, 0)
SpecialMesh6821.TextureId = "rbxassetid://623618671"
SpecialMesh6821.MeshType = Enum.MeshType.FileMesh
Part6822.Name = "TreeMeshTop"
Part6822.Parent = Model6819
Part6822.CFrame = CFrame.new(2997.34082, 122.460388, 581.9375, -0.972402096, 0.047921218, -0.228337049, 0.0194863807, 0.991940975, 0.125193924, 0.232496321, 0.117289349, -0.965499282)
Part6822.Orientation = Vector3.new(-7.190000057220459, -166.69000244140625, 1.1299999952316284)
Part6822.Position = Vector3.new(2997.3408203125, 122.46038818359375, 581.9375)
Part6822.Rotation = Vector3.new(-172.61000061035156, -13.199999809265137, -177.17999267578125)
Part6822.Transparency = 0.05000000074505806
Part6822.Size = Vector3.new(8.250000953674316, 0.2499980926513672, 7)
Part6822.Anchored = true
Part6822.CanCollide = false
Part6822.Material = Enum.Material.Fabric
SpecialMesh6823.Name = "TopTreeMesh"
SpecialMesh6823.Parent = Part6822
SpecialMesh6823.MeshId = "rbxassetid://623621456"
SpecialMesh6823.Offset = Vector3.new(0, 3.4100000858306885, 0)
SpecialMesh6823.Scale = Vector3.new(1.600000023841858, 1.600000023841858, 1.600000023841858)
SpecialMesh6823.TextureId = "rbxassetid://745556120"
SpecialMesh6823.MeshType = Enum.MeshType.FileMesh
Model6824.Name = "??"
Model6824.Parent = Folder0
Part6825.Name = "TreeMesh Bottom"
Part6825.Parent = Model6824
Part6825.CFrame = CFrame.new(2985.3855, 80.7258759, 886.619141, 0.621669948, 0.0860476866, -0.778539181, 0.0194865614, 0.991940677, 0.125193894, 0.783040226, -0.0930002332, 0.614981174)
Part6825.Orientation = Vector3.new(-7.190000057220459, -51.689998626708984, 1.1299999952316284)
Part6825.Position = Vector3.new(2985.385498046875, 80.72587585449219, 886.619140625)
Part6825.Rotation = Vector3.new(-11.510000228881836, -51.130001068115234, -7.880000114440918)
Part6825.Size = Vector3.new(8.250000953674316, 0.2499980926513672, 7)
Part6825.Anchored = true
Part6825.CanCollide = false
Part6825.Material = Enum.Material.Fabric
SpecialMesh6826.Name = "BarkMesh"
SpecialMesh6826.Parent = Part6825
SpecialMesh6826.MeshId = "rbxassetid://623621260"
SpecialMesh6826.Offset = Vector3.new(0, 3.4100000858306885, 0)
SpecialMesh6826.TextureId = "rbxassetid://623618671"
SpecialMesh6826.MeshType = Enum.MeshType.FileMesh
Part6827.Name = "TreeMeshTop"
Part6827.Parent = Model6824
Part6827.CFrame = CFrame.new(2987.97852, 110.623047, 883.81543, 0.621669948, 0.0860476866, -0.778539181, 0.0194865614, 0.991940677, 0.125193894, 0.783040226, -0.0930002332, 0.614981174)
Part6827.Orientation = Vector3.new(-7.190000057220459, -51.689998626708984, 1.1299999952316284)
Part6827.Position = Vector3.new(2987.978515625, 110.623046875, 883.8154296875)
Part6827.Rotation = Vector3.new(-11.510000228881836, -51.130001068115234, -7.880000114440918)
Part6827.Transparency = 0.05000000074505806
Part6827.Size = Vector3.new(8.250000953674316, 0.2499980926513672, 7)
Part6827.Anchored = true
Part6827.CanCollide = false
Part6827.Material = Enum.Material.Fabric
SpecialMesh6828.Name = "TopTreeMesh"
SpecialMesh6828.Parent = Part6827
SpecialMesh6828.MeshId = "rbxassetid://623621456"
SpecialMesh6828.Offset = Vector3.new(0, 3.4100000858306885, 0)
SpecialMesh6828.Scale = Vector3.new(1.600000023841858, 1.600000023841858, 1.600000023841858)
SpecialMesh6828.TextureId = "rbxassetid://745556120"
SpecialMesh6828.MeshType = Enum.MeshType.FileMesh
Model6829.Name = "??"
Model6829.Parent = Folder0
Part6830.Name = "TreeMesh Bottom"
Part6830.Parent = Model6829
Part6830.CFrame = CFrame.new(2918.2688, 80.7258759, 840.690918, 0.687550664, 0.0776147544, -0.721977592, 0.0194865614, 0.991940677, 0.125193894, 0.725878596, -0.100145869, 0.680495083)
Part6830.Orientation = Vector3.new(-7.190000057220459, -46.689998626708984, 1.1299999952316284)
Part6830.Position = Vector3.new(2918.268798828125, 80.72587585449219, 840.69091796875)
Part6830.Rotation = Vector3.new(-10.420000076293945, -46.220001220703125, -6.440000057220459)
Part6830.Size = Vector3.new(8.250000953674316, 0.2499980926513672, 7)
Part6830.Anchored = true
Part6830.CanCollide = false
Part6830.Material = Enum.Material.Fabric
SpecialMesh6831.Name = "BarkMesh"
SpecialMesh6831.Parent = Part6830
SpecialMesh6831.MeshId = "rbxassetid://623621260"
SpecialMesh6831.Offset = Vector3.new(0, 3.4100000858306885, 0)
SpecialMesh6831.TextureId = "rbxassetid://623618671"
SpecialMesh6831.MeshType = Enum.MeshType.FileMesh
Part6832.Name = "TreeMeshTop"
Part6832.Parent = Model6829
Part6832.CFrame = CFrame.new(2920.60767, 110.623047, 837.671814, 0.687550664, 0.0776147544, -0.721977592, 0.0194865614, 0.991940677, 0.125193894, 0.725878596, -0.100145869, 0.680495083)
Part6832.Orientation = Vector3.new(-7.190000057220459, -46.689998626708984, 1.1299999952316284)
Part6832.Position = Vector3.new(2920.607666015625, 110.623046875, 837.6718139648438)
Part6832.Rotation = Vector3.new(-10.420000076293945, -46.220001220703125, -6.440000057220459)
Part6832.Transparency = 0.05000000074505806
Part6832.Size = Vector3.new(8.250000953674316, 0.2499980926513672, 7)
Part6832.Anchored = true
Part6832.CanCollide = false
Part6832.Material = Enum.Material.Fabric
SpecialMesh6833.Name = "TopTreeMesh"
SpecialMesh6833.Parent = Part6832
SpecialMesh6833.MeshId = "rbxassetid://623621456"
SpecialMesh6833.Offset = Vector3.new(0, 3.4100000858306885, 0)
SpecialMesh6833.Scale = Vector3.new(1.600000023841858, 1.600000023841858, 1.600000023841858)
SpecialMesh6833.TextureId = "rbxassetid://745556120"
SpecialMesh6833.MeshType = Enum.MeshType.FileMesh
Model6834.Name = "??"
Model6834.Parent = Folder0
Part6835.Name = "TreeMesh Bottom"
Part6835.Parent = Model6834
Part6835.CFrame = CFrame.new(2866.2688, 80.7258759, 804.690918, 0.687550664, 0.0776147544, -0.721977592, 0.0194865614, 0.991940677, 0.125193894, 0.725878596, -0.100145869, 0.680495083)
Part6835.Orientation = Vector3.new(-7.190000057220459, -46.689998626708984, 1.1299999952316284)
Part6835.Position = Vector3.new(2866.268798828125, 80.72587585449219, 804.69091796875)
Part6835.Rotation = Vector3.new(-10.420000076293945, -46.220001220703125, -6.440000057220459)
Part6835.Size = Vector3.new(8.250000953674316, 0.2499980926513672, 7)
Part6835.Anchored = true
Part6835.CanCollide = false
Part6835.Material = Enum.Material.Fabric
SpecialMesh6836.Name = "BarkMesh"
SpecialMesh6836.Parent = Part6835
SpecialMesh6836.MeshId = "rbxassetid://623621260"
SpecialMesh6836.Offset = Vector3.new(0, 3.4100000858306885, 0)
SpecialMesh6836.TextureId = "rbxassetid://623618671"
SpecialMesh6836.MeshType = Enum.MeshType.FileMesh
Part6837.Name = "TreeMeshTop"
Part6837.Parent = Model6834
Part6837.CFrame = CFrame.new(2868.60767, 110.623047, 801.671814, 0.687550664, 0.0776147544, -0.721977592, 0.0194865614, 0.991940677, 0.125193894, 0.725878596, -0.100145869, 0.680495083)
Part6837.Orientation = Vector3.new(-7.190000057220459, -46.689998626708984, 1.1299999952316284)
Part6837.Position = Vector3.new(2868.607666015625, 110.623046875, 801.6718139648438)
Part6837.Rotation = Vector3.new(-10.420000076293945, -46.220001220703125, -6.440000057220459)
Part6837.Transparency = 0.05000000074505806
Part6837.Size = Vector3.new(8.250000953674316, 0.2499980926513672, 7)
Part6837.Anchored = true
Part6837.CanCollide = false
Part6837.Material = Enum.Material.Fabric
SpecialMesh6838.Name = "TopTreeMesh"
SpecialMesh6838.Parent = Part6837
SpecialMesh6838.MeshId = "rbxassetid://623621456"
SpecialMesh6838.Offset = Vector3.new(0, 3.4100000858306885, 0)
SpecialMesh6838.Scale = Vector3.new(1.600000023841858, 1.600000023841858, 1.600000023841858)
SpecialMesh6838.TextureId = "rbxassetid://745556120"
SpecialMesh6838.MeshType = Enum.MeshType.FileMesh
Model6839.Name = "??"
Model6839.Parent = Folder0
Part6840.Name = "TreeMesh Bottom"
Part6840.Parent = Model6839
Part6840.CFrame = CFrame.new(3106.71094, 80.7258759, 562.574585, -0.985947013, -0.00171658397, 0.167064577, 0.0194865596, 0.991940618, 0.125193879, -0.165933877, 0.126689792, -0.97796452)
Part6840.Orientation = Vector3.new(-7.190000057220459, 170.30999755859375, 1.1299999952316284)
Part6840.Position = Vector3.new(3106.7109375, 80.72587585449219, 562.5745849609375)
Part6840.Rotation = Vector3.new(-172.6999969482422, 9.619999885559082, 179.89999389648438)
Part6840.Size = Vector3.new(8.250000953674316, 0.2499980926513672, 7)
Part6840.Anchored = true
Part6840.CanCollide = false
Part6840.Material = Enum.Material.Fabric
SpecialMesh6841.Name = "BarkMesh"
SpecialMesh6841.Parent = Part6840
SpecialMesh6841.MeshId = "rbxassetid://623621260"
SpecialMesh6841.Offset = Vector3.new(0, 3.4100000858306885, 0)
SpecialMesh6841.TextureId = "rbxassetid://623618671"
SpecialMesh6841.MeshType = Enum.MeshType.FileMesh
Part6842.Name = "TreeMeshTop"
Part6842.Parent = Model6839
Part6842.CFrame = CFrame.new(3106.66016, 110.623047, 566.39325, -0.985947013, -0.00171658397, 0.167064577, 0.0194865596, 0.991940618, 0.125193879, -0.165933877, 0.126689792, -0.97796452)
Part6842.Orientation = Vector3.new(-7.190000057220459, 170.30999755859375, 1.1299999952316284)
Part6842.Position = Vector3.new(3106.66015625, 110.623046875, 566.3932495117188)
Part6842.Rotation = Vector3.new(-172.6999969482422, 9.619999885559082, 179.89999389648438)
Part6842.Transparency = 0.05000000074505806
Part6842.Size = Vector3.new(8.250000953674316, 0.2499980926513672, 7)
Part6842.Anchored = true
Part6842.CanCollide = false
Part6842.Material = Enum.Material.Fabric
SpecialMesh6843.Name = "TopTreeMesh"
SpecialMesh6843.Parent = Part6842
SpecialMesh6843.MeshId = "rbxassetid://623621456"
SpecialMesh6843.Offset = Vector3.new(0, 3.4100000858306885, 0)
SpecialMesh6843.Scale = Vector3.new(1.600000023841858, 1.600000023841858, 1.600000023841858)
SpecialMesh6843.TextureId = "rbxassetid://745556120"
SpecialMesh6843.MeshType = Enum.MeshType.FileMesh
Model6844.Name = "??"
Model6844.Parent = Folder0
Part6845.Name = "TreeMesh Bottom"
Part6845.Parent = Model6844
Part6845.CFrame = CFrame.new(3187.32056, 80.7258759, 551.796082, -0.996657372, 0.00933166966, 0.0811938047, 0.0194865596, 0.991940618, 0.125193879, -0.0793716908, 0.126357287, -0.988803685)
Part6845.Orientation = Vector3.new(-7.190000057220459, 175.30999755859375, 1.1299999952316284)
Part6845.Position = Vector3.new(3187.320556640625, 80.72587585449219, 551.7960815429688)
Part6845.Rotation = Vector3.new(-172.77999877929688, 4.659999847412109, -179.4600067138672)
Part6845.Size = Vector3.new(8.250000953674316, 0.2499980926513672, 7)
Part6845.Anchored = true
Part6845.CanCollide = false
Part6845.Material = Enum.Material.Fabric
SpecialMesh6846.Name = "BarkMesh"
SpecialMesh6846.Parent = Part6845
SpecialMesh6846.MeshId = "rbxassetid://623621260"
SpecialMesh6846.Offset = Vector3.new(0, 3.4100000858306885, 0)
SpecialMesh6846.TextureId = "rbxassetid://623618671"
SpecialMesh6846.MeshType = Enum.MeshType.FileMesh
Part6847.Name = "TreeMeshTop"
Part6847.Parent = Model6844
Part6847.CFrame = CFrame.new(3187.60254, 110.623047, 555.604736, -0.996657372, 0.00933166966, 0.0811938047, 0.0194865596, 0.991940618, 0.125193879, -0.0793716908, 0.126357287, -0.988803685)
Part6847.Orientation = Vector3.new(-7.190000057220459, 175.30999755859375, 1.1299999952316284)
Part6847.Position = Vector3.new(3187.6025390625, 110.623046875, 555.604736328125)
Part6847.Rotation = Vector3.new(-172.77999877929688, 4.659999847412109, -179.4600067138672)
Part6847.Transparency = 0.05000000074505806
Part6847.Size = Vector3.new(8.250000953674316, 0.2499980926513672, 7)
Part6847.Anchored = true
Part6847.CanCollide = false
Part6847.Material = Enum.Material.Fabric
SpecialMesh6848.Name = "TopTreeMesh"
SpecialMesh6848.Parent = Part6847
SpecialMesh6848.MeshId = "rbxassetid://623621456"
SpecialMesh6848.Offset = Vector3.new(0, 3.4100000858306885, 0)
SpecialMesh6848.Scale = Vector3.new(1.600000023841858, 1.600000023841858, 1.600000023841858)
SpecialMesh6848.TextureId = "rbxassetid://745556120"
