Sound1573.Name = "rain_loop"
Sound1573.Parent = Folder1566
Sound1573.Looped = true
Sound1573.PlayOnRemove = true
Sound1573.Playing = true
Sound1573.SoundId = "rbxassetid://6883877607"
Sound1573.Volume = 0
Part1574.Name = "rain"
Part1574.Parent = Folder1566
Part1574.CFrame = CFrame.new(791.864502, 131.444168, -130.119003, 0.93626684, 0.00148165226, -0.351286501, -0.00173091551, 0.99999845, -0.000395542535, 0.351285368, 0.000978380442, 0.936268032)
Part1574.Orientation = Vector3.new(0.019999999552965164, -20.56999969482422, -0.10000000149011612)
Part1574.Position = Vector3.new(791.864501953125, 131.4441680908203, -130.11900329589844)
Part1574.Rotation = Vector3.new(0.019999999552965164, -20.56999969482422, -0.09000000357627869)
Part1574.Color = Color3.new(0.972549, 0.972549, 0.972549)
Part1574.Transparency = 1
Part1574.Size = Vector3.new(97.25, 38.5, 108.75)
Part1574.Anchored = true
Part1574.BackSurface = Enum.SurfaceType.SmoothNoOutlines
Part1574.BottomSurface = Enum.SurfaceType.SmoothNoOutlines
Part1574.BrickColor = BrickColor.new("Institutional white")
Part1574.CanCollide = false
Part1574.CustomPhysicalProperties = 1, 1, 0, 1, 1
Part1574.FrontSurface = Enum.SurfaceType.SmoothNoOutlines
Part1574.LeftSurface = Enum.SurfaceType.SmoothNoOutlines
Part1574.Locked = true
Part1574.Material = Enum.Material.SmoothPlastic
Part1574.RightSurface = Enum.SurfaceType.SmoothNoOutlines
Part1574.TopSurface = Enum.SurfaceType.SmoothNoOutlines
Part1574.brickColor = BrickColor.new("Institutional white")
Part1574.FormFactor = Enum.FormFactor.Custom
Part1574.formFactor = Enum.FormFactor.Custom
ParticleEmitter1575.Parent = Part1574
ParticleEmitter1575.Speed = NumberRange.new(-41, -41)
ParticleEmitter1575.Enabled = false
ParticleEmitter1575.LightInfluence = 0.05000000074505806
ParticleEmitter1575.Texture = "rbxassetid://241876428"
ParticleEmitter1575.Transparency = NumberSequence.new(0.5,0.5)
ParticleEmitter1575.Size = NumberSequence.new(0.5,0.10000000149011612)
ParticleEmitter1575.Brightness = 0
ParticleEmitter1575.Lifetime = NumberRange.new(0, 4)
ParticleEmitter1575.LockedToPart = true
ParticleEmitter1575.Rate = inf
ParticleEmitter1576.Parent = Part1574
ParticleEmitter1576.Speed = NumberRange.new(-41, -41)
ParticleEmitter1576.Enabled = false
ParticleEmitter1576.LightInfluence = 0.05000000074505806
ParticleEmitter1576.Texture = "rbxassetid://241876428"
ParticleEmitter1576.Transparency = NumberSequence.new(0.5,0.5)
ParticleEmitter1576.Size = NumberSequence.new(0.5,0.10000000149011612)
ParticleEmitter1576.Brightness = 0
ParticleEmitter1576.Lifetime = NumberRange.new(0, 4)
ParticleEmitter1576.LockedToPart = true
ParticleEmitter1576.Rate = inf
ParticleEmitter1577.Parent = Part1574
ParticleEmitter1577.Speed = NumberRange.new(-41, -41)
ParticleEmitter1577.Enabled = false
ParticleEmitter1577.LightInfluence = 0.05000000074505806
ParticleEmitter1577.Texture = "rbxassetid://241876428"
ParticleEmitter1577.Transparency = NumberSequence.new(0.5,0.5)
ParticleEmitter1577.Size = NumberSequence.new(0.5,0.10000000149011612)
ParticleEmitter1577.Brightness = 0
ParticleEmitter1577.Lifetime = NumberRange.new(0, 4)
ParticleEmitter1577.LockedToPart = true
ParticleEmitter1577.Rate = inf
ParticleEmitter1578.Parent = Part1574
ParticleEmitter1578.Speed = NumberRange.new(-41, -41)
ParticleEmitter1578.Enabled = false
ParticleEmitter1578.LightInfluence = 0.05000000074505806
ParticleEmitter1578.Texture = "rbxassetid://241876428"
ParticleEmitter1578.Transparency = NumberSequence.new(0.5,0.5)
ParticleEmitter1578.Size = NumberSequence.new(0.5,0.10000000149011612)
ParticleEmitter1578.Brightness = 0
ParticleEmitter1578.Lifetime = NumberRange.new(0, 4)
ParticleEmitter1578.LockedToPart = true
ParticleEmitter1578.Rate = inf
ParticleEmitter1579.Parent = Part1574
ParticleEmitter1579.Speed = NumberRange.new(-41, -41)
ParticleEmitter1579.Enabled = false
ParticleEmitter1579.LightInfluence = 0.05000000074505806
ParticleEmitter1579.Texture = "rbxassetid://241876428"
ParticleEmitter1579.Transparency = NumberSequence.new(0.5,0.5)
ParticleEmitter1579.Size = NumberSequence.new(0.5,0.10000000149011612)
ParticleEmitter1579.Brightness = 0
ParticleEmitter1579.Lifetime = NumberRange.new(0, 4)
ParticleEmitter1579.LockedToPart = true
ParticleEmitter1579.Rate = inf
Model1580.Name = "??"
Model1580.Parent = Folder0
Part1581.Name = "TreeMesh Bottom"
Part1581.Parent = Model1580
Part1581.CFrame = CFrame.new(1788.52185, 202.707642, 2276.47876, 0.0510198176, 0.359459192, -0.931766748, 0.130936205, 0.922521889, 0.363061666, 0.990080595, -0.140524939, 1.13248825e-06)
Part1581.Orientation = Vector3.new(-21.290000915527344, -90, 8.079999923706055)
Part1581.Position = Vector3.new(1788.5218505859375, 202.7076416015625, 2276.478759765625)
Part1581.Rotation = Vector3.new(-90, -68.70999908447266, -81.91999816894531)
Part1581.Size = Vector3.new(8.250000953674316, 0.2499980926513672, 7)
Part1581.Anchored = true
Part1581.CanCollide = false
Part1581.Material = Enum.Material.Fabric
SpecialMesh1582.Name = "BarkMesh"
SpecialMesh1582.Parent = Part1581
SpecialMesh1582.MeshId = "rbxassetid://623621260"
SpecialMesh1582.Offset = Vector3.new(0, 3.4100000858306885, 0)
SpecialMesh1582.TextureId = "rbxassetid://623618671"
SpecialMesh1582.MeshType = Enum.MeshType.FileMesh
Part1583.Name = "TreeMeshTop"
Part1583.Parent = Model1580
Part1583.CFrame = CFrame.new(1799.35693, 230.511963, 2272.24292, 0.0510198176, 0.359459192, -0.931766748, 0.130936205, 0.922521889, 0.363061666, 0.990080595, -0.140524939, 1.13248825e-06)
Part1583.Orientation = Vector3.new(-21.290000915527344, -90, 8.079999923706055)
Part1583.Position = Vector3.new(1799.35693359375, 230.511962890625, 2272.242919921875)
Part1583.Rotation = Vector3.new(-90, -68.70999908447266, -81.91999816894531)
Part1583.Transparency = 0.05000000074505806
Part1583.Size = Vector3.new(8.250000953674316, 0.2499980926513672, 7)
Part1583.Anchored = true
Part1583.CanCollide = false
Part1583.Material = Enum.Material.Fabric
SpecialMesh1584.Name = "TopTreeMesh"
SpecialMesh1584.Parent = Part1583
SpecialMesh1584.MeshId = "rbxassetid://623621456"
SpecialMesh1584.Offset = Vector3.new(0, 3.4100000858306885, 0)
SpecialMesh1584.Scale = Vector3.new(1.600000023841858, 1.600000023841858, 1.600000023841858)
SpecialMesh1584.TextureId = "rbxassetid://745556120"
SpecialMesh1584.MeshType = Enum.MeshType.FileMesh
Model1585.Name = "??"
Model1585.Parent = Folder0
Part1586.Name = "TreeMesh Bottom"
Part1586.Parent = Model1585
Part1586.CFrame = CFrame.new(-192.386841, 209.175369, -411.136139, 0.0109643191, 0.143572956, -0.989579082, 0.0753295049, 0.986707628, 0.143991143, 0.99709934, -0.0761232078, 3.29244267e-06)
Part1586.Orientation = Vector3.new(-8.279999732971191, -90, 4.369999885559082)
Part1586.Position = Vector3.new(-192.3868408203125, 209.1753692626953, -411.1361389160156)
Part1586.Rotation = Vector3.new(-90, -81.72000122070312, -85.62999725341797)
Part1586.Size = Vector3.new(8.250000953674316, 0.2499980926513672, 7)
Part1586.Anchored = true
Part1586.CanCollide = false
Part1586.Material = Enum.Material.Fabric
SpecialMesh1587.Name = "BarkMesh"
SpecialMesh1587.Parent = Part1586
SpecialMesh1587.MeshId = "rbxassetid://623621260"
SpecialMesh1587.Offset = Vector3.new(0, 3.4100000858306885, 0)
SpecialMesh1587.TextureId = "rbxassetid://623618671"
SpecialMesh1587.MeshType = Enum.MeshType.FileMesh
Part1588.Name = "TreeMeshTop"
Part1588.Parent = Model1585
Part1588.CFrame = CFrame.new(-188.058151, 238.914429, -413.431427, 0.010967128, 0.143572375, -0.989579082, 0.0753293484, 0.986707747, 0.143990725, 0.99709934, -0.0761234611, 6.13433667e-06)
Part1588.Orientation = Vector3.new(-8.279999732971191, -90, 4.369999885559082)
Part1588.Position = Vector3.new(-188.0581512451172, 238.9144287109375, -413.4314270019531)
Part1588.Rotation = Vector3.new(-90, -81.72000122070312, -85.62999725341797)
Part1588.Transparency = 0.05000000074505806
Part1588.Size = Vector3.new(8.250000953674316, 0.2499980926513672, 7)
Part1588.Anchored = true
Part1588.CanCollide = false
Part1588.Material = Enum.Material.Fabric
SpecialMesh1589.Name = "TopTreeMesh"
SpecialMesh1589.Parent = Part1588
SpecialMesh1589.MeshId = "rbxassetid://623621456"
SpecialMesh1589.Offset = Vector3.new(0, 3.4100000858306885, 0)
SpecialMesh1589.Scale = Vector3.new(1.600000023841858, 1.600000023841858, 1.600000023841858)
SpecialMesh1589.TextureId = "rbxassetid://745556120"
SpecialMesh1589.MeshType = Enum.MeshType.FileMesh
Model1590.Name = "??"
Model1590.Parent = Folder0
Part1591.Name = "TreeMesh Bottom"
Part1591.Parent = Model1590
Part1591.CFrame = CFrame.new(1756.55176, 208.795044, 2260.05029, 9.05245543e-07, 0.133467436, -0.991055369, 0.34630087, 0.929732502, 0.125209421, 0.938127756, -0.343201995, -0.0462188907)
Part1591.Orientation = Vector3.new(-7.190000057220459, -92.66999816894531, 20.43000030517578)
Part1591.Position = Vector3.new(1756.5517578125, 208.7950439453125, 2260.05029296875)
Part1591.Rotation = Vector3.new(-110.26000213623047, -82.33000183105469, -90)
Part1591.Size = Vector3.new(8.250000953674316, 0.2499980926513672, 7)
Part1591.Anchored = true
Part1591.CanCollide = false
Part1591.Material = Enum.Material.Fabric
SpecialMesh1592.Name = "BarkMesh"
SpecialMesh1592.Parent = Part1591
SpecialMesh1592.MeshId = "rbxassetid://623621260"
SpecialMesh1592.Offset = Vector3.new(0, 3.4100000858306885, 0)
SpecialMesh1592.TextureId = "rbxassetid://623618671"
SpecialMesh1592.MeshType = Enum.MeshType.FileMesh
Part1593.Name = "TreeMeshTop"
Part1593.Parent = Model1590
Part1593.CFrame = CFrame.new(1760.57556, 236.816895, 2249.70557, 9.05245543e-07, 0.133467436, -0.991055369, 0.34630087, 0.929732502, 0.125209421, 0.938127756, -0.343201995, -0.0462188907)
Part1593.Orientation = Vector3.new(-7.190000057220459, -92.66999816894531, 20.43000030517578)
Part1593.Position = Vector3.new(1760.5755615234375, 236.81689453125, 2249.70556640625)
Part1593.Rotation = Vector3.new(-110.26000213623047, -82.33000183105469, -90)
Part1593.Transparency = 0.05000000074505806
Part1593.Size = Vector3.new(8.250000953674316, 0.2499980926513672, 7)
Part1593.Anchored = true
Part1593.CanCollide = false
Part1593.Material = Enum.Material.Fabric
SpecialMesh1594.Name = "TopTreeMesh"
SpecialMesh1594.Parent = Part1593
SpecialMesh1594.MeshId = "rbxassetid://623621456"
SpecialMesh1594.Offset = Vector3.new(0, 3.4100000858306885, 0)
SpecialMesh1594.Scale = Vector3.new(1.600000023841858, 1.600000023841858, 1.600000023841858)
SpecialMesh1594.TextureId = "rbxassetid://745556120"
SpecialMesh1594.MeshType = Enum.MeshType.FileMesh
Model1595.Name = "??"
Model1595.Parent = Folder0
Part1596.Name = "TreeMesh Bottom"
Part1596.Parent = Model1595
Part1596.CFrame = CFrame.new(1697.59631, 265.979095, 2525.49951, -0.996020854, 0.0891468376, -0.000801175833, 0.089150317, 0.995982409, -0.00893391669, -1.78813934e-07, -0.00896984339, -0.999962986)
Part1596.Orientation = Vector3.new(0.5099999904632568, -179.9499969482422, 5.110000133514404)
Part1596.Position = Vector3.new(1697.5963134765625, 265.9790954589844, 2525.49951171875)
Part1596.Rotation = Vector3.new(179.49000549316406, -0.05000000074505806, -174.88999938964844)
Part1596.Size = Vector3.new(8.250000953674316, 0.2499980926513672, 7)
Part1596.Anchored = true
Part1596.CanCollide = false
Part1596.Material = Enum.Material.Fabric
SpecialMesh1597.Name = "BarkMesh"
SpecialMesh1597.Parent = Part1596
SpecialMesh1597.MeshId = "rbxassetid://623621260"
SpecialMesh1597.Offset = Vector3.new(0, 3.4100000858306885, 0)
SpecialMesh1597.TextureId = "rbxassetid://623618671"
SpecialMesh1597.MeshType = Enum.MeshType.FileMesh
Part1598.Name = "TreeMeshTop"
Part1598.Parent = Model1595
Part1598.CFrame = CFrame.new(1700.28333, 295.997925, 2525.22949, -0.996020854, 0.0891468376, -0.000801175833, 0.089150317, 0.995982409, -0.00893391669, -1.78813934e-07, -0.00896984339, -0.999962986)
Part1598.Orientation = Vector3.new(0.5099999904632568, -179.9499969482422, 5.110000133514404)
Part1598.Position = Vector3.new(1700.2833251953125, 295.9979248046875, 2525.2294921875)
Part1598.Rotation = Vector3.new(179.49000549316406, -0.05000000074505806, -174.88999938964844)
Part1598.Transparency = 0.05000000074505806
Part1598.Size = Vector3.new(8.250000953674316, 0.2499980926513672, 7)
Part1598.Anchored = true
Part1598.CanCollide = false
Part1598.Material = Enum.Material.Fabric
SpecialMesh1599.Name = "TopTreeMesh"
SpecialMesh1599.Parent = Part1598
SpecialMesh1599.MeshId = "rbxassetid://623621456"
SpecialMesh1599.Offset = Vector3.new(0, 3.4100000858306885, 0)
SpecialMesh1599.Scale = Vector3.new(1.600000023841858, 1.600000023841858, 1.600000023841858)
SpecialMesh1599.TextureId = "rbxassetid://745556120"
SpecialMesh1599.MeshType = Enum.MeshType.FileMesh
Model1600.Name = "??"
Model1600.Parent = Folder0
Part1601.Name = "TreeMesh Bottom"
Part1601.Parent = Model1600
Part1601.CFrame = CFrame.new(1681.7406, 266.367615, 2478.49585, -0.961915612, 0.273070604, -0.0125232125, 0.273357153, 0.96090734, -0.0440621376, -1.85444634e-07, -0.0458073467, -0.99895364)
Part1601.Orientation = Vector3.new(2.5299999713897705, -179.27999877929688, 15.880000114440918)
Part1601.Position = Vector3.new(1681.7406005859375, 266.36761474609375, 2478.495849609375)
Part1601.Rotation = Vector3.new(177.47000122070312, -0.7200000286102295, -164.14999389648438)
Part1601.Size = Vector3.new(8.250000953674316, 0.2499980926513672, 7)
Part1601.Anchored = true
Part1601.CanCollide = false
Part1601.Material = Enum.Material.Fabric
SpecialMesh1602.Name = "BarkMesh"
SpecialMesh1602.Parent = Part1601
SpecialMesh1602.MeshId = "rbxassetid://623621260"
SpecialMesh1602.Offset = Vector3.new(0, 3.4100000858306885, 0)
SpecialMesh1602.TextureId = "rbxassetid://623618671"
SpecialMesh1602.MeshType = Enum.MeshType.FileMesh
Part1603.Name = "TreeMeshTop"
Part1603.Parent = Model1600
Part1603.CFrame = CFrame.new(1689.97119, 295.329285, 2477.11572, -0.961915612, 0.273070604, -0.0125232125, 0.273357153, 0.96090734, -0.0440621376, -1.85444634e-07, -0.0458073467, -0.99895364)
Part1603.Orientation = Vector3.new(2.5299999713897705, -179.27999877929688, 15.880000114440918)
Part1603.Position = Vector3.new(1689.97119140625, 295.32928466796875, 2477.11572265625)
Part1603.Rotation = Vector3.new(177.47000122070312, -0.7200000286102295, -164.14999389648438)
Part1603.Transparency = 0.05000000074505806
Part1603.Size = Vector3.new(8.250000953674316, 0.2499980926513672, 7)
Part1603.Anchored = true
Part1603.CanCollide = false
Part1603.Material = Enum.Material.Fabric
SpecialMesh1604.Name = "TopTreeMesh"
SpecialMesh1604.Parent = Part1603
SpecialMesh1604.MeshId = "rbxassetid://623621456"
SpecialMesh1604.Offset = Vector3.new(0, 3.4100000858306885, 0)
SpecialMesh1604.Scale = Vector3.new(1.600000023841858, 1.600000023841858, 1.600000023841858)
SpecialMesh1604.TextureId = "rbxassetid://745556120"
SpecialMesh1604.MeshType = Enum.MeshType.FileMesh
Model1605.Name = "??"
Model1605.Parent = Folder0
Part1606.Name = "TreeMesh Bottom"
Part1606.Parent = Model1605
Part1606.CFrame = CFrame.new(-143.248566, 209.873795, -297.87854, 0.00247346517, 0.0846192241, -0.99641031, 0.0290745106, 0.995985985, 0.0846554413, 0.999574542, -0.0291795321, 3.27370617e-06)
Part1606.Orientation = Vector3.new(-4.860000133514404, -90, 1.6699999570846558)
Part1606.Position = Vector3.new(-143.24856567382812, 209.87379455566406, -297.8785400390625)
Part1606.Rotation = Vector3.new(-90, -85.13999938964844, -88.33000183105469)
Part1606.Size = Vector3.new(8.250000953674316, 0.2499980926513672, 7)
Part1606.Anchored = true
Part1606.CanCollide = false
Part1606.Material = Enum.Material.Fabric
SpecialMesh1607.Name = "BarkMesh"
SpecialMesh1607.Parent = Part1606
SpecialMesh1607.MeshId = "rbxassetid://623621260"
SpecialMesh1607.Offset = Vector3.new(0, 3.4100000858306885, 0)
SpecialMesh1607.TextureId = "rbxassetid://623618671"
SpecialMesh1607.MeshType = Enum.MeshType.FileMesh
Part1608.Name = "TreeMeshTop"
Part1608.Parent = Model1605
Part1608.CFrame = CFrame.new(-140.696716, 239.892639, -298.758972, 0.00247627846, 0.084618628, -0.99641031, 0.0290745255, 0.995986104, 0.08465489, 0.999574542, -0.0291797817, 6.09310246e-06)
Part1608.Orientation = Vector3.new(-4.860000133514404, -90, 1.6699999570846558)
Part1608.Position = Vector3.new(-140.69671630859375, 239.89263916015625, -298.75897216796875)
Part1608.Rotation = Vector3.new(-90, -85.13999938964844, -88.31999969482422)
Part1608.Transparency = 0.05000000074505806
Part1608.Size = Vector3.new(8.250000953674316, 0.2499980926513672, 7)
Part1608.Anchored = true
Part1608.CanCollide = false
Part1608.Material = Enum.Material.Fabric
SpecialMesh1609.Name = "TopTreeMesh"
SpecialMesh1609.Parent = Part1608
SpecialMesh1609.MeshId = "rbxassetid://623621456"
SpecialMesh1609.Offset = Vector3.new(0, 3.4100000858306885, 0)
SpecialMesh1609.Scale = Vector3.new(1.600000023841858, 1.600000023841858, 1.600000023841858)
SpecialMesh1609.TextureId = "rbxassetid://745556120"
SpecialMesh1609.MeshType = Enum.MeshType.FileMesh
Model1610.Name = "??"
Model1610.Parent = Folder0
Part1611.Name = "TreeMesh Bottom"
Part1611.Parent = Model1610
Part1611.CFrame = CFrame.new(-192.386841, 209.175369, -411.136139, 0.0109643191, 0.143572956, -0.989579082, 0.0753295049, 0.986707628, 0.143991143, 0.99709934, -0.0761232078, 3.29244267e-06)
Part1611.Orientation = Vector3.new(-8.279999732971191, -90, 4.369999885559082)
Part1611.Position = Vector3.new(-192.3868408203125, 209.1753692626953, -411.1361389160156)
Part1611.Rotation = Vector3.new(-90, -81.72000122070312, -85.62999725341797)
Part1611.Size = Vector3.new(8.250000953674316, 0.2499980926513672, 7)
Part1611.Anchored = true
Part1611.CanCollide = false
Part1611.Material = Enum.Material.Fabric
SpecialMesh1612.Name = "BarkMesh"
SpecialMesh1612.Parent = Part1611
SpecialMesh1612.MeshId = "rbxassetid://623621260"
SpecialMesh1612.Offset = Vector3.new(0, 3.4100000858306885, 0)
SpecialMesh1612.TextureId = "rbxassetid://623618671"
SpecialMesh1612.MeshType = Enum.MeshType.FileMesh
Part1613.Name = "TreeMeshTop"
Part1613.Parent = Model1610
Part1613.CFrame = CFrame.new(-188.058151, 238.914429, -413.431427, 0.010967128, 0.143572375, -0.989579082, 0.0753293484, 0.986707747, 0.143990725, 0.99709934, -0.0761234611, 6.13433667e-06)
Part1613.Orientation = Vector3.new(-8.279999732971191, -90, 4.369999885559082)
Part1613.Position = Vector3.new(-188.0581512451172, 238.9144287109375, -413.4314270019531)
Part1613.Rotation = Vector3.new(-90, -81.72000122070312, -85.62999725341797)
Part1613.Transparency = 0.05000000074505806
Part1613.Size = Vector3.new(8.250000953674316, 0.2499980926513672, 7)
Part1613.Anchored = true
Part1613.CanCollide = false
Part1613.Material = Enum.Material.Fabric
SpecialMesh1614.Name = "TopTreeMesh"
SpecialMesh1614.Parent = Part1613
SpecialMesh1614.MeshId = "rbxassetid://623621456"
SpecialMesh1614.Offset = Vector3.new(0, 3.4100000858306885, 0)
SpecialMesh1614.Scale = Vector3.new(1.600000023841858, 1.600000023841858, 1.600000023841858)
SpecialMesh1614.TextureId = "rbxassetid://745556120"
SpecialMesh1614.MeshType = Enum.MeshType.FileMesh
Model1615.Name = "??"
Model1615.Parent = Folder0
Part1616.Name = "TreeMesh Bottom"
Part1616.Parent = Model1615
Part1616.CFrame = CFrame.new(-211.475677, 201.813492, -505.682678, 3.24430221e-06, 0.0904389545, -0.995902061, 0.142097846, 0.985796273, 0.0895216838, 0.989852607, -0.141515851, -0.0128479823)
Part1616.Orientation = Vector3.new(-5.139999866485596, -90.73999786376953, 8.199999809265137)
Part1616.Position = Vector3.new(-211.47567749023438, 201.81349182128906, -505.68267822265625)
Part1616.Rotation = Vector3.new(-98.16999816894531, -84.80999755859375, -90)
Part1616.Size = Vector3.new(8.250000953674316, 0.2499980926513672, 7)
Part1616.Anchored = true
Part1616.CanCollide = false
Part1616.Material = Enum.Material.Fabric
SpecialMesh1617.Name = "BarkMesh"
SpecialMesh1617.Parent = Part1616
SpecialMesh1617.MeshId = "rbxassetid://623621260"
SpecialMesh1617.Offset = Vector3.new(0, 3.4100000858306885, 0)
SpecialMesh1617.TextureId = "rbxassetid://623618671"
SpecialMesh1617.MeshType = Enum.MeshType.FileMesh
Part1618.Name = "TreeMeshTop"
Part1618.Parent = Model1615
Part1618.CFrame = CFrame.new(-208.748444, 231.52507, -509.948853, 6.05738342e-06, 0.0904383585, -0.995902002, 0.142097831, 0.985796273, 0.08952149, 0.989852667, -0.141516075, -0.0128451204)
Part1618.Orientation = Vector3.new(-5.139999866485596, -90.73999786376953, 8.199999809265137)
Part1618.Position = Vector3.new(-208.74844360351562, 231.5250701904297, -509.9488525390625)
Part1618.Rotation = Vector3.new(-98.16999816894531, -84.80999755859375, -90)
Part1618.Transparency = 0.05000000074505806
Part1618.Size = Vector3.new(8.250000953674316, 0.2499980926513672, 7)
Part1618.Anchored = true
Part1618.CanCollide = false
Part1618.Material = Enum.Material.Fabric
SpecialMesh1619.Name = "TopTreeMesh"
SpecialMesh1619.Parent = Part1618
SpecialMesh1619.MeshId = "rbxassetid://623621456"
SpecialMesh1619.Offset = Vector3.new(0, 3.4100000858306885, 0)
SpecialMesh1619.Scale = Vector3.new(1.600000023841858, 1.600000023841858, 1.600000023841858)
SpecialMesh1619.TextureId = "rbxassetid://745556120"
SpecialMesh1619.MeshType = Enum.MeshType.FileMesh
Model1620.Name = "??"
Model1620.Parent = Folder0
Part1621.Name = "TreeMesh Bottom"
Part1621.Parent = Model1620
Part1621.CFrame = CFrame.new(-355.501343, 212.127869, -545.081543, 3.25070118e-06, -8.6486574e-07, -1.0000006, 0.000976759591, 0.999999285, -4.40861413e-07, 1.00000346, -0.000976874726, 3.2617188e-06)
Part1621.Orientation = Vector3.new(0, -90, 0.05999999865889549)
Part1621.Position = Vector3.new(-355.5013427734375, 212.12786865234375, -545.08154296875)
Part1621.Rotation = Vector3.new(-0.05999999865889549, -90, 0)
Part1621.Size = Vector3.new(8.250000953674316, 0.2499980926513672, 7)
Part1621.Anchored = true
Part1621.CanCollide = false
Part1621.Material = Enum.Material.Fabric
SpecialMesh1622.Name = "BarkMesh"
SpecialMesh1622.Parent = Part1621
SpecialMesh1622.MeshId = "rbxassetid://623621260"
SpecialMesh1622.Offset = Vector3.new(0, 3.4100000858306885, 0)
SpecialMesh1622.TextureId = "rbxassetid://623618671"
SpecialMesh1622.MeshType = Enum.MeshType.FileMesh
Part1623.Name = "TreeMeshTop"
Part1623.Parent = Model1620
Part1623.CFrame = CFrame.new(-355.499969, 242.267822, -545.111938, 6.05305149e-06, -1.46091247e-06, -1.0000006, 0.00097700546, 0.999999344, -1.05678873e-06, 1.00000346, -0.000977120595, 6.06524509e-06)
Part1623.Orientation = Vector3.new(0, -90, 0.05999999865889549)
Part1623.Position = Vector3.new(-355.4999694824219, 242.267822265625, -545.1119384765625)
Part1623.Rotation = Vector3.new(-0.05999999865889549, -90, 0)
Part1623.Transparency = 0.05000000074505806
Part1623.Size = Vector3.new(8.250000953674316, 0.2499980926513672, 7)
Part1623.Anchored = true
Part1623.CanCollide = false
Part1623.Material = Enum.Material.Fabric
SpecialMesh1624.Name = "TopTreeMesh"
SpecialMesh1624.Parent = Part1623
SpecialMesh1624.MeshId = "rbxassetid://623621456"
SpecialMesh1624.Offset = Vector3.new(0, 3.4100000858306885, 0)
SpecialMesh1624.Scale = Vector3.new(1.600000023841858, 1.600000023841858, 1.600000023841858)
SpecialMesh1624.TextureId = "rbxassetid://745556120"
SpecialMesh1624.MeshType = Enum.MeshType.FileMesh
Model1625.Name = "??"
Model1625.Parent = Folder0
Part1626.Name = "TreeMesh Bottom"
Part1626.Parent = Model1625
Part1626.CFrame = CFrame.new(-211.475677, 201.813492, -505.682678, 3.24430221e-06, 0.0904389545, -0.995902061, 0.142097846, 0.985796273, 0.0895216838, 0.989852607, -0.141515851, -0.0128479823)
Part1626.Orientation = Vector3.new(-5.139999866485596, -90.73999786376953, 8.199999809265137)
Part1626.Position = Vector3.new(-211.47567749023438, 201.81349182128906, -505.68267822265625)
Part1626.Rotation = Vector3.new(-98.16999816894531, -84.80999755859375, -90)
Part1626.Size = Vector3.new(8.250000953674316, 0.2499980926513672, 7)
Part1626.Anchored = true
Part1626.CanCollide = false
Part1626.Material = Enum.Material.Fabric
SpecialMesh1627.Name = "BarkMesh"
SpecialMesh1627.Parent = Part1626
SpecialMesh1627.MeshId = "rbxassetid://623621260"
SpecialMesh1627.Offset = Vector3.new(0, 3.4100000858306885, 0)
SpecialMesh1627.TextureId = "rbxassetid://623618671"
SpecialMesh1627.MeshType = Enum.MeshType.FileMesh
Part1628.Name = "TreeMeshTop"
Part1628.Parent = Model1625
Part1628.CFrame = CFrame.new(-208.748444, 231.52507, -509.948853, 6.05738342e-06, 0.0904383585, -0.995902002, 0.142097831, 0.985796273, 0.08952149, 0.989852667, -0.141516075, -0.0128451204)
Part1628.Orientation = Vector3.new(-5.139999866485596, -90.73999786376953, 8.199999809265137)
Part1628.Position = Vector3.new(-208.74844360351562, 231.5250701904297, -509.9488525390625)
Part1628.Rotation = Vector3.new(-98.16999816894531, -84.80999755859375, -90)
Part1628.Transparency = 0.05000000074505806
Part1628.Size = Vector3.new(8.250000953674316, 0.2499980926513672, 7)
Part1628.Anchored = true
Part1628.CanCollide = false
Part1628.Material = Enum.Material.Fabric
SpecialMesh1629.Name = "TopTreeMesh"
SpecialMesh1629.Parent = Part1628
SpecialMesh1629.MeshId = "rbxassetid://623621456"
SpecialMesh1629.Offset = Vector3.new(0, 3.4100000858306885, 0)
SpecialMesh1629.Scale = Vector3.new(1.600000023841858, 1.600000023841858, 1.600000023841858)
SpecialMesh1629.TextureId = "rbxassetid://745556120"
SpecialMesh1629.MeshType = Enum.MeshType.FileMesh
Model1630.Name = "??"
Model1630.Parent = Folder0
Part1631.Name = "TreeMesh Bottom"
Part1631.Parent = Model1630
Part1631.CFrame = CFrame.new(-355.501343, 212.127869, -545.081543, 3.25070118e-06, -8.6486574e-07, -1.0000006, 0.000976759591, 0.999999285, -4.40861413e-07, 1.00000346, -0.000976874726, 3.2617188e-06)
Part1631.Orientation = Vector3.new(0, -90, 0.05999999865889549)
Part1631.Position = Vector3.new(-355.5013427734375, 212.12786865234375, -545.08154296875)
Part1631.Rotation = Vector3.new(-0.05999999865889549, -90, 0)
Part1631.Size = Vector3.new(8.250000953674316, 0.2499980926513672, 7)
Part1631.Anchored = true
Part1631.CanCollide = false
Part1631.Material = Enum.Material.Fabric
SpecialMesh1632.Name = "BarkMesh"
SpecialMesh1632.Parent = Part1631
SpecialMesh1632.MeshId = "rbxassetid://623621260"
SpecialMesh1632.Offset = Vector3.new(0, 3.4100000858306885, 0)
SpecialMesh1632.TextureId = "rbxassetid://623618671"
SpecialMesh1632.MeshType = Enum.MeshType.FileMesh
Part1633.Name = "TreeMeshTop"
Part1633.Parent = Model1630
Part1633.CFrame = CFrame.new(-355.499969, 242.267822, -545.111938, 6.05305149e-06, -1.46091247e-06, -1.0000006, 0.00097700546, 0.999999344, -1.05678873e-06, 1.00000346, -0.000977120595, 6.06524509e-06)
Part1633.Orientation = Vector3.new(0, -90, 0.05999999865889549)
Part1633.Position = Vector3.new(-355.4999694824219, 242.267822265625, -545.1119384765625)
Part1633.Rotation = Vector3.new(-0.05999999865889549, -90, 0)
Part1633.Transparency = 0.05000000074505806
Part1633.Size = Vector3.new(8.250000953674316, 0.2499980926513672, 7)
Part1633.Anchored = true
Part1633.CanCollide = false
Part1633.Material = Enum.Material.Fabric
SpecialMesh1634.Name = "TopTreeMesh"
SpecialMesh1634.Parent = Part1633
SpecialMesh1634.MeshId = "rbxassetid://623621456"
SpecialMesh1634.Offset = Vector3.new(0, 3.4100000858306885, 0)
SpecialMesh1634.Scale = Vector3.new(1.600000023841858, 1.600000023841858, 1.600000023841858)
SpecialMesh1634.TextureId = "rbxassetid://745556120"
SpecialMesh1634.MeshType = Enum.MeshType.FileMesh
Model1635.Name = "??"
Model1635.Parent = Folder0
Part1636.Name = "TreeMesh Bottom"
Part1636.Parent = Model1635
Part1636.CFrame = CFrame.new(-282.501343, 212.124969, -482.874023, 3.25330188e-06, -7.60258274e-07, -1.00000024, 2.23517418e-07, 0.999999881, -5.48653702e-07, 1.00000191, -2.83122063e-07, 3.25867836e-06)
Part1636.Orientation = Vector3.new(0, -90, 0)
Part1636.Position = Vector3.new(-282.5013427734375, 212.12496948242188, -482.8740234375)
Part1636.Rotation = Vector3.new(0, -90, 0)
Part1636.Size = Vector3.new(8.250000953674316, 0.2499980926513672, 7)
Part1636.Anchored = true
Part1636.CanCollide = false
Part1636.Material = Enum.Material.Fabric
SpecialMesh1637.Name = "BarkMesh"
SpecialMesh1637.Parent = Part1636
SpecialMesh1637.MeshId = "rbxassetid://623621260"
SpecialMesh1637.Offset = Vector3.new(0, 3.4100000858306885, 0)
SpecialMesh1637.TextureId = "rbxassetid://623618671"
SpecialMesh1637.MeshType = Enum.MeshType.FileMesh
Part1638.Name = "TreeMeshTop"
Part1638.Parent = Model1635
Part1638.CFrame = CFrame.new(-282.499969, 242.264938, -482.874939, 6.05565128e-06, -1.35630478e-06, -1.00000024, 4.69386578e-07, 0.99999994, -1.16731849e-06, 1.00000191, -5.28991222e-07, 6.06159574e-06)
Part1638.Orientation = Vector3.new(0, -90, 0)
Part1638.Position = Vector3.new(-282.4999694824219, 242.2649383544922, -482.87493896484375)
Part1638.Rotation = Vector3.new(0, -90, 0)
Part1638.Transparency = 0.05000000074505806
Part1638.Size = Vector3.new(8.250000953674316, 0.2499980926513672, 7)
Part1638.Anchored = true
Part1638.CanCollide = false
Part1638.Material = Enum.Material.Fabric
SpecialMesh1639.Name = "TopTreeMesh"
SpecialMesh1639.Parent = Part1638
SpecialMesh1639.MeshId = "rbxassetid://623621456"
SpecialMesh1639.Offset = Vector3.new(0, 3.4100000858306885, 0)
SpecialMesh1639.Scale = Vector3.new(1.600000023841858, 1.600000023841858, 1.600000023841858)
SpecialMesh1639.TextureId = "rbxassetid://745556120"
SpecialMesh1639.MeshType = Enum.MeshType.FileMesh
Model1640.Name = "??"
Model1640.Parent = Folder0
Part1641.Name = "TreeMesh Bottom"
Part1641.Parent = Model1640
Part1641.CFrame = CFrame.new(-192.386841, 209.175369, -411.136139, 0.0109643191, 0.143572956, -0.989579082, 0.0753295049, 0.986707628, 0.143991143, 0.99709934, -0.0761232078, 3.29244267e-06)
Part1641.Orientation = Vector3.new(-8.279999732971191, -90, 4.369999885559082)
Part1641.Position = Vector3.new(-192.3868408203125, 209.1753692626953, -411.1361389160156)
Part1641.Rotation = Vector3.new(-90, -81.72000122070312, -85.62999725341797)
Part1641.Size = Vector3.new(8.250000953674316, 0.2499980926513672, 7)
Part1641.Anchored = true
Part1641.CanCollide = false
Part1641.Material = Enum.Material.Fabric
SpecialMesh1642.Name = "BarkMesh"
SpecialMesh1642.Parent = Part1641
SpecialMesh1642.MeshId = "rbxassetid://623621260"
SpecialMesh1642.Offset = Vector3.new(0, 3.4100000858306885, 0)
SpecialMesh1642.TextureId = "rbxassetid://623618671"
SpecialMesh1642.MeshType = Enum.MeshType.FileMesh
Part1643.Name = "TreeMeshTop"
Part1643.Parent = Model1640
Part1643.CFrame = CFrame.new(-188.058151, 238.914429, -413.431427, 0.010967128, 0.143572375, -0.989579082, 0.0753293484, 0.986707747, 0.143990725, 0.99709934, -0.0761234611, 6.13433667e-06)
Part1643.Orientation = Vector3.new(-8.279999732971191, -90, 4.369999885559082)
Part1643.Position = Vector3.new(-188.0581512451172, 238.9144287109375, -413.4314270019531)
Part1643.Rotation = Vector3.new(-90, -81.72000122070312, -85.62999725341797)
Part1643.Transparency = 0.05000000074505806
Part1643.Size = Vector3.new(8.250000953674316, 0.2499980926513672, 7)
Part1643.Anchored = true
Part1643.CanCollide = false
Part1643.Material = Enum.Material.Fabric
SpecialMesh1644.Name = "TopTreeMesh"
SpecialMesh1644.Parent = Part1643
SpecialMesh1644.MeshId = "rbxassetid://623621456"
SpecialMesh1644.Offset = Vector3.new(0, 3.4100000858306885, 0)
SpecialMesh1644.Scale = Vector3.new(1.600000023841858, 1.600000023841858, 1.600000023841858)
SpecialMesh1644.TextureId = "rbxassetid://745556120"
SpecialMesh1644.MeshType = Enum.MeshType.FileMesh
Model1645.Name = "??"
Model1645.Parent = Folder0
Part1646.Name = "TreeMesh Bottom"
Part1646.Parent = Model1645
Part1646.CFrame = CFrame.new(-282.501343, 212.124969, -482.874023, 3.25330188e-06, -7.60258274e-07, -1.00000024, 2.23517418e-07, 0.999999881, -5.48653702e-07, 1.00000191, -2.83122063e-07, 3.25867836e-06)
Part1646.Orientation = Vector3.new(0, -90, 0)
Part1646.Position = Vector3.new(-282.5013427734375, 212.12496948242188, -482.8740234375)
Part1646.Rotation = Vector3.new(0, -90, 0)
Part1646.Size = Vector3.new(8.250000953674316, 0.2499980926513672, 7)
Part1646.Anchored = true
Part1646.CanCollide = false
Part1646.Material = Enum.Material.Fabric
SpecialMesh1647.Name = "BarkMesh"
SpecialMesh1647.Parent = Part1646
SpecialMesh1647.MeshId = "rbxassetid://623621260"
SpecialMesh1647.Offset = Vector3.new(0, 3.4100000858306885, 0)
SpecialMesh1647.TextureId = "rbxassetid://623618671"
SpecialMesh1647.MeshType = Enum.MeshType.FileMesh
Part1648.Name = "TreeMeshTop"
Part1648.Parent = Model1645
Part1648.CFrame = CFrame.new(-282.499969, 242.264938, -482.874939, 6.05565128e-06, -1.35630478e-06, -1.00000024, 4.69386578e-07, 0.99999994, -1.16731849e-06, 1.00000191, -5.28991222e-07, 6.06159574e-06)
Part1648.Orientation = Vector3.new(0, -90, 0)
Part1648.Position = Vector3.new(-282.4999694824219, 242.2649383544922, -482.87493896484375)
Part1648.Rotation = Vector3.new(0, -90, 0)
Part1648.Transparency = 0.05000000074505806
Part1648.Size = Vector3.new(8.250000953674316, 0.2499980926513672, 7)
Part1648.Anchored = true
Part1648.CanCollide = false
Part1648.Material = Enum.Material.Fabric
SpecialMesh1649.Name = "TopTreeMesh"
SpecialMesh1649.Parent = Part1648
SpecialMesh1649.MeshId = "rbxassetid://623621456"
SpecialMesh1649.Offset = Vector3.new(0, 3.4100000858306885, 0)
SpecialMesh1649.Scale = Vector3.new(1.600000023841858, 1.600000023841858, 1.600000023841858)
SpecialMesh1649.TextureId = "rbxassetid://745556120"
SpecialMesh1649.MeshType = Enum.MeshType.FileMesh
Model1650.Name = "??"
Model1650.Parent = Folder0
Part1651.Name = "TreeMesh Bottom"
Part1651.Parent = Model1650
Part1651.CFrame = CFrame.new(-355.501343, 212.127869, -545.081543, 3.25070118e-06, -8.6486574e-07, -1.0000006, 0.000976759591, 0.999999285, -4.40861413e-07, 1.00000346, -0.000976874726, 3.2617188e-06)
Part1651.Orientation = Vector3.new(0, -90, 0.05999999865889549)
Part1651.Position = Vector3.new(-355.5013427734375, 212.12786865234375, -545.08154296875)
Part1651.Rotation = Vector3.new(-0.05999999865889549, -90, 0)
Part1651.Size = Vector3.new(8.250000953674316, 0.2499980926513672, 7)
Part1651.Anchored = true
Part1651.CanCollide = false
Part1651.Material = Enum.Material.Fabric
SpecialMesh1652.Name = "BarkMesh"
SpecialMesh1652.Parent = Part1651
SpecialMesh1652.MeshId = "rbxassetid://623621260"
SpecialMesh1652.Offset = Vector3.new(0, 3.4100000858306885, 0)
SpecialMesh1652.TextureId = "rbxassetid://623618671"
SpecialMesh1652.MeshType = Enum.MeshType.FileMesh
Part1653.Name = "TreeMeshTop"
Part1653.Parent = Model1650
Part1653.CFrame = CFrame.new(-355.499969, 242.267822, -545.111938, 6.05305149e-06, -1.46091247e-06, -1.0000006, 0.00097700546, 0.999999344, -1.05678873e-06, 1.00000346, -0.000977120595, 6.06524509e-06)
Part1653.Orientation = Vector3.new(0, -90, 0.05999999865889549)
Part1653.Position = Vector3.new(-355.4999694824219, 242.267822265625, -545.1119384765625)
Part1653.Rotation = Vector3.new(-0.05999999865889549, -90, 0)
Part1653.Transparency = 0.05000000074505806
Part1653.Size = Vector3.new(8.250000953674316, 0.2499980926513672, 7)
Part1653.Anchored = true
Part1653.CanCollide = false
Part1653.Material = Enum.Material.Fabric
SpecialMesh1654.Name = "TopTreeMesh"
SpecialMesh1654.Parent = Part1653
SpecialMesh1654.MeshId = "rbxassetid://623621456"
SpecialMesh1654.Offset = Vector3.new(0, 3.4100000858306885, 0)
SpecialMesh1654.Scale = Vector3.new(1.600000023841858, 1.600000023841858, 1.600000023841858)
SpecialMesh1654.TextureId = "rbxassetid://745556120"
SpecialMesh1654.MeshType = Enum.MeshType.FileMesh
Model1655.Name = "??"
Model1655.Parent = Folder0
Part1656.Name = "TreeMesh Bottom"
Part1656.Parent = Model1655
Part1656.CFrame = CFrame.new(-289.481903, 205.945175, -579.882385, 0.00987497903, 0.15217182, -0.988304973, 0.063978523, 0.986231923, 0.152491927, 0.997902572, -0.0647360682, 3.28929264e-06)
Part1656.Orientation = Vector3.new(-8.770000457763672, -90, 3.7100000381469727)
Part1656.Position = Vector3.new(-289.4819030761719, 205.94517517089844, -579.8823852539062)
Part1656.Rotation = Vector3.new(-90, -81.2300033569336, -86.29000091552734)
Part1656.Size = Vector3.new(8.250000953674316, 0.2499980926513672, 7)
Part1656.Anchored = true
Part1656.CanCollide = false
Part1656.Material = Enum.Material.Fabric
SpecialMesh1657.Name = "BarkMesh"
SpecialMesh1657.Parent = Part1656
SpecialMesh1657.MeshId = "rbxassetid://623621260"
SpecialMesh1657.Offset = Vector3.new(0, 3.4100000858306885, 0)
SpecialMesh1657.TextureId = "rbxassetid://623618671"
SpecialMesh1657.MeshType = Enum.MeshType.FileMesh
Part1658.Name = "TreeMeshTop"
Part1658.Parent = Model1655
Part1658.CFrame = CFrame.new(-284.894073, 235.669861, -581.834412, 0.00987778232, 0.152171224, -0.988304794, 0.0639783069, 0.986231983, 0.15249151, 0.997902632, -0.0647362843, 6.12725307e-06)
Part1658.Orientation = Vector3.new(-8.770000457763672, -90, 3.7100000381469727)
Part1658.Position = Vector3.new(-284.8940734863281, 235.66986083984375, -581.8344116210938)
Part1658.Rotation = Vector3.new(-90, -81.2300033569336, -86.29000091552734)
Part1658.Transparency = 0.05000000074505806
Part1658.Size = Vector3.new(8.250000953674316, 0.2499980926513672, 7)
Part1658.Anchored = true
Part1658.CanCollide = false
Part1658.Material = Enum.Material.Fabric
SpecialMesh1659.Name = "TopTreeMesh"
SpecialMesh1659.Parent = Part1658
SpecialMesh1659.MeshId = "rbxassetid://623621456"
SpecialMesh1659.Offset = Vector3.new(0, 3.4100000858306885, 0)
SpecialMesh1659.Scale = Vector3.new(1.600000023841858, 1.600000023841858, 1.600000023841858)
SpecialMesh1659.TextureId = "rbxassetid://745556120"
SpecialMesh1659.MeshType = Enum.MeshType.FileMesh
Model1660.Name = "??"
Model1660.Parent = Folder0
Part1661.Name = "TreeMesh Bottom"
Part1661.Parent = Model1660
Part1661.CFrame = CFrame.new(-397.686798, 210.137512, -631.875244, 0.000204494223, 0.0234295484, -0.99972564, 0.00858615339, 0.999688745, 0.0234304443, 0.999963164, -0.00858856738, 3.25962901e-06)
Part1661.Orientation = Vector3.new(-1.340000033378601, -90, 0.49000000953674316)
Part1661.Position = Vector3.new(-397.6867980957031, 210.13751220703125, -631.875244140625)
Part1661.Rotation = Vector3.new(-89.98999786376953, -88.66000366210938, -89.5)
Part1661.Size = Vector3.new(8.250000953674316, 0.2499980926513672, 7)
Part1661.Anchored = true
Part1661.CanCollide = false
Part1661.Material = Enum.Material.Fabric
SpecialMesh1662.Name = "BarkMesh"
SpecialMesh1662.Parent = Part1661
SpecialMesh1662.MeshId = "rbxassetid://623621260"
SpecialMesh1662.Offset = Vector3.new(0, 3.4100000858306885, 0)
SpecialMesh1662.TextureId = "rbxassetid://623618671"
SpecialMesh1662.MeshType = Enum.MeshType.FileMesh
Part1663.Name = "TreeMeshTop"
Part1663.Parent = Model1660
Part1663.CFrame = CFrame.new(-396.979218, 240.268021, -632.13501, 0.000207301229, 0.0234289505, -0.999725461, 0.0085863024, 0.999688745, 0.0234298762, 0.999963224, -0.00858879089, 6.07036054e-06)
Part1663.Orientation = Vector3.new(-1.340000033378601, -90, 0.49000000953674316)
Part1663.Position = Vector3.new(-396.9792175292969, 240.2680206298828, -632.135009765625)
Part1663.Rotation = Vector3.new(-89.98999786376953, -88.66000366210938, -89.48999786376953)
Part1663.Transparency = 0.05000000074505806
Part1663.Size = Vector3.new(8.250000953674316, 0.2499980926513672, 7)
Part1663.Anchored = true
Part1663.CanCollide = false
Part1663.Material = Enum.Material.Fabric
SpecialMesh1664.Name = "TopTreeMesh"
SpecialMesh1664.Parent = Part1663
SpecialMesh1664.MeshId = "rbxassetid://623621456"
SpecialMesh1664.Offset = Vector3.new(0, 3.4100000858306885, 0)
SpecialMesh1664.Scale = Vector3.new(1.600000023841858, 1.600000023841858, 1.600000023841858)
SpecialMesh1664.TextureId = "rbxassetid://745556120"
SpecialMesh1664.MeshType = Enum.MeshType.FileMesh
Model1665.Name = "??"
Model1665.Parent = Folder0
Part1666.Name = "TreeMesh Bottom"
Part1666.Parent = Model1665
Part1666.CFrame = CFrame.new(-397.686798, 210.137512, -631.875244, 0.000204494223, 0.0234295484, -0.99972564, 0.00858615339, 0.999688745, 0.0234304443, 0.999963164, -0.00858856738, 3.25962901e-06)
Part1666.Orientation = Vector3.new(-1.340000033378601, -90, 0.49000000953674316)
