SpecialMesh7037.Name = "TopTreeMesh"
SpecialMesh7037.Parent = Part7036
SpecialMesh7037.MeshId = "rbxassetid://623621456"
SpecialMesh7037.Offset = Vector3.new(0, 3.4100000858306885, 0)
SpecialMesh7037.Scale = Vector3.new(1.600000023841858, 1.600000023841858, 1.600000023841858)
SpecialMesh7037.TextureId = "rbxassetid://745556120"
SpecialMesh7037.MeshType = Enum.MeshType.FileMesh
Model7038.Name = "??"
Model7038.Parent = Folder0
Part7039.Name = "TreeMesh Bottom"
Part7039.Parent = Model7038
Part7039.CFrame = CFrame.new(3160.33862, 190.566681, 1769.45801, 0.938254237, -0.341015518, -0.0582126677, 0.345948488, 0.924875319, 0.157880098, -1.1920929e-07, -0.168269962, 0.985742092)
Part7039.Orientation = Vector3.new(-9.079999923706055, -3.380000114440918, 20.510000228881836)
Part7039.Position = Vector3.new(3160.338623046875, 190.56668090820312, 1769.4580078125)
Part7039.Rotation = Vector3.new(-9.100000381469727, -3.3399999141693115, 19.969999313354492)
Part7039.Size = Vector3.new(8.250000953674316, 0.2499980926513672, 7)
Part7039.Anchored = true
Part7039.CanCollide = false
Part7039.Material = Enum.Material.Fabric
SpecialMesh7040.Name = "BarkMesh"
SpecialMesh7040.Parent = Part7039
SpecialMesh7040.MeshId = "rbxassetid://623621260"
SpecialMesh7040.Offset = Vector3.new(0, 3.4100000858306885, 0)
SpecialMesh7040.TextureId = "rbxassetid://623618671"
SpecialMesh7040.MeshType = Enum.MeshType.FileMesh
Part7041.Name = "TreeMeshTop"
Part7041.Parent = Model7038
Part7041.CFrame = CFrame.new(3150.05981, 218.44223, 1764.38586, 0.938254237, -0.341015518, -0.0582126677, 0.345948488, 0.924875319, 0.157880098, -1.1920929e-07, -0.168269962, 0.985742092)
Part7041.Orientation = Vector3.new(-9.079999923706055, -3.380000114440918, 20.510000228881836)
Part7041.Position = Vector3.new(3150.059814453125, 218.44223022460938, 1764.3858642578125)
Part7041.Rotation = Vector3.new(-9.100000381469727, -3.3399999141693115, 19.969999313354492)
Part7041.Transparency = 0.05000000074505806
Part7041.Size = Vector3.new(8.250000953674316, 0.2499980926513672, 7)
Part7041.Anchored = true
Part7041.CanCollide = false
Part7041.Material = Enum.Material.Fabric
SpecialMesh7042.Name = "TopTreeMesh"
SpecialMesh7042.Parent = Part7041
SpecialMesh7042.MeshId = "rbxassetid://623621456"
SpecialMesh7042.Offset = Vector3.new(0, 3.4100000858306885, 0)
SpecialMesh7042.Scale = Vector3.new(1.600000023841858, 1.600000023841858, 1.600000023841858)
SpecialMesh7042.TextureId = "rbxassetid://745556120"
SpecialMesh7042.MeshType = Enum.MeshType.FileMesh
Model7043.Name = "??"
Model7043.Parent = Folder0
Part7044.Name = "TreeMesh Bottom"
Part7044.Parent = Model7043
Part7044.CFrame = CFrame.new(3085.88965, 189.459351, 2098.05347, 0.900461674, -0.433917791, -0.0297623277, 0.434937418, 0.898350477, 0.0616177619, -1.1920929e-07, -0.0684290305, 0.99765718)
Part7044.Orientation = Vector3.new(-3.5299999713897705, -1.7100000381469727, 25.829999923706055)
Part7044.Position = Vector3.new(3085.8896484375, 189.4593505859375, 2098.053466796875)
Part7044.Rotation = Vector3.new(-3.5299999713897705, -1.7100000381469727, 25.729999542236328)
Part7044.Size = Vector3.new(8.250000953674316, 0.2499980926513672, 7)
Part7044.Anchored = true
Part7044.CanCollide = false
Part7044.Material = Enum.Material.Fabric
SpecialMesh7045.Name = "BarkMesh"
SpecialMesh7045.Parent = Part7044
SpecialMesh7045.MeshId = "rbxassetid://623621260"
SpecialMesh7045.Offset = Vector3.new(0, 3.4100000858306885, 0)
SpecialMesh7045.TextureId = "rbxassetid://623618671"
SpecialMesh7045.MeshType = Enum.MeshType.FileMesh
Part7046.Name = "TreeMeshTop"
Part7046.Parent = Model7043
Part7046.CFrame = CFrame.new(3072.81104, 216.535461, 2095.99048, 0.900461674, -0.433917791, -0.0297623277, 0.434937418, 0.898350477, 0.0616177619, -1.1920929e-07, -0.0684290305, 0.99765718)
Part7046.Orientation = Vector3.new(-3.5299999713897705, -1.7100000381469727, 25.829999923706055)
Part7046.Position = Vector3.new(3072.81103515625, 216.53546142578125, 2095.990478515625)
Part7046.Rotation = Vector3.new(-3.5299999713897705, -1.7100000381469727, 25.729999542236328)
Part7046.Transparency = 0.05000000074505806
Part7046.Size = Vector3.new(8.250000953674316, 0.2499980926513672, 7)
Part7046.Anchored = true
Part7046.CanCollide = false
Part7046.Material = Enum.Material.Fabric
SpecialMesh7047.Name = "TopTreeMesh"
SpecialMesh7047.Parent = Part7046
SpecialMesh7047.MeshId = "rbxassetid://623621456"
SpecialMesh7047.Offset = Vector3.new(0, 3.4100000858306885, 0)
SpecialMesh7047.Scale = Vector3.new(1.600000023841858, 1.600000023841858, 1.600000023841858)
SpecialMesh7047.TextureId = "rbxassetid://745556120"
SpecialMesh7047.MeshType = Enum.MeshType.FileMesh
Model7048.Name = "??"
Model7048.Parent = Folder0
Part7049.Name = "TreeMesh Bottom"
Part7049.Parent = Model7048
Part7049.CFrame = CFrame.new(3101.00708, 196.441711, 2093.08765, -0.0297653675, -0.433038235, -0.900884748, 0.0616163909, 0.898774564, -0.434060186, 0.99765718, -0.0684290677, -7.01248646e-05)
Part7049.Orientation = Vector3.new(25.729999542236328, -90, 3.9200000762939453)
Part7049.Position = Vector3.new(3101.007080078125, 196.44171142578125, 2093.087646484375)
Part7049.Rotation = Vector3.new(90.01000213623047, -64.2699966430664, 93.93000030517578)
Part7049.Size = Vector3.new(8.250000953674316, 0.2499980926513672, 7)
Part7049.Anchored = true
Part7049.CanCollide = false
Part7049.Material = Enum.Material.Fabric
SpecialMesh7050.Name = "BarkMesh"
SpecialMesh7050.Parent = Part7049
SpecialMesh7050.MeshId = "rbxassetid://623621260"
SpecialMesh7050.Offset = Vector3.new(0, 3.4100000858306885, 0)
SpecialMesh7050.TextureId = "rbxassetid://623618671"
SpecialMesh7050.MeshType = Enum.MeshType.FileMesh
Part7051.Name = "TreeMeshTop"
Part7051.Parent = Model7048
Part7051.CFrame = CFrame.new(3087.95532, 223.530823, 2091.02441, -0.0297653675, -0.433038235, -0.900884748, 0.0616163909, 0.898774564, -0.434060186, 0.99765718, -0.0684290677, -7.01248646e-05)
Part7051.Orientation = Vector3.new(25.729999542236328, -90, 3.9200000762939453)
Part7051.Position = Vector3.new(3087.955322265625, 223.53082275390625, 2091.0244140625)
Part7051.Rotation = Vector3.new(90.01000213623047, -64.2699966430664, 93.93000030517578)
Part7051.Transparency = 0.05000000074505806
Part7051.Size = Vector3.new(8.250000953674316, 0.2499980926513672, 7)
Part7051.Anchored = true
Part7051.CanCollide = false
Part7051.Material = Enum.Material.Fabric
SpecialMesh7052.Name = "TopTreeMesh"
SpecialMesh7052.Parent = Part7051
SpecialMesh7052.MeshId = "rbxassetid://623621456"
SpecialMesh7052.Offset = Vector3.new(0, 3.4100000858306885, 0)
SpecialMesh7052.Scale = Vector3.new(1.600000023841858, 1.600000023841858, 1.600000023841858)
SpecialMesh7052.TextureId = "rbxassetid://745556120"
SpecialMesh7052.MeshType = Enum.MeshType.FileMesh
Model7053.Name = "??"
Model7053.Parent = Folder0
Part7054.Name = "TreeMesh Bottom"
Part7054.Parent = Model7053
Part7054.CFrame = CFrame.new(3141.83228, 162.102417, 1935.88757, -0.0277523398, -0.194121897, -0.980585337, 0.0929428264, 0.976212204, -0.195886821, 0.995285273, -0.0965745896, -0.00904983282)
Part7054.Orientation = Vector3.new(11.300000190734863, -90.52999877929688, 5.440000057220459)
Part7054.Position = Vector3.new(3141.832275390625, 162.1024169921875, 1935.8875732421875)
Part7054.Rotation = Vector3.new(92.6500015258789, -78.69000244140625, 98.13999938964844)
Part7054.Size = Vector3.new(8.250000953674316, 0.2499980926513672, 7)
Part7054.Anchored = true
Part7054.CanCollide = false
Part7054.Material = Enum.Material.Fabric
SpecialMesh7055.Name = "BarkMesh"
SpecialMesh7055.Parent = Part7054
SpecialMesh7055.MeshId = "rbxassetid://623621260"
SpecialMesh7055.Offset = Vector3.new(0, 3.4100000858306885, 0)
SpecialMesh7055.TextureId = "rbxassetid://623618671"
SpecialMesh7055.MeshType = Enum.MeshType.FileMesh
Part7056.Name = "TreeMeshTop"
Part7056.Parent = Model7053
Part7056.CFrame = CFrame.new(3135.98218, 191.525513, 1932.97583, -0.0277523398, -0.194121897, -0.980585337, 0.0929428264, 0.976212204, -0.195886821, 0.995285273, -0.0965745896, -0.00904983282)
Part7056.Orientation = Vector3.new(11.300000190734863, -90.52999877929688, 5.440000057220459)
Part7056.Position = Vector3.new(3135.982177734375, 191.5255126953125, 1932.975830078125)
Part7056.Rotation = Vector3.new(92.6500015258789, -78.69000244140625, 98.13999938964844)
Part7056.Transparency = 0.05000000074505806
Part7056.Size = Vector3.new(8.250000953674316, 0.2499980926513672, 7)
Part7056.Anchored = true
Part7056.CanCollide = false
Part7056.Material = Enum.Material.Fabric
SpecialMesh7057.Name = "TopTreeMesh"
SpecialMesh7057.Parent = Part7056
SpecialMesh7057.MeshId = "rbxassetid://623621456"
SpecialMesh7057.Offset = Vector3.new(0, 3.4100000858306885, 0)
SpecialMesh7057.Scale = Vector3.new(1.600000023841858, 1.600000023841858, 1.600000023841858)
SpecialMesh7057.TextureId = "rbxassetid://745556120"
SpecialMesh7057.MeshType = Enum.MeshType.FileMesh
Model7058.Name = "??"
Model7058.Parent = Folder0
Part7059.Name = "TreeMesh Bottom"
Part7059.Parent = Model7058
Part7059.CFrame = CFrame.new(3125.38159, 159.236023, 1940.69409, 0.980395436, -0.195079356, -0.0277489722, 0.19683969, 0.976020575, 0.0929434076, 0.00895214081, -0.0965832993, 0.995285332)
Part7059.Orientation = Vector3.new(-5.329999923706055, -1.600000023841858, 11.399999618530273)
Part7059.Position = Vector3.new(3125.381591796875, 159.23602294921875, 1940.694091796875)
Part7059.Rotation = Vector3.new(-5.340000152587891, -1.590000033378601, 11.25)
Part7059.Size = Vector3.new(8.250000953674316, 0.2499980926513672, 7)
Part7059.Anchored = true
Part7059.CanCollide = false
Part7059.Material = Enum.Material.Fabric
SpecialMesh7060.Name = "BarkMesh"
SpecialMesh7060.Parent = Part7059
SpecialMesh7060.MeshId = "rbxassetid://623621260"
SpecialMesh7060.Offset = Vector3.new(0, 3.4100000858306885, 0)
SpecialMesh7060.TextureId = "rbxassetid://623618671"
SpecialMesh7060.MeshType = Enum.MeshType.FileMesh
Part7061.Name = "TreeMeshTop"
Part7061.Parent = Model7058
Part7061.CFrame = CFrame.new(3119.50122, 188.653137, 1937.78284, 0.980395436, -0.195079356, -0.0277489722, 0.19683969, 0.976020575, 0.0929434076, 0.00895214081, -0.0965832993, 0.995285332)
Part7061.Orientation = Vector3.new(-5.329999923706055, -1.600000023841858, 11.399999618530273)
Part7061.Position = Vector3.new(3119.501220703125, 188.65313720703125, 1937.7828369140625)
Part7061.Rotation = Vector3.new(-5.340000152587891, -1.590000033378601, 11.25)
Part7061.Transparency = 0.05000000074505806
Part7061.Size = Vector3.new(8.250000953674316, 0.2499980926513672, 7)
Part7061.Anchored = true
Part7061.CanCollide = false
Part7061.Material = Enum.Material.Fabric
SpecialMesh7062.Name = "TopTreeMesh"
SpecialMesh7062.Parent = Part7061
SpecialMesh7062.MeshId = "rbxassetid://623621456"
SpecialMesh7062.Offset = Vector3.new(0, 3.4100000858306885, 0)
SpecialMesh7062.Scale = Vector3.new(1.600000023841858, 1.600000023841858, 1.600000023841858)
SpecialMesh7062.TextureId = "rbxassetid://745556120"
SpecialMesh7062.MeshType = Enum.MeshType.FileMesh
Model7063.Name = "??"
Model7063.Parent = Folder0
Part7064.Name = "TreeMesh Bottom"
Part7064.Parent = Model7063
Part7064.CFrame = CFrame.new(3077.52319, 180.784424, 2046.77368, 0.788311839, -0.433454603, 0.436672807, 0.340817958, 0.898512244, 0.276622683, -0.512259424, -0.0692388266, 0.85603714)
Part7064.Orientation = Vector3.new(-16.059999465942383, 27.030000686645508, 20.770000457763672)
Part7064.Position = Vector3.new(3077.523193359375, 180.784423828125, 2046.773681640625)
Part7064.Rotation = Vector3.new(-17.90999984741211, 25.889999389648438, 28.799999237060547)
Part7064.Size = Vector3.new(8.250000953674316, 0.2499980926513672, 7)
Part7064.Anchored = true
Part7064.CanCollide = false
Part7064.Material = Enum.Material.Fabric
SpecialMesh7065.Name = "BarkMesh"
SpecialMesh7065.Parent = Part7064
SpecialMesh7065.MeshId = "rbxassetid://623621260"
SpecialMesh7065.Offset = Vector3.new(0, 3.4100000858306885, 0)
SpecialMesh7065.TextureId = "rbxassetid://623618671"
SpecialMesh7065.MeshType = Enum.MeshType.FileMesh
Part7066.Name = "TreeMeshTop"
Part7066.Parent = Model7063
Part7066.CFrame = CFrame.new(3064.45801, 207.865173, 2044.68713, 0.788311839, -0.433454603, 0.436672807, 0.340817958, 0.898512244, 0.276622683, -0.512259424, -0.0692388266, 0.85603714)
Part7066.Orientation = Vector3.new(-16.059999465942383, 27.030000686645508, 20.770000457763672)
Part7066.Position = Vector3.new(3064.4580078125, 207.86517333984375, 2044.6871337890625)
Part7066.Rotation = Vector3.new(-17.90999984741211, 25.889999389648438, 28.799999237060547)
Part7066.Transparency = 0.05000000074505806
Part7066.Size = Vector3.new(8.250000953674316, 0.2499980926513672, 7)
Part7066.Anchored = true
Part7066.CanCollide = false
Part7066.Material = Enum.Material.Fabric
SpecialMesh7067.Name = "TopTreeMesh"
SpecialMesh7067.Parent = Part7066
SpecialMesh7067.MeshId = "rbxassetid://623621456"
SpecialMesh7067.Offset = Vector3.new(0, 3.4100000858306885, 0)
SpecialMesh7067.Scale = Vector3.new(1.600000023841858, 1.600000023841858, 1.600000023841858)
SpecialMesh7067.TextureId = "rbxassetid://745556120"
SpecialMesh7067.MeshType = Enum.MeshType.FileMesh
Model7068.Name = "??"
Model7068.Parent = Folder0
Part7069.Name = "TreeMesh Bottom"
Part7069.Parent = Model7068
Part7069.CFrame = CFrame.new(3071.96069, 177.666016, 2032.59436, 0.900461674, -0.433917463, -0.0297621191, 0.43493703, 0.898350656, 0.061617434, -5.96046448e-08, -0.0684286356, 0.997657299)
Part7069.Orientation = Vector3.new(-3.5299999713897705, -1.7100000381469727, 25.829999923706055)
Part7069.Position = Vector3.new(3071.960693359375, 177.666015625, 2032.5943603515625)
Part7069.Rotation = Vector3.new(-3.5299999713897705, -1.7100000381469727, 25.729999542236328)
Part7069.Size = Vector3.new(8.250000953674316, 0.2499980926513672, 7)
Part7069.Anchored = true
Part7069.CanCollide = false
Part7069.Material = Enum.Material.Fabric
SpecialMesh7070.Name = "BarkMesh"
SpecialMesh7070.Parent = Part7069
SpecialMesh7070.MeshId = "rbxassetid://623621260"
SpecialMesh7070.Offset = Vector3.new(0, 3.4100000858306885, 0)
SpecialMesh7070.TextureId = "rbxassetid://623618671"
SpecialMesh7070.MeshType = Enum.MeshType.FileMesh
Part7071.Name = "TreeMeshTop"
Part7071.Parent = Model7068
Part7071.CFrame = CFrame.new(3058.88135, 204.741821, 2030.53174, 0.900461674, -0.433917463, -0.0297621191, 0.43493703, 0.898350656, 0.061617434, -5.96046448e-08, -0.0684286356, 0.997657299)
Part7071.Orientation = Vector3.new(-3.5299999713897705, -1.7100000381469727, 25.829999923706055)
Part7071.Position = Vector3.new(3058.88134765625, 204.7418212890625, 2030.53173828125)
Part7071.Rotation = Vector3.new(-3.5299999713897705, -1.7100000381469727, 25.729999542236328)
Part7071.Transparency = 0.05000000074505806
Part7071.Size = Vector3.new(8.250000953674316, 0.2499980926513672, 7)
Part7071.Anchored = true
Part7071.CanCollide = false
Part7071.Material = Enum.Material.Fabric
SpecialMesh7072.Name = "TopTreeMesh"
SpecialMesh7072.Parent = Part7071
SpecialMesh7072.MeshId = "rbxassetid://623621456"
SpecialMesh7072.Offset = Vector3.new(0, 3.4100000858306885, 0)
SpecialMesh7072.Scale = Vector3.new(1.600000023841858, 1.600000023841858, 1.600000023841858)
SpecialMesh7072.TextureId = "rbxassetid://745556120"
SpecialMesh7072.MeshType = Enum.MeshType.FileMesh
Model7073.Name = "??"
Model7073.Parent = Folder0
Part7074.Name = "TreeMesh Bottom"
Part7074.Parent = Model7073
Part7074.CFrame = CFrame.new(3083.83569, 193.710892, 2166.89185, 0.900461674, -0.433917791, -0.0297623277, 0.434937418, 0.898350477, 0.0616177619, -1.1920929e-07, -0.0684290305, 0.99765718)
Part7074.Orientation = Vector3.new(-3.5299999713897705, -1.7100000381469727, 25.829999923706055)
Part7074.Position = Vector3.new(3083.835693359375, 193.7108917236328, 2166.891845703125)
Part7074.Rotation = Vector3.new(-3.5299999713897705, -1.7100000381469727, 25.729999542236328)
Part7074.Size = Vector3.new(8.250000953674316, 0.2499980926513672, 7)
Part7074.Anchored = true
Part7074.CanCollide = false
Part7074.Material = Enum.Material.Fabric
SpecialMesh7075.Name = "BarkMesh"
SpecialMesh7075.Parent = Part7074
SpecialMesh7075.MeshId = "rbxassetid://623621260"
SpecialMesh7075.Offset = Vector3.new(0, 3.4100000858306885, 0)
SpecialMesh7075.TextureId = "rbxassetid://623618671"
SpecialMesh7075.MeshType = Enum.MeshType.FileMesh
Part7076.Name = "TreeMeshTop"
Part7076.Parent = Model7073
Part7076.CFrame = CFrame.new(3070.75708, 220.787003, 2164.82886, 0.900461674, -0.433917791, -0.0297623277, 0.434937418, 0.898350477, 0.0616177619, -1.1920929e-07, -0.0684290305, 0.99765718)
Part7076.Orientation = Vector3.new(-3.5299999713897705, -1.7100000381469727, 25.829999923706055)
Part7076.Position = Vector3.new(3070.757080078125, 220.78700256347656, 2164.828857421875)
Part7076.Rotation = Vector3.new(-3.5299999713897705, -1.7100000381469727, 25.729999542236328)
Part7076.Transparency = 0.05000000074505806
Part7076.Size = Vector3.new(8.250000953674316, 0.2499980926513672, 7)
Part7076.Anchored = true
Part7076.CanCollide = false
Part7076.Material = Enum.Material.Fabric
SpecialMesh7077.Name = "TopTreeMesh"
SpecialMesh7077.Parent = Part7076
SpecialMesh7077.MeshId = "rbxassetid://623621456"
SpecialMesh7077.Offset = Vector3.new(0, 3.4100000858306885, 0)
SpecialMesh7077.Scale = Vector3.new(1.600000023841858, 1.600000023841858, 1.600000023841858)
SpecialMesh7077.TextureId = "rbxassetid://745556120"
SpecialMesh7077.MeshType = Enum.MeshType.FileMesh
Model7078.Name = "??"
Model7078.Parent = Folder0
Part7079.Name = "TreeMesh Bottom"
Part7079.Parent = Model7078
Part7079.CFrame = CFrame.new(3098.95312, 200.693253, 2161.92603, -0.0297653675, -0.433038235, -0.900884748, 0.0616163909, 0.898774564, -0.434060186, 0.99765718, -0.0684290677, -7.01248646e-05)
Part7079.Orientation = Vector3.new(25.729999542236328, -90, 3.9200000762939453)
Part7079.Position = Vector3.new(3098.953125, 200.69325256347656, 2161.926025390625)
Part7079.Rotation = Vector3.new(90.01000213623047, -64.2699966430664, 93.93000030517578)
Part7079.Size = Vector3.new(8.250000953674316, 0.2499980926513672, 7)
Part7079.Anchored = true
Part7079.CanCollide = false
Part7079.Material = Enum.Material.Fabric
SpecialMesh7080.Name = "BarkMesh"
SpecialMesh7080.Parent = Part7079
SpecialMesh7080.MeshId = "rbxassetid://623621260"
SpecialMesh7080.Offset = Vector3.new(0, 3.4100000858306885, 0)
SpecialMesh7080.TextureId = "rbxassetid://623618671"
SpecialMesh7080.MeshType = Enum.MeshType.FileMesh
Part7081.Name = "TreeMeshTop"
Part7081.Parent = Model7078
Part7081.CFrame = CFrame.new(3085.90137, 227.782364, 2159.86279, -0.0297653675, -0.433038235, -0.900884748, 0.0616163909, 0.898774564, -0.434060186, 0.99765718, -0.0684290677, -7.01248646e-05)
Part7081.Orientation = Vector3.new(25.729999542236328, -90, 3.9200000762939453)
Part7081.Position = Vector3.new(3085.9013671875, 227.78236389160156, 2159.86279296875)
Part7081.Rotation = Vector3.new(90.01000213623047, -64.2699966430664, 93.93000030517578)
Part7081.Transparency = 0.05000000074505806
Part7081.Size = Vector3.new(8.250000953674316, 0.2499980926513672, 7)
Part7081.Anchored = true
Part7081.CanCollide = false
Part7081.Material = Enum.Material.Fabric
SpecialMesh7082.Name = "TopTreeMesh"
SpecialMesh7082.Parent = Part7081
SpecialMesh7082.MeshId = "rbxassetid://623621456"
SpecialMesh7082.Offset = Vector3.new(0, 3.4100000858306885, 0)
SpecialMesh7082.Scale = Vector3.new(1.600000023841858, 1.600000023841858, 1.600000023841858)
SpecialMesh7082.TextureId = "rbxassetid://745556120"
SpecialMesh7082.MeshType = Enum.MeshType.FileMesh
Model7083.Name = "??"
Model7083.Parent = Folder0
Part7084.Name = "TreeMesh Bottom"
Part7084.Parent = Model7083
Part7084.CFrame = CFrame.new(3081.78198, 197.962418, 2235.73022, 0.900461674, -0.433917791, -0.0297623277, 0.434937418, 0.898350477, 0.0616177619, -1.1920929e-07, -0.0684290305, 0.99765718)
Part7084.Orientation = Vector3.new(-3.5299999713897705, -1.7100000381469727, 25.829999923706055)
Part7084.Position = Vector3.new(3081.781982421875, 197.96241760253906, 2235.730224609375)
Part7084.Rotation = Vector3.new(-3.5299999713897705, -1.7100000381469727, 25.729999542236328)
Part7084.Size = Vector3.new(8.250000953674316, 0.2499980926513672, 7)
Part7084.Anchored = true
Part7084.CanCollide = false
Part7084.Material = Enum.Material.Fabric
SpecialMesh7085.Name = "BarkMesh"
SpecialMesh7085.Parent = Part7084
SpecialMesh7085.MeshId = "rbxassetid://623621260"
SpecialMesh7085.Offset = Vector3.new(0, 3.4100000858306885, 0)
SpecialMesh7085.TextureId = "rbxassetid://623618671"
SpecialMesh7085.MeshType = Enum.MeshType.FileMesh
Part7086.Name = "TreeMeshTop"
Part7086.Parent = Model7083
Part7086.CFrame = CFrame.new(3068.70337, 225.038528, 2233.66724, 0.900461674, -0.433917791, -0.0297623277, 0.434937418, 0.898350477, 0.0616177619, -1.1920929e-07, -0.0684290305, 0.99765718)
Part7086.Orientation = Vector3.new(-3.5299999713897705, -1.7100000381469727, 25.829999923706055)
Part7086.Position = Vector3.new(3068.703369140625, 225.0385284423828, 2233.667236328125)
Part7086.Rotation = Vector3.new(-3.5299999713897705, -1.7100000381469727, 25.729999542236328)
Part7086.Transparency = 0.05000000074505806
Part7086.Size = Vector3.new(8.250000953674316, 0.2499980926513672, 7)
Part7086.Anchored = true
Part7086.CanCollide = false
Part7086.Material = Enum.Material.Fabric
SpecialMesh7087.Name = "TopTreeMesh"
SpecialMesh7087.Parent = Part7086
SpecialMesh7087.MeshId = "rbxassetid://623621456"
SpecialMesh7087.Offset = Vector3.new(0, 3.4100000858306885, 0)
SpecialMesh7087.Scale = Vector3.new(1.600000023841858, 1.600000023841858, 1.600000023841858)
SpecialMesh7087.TextureId = "rbxassetid://745556120"
SpecialMesh7087.MeshType = Enum.MeshType.FileMesh
Model7088.Name = "??"
Model7088.Parent = Folder0
Part7089.Name = "TreeMesh Bottom"
Part7089.Parent = Model7088
Part7089.CFrame = CFrame.new(3096.89941, 204.944778, 2230.7644, -0.0297653675, -0.433038235, -0.900884748, 0.0616163909, 0.898774564, -0.434060186, 0.99765718, -0.0684290677, -7.01248646e-05)
Part7089.Orientation = Vector3.new(25.729999542236328, -90, 3.9200000762939453)
Part7089.Position = Vector3.new(3096.8994140625, 204.9447784423828, 2230.764404296875)
Part7089.Rotation = Vector3.new(90.01000213623047, -64.2699966430664, 93.93000030517578)
Part7089.Size = Vector3.new(8.250000953674316, 0.2499980926513672, 7)
Part7089.Anchored = true
Part7089.CanCollide = false
Part7089.Material = Enum.Material.Fabric
SpecialMesh7090.Name = "BarkMesh"
SpecialMesh7090.Parent = Part7089
SpecialMesh7090.MeshId = "rbxassetid://623621260"
SpecialMesh7090.Offset = Vector3.new(0, 3.4100000858306885, 0)
SpecialMesh7090.TextureId = "rbxassetid://623618671"
SpecialMesh7090.MeshType = Enum.MeshType.FileMesh
Part7091.Name = "TreeMeshTop"
Part7091.Parent = Model7088
Part7091.CFrame = CFrame.new(3083.84766, 232.03389, 2228.70117, -0.0297653675, -0.433038235, -0.900884748, 0.0616163909, 0.898774564, -0.434060186, 0.99765718, -0.0684290677, -7.01248646e-05)
Part7091.Orientation = Vector3.new(25.729999542236328, -90, 3.9200000762939453)
Part7091.Position = Vector3.new(3083.84765625, 232.0338897705078, 2228.701171875)
Part7091.Rotation = Vector3.new(90.01000213623047, -64.2699966430664, 93.93000030517578)
Part7091.Transparency = 0.05000000074505806
Part7091.Size = Vector3.new(8.250000953674316, 0.2499980926513672, 7)
Part7091.Anchored = true
Part7091.CanCollide = false
Part7091.Material = Enum.Material.Fabric
SpecialMesh7092.Name = "TopTreeMesh"
SpecialMesh7092.Parent = Part7091
SpecialMesh7092.MeshId = "rbxassetid://623621456"
SpecialMesh7092.Offset = Vector3.new(0, 3.4100000858306885, 0)
SpecialMesh7092.Scale = Vector3.new(1.600000023841858, 1.600000023841858, 1.600000023841858)
SpecialMesh7092.TextureId = "rbxassetid://745556120"
SpecialMesh7092.MeshType = Enum.MeshType.FileMesh
Model7093.Name = "??"
Model7093.Parent = Folder0
Part7094.Name = "TreeMesh Bottom"
Part7094.Parent = Model7093
Part7094.CFrame = CFrame.new(3570.10278, 359.237793, 3059.25342, 0.270949006, -0.186815053, 0.94429481, -0.034417823, 0.978482008, 0.203454405, -0.961979628, -0.0876262113, 0.258688867)
Part7094.Orientation = Vector3.new(-11.739999771118164, 74.68000030517578, -2.009999990463257)
Part7094.Position = Vector3.new(3570.102783203125, 359.23779296875, 3059.25341796875)
Part7094.Rotation = Vector3.new(-38.18000030517578, 70.79000091552734, 34.59000015258789)
Part7094.Size = Vector3.new(8.250000953674316, 0.2499980926513672, 7)
Part7094.Anchored = true
Part7094.CanCollide = false
Part7094.Material = Enum.Material.Fabric
SpecialMesh7095.Name = "BarkMesh"
SpecialMesh7095.Parent = Part7094
SpecialMesh7095.MeshId = "rbxassetid://623621260"
SpecialMesh7095.Offset = Vector3.new(0, 3.4100000858306885, 0)
SpecialMesh7095.TextureId = "rbxassetid://623618671"
SpecialMesh7095.MeshType = Enum.MeshType.FileMesh
Part7096.Name = "TreeMeshTop"
Part7096.Parent = Model7093
Part7096.CFrame = CFrame.new(3564.46997, 388.729004, 3056.61279, 0.270947099, -0.186815813, 0.944295287, -0.0344179049, 0.978481829, 0.203455061, -0.961980224, -0.0876260698, 0.25868687)
Part7096.Orientation = Vector3.new(-11.739999771118164, 74.68000030517578, -2.009999990463257)
Part7096.Position = Vector3.new(3564.469970703125, 388.72900390625, 3056.61279296875)
Part7096.Rotation = Vector3.new(-38.18000030517578, 70.79000091552734, 34.59000015258789)
Part7096.Transparency = 0.05000000074505806
Part7096.Size = Vector3.new(8.250000953674316, 0.2499980926513672, 7)
Part7096.Anchored = true
Part7096.CanCollide = false
Part7096.Material = Enum.Material.Fabric
SpecialMesh7097.Name = "TopTreeMesh"
SpecialMesh7097.Parent = Part7096
SpecialMesh7097.MeshId = "rbxassetid://623621456"
SpecialMesh7097.Offset = Vector3.new(0, 3.4100000858306885, 0)
SpecialMesh7097.Scale = Vector3.new(1.600000023841858, 1.600000023841858, 1.600000023841858)
SpecialMesh7097.TextureId = "rbxassetid://745556120"
SpecialMesh7097.MeshType = Enum.MeshType.FileMesh
Model7098.Name = "??"
Model7098.Parent = Folder0
Part7099.Name = "TreeMesh Bottom"
Part7099.Parent = Model7098
Part7099.CFrame = CFrame.new(3525.25122, 350.119171, 3049.17432, 0.278891265, -0.289499581, 0.915650368, -0.0240302868, 0.95107913, 0.308020622, -0.960023522, -0.107907422, 0.258290797)
Part7099.Orientation = Vector3.new(-17.940000534057617, 74.25, -1.4500000476837158)
Part7099.Position = Vector3.new(3525.251220703125, 350.1191711425781, 3049.17431640625)
Part7099.Rotation = Vector3.new(-50.02000045776367, 66.30000305175781, 46.06999969482422)
Part7099.Size = Vector3.new(8.250000953674316, 0.2499980926513672, 7)
Part7099.Anchored = true
Part7099.CanCollide = false
Part7099.Material = Enum.Material.Fabric
SpecialMesh7100.Name = "BarkMesh"
SpecialMesh7100.Parent = Part7099
SpecialMesh7100.MeshId = "rbxassetid://623621260"
SpecialMesh7100.Offset = Vector3.new(0, 3.4100000858306885, 0)
SpecialMesh7100.TextureId = "rbxassetid://623618671"
SpecialMesh7100.MeshType = Enum.MeshType.FileMesh
Part7101.Name = "TreeMeshTop"
Part7101.Parent = Model7098
Part7101.CFrame = CFrame.new(3516.52344, 378.78421, 3045.92261, 0.278889388, -0.289500326, 0.915650785, -0.024030583, 0.951078892, 0.308021277, -0.960024118, -0.10790728, 0.258288801)
Part7101.Orientation = Vector3.new(-17.940000534057617, 74.25, -1.4500000476837158)
Part7101.Position = Vector3.new(3516.5234375, 378.7842102050781, 3045.922607421875)
Part7101.Rotation = Vector3.new(-50.02000045776367, 66.30000305175781, 46.06999969482422)
Part7101.Transparency = 0.05000000074505806
Part7101.Size = Vector3.new(8.250000953674316, 0.2499980926513672, 7)
Part7101.Anchored = true
Part7101.CanCollide = false
Part7101.Material = Enum.Material.Fabric
SpecialMesh7102.Name = "TopTreeMesh"
SpecialMesh7102.Parent = Part7101
SpecialMesh7102.MeshId = "rbxassetid://623621456"
SpecialMesh7102.Offset = Vector3.new(0, 3.4100000858306885, 0)
SpecialMesh7102.Scale = Vector3.new(1.600000023841858, 1.600000023841858, 1.600000023841858)
SpecialMesh7102.TextureId = "rbxassetid://745556120"
SpecialMesh7102.MeshType = Enum.MeshType.FileMesh
Model7103.Name = "??"
Model7103.Parent = Folder0
Part7104.Name = "TreeMesh Bottom"
Part7104.Parent = Model7103
Part7104.CFrame = CFrame.new(3524.99341, 345.456146, 3155.88159, 0.291455507, -0.284066737, 0.913436353, -0.0663787425, 0.946585655, 0.315556079, -0.954280257, -0.152603015, 0.257031441)
Part7104.Orientation = Vector3.new(-18.389999389648438, 74.27999877929688, -4.010000228881836)
Part7104.Position = Vector3.new(3524.993408203125, 345.4561462402344, 3155.881591796875)
Part7104.Rotation = Vector3.new(-50.84000015258789, 65.9800033569336, 44.2599983215332)
Part7104.Size = Vector3.new(8.250000953674316, 0.2499980926513672, 7)
Part7104.Anchored = true
Part7104.CanCollide = false
Part7104.Material = Enum.Material.Fabric
SpecialMesh7105.Name = "BarkMesh"
SpecialMesh7105.Parent = Part7104
SpecialMesh7105.MeshId = "rbxassetid://623621260"
SpecialMesh7105.Offset = Vector3.new(0, 3.4100000858306885, 0)
SpecialMesh7105.TextureId = "rbxassetid://623618671"
SpecialMesh7105.MeshType = Enum.MeshType.FileMesh
Part7106.Name = "TreeMeshTop"
Part7106.Parent = Model7103
Part7106.CFrame = CFrame.new(3516.42944, 373.985809, 3151.28296, 0.29145363, -0.284067482, 0.91343683, -0.0663790554, 0.946585417, 0.315556616, -0.954280853, -0.152602881, 0.257029414)
Part7106.Orientation = Vector3.new(-18.389999389648438, 74.27999877929688, -4.010000228881836)
Part7106.Position = Vector3.new(3516.429443359375, 373.9858093261719, 3151.282958984375)
Part7106.Rotation = Vector3.new(-50.84000015258789, 65.9800033569336, 44.2599983215332)
Part7106.Transparency = 0.05000000074505806
Part7106.Size = Vector3.new(8.250000953674316, 0.2499980926513672, 7)
Part7106.Anchored = true
Part7106.CanCollide = false
Part7106.Material = Enum.Material.Fabric
SpecialMesh7107.Name = "TopTreeMesh"
SpecialMesh7107.Parent = Part7106
SpecialMesh7107.MeshId = "rbxassetid://623621456"
SpecialMesh7107.Offset = Vector3.new(0, 3.4100000858306885, 0)
SpecialMesh7107.Scale = Vector3.new(1.600000023841858, 1.600000023841858, 1.600000023841858)
SpecialMesh7107.TextureId = "rbxassetid://745556120"
SpecialMesh7107.MeshType = Enum.MeshType.FileMesh
Model7108.Name = "??"
Model7108.Parent = Folder0
Part7109.Name = "TreeMesh Bottom"
Part7109.Parent = Model7108
Part7109.CFrame = CFrame.new(2137.25317, 287.395813, 3362.82007, 6.26780093e-07, 0.186429828, -0.982468545, 0.542363822, 0.825414598, 0.156628236, 0.84014374, -0.532855392, -0.101112328)
Part7109.Orientation = Vector3.new(-9.010000228881836, -95.87999725341797, 33.310001373291016)
Part7109.Position = Vector3.new(2137.253173828125, 287.39581298828125, 3362.820068359375)
Part7109.Rotation = Vector3.new(-122.83999633789062, -79.26000213623047, -90)
Part7109.Size = Vector3.new(8.250000953674316, 0.2499980926513672, 7)
Part7109.Anchored = true
Part7109.CanCollide = false
Part7109.Material = Enum.Material.Fabric
SpecialMesh7110.Name = "BarkMesh"
SpecialMesh7110.Parent = Part7109
SpecialMesh7110.MeshId = "rbxassetid://623621260"
SpecialMesh7110.Offset = Vector3.new(0, 3.4100000858306885, 0)
SpecialMesh7110.TextureId = "rbxassetid://623618671"
SpecialMesh7110.MeshType = Enum.MeshType.FileMesh
Part7111.Name = "TreeMeshTop"
Part7111.Parent = Model7108
Part7111.CFrame = CFrame.new(2142.87451, 312.273499, 3346.76001, 6.26780093e-07, 0.186429828, -0.982468545, 0.542363822, 0.825414598, 0.156628236, 0.84014374, -0.532855392, -0.101112328)
Part7111.Orientation = Vector3.new(-9.010000228881836, -95.87999725341797, 33.310001373291016)
Part7111.Position = Vector3.new(2142.87451171875, 312.27349853515625, 3346.760009765625)
Part7111.Rotation = Vector3.new(-122.83999633789062, -79.26000213623047, -90)
Part7111.Transparency = 0.05000000074505806
Part7111.Size = Vector3.new(8.250000953674316, 0.2499980926513672, 7)
Part7111.Anchored = true
Part7111.CanCollide = false
Part7111.Material = Enum.Material.Fabric
SpecialMesh7112.Name = "TopTreeMesh"
SpecialMesh7112.Parent = Part7111
SpecialMesh7112.MeshId = "rbxassetid://623621456"
SpecialMesh7112.Offset = Vector3.new(0, 3.4100000858306885, 0)
SpecialMesh7112.Scale = Vector3.new(1.600000023841858, 1.600000023841858, 1.600000023841858)
SpecialMesh7112.TextureId = "rbxassetid://745556120"
SpecialMesh7112.MeshType = Enum.MeshType.FileMesh
Model7113.Name = "??"
Model7113.Parent = Folder0
Part7114.Name = "TreeMesh Bottom"
Part7114.Parent = Model7113
Part7114.CFrame = CFrame.new(2088.69897, 288.047424, 3351.48657, -0.0344000272, 0.0995139554, -0.994441748, 0.788635731, 0.613911569, 0.0341535471, 0.6138978, -0.783077121, -0.0995988771)
Part7114.Orientation = Vector3.new(-1.9600000381469727, -95.72000122070312, 52.099998474121094)
Part7114.Position = Vector3.new(2088.698974609375, 288.04742431640625, 3351.486572265625)
Part7114.Rotation = Vector3.new(-161.07000732421875, -83.95999908447266, -109.06999969482422)
Part7114.Size = Vector3.new(8.250000953674316, 0.2499980926513672, 7)
Part7114.Anchored = true
Part7114.CanCollide = false
Part7114.Material = Enum.Material.Fabric
SpecialMesh7115.Name = "BarkMesh"
SpecialMesh7115.Parent = Part7114
SpecialMesh7115.MeshId = "rbxassetid://623621260"
SpecialMesh7115.Offset = Vector3.new(0, 3.4100000858306885, 0)
SpecialMesh7115.TextureId = "rbxassetid://623618671"
SpecialMesh7115.MeshType = Enum.MeshType.FileMesh
Part7116.Name = "TreeMeshTop"
Part7116.Parent = Model7113
Part7116.CFrame = CFrame.new(2091.70068, 306.550354, 3327.8855, -0.0344000272, 0.0995139554, -0.994441748, 0.788635731, 0.613911569, 0.0341535471, 0.6138978, -0.783077121, -0.0995988771)
Part7116.Orientation = Vector3.new(-1.9600000381469727, -95.72000122070312, 52.099998474121094)
Part7116.Position = Vector3.new(2091.70068359375, 306.55035400390625, 3327.885498046875)
Part7116.Rotation = Vector3.new(-161.07000732421875, -83.95999908447266, -109.06999969482422)
Part7116.Transparency = 0.05000000074505806
Part7116.Size = Vector3.new(8.250000953674316, 0.2499980926513672, 7)
Part7116.Anchored = true
Part7116.CanCollide = false
Part7116.Material = Enum.Material.Fabric
SpecialMesh7117.Name = "TopTreeMesh"
SpecialMesh7117.Parent = Part7116
SpecialMesh7117.MeshId = "rbxassetid://623621456"
SpecialMesh7117.Offset = Vector3.new(0, 3.4100000858306885, 0)
SpecialMesh7117.Scale = Vector3.new(1.600000023841858, 1.600000023841858, 1.600000023841858)
SpecialMesh7117.TextureId = "rbxassetid://745556120"
SpecialMesh7117.MeshType = Enum.MeshType.FileMesh
Model7118.Name = "??"
Model7118.Parent = Folder0
Part7119.Name = "TreeMesh Bottom"
Part7119.Parent = Model7118
Part7119.CFrame = CFrame.new(1929.57483, 328.283539, 3351.93164, 0.0344299078, 0.291644663, -0.955907404, 0.772092998, 0.599553704, 0.2107317, 0.63457638, -0.745304585, -0.204534322)
Part7119.Orientation = Vector3.new(-12.170000076293945, -102.08000183105469, 52.16999816894531)
Part7119.Position = Vector3.new(1929.5748291015625, 328.2835388183594, 3351.931640625)
Part7119.Rotation = Vector3.new(-134.13999938964844, -72.91999816894531, -83.2699966430664)
Part7119.Size = Vector3.new(8.250000953674316, 0.2499980926513672, 7)
Part7119.Anchored = true
Part7119.CanCollide = false
Part7119.Material = Enum.Material.Fabric
SpecialMesh7120.Name = "BarkMesh"
SpecialMesh7120.Parent = Part7119
SpecialMesh7120.MeshId = "rbxassetid://623621260"
SpecialMesh7120.Offset = Vector3.new(0, 3.4100000858306885, 0)
SpecialMesh7120.TextureId = "rbxassetid://623618671"
SpecialMesh7120.MeshType = Enum.MeshType.FileMesh
Part7121.Name = "TreeMeshTop"
Part7121.Parent = Model7118
Part7121.CFrame = CFrame.new(1938.36719, 346.353241, 3329.46924, 0.0344299078, 0.291644663, -0.955907404, 0.772092998, 0.599553704, 0.2107317, 0.63457638, -0.745304585, -0.204534322)
Part7121.Orientation = Vector3.new(-12.170000076293945, -102.08000183105469, 52.16999816894531)
Part7121.Position = Vector3.new(1938.3671875, 346.3532409667969, 3329.46923828125)
Part7121.Rotation = Vector3.new(-134.13999938964844, -72.91999816894531, -83.2699966430664)
Part7121.Transparency = 0.05000000074505806
Part7121.Size = Vector3.new(8.250000953674316, 0.2499980926513672, 7)
Part7121.Anchored = true
Part7121.CanCollide = false
Part7121.Material = Enum.Material.Fabric
SpecialMesh7122.Name = "TopTreeMesh"
SpecialMesh7122.Parent = Part7121
SpecialMesh7122.MeshId = "rbxassetid://623621456"
SpecialMesh7122.Offset = Vector3.new(0, 3.4100000858306885, 0)
SpecialMesh7122.Scale = Vector3.new(1.600000023841858, 1.600000023841858, 1.600000023841858)
SpecialMesh7122.TextureId = "rbxassetid://745556120"
SpecialMesh7122.MeshType = Enum.MeshType.FileMesh
Model7123.Name = "??"
Model7123.Parent = Folder0
Part7124.Name = "TreeMesh Bottom"
Part7124.Parent = Model7123
Part7124.CFrame = CFrame.new(1975.69885, 318.887543, 3368.38354, 5.21540642e-07, 0.385358095, -0.92276752, 0.519916475, 0.788243413, 0.329179883, 0.854217172, -0.479762107, -0.200353682)
Part7124.Orientation = Vector3.new(-19.219999313354492, -102.25, 33.40999984741211)
Part7124.Position = Vector3.new(1975.6988525390625, 318.8875427246094, 3368.383544921875)
Part7124.Rotation = Vector3.new(-121.33000183105469, -67.33000183105469, -90)
Part7124.Size = Vector3.new(8.250000953674316, 0.2499980926513672, 7)
Part7124.Anchored = true
Part7124.CanCollide = false
Part7124.Material = Enum.Material.Fabric
SpecialMesh7125.Name = "BarkMesh"
SpecialMesh7125.Parent = Part7124
SpecialMesh7125.MeshId = "rbxassetid://623621260"
SpecialMesh7125.Offset = Vector3.new(0, 3.4100000858306885, 0)
SpecialMesh7125.TextureId = "rbxassetid://623618671"
SpecialMesh7125.MeshType = Enum.MeshType.FileMesh
Part7126.Name = "TreeMeshTop"
Part7126.Parent = Model7123
Part7126.CFrame = CFrame.new(1987.3158, 342.64444, 3353.92407, 5.21540642e-07, 0.385358095, -0.92276752, 0.519916475, 0.788243413, 0.329179883, 0.854217172, -0.479762107, -0.200353682)
Part7126.Orientation = Vector3.new(-19.219999313354492, -102.25, 33.40999984741211)
Part7126.Position = Vector3.new(1987.3157958984375, 342.6444396972656, 3353.924072265625)
Part7126.Rotation = Vector3.new(-121.33000183105469, -67.33000183105469, -90)
Part7126.Transparency = 0.05000000074505806
Part7126.Size = Vector3.new(8.250000953674316, 0.2499980926513672, 7)
Part7126.Anchored = true
Part7126.CanCollide = false
Part7126.Material = Enum.Material.Fabric
SpecialMesh7127.Name = "TopTreeMesh"
SpecialMesh7127.Parent = Part7126
SpecialMesh7127.MeshId = "rbxassetid://623621456"
SpecialMesh7127.Offset = Vector3.new(0, 3.4100000858306885, 0)
SpecialMesh7127.Scale = Vector3.new(1.600000023841858, 1.600000023841858, 1.600000023841858)
SpecialMesh7127.TextureId = "rbxassetid://745556120"
SpecialMesh7127.MeshType = Enum.MeshType.FileMesh
Model7128.Name = "??"
Model7128.Parent = Folder0
Part7129.Name = "TreeMesh Bottom"
Part7129.Parent = Model7128
Part7129.CFrame = CFrame.new(1929.57483, 290.849518, 3290.42798, 0.0344299078, 0.291644663, -0.955907404, 0.772092998, 0.599553704, 0.2107317, 0.63457638, -0.745304585, -0.204534322)
Part7129.Orientation = Vector3.new(-12.170000076293945, -102.08000183105469, 52.16999816894531)
Part7129.Position = Vector3.new(1929.5748291015625, 290.8495178222656, 3290.427978515625)
Part7129.Rotation = Vector3.new(-134.13999938964844, -72.91999816894531, -83.2699966430664)
Part7129.Size = Vector3.new(8.250000953674316, 0.2499980926513672, 7)
Part7129.Anchored = true
Part7129.CanCollide = false
Part7129.Material = Enum.Material.Fabric
SpecialMesh7130.Name = "BarkMesh"
SpecialMesh7130.Parent = Part7129
SpecialMesh7130.MeshId = "rbxassetid://623621260"
SpecialMesh7130.Offset = Vector3.new(0, 3.4100000858306885, 0)
SpecialMesh7130.TextureId = "rbxassetid://623618671"
SpecialMesh7130.MeshType = Enum.MeshType.FileMesh
Part7131.Name = "TreeMeshTop"
Part7131.Parent = Model7128
Part7131.CFrame = CFrame.new(1938.36719, 308.91922, 3267.96558, 0.0344299078, 0.291644663, -0.955907404, 0.772092998, 0.599553704, 0.2107317, 0.63457638, -0.745304585, -0.204534322)
Part7131.Orientation = Vector3.new(-12.170000076293945, -102.08000183105469, 52.16999816894531)
Part7131.Position = Vector3.new(1938.3671875, 308.9192199707031, 3267.965576171875)
