SpecialMesh5908.Name = "TopTreeMesh"
SpecialMesh5908.Parent = Part5907
SpecialMesh5908.MeshId = "rbxassetid://623621456"
SpecialMesh5908.Offset = Vector3.new(0, 3.4100000858306885, 0)
SpecialMesh5908.Scale = Vector3.new(1.600000023841858, 1.600000023841858, 1.600000023841858)
SpecialMesh5908.TextureId = "rbxassetid://745556120"
SpecialMesh5908.MeshType = Enum.MeshType.FileMesh
Model5909.Name = "??"
Model5909.Parent = Folder0
Part5910.Name = "TreeMesh Bottom"
Part5910.Parent = Model5909
Part5910.CFrame = CFrame.new(1827.74829, 104.141457, -196.163605, 0.680369496, 0.069581911, -0.729558349, 0.114693046, 0.97310698, 0.19977054, 0.723838806, -0.219593078, 0.654091835)
Part5910.Orientation = Vector3.new(-11.520000457763672, -48.119998931884766, 6.71999979019165)
Part5910.Position = Vector3.new(1827.748291015625, 104.1414566040039, -196.16360473632812)
Part5910.Rotation = Vector3.new(-16.979999542236328, -46.849998474121094, -5.840000152587891)
Part5910.Size = Vector3.new(8.250000953674316, 0.2499980926513672, 7)
Part5910.Anchored = true
Part5910.CanCollide = false
Part5910.Material = Enum.Material.Fabric
SpecialMesh5911.Name = "BarkMesh"
SpecialMesh5911.Parent = Part5910
SpecialMesh5911.MeshId = "rbxassetid://623621260"
SpecialMesh5911.Offset = Vector3.new(0, 3.4100000858306885, 0)
SpecialMesh5911.TextureId = "rbxassetid://623618671"
SpecialMesh5911.MeshType = Enum.MeshType.FileMesh
Part5912.Name = "TreeMeshTop"
Part5912.Parent = Model5909
Part5912.CFrame = CFrame.new(1827.74939, 134.281509, -196.164459, 0.680369496, 0.069581911, -0.729558349, 0.114693046, 0.97310698, 0.19977054, 0.723838806, -0.219593078, 0.654091835)
Part5912.Orientation = Vector3.new(-11.520000457763672, -48.119998931884766, 6.71999979019165)
Part5912.Position = Vector3.new(1827.7493896484375, 134.28150939941406, -196.16445922851562)
Part5912.Rotation = Vector3.new(-16.979999542236328, -46.849998474121094, -5.840000152587891)
Part5912.Transparency = 0.05000000074505806
Part5912.Size = Vector3.new(8.250000953674316, 0.2499980926513672, 7)
Part5912.Anchored = true
Part5912.CanCollide = false
Part5912.Material = Enum.Material.Fabric
SpecialMesh5913.Name = "TopTreeMesh"
SpecialMesh5913.Parent = Part5912
SpecialMesh5913.MeshId = "rbxassetid://623621456"
SpecialMesh5913.Offset = Vector3.new(0, 3.4100000858306885, 0)
SpecialMesh5913.Scale = Vector3.new(1.600000023841858, 1.600000023841858, 1.600000023841858)
SpecialMesh5913.TextureId = "rbxassetid://745556120"
SpecialMesh5913.MeshType = Enum.MeshType.FileMesh
Model5914.Name = "??"
Model5914.Parent = Folder0
Part5915.Name = "TreeMesh Bottom"
Part5915.Parent = Model5914
Part5915.CFrame = CFrame.new(1895.49878, 97.3140564, 49.9986572, 3.3160708e-05, 0.069581911, -0.997576058, 0.220124364, 0.97310698, 0.0678824484, 0.975471735, -0.219593078, -0.015284407)
Part5915.Orientation = Vector3.new(-3.890000104904175, -90.87999725341797, 12.75)
Part5915.Position = Vector3.new(1895.498779296875, 97.31405639648438, 49.9986572265625)
Part5915.Rotation = Vector3.new(-102.69000244140625, -86.01000213623047, -89.97000122070312)
Part5915.Size = Vector3.new(8.250000953674316, 0.2499980926513672, 7)
Part5915.Anchored = true
Part5915.CanCollide = false
Part5915.Material = Enum.Material.Fabric
SpecialMesh5916.Name = "BarkMesh"
SpecialMesh5916.Parent = Part5915
SpecialMesh5916.MeshId = "rbxassetid://623621260"
SpecialMesh5916.Offset = Vector3.new(0, 3.4100000858306885, 0)
SpecialMesh5916.TextureId = "rbxassetid://623618671"
SpecialMesh5916.MeshType = Enum.MeshType.FileMesh
Part5917.Name = "TreeMeshTop"
Part5917.Parent = Model5914
Part5917.CFrame = CFrame.new(1895.49988, 127.454117, 49.9978027, 3.3160708e-05, 0.069581911, -0.997576058, 0.220124364, 0.97310698, 0.0678824484, 0.975471735, -0.219593078, -0.015284407)
Part5917.Orientation = Vector3.new(-3.890000104904175, -90.87999725341797, 12.75)
Part5917.Position = Vector3.new(1895.4998779296875, 127.45411682128906, 49.997802734375)
Part5917.Rotation = Vector3.new(-102.69000244140625, -86.01000213623047, -89.97000122070312)
Part5917.Transparency = 0.05000000074505806
Part5917.Size = Vector3.new(8.250000953674316, 0.2499980926513672, 7)
Part5917.Anchored = true
Part5917.CanCollide = false
Part5917.Material = Enum.Material.Fabric
SpecialMesh5918.Name = "TopTreeMesh"
SpecialMesh5918.Parent = Part5917
SpecialMesh5918.MeshId = "rbxassetid://623621456"
SpecialMesh5918.Offset = Vector3.new(0, 3.4100000858306885, 0)
SpecialMesh5918.Scale = Vector3.new(1.600000023841858, 1.600000023841858, 1.600000023841858)
SpecialMesh5918.TextureId = "rbxassetid://745556120"
SpecialMesh5918.MeshType = Enum.MeshType.FileMesh
Model5919.Name = "??"
Model5919.Parent = Folder0
Part5920.Name = "TreeMesh Bottom"
Part5920.Parent = Model5919
Part5920.CFrame = CFrame.new(2063.27612, 71.3140564, -134.588318, -0.0902267694, 0.110203862, 0.989804864, -0.192886055, 0.97310698, -0.125927448, -0.977063894, -0.202281669, -0.0665437281)
Part5920.Orientation = Vector3.new(7.230000019073486, 93.8499984741211, -11.210000038146973)
Part5920.Position = Vector3.new(2063.276123046875, 71.31405639648438, -134.58831787109375)
Part5920.Rotation = Vector3.new(117.8499984741211, 81.80999755859375, -129.30999755859375)
Part5920.Size = Vector3.new(8.250000953674316, 0.2499980926513672, 7)
Part5920.Anchored = true
Part5920.CanCollide = false
Part5920.Material = Enum.Material.Fabric
SpecialMesh5921.Name = "BarkMesh"
SpecialMesh5921.Parent = Part5920
SpecialMesh5921.MeshId = "rbxassetid://623621260"
SpecialMesh5921.Offset = Vector3.new(0, 3.4100000858306885, 0)
SpecialMesh5921.TextureId = "rbxassetid://623618671"
SpecialMesh5921.MeshType = Enum.MeshType.FileMesh
Part5922.Name = "TreeMeshTop"
Part5922.Parent = Model5919
Part5922.CFrame = CFrame.new(2063.27759, 101.454117, -134.588928, -0.0902267694, 0.110203862, 0.989804864, -0.192886055, 0.97310698, -0.125927448, -0.977063894, -0.202281669, -0.0665437281)
Part5922.Orientation = Vector3.new(7.230000019073486, 93.8499984741211, -11.210000038146973)
Part5922.Position = Vector3.new(2063.277587890625, 101.45411682128906, -134.58892822265625)
Part5922.Rotation = Vector3.new(117.8499984741211, 81.80999755859375, -129.30999755859375)
Part5922.Transparency = 0.05000000074505806
Part5922.Size = Vector3.new(8.250000953674316, 0.2499980926513672, 7)
Part5922.Anchored = true
Part5922.CanCollide = false
Part5922.Material = Enum.Material.Fabric
SpecialMesh5923.Name = "TopTreeMesh"
SpecialMesh5923.Parent = Part5922
SpecialMesh5923.MeshId = "rbxassetid://623621456"
SpecialMesh5923.Offset = Vector3.new(0, 3.4100000858306885, 0)
SpecialMesh5923.Scale = Vector3.new(1.600000023841858, 1.600000023841858, 1.600000023841858)
SpecialMesh5923.TextureId = "rbxassetid://745556120"
SpecialMesh5923.MeshType = Enum.MeshType.FileMesh
Model5924.Name = "??"
Model5924.Parent = Folder0
Part5925.Name = "TreeMesh Bottom"
Part5925.Parent = Model5924
Part5925.CFrame = CFrame.new(1873.77734, 96.8552856, -131.896698, 0.680369496, 0.069581911, -0.729558349, 0.114693046, 0.97310698, 0.19977054, 0.723838806, -0.219593078, 0.654091835)
Part5925.Orientation = Vector3.new(-11.520000457763672, -48.119998931884766, 6.71999979019165)
Part5925.Position = Vector3.new(1873.77734375, 96.85528564453125, -131.89669799804688)
Part5925.Rotation = Vector3.new(-16.979999542236328, -46.849998474121094, -5.840000152587891)
Part5925.Size = Vector3.new(8.250000953674316, 0.2499980926513672, 7)
Part5925.Anchored = true
Part5925.CanCollide = false
Part5925.Material = Enum.Material.Fabric
SpecialMesh5926.Name = "BarkMesh"
SpecialMesh5926.Parent = Part5925
SpecialMesh5926.MeshId = "rbxassetid://623621260"
SpecialMesh5926.Offset = Vector3.new(0, 3.4100000858306885, 0)
SpecialMesh5926.TextureId = "rbxassetid://623618671"
SpecialMesh5926.MeshType = Enum.MeshType.FileMesh
Part5927.Name = "TreeMeshTop"
Part5927.Parent = Model5924
Part5927.CFrame = CFrame.new(1873.77844, 126.995346, -131.897552, 0.680369496, 0.069581911, -0.729558349, 0.114693046, 0.97310698, 0.19977054, 0.723838806, -0.219593078, 0.654091835)
Part5927.Orientation = Vector3.new(-11.520000457763672, -48.119998931884766, 6.71999979019165)
Part5927.Position = Vector3.new(1873.7784423828125, 126.99534606933594, -131.89755249023438)
Part5927.Rotation = Vector3.new(-16.979999542236328, -46.849998474121094, -5.840000152587891)
Part5927.Transparency = 0.05000000074505806
Part5927.Size = Vector3.new(8.250000953674316, 0.2499980926513672, 7)
Part5927.Anchored = true
Part5927.CanCollide = false
Part5927.Material = Enum.Material.Fabric
SpecialMesh5928.Name = "TopTreeMesh"
SpecialMesh5928.Parent = Part5927
SpecialMesh5928.MeshId = "rbxassetid://623621456"
SpecialMesh5928.Offset = Vector3.new(0, 3.4100000858306885, 0)
SpecialMesh5928.Scale = Vector3.new(1.600000023841858, 1.600000023841858, 1.600000023841858)
SpecialMesh5928.TextureId = "rbxassetid://745556120"
SpecialMesh5928.MeshType = Enum.MeshType.FileMesh
Model5929.Name = "??"
Model5929.Parent = Folder0
Part5930.Name = "TreeMesh Bottom"
Part5930.Parent = Model5929
Part5930.CFrame = CFrame.new(1868.49878, 97.3140564, -249.001343, -0.992114723, 0.069581911, 0.104241788, 0.0445014127, 0.97310698, -0.226014137, -0.11716482, -0.219593078, -0.968530416)
Part5930.Orientation = Vector3.new(13.0600004196167, 173.86000061035156, 2.619999885559082)
Part5930.Position = Vector3.new(1868.498779296875, 97.31405639648438, -249.0013427734375)
Part5930.Rotation = Vector3.new(166.86000061035156, 5.980000019073486, -175.99000549316406)
Part5930.Size = Vector3.new(8.250000953674316, 0.2499980926513672, 7)
Part5930.Anchored = true
Part5930.CanCollide = false
Part5930.Material = Enum.Material.Fabric
SpecialMesh5931.Name = "BarkMesh"
SpecialMesh5931.Parent = Part5930
SpecialMesh5931.MeshId = "rbxassetid://623621260"
SpecialMesh5931.Offset = Vector3.new(0, 3.4100000858306885, 0)
SpecialMesh5931.TextureId = "rbxassetid://623618671"
SpecialMesh5931.MeshType = Enum.MeshType.FileMesh
Part5932.Name = "TreeMeshTop"
Part5932.Parent = Model5929
Part5932.CFrame = CFrame.new(1868.49988, 127.454117, -249.002197, -0.992114723, 0.069581911, 0.104241788, 0.0445014127, 0.97310698, -0.226014137, -0.11716482, -0.219593078, -0.968530416)
Part5932.Orientation = Vector3.new(13.0600004196167, 173.86000061035156, 2.619999885559082)
Part5932.Position = Vector3.new(1868.4998779296875, 127.45411682128906, -249.002197265625)
Part5932.Rotation = Vector3.new(166.86000061035156, 5.980000019073486, -175.99000549316406)
Part5932.Transparency = 0.05000000074505806
Part5932.Size = Vector3.new(8.250000953674316, 0.2499980926513672, 7)
Part5932.Anchored = true
Part5932.CanCollide = false
Part5932.Material = Enum.Material.Fabric
SpecialMesh5933.Name = "TopTreeMesh"
SpecialMesh5933.Parent = Part5932
SpecialMesh5933.MeshId = "rbxassetid://623621456"
SpecialMesh5933.Offset = Vector3.new(0, 3.4100000858306885, 0)
SpecialMesh5933.Scale = Vector3.new(1.600000023841858, 1.600000023841858, 1.600000023841858)
SpecialMesh5933.TextureId = "rbxassetid://745556120"
SpecialMesh5933.MeshType = Enum.MeshType.FileMesh
Model5934.Name = "??"
Model5934.Parent = Folder0
Part5935.Name = "TreeMesh Bottom"
Part5935.Parent = Model5934
Part5935.CFrame = CFrame.new(1916.49878, 97.3140564, -300.001343, -0.992114723, 0.069581911, 0.104241788, 0.0445014127, 0.97310698, -0.226014137, -0.11716482, -0.219593078, -0.968530416)
Part5935.Orientation = Vector3.new(13.0600004196167, 173.86000061035156, 2.619999885559082)
Part5935.Position = Vector3.new(1916.498779296875, 97.31405639648438, -300.0013427734375)
Part5935.Rotation = Vector3.new(166.86000061035156, 5.980000019073486, -175.99000549316406)
Part5935.Size = Vector3.new(8.250000953674316, 0.2499980926513672, 7)
Part5935.Anchored = true
Part5935.CanCollide = false
Part5935.Material = Enum.Material.Fabric
SpecialMesh5936.Name = "BarkMesh"
SpecialMesh5936.Parent = Part5935
SpecialMesh5936.MeshId = "rbxassetid://623621260"
SpecialMesh5936.Offset = Vector3.new(0, 3.4100000858306885, 0)
SpecialMesh5936.TextureId = "rbxassetid://623618671"
SpecialMesh5936.MeshType = Enum.MeshType.FileMesh
Part5937.Name = "TreeMeshTop"
Part5937.Parent = Model5934
Part5937.CFrame = CFrame.new(1916.5, 127.454117, -300.002197, -0.992114723, 0.069581911, 0.104241788, 0.0445014127, 0.97310698, -0.226014137, -0.11716482, -0.219593078, -0.968530416)
Part5937.Orientation = Vector3.new(13.0600004196167, 173.86000061035156, 2.619999885559082)
Part5937.Position = Vector3.new(1916.5, 127.45411682128906, -300.002197265625)
Part5937.Rotation = Vector3.new(166.86000061035156, 5.980000019073486, -175.99000549316406)
Part5937.Transparency = 0.05000000074505806
Part5937.Size = Vector3.new(8.250000953674316, 0.2499980926513672, 7)
Part5937.Anchored = true
Part5937.CanCollide = false
Part5937.Material = Enum.Material.Fabric
SpecialMesh5938.Name = "TopTreeMesh"
SpecialMesh5938.Parent = Part5937
SpecialMesh5938.MeshId = "rbxassetid://623621456"
SpecialMesh5938.Offset = Vector3.new(0, 3.4100000858306885, 0)
SpecialMesh5938.Scale = Vector3.new(1.600000023841858, 1.600000023841858, 1.600000023841858)
SpecialMesh5938.TextureId = "rbxassetid://745556120"
SpecialMesh5938.MeshType = Enum.MeshType.FileMesh
Model5939.Name = "??"
Model5939.Parent = Folder0
Part5940.Name = "TreeMesh Bottom"
Part5940.Parent = Model5939
Part5940.CFrame = CFrame.new(1895.49878, 97.3140564, -3.00134277, 0.680369496, 0.069581911, -0.729558349, 0.114693046, 0.97310698, 0.19977054, 0.723838806, -0.219593078, 0.654091835)
Part5940.Orientation = Vector3.new(-11.520000457763672, -48.119998931884766, 6.71999979019165)
Part5940.Position = Vector3.new(1895.498779296875, 97.31405639648438, -3.0013427734375)
Part5940.Rotation = Vector3.new(-16.979999542236328, -46.849998474121094, -5.840000152587891)
Part5940.Size = Vector3.new(8.250000953674316, 0.2499980926513672, 7)
Part5940.Anchored = true
Part5940.CanCollide = false
Part5940.Material = Enum.Material.Fabric
SpecialMesh5941.Name = "BarkMesh"
SpecialMesh5941.Parent = Part5940
SpecialMesh5941.MeshId = "rbxassetid://623621260"
SpecialMesh5941.Offset = Vector3.new(0, 3.4100000858306885, 0)
SpecialMesh5941.TextureId = "rbxassetid://623618671"
SpecialMesh5941.MeshType = Enum.MeshType.FileMesh
Part5942.Name = "TreeMeshTop"
Part5942.Parent = Model5939
Part5942.CFrame = CFrame.new(1895.49988, 127.454117, -3.00219727, 0.680369496, 0.069581911, -0.729558349, 0.114693046, 0.97310698, 0.19977054, 0.723838806, -0.219593078, 0.654091835)
Part5942.Orientation = Vector3.new(-11.520000457763672, -48.119998931884766, 6.71999979019165)
Part5942.Position = Vector3.new(1895.4998779296875, 127.45411682128906, -3.002197265625)
Part5942.Rotation = Vector3.new(-16.979999542236328, -46.849998474121094, -5.840000152587891)
Part5942.Transparency = 0.05000000074505806
Part5942.Size = Vector3.new(8.250000953674316, 0.2499980926513672, 7)
Part5942.Anchored = true
Part5942.CanCollide = false
Part5942.Material = Enum.Material.Fabric
SpecialMesh5943.Name = "TopTreeMesh"
SpecialMesh5943.Parent = Part5942
SpecialMesh5943.MeshId = "rbxassetid://623621456"
SpecialMesh5943.Offset = Vector3.new(0, 3.4100000858306885, 0)
SpecialMesh5943.Scale = Vector3.new(1.600000023841858, 1.600000023841858, 1.600000023841858)
SpecialMesh5943.TextureId = "rbxassetid://745556120"
SpecialMesh5943.MeshType = Enum.MeshType.FileMesh
Model5944.Name = "??"
Model5944.Parent = Folder0
Part5945.Name = "TreeMesh Bottom"
Part5945.Parent = Model5944
Part5945.CFrame = CFrame.new(2047.77222, 71.3140564, 44.7483177, -0.974951506, 0.110203862, -0.193195015, 0.145399615, 0.97310698, -0.178666472, 0.168309689, -0.202281669, -0.964755774)
Part5945.Orientation = Vector3.new(10.289999961853027, -168.67999267578125, 8.5)
Part5945.Position = Vector3.new(2047.772216796875, 71.31405639648438, 44.74831771850586)
Part5945.Rotation = Vector3.new(169.50999450683594, -11.140000343322754, -173.5500030517578)
Part5945.Size = Vector3.new(8.250000953674316, 0.2499980926513672, 7)
Part5945.Anchored = true
Part5945.CanCollide = false
Part5945.Material = Enum.Material.Fabric
SpecialMesh5946.Name = "BarkMesh"
SpecialMesh5946.Parent = Part5945
SpecialMesh5946.MeshId = "rbxassetid://623621260"
SpecialMesh5946.Offset = Vector3.new(0, 3.4100000858306885, 0)
SpecialMesh5946.TextureId = "rbxassetid://623618671"
SpecialMesh5946.MeshType = Enum.MeshType.FileMesh
Part5947.Name = "TreeMeshTop"
Part5947.Parent = Model5944
Part5947.CFrame = CFrame.new(2047.77356, 101.454117, 44.747715, -0.974951506, 0.110203862, -0.193195015, 0.145399615, 0.97310698, -0.178666472, 0.168309689, -0.202281669, -0.964755774)
Part5947.Orientation = Vector3.new(10.289999961853027, -168.67999267578125, 8.5)
Part5947.Position = Vector3.new(2047.7735595703125, 101.45411682128906, 44.74771499633789)
Part5947.Rotation = Vector3.new(169.50999450683594, -11.140000343322754, -173.5500030517578)
Part5947.Transparency = 0.05000000074505806
Part5947.Size = Vector3.new(8.250000953674316, 0.2499980926513672, 7)
Part5947.Anchored = true
Part5947.CanCollide = false
Part5947.Material = Enum.Material.Fabric
SpecialMesh5948.Name = "TopTreeMesh"
SpecialMesh5948.Parent = Part5947
SpecialMesh5948.MeshId = "rbxassetid://623621456"
SpecialMesh5948.Offset = Vector3.new(0, 3.4100000858306885, 0)
SpecialMesh5948.Scale = Vector3.new(1.600000023841858, 1.600000023841858, 1.600000023841858)
SpecialMesh5948.TextureId = "rbxassetid://745556120"
SpecialMesh5948.MeshType = Enum.MeshType.FileMesh
Model5949.Name = "??"
Model5949.Parent = Folder0
Part5950.Name = "TreeMesh Bottom"
Part5950.Parent = Model5949
Part5950.CFrame = CFrame.new(1887.49878, 97.3140564, -60.0013428, -0.692950547, 0.069581911, -0.7176193, 0.205499351, 0.97310698, -0.10408064, 0.691078305, -0.219593078, -0.68861413)
Part5950.Orientation = Vector3.new(5.96999979019165, -133.82000732421875, 11.920000076293945)
Part5950.Position = Vector3.new(1887.498779296875, 97.31405639648438, -60.0013427734375)
Part5950.Rotation = Vector3.new(171.41000366210938, -45.86000061035156, -174.27000427246094)
Part5950.Size = Vector3.new(8.250000953674316, 0.2499980926513672, 7)
Part5950.Anchored = true
Part5950.CanCollide = false
Part5950.Material = Enum.Material.Fabric
SpecialMesh5951.Name = "BarkMesh"
SpecialMesh5951.Parent = Part5950
SpecialMesh5951.MeshId = "rbxassetid://623621260"
SpecialMesh5951.Offset = Vector3.new(0, 3.4100000858306885, 0)
SpecialMesh5951.TextureId = "rbxassetid://623618671"
SpecialMesh5951.MeshType = Enum.MeshType.FileMesh
Part5952.Name = "TreeMeshTop"
Part5952.Parent = Model5949
Part5952.CFrame = CFrame.new(1887.49988, 127.454117, -60.0021973, -0.692950547, 0.069581911, -0.7176193, 0.205499351, 0.97310698, -0.10408064, 0.691078305, -0.219593078, -0.68861413)
Part5952.Orientation = Vector3.new(5.96999979019165, -133.82000732421875, 11.920000076293945)
Part5952.Position = Vector3.new(1887.4998779296875, 127.45411682128906, -60.002197265625)
Part5952.Rotation = Vector3.new(171.41000366210938, -45.86000061035156, -174.27000427246094)
Part5952.Transparency = 0.05000000074505806
Part5952.Size = Vector3.new(8.250000953674316, 0.2499980926513672, 7)
Part5952.Anchored = true
Part5952.CanCollide = false
Part5952.Material = Enum.Material.Fabric
SpecialMesh5953.Name = "TopTreeMesh"
SpecialMesh5953.Parent = Part5952
SpecialMesh5953.MeshId = "rbxassetid://623621456"
SpecialMesh5953.Offset = Vector3.new(0, 3.4100000858306885, 0)
SpecialMesh5953.Scale = Vector3.new(1.600000023841858, 1.600000023841858, 1.600000023841858)
SpecialMesh5953.TextureId = "rbxassetid://745556120"
SpecialMesh5953.MeshType = Enum.MeshType.FileMesh
Model5954.Name = "??"
Model5954.Parent = Folder0
Part5955.Name = "TreeMesh Bottom"
Part5955.Parent = Model5954
Part5955.CFrame = CFrame.new(2119.22876, 71.3140564, -123.712204, -0.243955463, 0.110203862, 0.963504314, -0.170811966, 0.97310698, -0.154551059, -0.954624951, -0.202281669, -0.21857065)
Part5955.Orientation = Vector3.new(8.890000343322754, 102.77999877929688, -9.960000038146973)
Part5955.Position = Vector3.new(2119.228759765625, 71.31405639648438, -123.71220397949219)
Part5955.Rotation = Vector3.new(144.74000549316406, 74.47000122070312, -155.69000244140625)
Part5955.Size = Vector3.new(8.250000953674316, 0.2499980926513672, 7)
Part5955.Anchored = true
Part5955.CanCollide = false
Part5955.Material = Enum.Material.Fabric
SpecialMesh5956.Name = "BarkMesh"
SpecialMesh5956.Parent = Part5955
SpecialMesh5956.MeshId = "rbxassetid://623621260"
SpecialMesh5956.Offset = Vector3.new(0, 3.4100000858306885, 0)
SpecialMesh5956.TextureId = "rbxassetid://623618671"
SpecialMesh5956.MeshType = Enum.MeshType.FileMesh
Part5957.Name = "TreeMeshTop"
Part5957.Parent = Model5954
Part5957.CFrame = CFrame.new(2119.23022, 101.454117, -123.712799, -0.243955463, 0.110203862, 0.963504314, -0.170811966, 0.97310698, -0.154551059, -0.954624951, -0.202281669, -0.21857065)
Part5957.Orientation = Vector3.new(8.890000343322754, 102.77999877929688, -9.960000038146973)
Part5957.Position = Vector3.new(2119.230224609375, 101.45411682128906, -123.71279907226562)
Part5957.Rotation = Vector3.new(144.74000549316406, 74.47000122070312, -155.69000244140625)
Part5957.Transparency = 0.05000000074505806
Part5957.Size = Vector3.new(8.250000953674316, 0.2499980926513672, 7)
Part5957.Anchored = true
Part5957.CanCollide = false
Part5957.Material = Enum.Material.Fabric
SpecialMesh5958.Name = "TopTreeMesh"
SpecialMesh5958.Parent = Part5957
SpecialMesh5958.MeshId = "rbxassetid://623621456"
SpecialMesh5958.Offset = Vector3.new(0, 3.4100000858306885, 0)
SpecialMesh5958.Scale = Vector3.new(1.600000023841858, 1.600000023841858, 1.600000023841858)
SpecialMesh5958.TextureId = "rbxassetid://745556120"
SpecialMesh5958.MeshType = Enum.MeshType.FileMesh
Model5959.Name = "??"
Model5959.Parent = Folder0
Part5960.Name = "TreeMesh Bottom"
Part5960.Parent = Model5959
Part5960.CFrame = CFrame.new(1924.49878, 97.3140564, -196.001343, -0.992114723, 0.069581911, 0.104241788, 0.0445014127, 0.97310698, -0.226014137, -0.11716482, -0.219593078, -0.968530416)
Part5960.Orientation = Vector3.new(13.0600004196167, 173.86000061035156, 2.619999885559082)
Part5960.Position = Vector3.new(1924.498779296875, 97.31405639648438, -196.0013427734375)
Part5960.Rotation = Vector3.new(166.86000061035156, 5.980000019073486, -175.99000549316406)
Part5960.Size = Vector3.new(8.250000953674316, 0.2499980926513672, 7)
Part5960.Anchored = true
Part5960.CanCollide = false
Part5960.Material = Enum.Material.Fabric
SpecialMesh5961.Name = "BarkMesh"
SpecialMesh5961.Parent = Part5960
SpecialMesh5961.MeshId = "rbxassetid://623621260"
SpecialMesh5961.Offset = Vector3.new(0, 3.4100000858306885, 0)
SpecialMesh5961.TextureId = "rbxassetid://623618671"
SpecialMesh5961.MeshType = Enum.MeshType.FileMesh
Part5962.Name = "TreeMeshTop"
Part5962.Parent = Model5959
Part5962.CFrame = CFrame.new(1924.5, 127.454117, -196.002197, -0.992114723, 0.069581911, 0.104241788, 0.0445014127, 0.97310698, -0.226014137, -0.11716482, -0.219593078, -0.968530416)
Part5962.Orientation = Vector3.new(13.0600004196167, 173.86000061035156, 2.619999885559082)
Part5962.Position = Vector3.new(1924.5, 127.45411682128906, -196.002197265625)
Part5962.Rotation = Vector3.new(166.86000061035156, 5.980000019073486, -175.99000549316406)
Part5962.Transparency = 0.05000000074505806
Part5962.Size = Vector3.new(8.250000953674316, 0.2499980926513672, 7)
Part5962.Anchored = true
Part5962.CanCollide = false
Part5962.Material = Enum.Material.Fabric
SpecialMesh5963.Name = "TopTreeMesh"
SpecialMesh5963.Parent = Part5962
SpecialMesh5963.MeshId = "rbxassetid://623621456"
SpecialMesh5963.Offset = Vector3.new(0, 3.4100000858306885, 0)
SpecialMesh5963.Scale = Vector3.new(1.600000023841858, 1.600000023841858, 1.600000023841858)
SpecialMesh5963.TextureId = "rbxassetid://745556120"
SpecialMesh5963.MeshType = Enum.MeshType.FileMesh
Model5964.Name = "??"
Model5964.Parent = Folder0
Part5965.Name = "TreeMesh Bottom"
Part5965.Parent = Model5964
Part5965.CFrame = CFrame.new(2064.49878, 97.3140564, -194.001343, -0.80707556, 0.069581911, 0.586333573, -0.0744677559, 0.97310698, -0.217984676, -0.585733056, -0.219593078, -0.780189455)
Part5965.Orientation = Vector3.new(12.59000015258789, 143.07000732421875, -4.380000114440918)
Part5965.Position = Vector3.new(2064.498779296875, 97.31405639648438, -194.0013427734375)
Part5965.Rotation = Vector3.new(164.38999938964844, 35.900001525878906, -175.07000732421875)
Part5965.Size = Vector3.new(8.250000953674316, 0.2499980926513672, 7)
Part5965.Anchored = true
Part5965.CanCollide = false
Part5965.Material = Enum.Material.Fabric
SpecialMesh5966.Name = "BarkMesh"
SpecialMesh5966.Parent = Part5965
SpecialMesh5966.MeshId = "rbxassetid://623621260"
SpecialMesh5966.Offset = Vector3.new(0, 3.4100000858306885, 0)
SpecialMesh5966.TextureId = "rbxassetid://623618671"
SpecialMesh5966.MeshType = Enum.MeshType.FileMesh
Part5967.Name = "TreeMeshTop"
Part5967.Parent = Model5964
Part5967.CFrame = CFrame.new(2064.5, 127.454117, -194.002197, -0.80707556, 0.069581911, 0.586333573, -0.0744677559, 0.97310698, -0.217984676, -0.585733056, -0.219593078, -0.780189455)
Part5967.Orientation = Vector3.new(12.59000015258789, 143.07000732421875, -4.380000114440918)
Part5967.Position = Vector3.new(2064.5, 127.45411682128906, -194.002197265625)
Part5967.Rotation = Vector3.new(164.38999938964844, 35.900001525878906, -175.07000732421875)
Part5967.Transparency = 0.05000000074505806
Part5967.Size = Vector3.new(8.250000953674316, 0.2499980926513672, 7)
Part5967.Anchored = true
Part5967.CanCollide = false
Part5967.Material = Enum.Material.Fabric
SpecialMesh5968.Name = "TopTreeMesh"
SpecialMesh5968.Parent = Part5967
SpecialMesh5968.MeshId = "rbxassetid://623621456"
SpecialMesh5968.Offset = Vector3.new(0, 3.4100000858306885, 0)
SpecialMesh5968.Scale = Vector3.new(1.600000023841858, 1.600000023841858, 1.600000023841858)
SpecialMesh5968.TextureId = "rbxassetid://745556120"
SpecialMesh5968.MeshType = Enum.MeshType.FileMesh
Model5969.Name = "??"
Model5969.Parent = Folder0
Part5970.Name = "TreeMesh Bottom"
Part5970.Parent = Model5969
Part5970.CFrame = CFrame.new(2103.72485, 71.3140564, 55.6244392, -0.974951506, 0.110203862, -0.193195015, 0.145399615, 0.97310698, -0.178666472, 0.168309689, -0.202281669, -0.964755774)
Part5970.Orientation = Vector3.new(10.289999961853027, -168.67999267578125, 8.5)
Part5970.Position = Vector3.new(2103.724853515625, 71.31405639648438, 55.62443923950195)
Part5970.Rotation = Vector3.new(169.50999450683594, -11.140000343322754, -173.5500030517578)
Part5970.Size = Vector3.new(8.250000953674316, 0.2499980926513672, 7)
Part5970.Anchored = true
Part5970.CanCollide = false
Part5970.Material = Enum.Material.Fabric
SpecialMesh5971.Name = "BarkMesh"
SpecialMesh5971.Parent = Part5970
SpecialMesh5971.MeshId = "rbxassetid://623621260"
SpecialMesh5971.Offset = Vector3.new(0, 3.4100000858306885, 0)
SpecialMesh5971.TextureId = "rbxassetid://623618671"
SpecialMesh5971.MeshType = Enum.MeshType.FileMesh
Part5972.Name = "TreeMeshTop"
Part5972.Parent = Model5969
Part5972.CFrame = CFrame.new(2103.72632, 101.454117, 55.6238365, -0.974951506, 0.110203862, -0.193195015, 0.145399615, 0.97310698, -0.178666472, 0.168309689, -0.202281669, -0.964755774)
Part5972.Orientation = Vector3.new(10.289999961853027, -168.67999267578125, 8.5)
Part5972.Position = Vector3.new(2103.726318359375, 101.45411682128906, 55.623836517333984)
Part5972.Rotation = Vector3.new(169.50999450683594, -11.140000343322754, -173.5500030517578)
Part5972.Transparency = 0.05000000074505806
Part5972.Size = Vector3.new(8.250000953674316, 0.2499980926513672, 7)
Part5972.Anchored = true
Part5972.CanCollide = false
Part5972.Material = Enum.Material.Fabric
SpecialMesh5973.Name = "TopTreeMesh"
SpecialMesh5973.Parent = Part5972
SpecialMesh5973.MeshId = "rbxassetid://623621456"
SpecialMesh5973.Offset = Vector3.new(0, 3.4100000858306885, 0)
SpecialMesh5973.Scale = Vector3.new(1.600000023841858, 1.600000023841858, 1.600000023841858)
SpecialMesh5973.TextureId = "rbxassetid://745556120"
SpecialMesh5973.MeshType = Enum.MeshType.FileMesh
Model5974.Name = "??"
Model5974.Parent = Folder0
Part5975.Name = "TreeMesh Bottom"
Part5975.Parent = Model5974
Part5975.CFrame = CFrame.new(1991.49878, 97.3140564, 49.9986572, 3.3160708e-05, 0.069581911, -0.997576058, 0.220124364, 0.97310698, 0.0678824484, 0.975471735, -0.219593078, -0.015284407)
Part5975.Orientation = Vector3.new(-3.890000104904175, -90.87999725341797, 12.75)
Part5975.Position = Vector3.new(1991.498779296875, 97.31405639648438, 49.9986572265625)
Part5975.Rotation = Vector3.new(-102.69000244140625, -86.01000213623047, -89.97000122070312)
Part5975.Size = Vector3.new(8.250000953674316, 0.2499980926513672, 7)
Part5975.Anchored = true
Part5975.CanCollide = false
Part5975.Material = Enum.Material.Fabric
SpecialMesh5976.Name = "BarkMesh"
SpecialMesh5976.Parent = Part5975
SpecialMesh5976.MeshId = "rbxassetid://623621260"
SpecialMesh5976.Offset = Vector3.new(0, 3.4100000858306885, 0)
SpecialMesh5976.TextureId = "rbxassetid://623618671"
SpecialMesh5976.MeshType = Enum.MeshType.FileMesh
Part5977.Name = "TreeMeshTop"
Part5977.Parent = Model5974
Part5977.CFrame = CFrame.new(1991.5, 127.454117, 49.9978027, 3.3160708e-05, 0.069581911, -0.997576058, 0.220124364, 0.97310698, 0.0678824484, 0.975471735, -0.219593078, -0.015284407)
Part5977.Orientation = Vector3.new(-3.890000104904175, -90.87999725341797, 12.75)
Part5977.Position = Vector3.new(1991.5, 127.45411682128906, 49.997802734375)
Part5977.Rotation = Vector3.new(-102.69000244140625, -86.01000213623047, -89.97000122070312)
Part5977.Transparency = 0.05000000074505806
Part5977.Size = Vector3.new(8.250000953674316, 0.2499980926513672, 7)
Part5977.Anchored = true
Part5977.CanCollide = false
Part5977.Material = Enum.Material.Fabric
SpecialMesh5978.Name = "TopTreeMesh"
SpecialMesh5978.Parent = Part5977
SpecialMesh5978.MeshId = "rbxassetid://623621456"
SpecialMesh5978.Offset = Vector3.new(0, 3.4100000858306885, 0)
SpecialMesh5978.Scale = Vector3.new(1.600000023841858, 1.600000023841858, 1.600000023841858)
SpecialMesh5978.TextureId = "rbxassetid://745556120"
SpecialMesh5978.MeshType = Enum.MeshType.FileMesh
Model5979.Name = "??"
Model5979.Parent = Folder0
Part5980.Name = "TreeMesh Bottom"
Part5980.Parent = Model5979
Part5980.CFrame = CFrame.new(1765.86731, 102.424294, -223.381134, 0.89662993, 0.069581911, -0.437278748, 0.0354838148, 0.97310698, 0.227604181, 0.441356152, -0.219593078, 0.870047927)
Part5980.Orientation = Vector3.new(-13.15999984741211, -26.68000030517578, 2.0899999141693115)
Part5980.Position = Vector3.new(1765.8673095703125, 102.4242935180664, -223.38113403320312)
Part5980.Rotation = Vector3.new(-14.65999984741211, -25.93000030517578, -4.440000057220459)
Part5980.Size = Vector3.new(8.250000953674316, 0.2499980926513672, 7)
Part5980.Anchored = true
Part5980.CanCollide = false
Part5980.Material = Enum.Material.Fabric
SpecialMesh5981.Name = "BarkMesh"
SpecialMesh5981.Parent = Part5980
SpecialMesh5981.MeshId = "rbxassetid://623621260"
SpecialMesh5981.Offset = Vector3.new(0, 3.4100000858306885, 0)
SpecialMesh5981.TextureId = "rbxassetid://623618671"
SpecialMesh5981.MeshType = Enum.MeshType.FileMesh
Part5982.Name = "TreeMeshTop"
Part5982.Parent = Model5979
Part5982.CFrame = CFrame.new(1765.86841, 132.564346, -223.381989, 0.89662993, 0.069581911, -0.437278748, 0.0354838148, 0.97310698, 0.227604181, 0.441356152, -0.219593078, 0.870047927)
Part5982.Orientation = Vector3.new(-13.15999984741211, -26.68000030517578, 2.0899999141693115)
Part5982.Position = Vector3.new(1765.868408203125, 132.56434631347656, -223.38198852539062)
Part5982.Rotation = Vector3.new(-14.65999984741211, -25.93000030517578, -4.440000057220459)
Part5982.Transparency = 0.05000000074505806
Part5982.Size = Vector3.new(8.250000953674316, 0.2499980926513672, 7)
Part5982.Anchored = true
Part5982.CanCollide = false
Part5982.Material = Enum.Material.Fabric
SpecialMesh5983.Name = "TopTreeMesh"
SpecialMesh5983.Parent = Part5982
SpecialMesh5983.MeshId = "rbxassetid://623621456"
SpecialMesh5983.Offset = Vector3.new(0, 3.4100000858306885, 0)
SpecialMesh5983.Scale = Vector3.new(1.600000023841858, 1.600000023841858, 1.600000023841858)
SpecialMesh5983.TextureId = "rbxassetid://745556120"
SpecialMesh5983.MeshType = Enum.MeshType.FileMesh
Model5984.Name = "??"
Model5984.Parent = Folder0
Part5985.Name = "TreeMesh Bottom"
Part5985.Parent = Model5984
Part5985.CFrame = CFrame.new(2006.49878, 97.3140564, -263.001343, -0.80707556, 0.069581911, 0.586333573, -0.0744677559, 0.97310698, -0.217984676, -0.585733056, -0.219593078, -0.780189455)
Part5985.Orientation = Vector3.new(12.59000015258789, 143.07000732421875, -4.380000114440918)
Part5985.Position = Vector3.new(2006.498779296875, 97.31405639648438, -263.0013427734375)
Part5985.Rotation = Vector3.new(164.38999938964844, 35.900001525878906, -175.07000732421875)
Part5985.Size = Vector3.new(8.250000953674316, 0.2499980926513672, 7)
Part5985.Anchored = true
Part5985.CanCollide = false
Part5985.Material = Enum.Material.Fabric
SpecialMesh5986.Name = "BarkMesh"
SpecialMesh5986.Parent = Part5985
SpecialMesh5986.MeshId = "rbxassetid://623621260"
SpecialMesh5986.Offset = Vector3.new(0, 3.4100000858306885, 0)
SpecialMesh5986.TextureId = "rbxassetid://623618671"
SpecialMesh5986.MeshType = Enum.MeshType.FileMesh
Part5987.Name = "TreeMeshTop"
Part5987.Parent = Model5984
Part5987.CFrame = CFrame.new(2006.5, 127.454117, -263.002197, -0.80707556, 0.069581911, 0.586333573, -0.0744677559, 0.97310698, -0.217984676, -0.585733056, -0.219593078, -0.780189455)
Part5987.Orientation = Vector3.new(12.59000015258789, 143.07000732421875, -4.380000114440918)
Part5987.Position = Vector3.new(2006.5, 127.45411682128906, -263.002197265625)
Part5987.Rotation = Vector3.new(164.38999938964844, 35.900001525878906, -175.07000732421875)
Part5987.Transparency = 0.05000000074505806
Part5987.Size = Vector3.new(8.250000953674316, 0.2499980926513672, 7)
Part5987.Anchored = true
Part5987.CanCollide = false
Part5987.Material = Enum.Material.Fabric
SpecialMesh5988.Name = "TopTreeMesh"
SpecialMesh5988.Parent = Part5987
SpecialMesh5988.MeshId = "rbxassetid://623621456"
SpecialMesh5988.Offset = Vector3.new(0, 3.4100000858306885, 0)
SpecialMesh5988.Scale = Vector3.new(1.600000023841858, 1.600000023841858, 1.600000023841858)
SpecialMesh5988.TextureId = "rbxassetid://745556120"
SpecialMesh5988.MeshType = Enum.MeshType.FileMesh
Model5989.Name = "??"
Model5989.Parent = Folder0
Part5990.Name = "TreeMesh Bottom"
Part5990.Parent = Model5989
Part5990.CFrame = CFrame.new(1991.49878, 97.3140564, -3.00134277, 0.692998409, 0.069581911, -0.717573166, 0.111189097, 0.97310698, 0.201741785, 0.712313056, -0.219593078, 0.666624963)
Part5990.Orientation = Vector3.new(-11.640000343322754, -47.11000061035156, 6.519999980926514)
Part5990.Position = Vector3.new(1991.498779296875, 97.31405639648438, -3.0013427734375)
Part5990.Rotation = Vector3.new(-16.84000015258789, -45.849998474121094, -5.730000019073486)
Part5990.Size = Vector3.new(8.250000953674316, 0.2499980926513672, 7)
Part5990.Anchored = true
Part5990.CanCollide = false
Part5990.Material = Enum.Material.Fabric
SpecialMesh5991.Name = "BarkMesh"
SpecialMesh5991.Parent = Part5990
SpecialMesh5991.MeshId = "rbxassetid://623621260"
SpecialMesh5991.Offset = Vector3.new(0, 3.4100000858306885, 0)
SpecialMesh5991.TextureId = "rbxassetid://623618671"
SpecialMesh5991.MeshType = Enum.MeshType.FileMesh
Part5992.Name = "TreeMeshTop"
Part5992.Parent = Model5989
Part5992.CFrame = CFrame.new(1991.5, 127.454117, -3.00219727, 0.692998409, 0.069581911, -0.717573166, 0.111189097, 0.97310698, 0.201741785, 0.712313056, -0.219593078, 0.666624963)
Part5992.Orientation = Vector3.new(-11.640000343322754, -47.11000061035156, 6.519999980926514)
Part5992.Position = Vector3.new(1991.5, 127.45411682128906, -3.002197265625)
Part5992.Rotation = Vector3.new(-16.84000015258789, -45.849998474121094, -5.730000019073486)
Part5992.Transparency = 0.05000000074505806
Part5992.Size = Vector3.new(8.250000953674316, 0.2499980926513672, 7)
Part5992.Anchored = true
Part5992.CanCollide = false
Part5992.Material = Enum.Material.Fabric
SpecialMesh5993.Name = "TopTreeMesh"
SpecialMesh5993.Parent = Part5992
SpecialMesh5993.MeshId = "rbxassetid://623621456"
SpecialMesh5993.Offset = Vector3.new(0, 3.4100000858306885, 0)
SpecialMesh5993.Scale = Vector3.new(1.600000023841858, 1.600000023841858, 1.600000023841858)
SpecialMesh5993.TextureId = "rbxassetid://745556120"
SpecialMesh5993.MeshType = Enum.MeshType.FileMesh
Model5994.Name = "??"
Model5994.Parent = Folder0
Part5995.Name = "TreeMesh Bottom"
Part5995.Parent = Model5994
Part5995.CFrame = CFrame.new(2044.27612, 71.3140564, 78.4116821, -0.0902267694, 0.110203862, 0.989804864, -0.192886055, 0.97310698, -0.125927448, -0.977063894, -0.202281669, -0.0665437281)
Part5995.Orientation = Vector3.new(7.230000019073486, 93.8499984741211, -11.210000038146973)
Part5995.Position = Vector3.new(2044.276123046875, 71.31405639648438, 78.41168212890625)
Part5995.Rotation = Vector3.new(117.8499984741211, 81.80999755859375, -129.30999755859375)
Part5995.Size = Vector3.new(8.250000953674316, 0.2499980926513672, 7)
Part5995.Anchored = true
Part5995.CanCollide = false
Part5995.Material = Enum.Material.Fabric
SpecialMesh5996.Name = "BarkMesh"
SpecialMesh5996.Parent = Part5995
SpecialMesh5996.MeshId = "rbxassetid://623621260"
SpecialMesh5996.Offset = Vector3.new(0, 3.4100000858306885, 0)
SpecialMesh5996.TextureId = "rbxassetid://623618671"
SpecialMesh5996.MeshType = Enum.MeshType.FileMesh
Part5997.Name = "TreeMeshTop"
Part5997.Parent = Model5994
Part5997.CFrame = CFrame.new(2044.27759, 101.454117, 78.4110718, -0.0902267694, 0.110203862, 0.989804864, -0.192886055, 0.97310698, -0.125927448, -0.977063894, -0.202281669, -0.0665437281)
Part5997.Orientation = Vector3.new(7.230000019073486, 93.8499984741211, -11.210000038146973)
Part5997.Position = Vector3.new(2044.277587890625, 101.45411682128906, 78.41107177734375)
Part5997.Rotation = Vector3.new(117.8499984741211, 81.80999755859375, -129.30999755859375)
Part5997.Transparency = 0.05000000074505806
Part5997.Size = Vector3.new(8.250000953674316, 0.2499980926513672, 7)
Part5997.Anchored = true
Part5997.CanCollide = false
Part5997.Material = Enum.Material.Fabric
SpecialMesh5998.Name = "TopTreeMesh"
SpecialMesh5998.Parent = Part5997
SpecialMesh5998.MeshId = "rbxassetid://623621456"
SpecialMesh5998.Offset = Vector3.new(0, 3.4100000858306885, 0)
SpecialMesh5998.Scale = Vector3.new(1.600000023841858, 1.600000023841858, 1.600000023841858)
SpecialMesh5998.TextureId = "rbxassetid://745556120"
SpecialMesh5998.MeshType = Enum.MeshType.FileMesh
Model5999.Name = "??"
Model5999.Parent = Folder0
Part6000.Name = "TreeMesh Bottom"
Part6000.Parent = Model5999
Part6000.CFrame = CFrame.new(2028.77222, 71.3140564, 257.748322, -0.974951506, 0.110203862, -0.193195015, 0.145399615, 0.97310698, -0.178666472, 0.168309689, -0.202281669, -0.964755774)
Part6000.Orientation = Vector3.new(10.289999961853027, -168.67999267578125, 8.5)
Part6000.Position = Vector3.new(2028.772216796875, 71.31405639648438, 257.7483215332031)
Part6000.Rotation = Vector3.new(169.50999450683594, -11.140000343322754, -173.5500030517578)
Part6000.Size = Vector3.new(8.250000953674316, 0.2499980926513672, 7)
Part6000.Anchored = true
Part6000.CanCollide = false
Part6000.Material = Enum.Material.Fabric
SpecialMesh6001.Name = "BarkMesh"
SpecialMesh6001.Parent = Part6000
SpecialMesh6001.MeshId = "rbxassetid://623621260"
SpecialMesh6001.Offset = Vector3.new(0, 3.4100000858306885, 0)
SpecialMesh6001.TextureId = "rbxassetid://623618671"
SpecialMesh6001.MeshType = Enum.MeshType.FileMesh
Part6002.Name = "TreeMeshTop"
Part6002.Parent = Model5999
Part6002.CFrame = CFrame.new(2028.77356, 101.454117, 257.747711, -0.974951506, 0.110203862, -0.193195015, 0.145399615, 0.97310698, -0.178666472, 0.168309689, -0.202281669, -0.964755774)
Part6002.Orientation = Vector3.new(10.289999961853027, -168.67999267578125, 8.5)
Part6002.Position = Vector3.new(2028.7735595703125, 101.45411682128906, 257.7477111816406)
