SpecialMesh5344.Name = "TopTreeMesh"
SpecialMesh5344.Parent = Part5343
SpecialMesh5344.MeshId = "rbxassetid://623621456"
SpecialMesh5344.Offset = Vector3.new(0, 3.4100000858306885, 0)
SpecialMesh5344.Scale = Vector3.new(1.600000023841858, 1.600000023841858, 1.600000023841858)
SpecialMesh5344.TextureId = "rbxassetid://745556120"
SpecialMesh5344.MeshType = Enum.MeshType.FileMesh
Model5345.Name = "??"
Model5345.Parent = Folder0
Part5346.Name = "TreeMesh Bottom"
Part5346.Parent = Model5345
Part5346.CFrame = CFrame.new(-1248.15039, 85.8627167, -2674.11035, -0.640639186, 0.284643918, 0.713133454, -0.274084151, 0.782793343, -0.558670223, -0.717258215, -0.553364575, -0.423471749)
Part5346.Orientation = Vector3.new(33.959999084472656, 120.69999694824219, -19.299999237060547)
Part5346.Position = Vector3.new(-1248.150390625, 85.86271667480469, -2674.1103515625)
Part5346.Rotation = Vector3.new(127.16000366210938, 45.4900016784668, -156.0399932861328)
Part5346.Size = Vector3.new(8.250000953674316, 0.2499980926513672, 7)
Part5346.Anchored = true
Part5346.CanCollide = false
Part5346.Material = Enum.Material.Fabric
SpecialMesh5347.Name = "BarkMesh"
SpecialMesh5347.Parent = Part5346
SpecialMesh5347.MeshId = "rbxassetid://623621260"
SpecialMesh5347.Offset = Vector3.new(0, 3.4100000858306885, 0)
SpecialMesh5347.TextureId = "rbxassetid://623618671"
SpecialMesh5347.MeshType = Enum.MeshType.FileMesh
Part5348.Name = "TreeMeshTop"
Part5348.Parent = Model5345
Part5348.CFrame = CFrame.new(-1241.43384, 113.102539, -2685.12476, -0.640639186, 0.284643918, 0.713133454, -0.274084151, 0.782793343, -0.558670223, -0.717258215, -0.553364575, -0.423471749)
Part5348.Orientation = Vector3.new(33.959999084472656, 120.69999694824219, -19.299999237060547)
Part5348.Position = Vector3.new(-1241.433837890625, 113.1025390625, -2685.124755859375)
Part5348.Rotation = Vector3.new(127.16000366210938, 45.4900016784668, -156.0399932861328)
Part5348.Transparency = 0.05000000074505806
Part5348.Size = Vector3.new(8.250000953674316, 0.2499980926513672, 7)
Part5348.Anchored = true
Part5348.CanCollide = false
Part5348.Material = Enum.Material.Fabric
SpecialMesh5349.Name = "TopTreeMesh"
SpecialMesh5349.Parent = Part5348
SpecialMesh5349.MeshId = "rbxassetid://623621456"
SpecialMesh5349.Offset = Vector3.new(0, 3.4100000858306885, 0)
SpecialMesh5349.Scale = Vector3.new(1.600000023841858, 1.600000023841858, 1.600000023841858)
SpecialMesh5349.TextureId = "rbxassetid://745556120"
SpecialMesh5349.MeshType = Enum.MeshType.FileMesh
Model5350.Name = "??"
Model5350.Parent = Folder0
Part5351.Name = "TreeMesh Bottom"
Part5351.Parent = Model5350
Part5351.CFrame = CFrame.new(-1185.13184, 107.314957, -2529.49805, 0.970840037, -0.05351853, -0.23369801, 0.0118048163, 0.984258473, -0.176361829, 0.239455938, 0.168457866, 0.956181824)
Part5351.Orientation = Vector3.new(10.15999984741211, -13.729999542236328, 0.6899999976158142)
Part5351.Position = Vector3.new(-1185.1318359375, 107.31495666503906, -2529.498046875)
Part5351.Rotation = Vector3.new(10.449999809265137, -13.510000228881836, 3.1600000858306885)
Part5351.Size = Vector3.new(8.250000953674316, 0.2499980926513672, 7)
Part5351.Anchored = true
Part5351.CanCollide = false
Part5351.Material = Enum.Material.Fabric
SpecialMesh5352.Name = "BarkMesh"
SpecialMesh5352.Parent = Part5351
SpecialMesh5352.MeshId = "rbxassetid://623621260"
SpecialMesh5352.Offset = Vector3.new(0, 3.4100000858306885, 0)
SpecialMesh5352.TextureId = "rbxassetid://623618671"
SpecialMesh5352.MeshType = Enum.MeshType.FileMesh
Part5353.Name = "TreeMeshTop"
Part5353.Parent = Model5350
Part5353.CFrame = CFrame.new(-1186.74353, 136.980606, -2524.42139, 0.970836401, -0.0535183214, -0.233693331, 0.0118059516, 0.984255075, -0.17635946, 0.239452302, 0.16845721, 0.95618248)
Part5353.Orientation = Vector3.new(10.15999984741211, -13.729999542236328, 0.6899999976158142)
Part5353.Position = Vector3.new(-1186.7435302734375, 136.98060607910156, -2524.42138671875)
Part5353.Rotation = Vector3.new(10.449999809265137, -13.510000228881836, 3.1600000858306885)
Part5353.Transparency = 0.05000000074505806
Part5353.Size = Vector3.new(8.250000953674316, 0.2499980926513672, 7)
Part5353.Anchored = true
Part5353.CanCollide = false
Part5353.Material = Enum.Material.Fabric
SpecialMesh5354.Name = "TopTreeMesh"
SpecialMesh5354.Parent = Part5353
SpecialMesh5354.MeshId = "rbxassetid://623621456"
SpecialMesh5354.Offset = Vector3.new(0, 3.4100000858306885, 0)
SpecialMesh5354.Scale = Vector3.new(1.600000023841858, 1.600000023841858, 1.600000023841858)
SpecialMesh5354.TextureId = "rbxassetid://745556120"
SpecialMesh5354.MeshType = Enum.MeshType.FileMesh
Model5355.Name = "??"
Model5355.Parent = Folder0
Part5356.Name = "TreeMesh Bottom"
Part5356.Parent = Model5355
Part5356.CFrame = CFrame.new(-1189.65796, 97.4590073, -2609.76538, -0.640639186, 0.284643918, 0.713133454, -0.274084151, 0.782793343, -0.558670223, -0.717258215, -0.553364575, -0.423471749)
Part5356.Orientation = Vector3.new(33.959999084472656, 120.69999694824219, -19.299999237060547)
Part5356.Position = Vector3.new(-1189.657958984375, 97.4590072631836, -2609.765380859375)
Part5356.Rotation = Vector3.new(127.16000366210938, 45.4900016784668, -156.0399932861328)
Part5356.Size = Vector3.new(8.250000953674316, 0.2499980926513672, 7)
Part5356.Anchored = true
Part5356.CanCollide = false
Part5356.Material = Enum.Material.Fabric
SpecialMesh5357.Name = "BarkMesh"
SpecialMesh5357.Parent = Part5356
SpecialMesh5357.MeshId = "rbxassetid://623621260"
SpecialMesh5357.Offset = Vector3.new(0, 3.4100000858306885, 0)
SpecialMesh5357.TextureId = "rbxassetid://623618671"
SpecialMesh5357.MeshType = Enum.MeshType.FileMesh
Part5358.Name = "TreeMeshTop"
Part5358.Parent = Model5355
Part5358.CFrame = CFrame.new(-1182.94153, 124.698837, -2620.77979, -0.640639186, 0.284643918, 0.713133454, -0.274084151, 0.782793343, -0.558670223, -0.717258215, -0.553364575, -0.423471749)
Part5358.Orientation = Vector3.new(33.959999084472656, 120.69999694824219, -19.299999237060547)
Part5358.Position = Vector3.new(-1182.9415283203125, 124.69883728027344, -2620.77978515625)
Part5358.Rotation = Vector3.new(127.16000366210938, 45.4900016784668, -156.0399932861328)
Part5358.Transparency = 0.05000000074505806
Part5358.Size = Vector3.new(8.250000953674316, 0.2499980926513672, 7)
Part5358.Anchored = true
Part5358.CanCollide = false
Part5358.Material = Enum.Material.Fabric
SpecialMesh5359.Name = "TopTreeMesh"
SpecialMesh5359.Parent = Part5358
SpecialMesh5359.MeshId = "rbxassetid://623621456"
SpecialMesh5359.Offset = Vector3.new(0, 3.4100000858306885, 0)
SpecialMesh5359.Scale = Vector3.new(1.600000023841858, 1.600000023841858, 1.600000023841858)
SpecialMesh5359.TextureId = "rbxassetid://745556120"
SpecialMesh5359.MeshType = Enum.MeshType.FileMesh
Model5360.Name = "??"
Model5360.Parent = Folder0
Part5361.Name = "TreeMesh Bottom"
Part5361.Parent = Model5360
Part5361.CFrame = CFrame.new(-1242.81653, 111.727127, -2573.60205, 0.970840037, -0.05351853, -0.23369801, 0.0118048163, 0.984258473, -0.176361829, 0.239455938, 0.168457866, 0.956181824)
Part5361.Orientation = Vector3.new(10.15999984741211, -13.729999542236328, 0.6899999976158142)
Part5361.Position = Vector3.new(-1242.8165283203125, 111.72712707519531, -2573.60205078125)
Part5361.Rotation = Vector3.new(10.449999809265137, -13.510000228881836, 3.1600000858306885)
Part5361.Size = Vector3.new(8.250000953674316, 0.2499980926513672, 7)
Part5361.Anchored = true
Part5361.CanCollide = false
Part5361.Material = Enum.Material.Fabric
SpecialMesh5362.Name = "BarkMesh"
SpecialMesh5362.Parent = Part5361
SpecialMesh5362.MeshId = "rbxassetid://623621260"
SpecialMesh5362.Offset = Vector3.new(0, 3.4100000858306885, 0)
SpecialMesh5362.TextureId = "rbxassetid://623618671"
SpecialMesh5362.MeshType = Enum.MeshType.FileMesh
Part5363.Name = "TreeMeshTop"
Part5363.Parent = Model5360
Part5363.CFrame = CFrame.new(-1244.42834, 141.392654, -2568.52539, 0.970836401, -0.0535183214, -0.233693331, 0.0118059516, 0.984255075, -0.17635946, 0.239452302, 0.16845721, 0.95618248)
Part5363.Orientation = Vector3.new(10.15999984741211, -13.729999542236328, 0.6899999976158142)
Part5363.Position = Vector3.new(-1244.4283447265625, 141.3926544189453, -2568.525390625)
Part5363.Rotation = Vector3.new(10.449999809265137, -13.510000228881836, 3.1600000858306885)
Part5363.Transparency = 0.05000000074505806
Part5363.Size = Vector3.new(8.250000953674316, 0.2499980926513672, 7)
Part5363.Anchored = true
Part5363.CanCollide = false
Part5363.Material = Enum.Material.Fabric
SpecialMesh5364.Name = "TopTreeMesh"
SpecialMesh5364.Parent = Part5363
SpecialMesh5364.MeshId = "rbxassetid://623621456"
SpecialMesh5364.Offset = Vector3.new(0, 3.4100000858306885, 0)
SpecialMesh5364.Scale = Vector3.new(1.600000023841858, 1.600000023841858, 1.600000023841858)
SpecialMesh5364.TextureId = "rbxassetid://745556120"
SpecialMesh5364.MeshType = Enum.MeshType.FileMesh
Model5365.Name = "??"
Model5365.Parent = Folder0
Part5366.Name = "TreeMesh Bottom"
Part5366.Parent = Model5365
Part5366.CFrame = CFrame.new(-1074.13184, 107.314957, -2417.49805, 0.970840037, -0.05351853, -0.23369801, 0.0118048163, 0.984258473, -0.176361829, 0.239455938, 0.168457866, 0.956181824)
Part5366.Orientation = Vector3.new(10.15999984741211, -13.729999542236328, 0.6899999976158142)
Part5366.Position = Vector3.new(-1074.1318359375, 107.31495666503906, -2417.498046875)
Part5366.Rotation = Vector3.new(10.449999809265137, -13.510000228881836, 3.1600000858306885)
Part5366.Size = Vector3.new(8.250000953674316, 0.2499980926513672, 7)
Part5366.Anchored = true
Part5366.CanCollide = false
Part5366.Material = Enum.Material.Fabric
SpecialMesh5367.Name = "BarkMesh"
SpecialMesh5367.Parent = Part5366
SpecialMesh5367.MeshId = "rbxassetid://623621260"
SpecialMesh5367.Offset = Vector3.new(0, 3.4100000858306885, 0)
SpecialMesh5367.TextureId = "rbxassetid://623618671"
SpecialMesh5367.MeshType = Enum.MeshType.FileMesh
Part5368.Name = "TreeMeshTop"
Part5368.Parent = Model5365
Part5368.CFrame = CFrame.new(-1075.74353, 136.980606, -2412.42139, 0.970836401, -0.0535183214, -0.233693331, 0.0118059516, 0.984255075, -0.17635946, 0.239452302, 0.16845721, 0.95618248)
Part5368.Orientation = Vector3.new(10.15999984741211, -13.729999542236328, 0.6899999976158142)
Part5368.Position = Vector3.new(-1075.7435302734375, 136.98060607910156, -2412.42138671875)
Part5368.Rotation = Vector3.new(10.449999809265137, -13.510000228881836, 3.1600000858306885)
Part5368.Transparency = 0.05000000074505806
Part5368.Size = Vector3.new(8.250000953674316, 0.2499980926513672, 7)
Part5368.Anchored = true
Part5368.CanCollide = false
Part5368.Material = Enum.Material.Fabric
SpecialMesh5369.Name = "TopTreeMesh"
SpecialMesh5369.Parent = Part5368
SpecialMesh5369.MeshId = "rbxassetid://623621456"
SpecialMesh5369.Offset = Vector3.new(0, 3.4100000858306885, 0)
SpecialMesh5369.Scale = Vector3.new(1.600000023841858, 1.600000023841858, 1.600000023841858)
SpecialMesh5369.TextureId = "rbxassetid://745556120"
SpecialMesh5369.MeshType = Enum.MeshType.FileMesh
Model5370.Name = "??"
Model5370.Parent = Folder0
Part5371.Name = "TreeMesh Bottom"
Part5371.Parent = Model5370
Part5371.CFrame = CFrame.new(-1131.81653, 111.727127, -2461.60205, 0.970840037, -0.05351853, -0.23369801, 0.0118048163, 0.984258473, -0.176361829, 0.239455938, 0.168457866, 0.956181824)
Part5371.Orientation = Vector3.new(10.15999984741211, -13.729999542236328, 0.6899999976158142)
Part5371.Position = Vector3.new(-1131.8165283203125, 111.72712707519531, -2461.60205078125)
Part5371.Rotation = Vector3.new(10.449999809265137, -13.510000228881836, 3.1600000858306885)
Part5371.Size = Vector3.new(8.250000953674316, 0.2499980926513672, 7)
Part5371.Anchored = true
Part5371.CanCollide = false
Part5371.Material = Enum.Material.Fabric
SpecialMesh5372.Name = "BarkMesh"
SpecialMesh5372.Parent = Part5371
SpecialMesh5372.MeshId = "rbxassetid://623621260"
SpecialMesh5372.Offset = Vector3.new(0, 3.4100000858306885, 0)
SpecialMesh5372.TextureId = "rbxassetid://623618671"
SpecialMesh5372.MeshType = Enum.MeshType.FileMesh
Part5373.Name = "TreeMeshTop"
Part5373.Parent = Model5370
Part5373.CFrame = CFrame.new(-1133.42834, 141.392654, -2456.52539, 0.970836401, -0.0535183214, -0.233693331, 0.0118059516, 0.984255075, -0.17635946, 0.239452302, 0.16845721, 0.95618248)
Part5373.Orientation = Vector3.new(10.15999984741211, -13.729999542236328, 0.6899999976158142)
Part5373.Position = Vector3.new(-1133.4283447265625, 141.3926544189453, -2456.525390625)
Part5373.Rotation = Vector3.new(10.449999809265137, -13.510000228881836, 3.1600000858306885)
Part5373.Transparency = 0.05000000074505806
Part5373.Size = Vector3.new(8.250000953674316, 0.2499980926513672, 7)
Part5373.Anchored = true
Part5373.CanCollide = false
Part5373.Material = Enum.Material.Fabric
SpecialMesh5374.Name = "TopTreeMesh"
SpecialMesh5374.Parent = Part5373
SpecialMesh5374.MeshId = "rbxassetid://623621456"
SpecialMesh5374.Offset = Vector3.new(0, 3.4100000858306885, 0)
SpecialMesh5374.Scale = Vector3.new(1.600000023841858, 1.600000023841858, 1.600000023841858)
SpecialMesh5374.TextureId = "rbxassetid://745556120"
SpecialMesh5374.MeshType = Enum.MeshType.FileMesh
Model5375.Name = "??"
Model5375.Parent = Folder0
Part5376.Name = "TreeMesh Bottom"
Part5376.Parent = Model5375
Part5376.CFrame = CFrame.new(-1078.65796, 97.4590073, -2497.76538, -0.640639186, 0.284643918, 0.713133454, -0.274084151, 0.782793343, -0.558670223, -0.717258215, -0.553364575, -0.423471749)
Part5376.Orientation = Vector3.new(33.959999084472656, 120.69999694824219, -19.299999237060547)
Part5376.Position = Vector3.new(-1078.657958984375, 97.4590072631836, -2497.765380859375)
Part5376.Rotation = Vector3.new(127.16000366210938, 45.4900016784668, -156.0399932861328)
Part5376.Size = Vector3.new(8.250000953674316, 0.2499980926513672, 7)
Part5376.Anchored = true
Part5376.CanCollide = false
Part5376.Material = Enum.Material.Fabric
SpecialMesh5377.Name = "BarkMesh"
SpecialMesh5377.Parent = Part5376
SpecialMesh5377.MeshId = "rbxassetid://623621260"
SpecialMesh5377.Offset = Vector3.new(0, 3.4100000858306885, 0)
SpecialMesh5377.TextureId = "rbxassetid://623618671"
SpecialMesh5377.MeshType = Enum.MeshType.FileMesh
Part5378.Name = "TreeMeshTop"
Part5378.Parent = Model5375
Part5378.CFrame = CFrame.new(-1071.94153, 124.698837, -2508.77979, -0.640639186, 0.284643918, 0.713133454, -0.274084151, 0.782793343, -0.558670223, -0.717258215, -0.553364575, -0.423471749)
Part5378.Orientation = Vector3.new(33.959999084472656, 120.69999694824219, -19.299999237060547)
Part5378.Position = Vector3.new(-1071.9415283203125, 124.69883728027344, -2508.77978515625)
Part5378.Rotation = Vector3.new(127.16000366210938, 45.4900016784668, -156.0399932861328)
Part5378.Transparency = 0.05000000074505806
Part5378.Size = Vector3.new(8.250000953674316, 0.2499980926513672, 7)
Part5378.Anchored = true
Part5378.CanCollide = false
Part5378.Material = Enum.Material.Fabric
SpecialMesh5379.Name = "TopTreeMesh"
SpecialMesh5379.Parent = Part5378
SpecialMesh5379.MeshId = "rbxassetid://623621456"
SpecialMesh5379.Offset = Vector3.new(0, 3.4100000858306885, 0)
SpecialMesh5379.Scale = Vector3.new(1.600000023841858, 1.600000023841858, 1.600000023841858)
SpecialMesh5379.TextureId = "rbxassetid://745556120"
SpecialMesh5379.MeshType = Enum.MeshType.FileMesh
Model5380.Name = "??"
Model5380.Parent = Folder0
Part5381.Name = "TreeMesh Bottom"
Part5381.Parent = Model5380
Part5381.CFrame = CFrame.new(-1137.15039, 85.8627167, -2562.11035, -0.640639186, 0.284643918, 0.713133454, -0.274084151, 0.782793343, -0.558670223, -0.717258215, -0.553364575, -0.423471749)
Part5381.Orientation = Vector3.new(33.959999084472656, 120.69999694824219, -19.299999237060547)
Part5381.Position = Vector3.new(-1137.150390625, 85.86271667480469, -2562.1103515625)
Part5381.Rotation = Vector3.new(127.16000366210938, 45.4900016784668, -156.0399932861328)
Part5381.Size = Vector3.new(8.250000953674316, 0.2499980926513672, 7)
Part5381.Anchored = true
Part5381.CanCollide = false
Part5381.Material = Enum.Material.Fabric
SpecialMesh5382.Name = "BarkMesh"
SpecialMesh5382.Parent = Part5381
SpecialMesh5382.MeshId = "rbxassetid://623621260"
SpecialMesh5382.Offset = Vector3.new(0, 3.4100000858306885, 0)
SpecialMesh5382.TextureId = "rbxassetid://623618671"
SpecialMesh5382.MeshType = Enum.MeshType.FileMesh
Part5383.Name = "TreeMeshTop"
Part5383.Parent = Model5380
Part5383.CFrame = CFrame.new(-1130.43384, 113.102539, -2573.12476, -0.640639186, 0.284643918, 0.713133454, -0.274084151, 0.782793343, -0.558670223, -0.717258215, -0.553364575, -0.423471749)
Part5383.Orientation = Vector3.new(33.959999084472656, 120.69999694824219, -19.299999237060547)
Part5383.Position = Vector3.new(-1130.433837890625, 113.1025390625, -2573.124755859375)
Part5383.Rotation = Vector3.new(127.16000366210938, 45.4900016784668, -156.0399932861328)
Part5383.Transparency = 0.05000000074505806
Part5383.Size = Vector3.new(8.250000953674316, 0.2499980926513672, 7)
Part5383.Anchored = true
Part5383.CanCollide = false
Part5383.Material = Enum.Material.Fabric
SpecialMesh5384.Name = "TopTreeMesh"
SpecialMesh5384.Parent = Part5383
SpecialMesh5384.MeshId = "rbxassetid://623621456"
SpecialMesh5384.Offset = Vector3.new(0, 3.4100000858306885, 0)
SpecialMesh5384.Scale = Vector3.new(1.600000023841858, 1.600000023841858, 1.600000023841858)
SpecialMesh5384.TextureId = "rbxassetid://745556120"
SpecialMesh5384.MeshType = Enum.MeshType.FileMesh
Model5385.Name = "??"
Model5385.Parent = Folder0
Part5386.Name = "TreeMesh Bottom"
Part5386.Parent = Model5385
Part5386.CFrame = CFrame.new(-1291.81653, 111.727127, -2248.60205, 0.970840037, -0.05351853, -0.23369801, 0.0118048163, 0.984258473, -0.176361829, 0.239455938, 0.168457866, 0.956181824)
Part5386.Orientation = Vector3.new(10.15999984741211, -13.729999542236328, 0.6899999976158142)
Part5386.Position = Vector3.new(-1291.8165283203125, 111.72712707519531, -2248.60205078125)
Part5386.Rotation = Vector3.new(10.449999809265137, -13.510000228881836, 3.1600000858306885)
Part5386.Size = Vector3.new(8.250000953674316, 0.2499980926513672, 7)
Part5386.Anchored = true
Part5386.CanCollide = false
Part5386.Material = Enum.Material.Fabric
SpecialMesh5387.Name = "BarkMesh"
SpecialMesh5387.Parent = Part5386
SpecialMesh5387.MeshId = "rbxassetid://623621260"
SpecialMesh5387.Offset = Vector3.new(0, 3.4100000858306885, 0)
SpecialMesh5387.TextureId = "rbxassetid://623618671"
SpecialMesh5387.MeshType = Enum.MeshType.FileMesh
Part5388.Name = "TreeMeshTop"
Part5388.Parent = Model5385
Part5388.CFrame = CFrame.new(-1293.42834, 141.392654, -2243.52539, 0.970836401, -0.0535183214, -0.233693331, 0.0118059516, 0.984255075, -0.17635946, 0.239452302, 0.16845721, 0.95618248)
Part5388.Orientation = Vector3.new(10.15999984741211, -13.729999542236328, 0.6899999976158142)
Part5388.Position = Vector3.new(-1293.4283447265625, 141.3926544189453, -2243.525390625)
Part5388.Rotation = Vector3.new(10.449999809265137, -13.510000228881836, 3.1600000858306885)
Part5388.Transparency = 0.05000000074505806
Part5388.Size = Vector3.new(8.250000953674316, 0.2499980926513672, 7)
Part5388.Anchored = true
Part5388.CanCollide = false
Part5388.Material = Enum.Material.Fabric
SpecialMesh5389.Name = "TopTreeMesh"
SpecialMesh5389.Parent = Part5388
SpecialMesh5389.MeshId = "rbxassetid://623621456"
SpecialMesh5389.Offset = Vector3.new(0, 3.4100000858306885, 0)
SpecialMesh5389.Scale = Vector3.new(1.600000023841858, 1.600000023841858, 1.600000023841858)
SpecialMesh5389.TextureId = "rbxassetid://745556120"
SpecialMesh5389.MeshType = Enum.MeshType.FileMesh
Model5390.Name = "??"
Model5390.Parent = Folder0
Part5391.Name = "TreeMesh Bottom"
Part5391.Parent = Model5390
Part5391.CFrame = CFrame.new(-1234.13184, 107.314957, -2204.49805, 0.970840037, -0.05351853, -0.23369801, 0.0118048163, 0.984258473, -0.176361829, 0.239455938, 0.168457866, 0.956181824)
Part5391.Orientation = Vector3.new(10.15999984741211, -13.729999542236328, 0.6899999976158142)
Part5391.Position = Vector3.new(-1234.1318359375, 107.31495666503906, -2204.498046875)
Part5391.Rotation = Vector3.new(10.449999809265137, -13.510000228881836, 3.1600000858306885)
Part5391.Size = Vector3.new(8.250000953674316, 0.2499980926513672, 7)
Part5391.Anchored = true
Part5391.CanCollide = false
Part5391.Material = Enum.Material.Fabric
SpecialMesh5392.Name = "BarkMesh"
SpecialMesh5392.Parent = Part5391
SpecialMesh5392.MeshId = "rbxassetid://623621260"
SpecialMesh5392.Offset = Vector3.new(0, 3.4100000858306885, 0)
SpecialMesh5392.TextureId = "rbxassetid://623618671"
SpecialMesh5392.MeshType = Enum.MeshType.FileMesh
Part5393.Name = "TreeMeshTop"
Part5393.Parent = Model5390
Part5393.CFrame = CFrame.new(-1235.74353, 136.980606, -2199.42139, 0.970836401, -0.0535183214, -0.233693331, 0.0118059516, 0.984255075, -0.17635946, 0.239452302, 0.16845721, 0.95618248)
Part5393.Orientation = Vector3.new(10.15999984741211, -13.729999542236328, 0.6899999976158142)
Part5393.Position = Vector3.new(-1235.7435302734375, 136.98060607910156, -2199.42138671875)
Part5393.Rotation = Vector3.new(10.449999809265137, -13.510000228881836, 3.1600000858306885)
Part5393.Transparency = 0.05000000074505806
Part5393.Size = Vector3.new(8.250000953674316, 0.2499980926513672, 7)
Part5393.Anchored = true
Part5393.CanCollide = false
Part5393.Material = Enum.Material.Fabric
SpecialMesh5394.Name = "TopTreeMesh"
SpecialMesh5394.Parent = Part5393
SpecialMesh5394.MeshId = "rbxassetid://623621456"
SpecialMesh5394.Offset = Vector3.new(0, 3.4100000858306885, 0)
SpecialMesh5394.Scale = Vector3.new(1.600000023841858, 1.600000023841858, 1.600000023841858)
SpecialMesh5394.TextureId = "rbxassetid://745556120"
SpecialMesh5394.MeshType = Enum.MeshType.FileMesh
Model5395.Name = "??"
Model5395.Parent = Folder0
Part5396.Name = "TreeMesh Bottom"
Part5396.Parent = Model5395
Part5396.CFrame = CFrame.new(-1297.15039, 85.8627167, -2349.11035, -0.640639186, 0.284643918, 0.713133454, -0.274084151, 0.782793343, -0.558670223, -0.717258215, -0.553364575, -0.423471749)
Part5396.Orientation = Vector3.new(33.959999084472656, 120.69999694824219, -19.299999237060547)
Part5396.Position = Vector3.new(-1297.150390625, 85.86271667480469, -2349.1103515625)
Part5396.Rotation = Vector3.new(127.16000366210938, 45.4900016784668, -156.0399932861328)
Part5396.Size = Vector3.new(8.250000953674316, 0.2499980926513672, 7)
Part5396.Anchored = true
Part5396.CanCollide = false
Part5396.Material = Enum.Material.Fabric
SpecialMesh5397.Name = "BarkMesh"
SpecialMesh5397.Parent = Part5396
SpecialMesh5397.MeshId = "rbxassetid://623621260"
SpecialMesh5397.Offset = Vector3.new(0, 3.4100000858306885, 0)
SpecialMesh5397.TextureId = "rbxassetid://623618671"
SpecialMesh5397.MeshType = Enum.MeshType.FileMesh
Part5398.Name = "TreeMeshTop"
Part5398.Parent = Model5395
Part5398.CFrame = CFrame.new(-1290.43384, 113.102539, -2360.12476, -0.640639186, 0.284643918, 0.713133454, -0.274084151, 0.782793343, -0.558670223, -0.717258215, -0.553364575, -0.423471749)
Part5398.Orientation = Vector3.new(33.959999084472656, 120.69999694824219, -19.299999237060547)
Part5398.Position = Vector3.new(-1290.433837890625, 113.1025390625, -2360.124755859375)
Part5398.Rotation = Vector3.new(127.16000366210938, 45.4900016784668, -156.0399932861328)
Part5398.Transparency = 0.05000000074505806
Part5398.Size = Vector3.new(8.250000953674316, 0.2499980926513672, 7)
Part5398.Anchored = true
Part5398.CanCollide = false
Part5398.Material = Enum.Material.Fabric
SpecialMesh5399.Name = "TopTreeMesh"
SpecialMesh5399.Parent = Part5398
SpecialMesh5399.MeshId = "rbxassetid://623621456"
SpecialMesh5399.Offset = Vector3.new(0, 3.4100000858306885, 0)
SpecialMesh5399.Scale = Vector3.new(1.600000023841858, 1.600000023841858, 1.600000023841858)
SpecialMesh5399.TextureId = "rbxassetid://745556120"
SpecialMesh5399.MeshType = Enum.MeshType.FileMesh
Model5400.Name = "??"
Model5400.Parent = Folder0
Part5401.Name = "TreeMesh Bottom"
Part5401.Parent = Model5400
Part5401.CFrame = CFrame.new(-1238.65796, 97.4590073, -2284.76538, -0.640639186, 0.284643918, 0.713133454, -0.274084151, 0.782793343, -0.558670223, -0.717258215, -0.553364575, -0.423471749)
Part5401.Orientation = Vector3.new(33.959999084472656, 120.69999694824219, -19.299999237060547)
Part5401.Position = Vector3.new(-1238.657958984375, 97.4590072631836, -2284.765380859375)
Part5401.Rotation = Vector3.new(127.16000366210938, 45.4900016784668, -156.0399932861328)
Part5401.Size = Vector3.new(8.250000953674316, 0.2499980926513672, 7)
Part5401.Anchored = true
Part5401.CanCollide = false
Part5401.Material = Enum.Material.Fabric
SpecialMesh5402.Name = "BarkMesh"
SpecialMesh5402.Parent = Part5401
SpecialMesh5402.MeshId = "rbxassetid://623621260"
SpecialMesh5402.Offset = Vector3.new(0, 3.4100000858306885, 0)
SpecialMesh5402.TextureId = "rbxassetid://623618671"
SpecialMesh5402.MeshType = Enum.MeshType.FileMesh
Part5403.Name = "TreeMeshTop"
Part5403.Parent = Model5400
Part5403.CFrame = CFrame.new(-1231.94153, 124.698837, -2295.77979, -0.640639186, 0.284643918, 0.713133454, -0.274084151, 0.782793343, -0.558670223, -0.717258215, -0.553364575, -0.423471749)
Part5403.Orientation = Vector3.new(33.959999084472656, 120.69999694824219, -19.299999237060547)
Part5403.Position = Vector3.new(-1231.9415283203125, 124.69883728027344, -2295.77978515625)
Part5403.Rotation = Vector3.new(127.16000366210938, 45.4900016784668, -156.0399932861328)
Part5403.Transparency = 0.05000000074505806
Part5403.Size = Vector3.new(8.250000953674316, 0.2499980926513672, 7)
Part5403.Anchored = true
Part5403.CanCollide = false
Part5403.Material = Enum.Material.Fabric
SpecialMesh5404.Name = "TopTreeMesh"
SpecialMesh5404.Parent = Part5403
SpecialMesh5404.MeshId = "rbxassetid://623621456"
SpecialMesh5404.Offset = Vector3.new(0, 3.4100000858306885, 0)
SpecialMesh5404.Scale = Vector3.new(1.600000023841858, 1.600000023841858, 1.600000023841858)
SpecialMesh5404.TextureId = "rbxassetid://745556120"
SpecialMesh5404.MeshType = Enum.MeshType.FileMesh
Model5405.Name = "??"
Model5405.Parent = Folder0
Part5406.Name = "TreeMesh Bottom"
Part5406.Parent = Model5405
Part5406.CFrame = CFrame.new(-1085.81653, 111.727127, -2248.60205, 0.970840037, -0.05351853, -0.23369801, 0.0118048163, 0.984258473, -0.176361829, 0.239455938, 0.168457866, 0.956181824)
Part5406.Orientation = Vector3.new(10.15999984741211, -13.729999542236328, 0.6899999976158142)
Part5406.Position = Vector3.new(-1085.8165283203125, 111.72712707519531, -2248.60205078125)
Part5406.Rotation = Vector3.new(10.449999809265137, -13.510000228881836, 3.1600000858306885)
Part5406.Size = Vector3.new(8.250000953674316, 0.2499980926513672, 7)
Part5406.Anchored = true
Part5406.CanCollide = false
Part5406.Material = Enum.Material.Fabric
SpecialMesh5407.Name = "BarkMesh"
SpecialMesh5407.Parent = Part5406
SpecialMesh5407.MeshId = "rbxassetid://623621260"
SpecialMesh5407.Offset = Vector3.new(0, 3.4100000858306885, 0)
SpecialMesh5407.TextureId = "rbxassetid://623618671"
SpecialMesh5407.MeshType = Enum.MeshType.FileMesh
Part5408.Name = "TreeMeshTop"
Part5408.Parent = Model5405
Part5408.CFrame = CFrame.new(-1087.42834, 141.392654, -2243.52539, 0.970836401, -0.0535183214, -0.233693331, 0.0118059516, 0.984255075, -0.17635946, 0.239452302, 0.16845721, 0.95618248)
Part5408.Orientation = Vector3.new(10.15999984741211, -13.729999542236328, 0.6899999976158142)
Part5408.Position = Vector3.new(-1087.4283447265625, 141.3926544189453, -2243.525390625)
Part5408.Rotation = Vector3.new(10.449999809265137, -13.510000228881836, 3.1600000858306885)
Part5408.Transparency = 0.05000000074505806
Part5408.Size = Vector3.new(8.250000953674316, 0.2499980926513672, 7)
Part5408.Anchored = true
Part5408.CanCollide = false
Part5408.Material = Enum.Material.Fabric
SpecialMesh5409.Name = "TopTreeMesh"
SpecialMesh5409.Parent = Part5408
SpecialMesh5409.MeshId = "rbxassetid://623621456"
SpecialMesh5409.Offset = Vector3.new(0, 3.4100000858306885, 0)
SpecialMesh5409.Scale = Vector3.new(1.600000023841858, 1.600000023841858, 1.600000023841858)
SpecialMesh5409.TextureId = "rbxassetid://745556120"
SpecialMesh5409.MeshType = Enum.MeshType.FileMesh
Model5410.Name = "??"
Model5410.Parent = Folder0
Part5411.Name = "TreeMesh Bottom"
Part5411.Parent = Model5410
Part5411.CFrame = CFrame.new(-1028.13184, 107.314957, -2204.49805, 0.970840037, -0.05351853, -0.23369801, 0.0118048163, 0.984258473, -0.176361829, 0.239455938, 0.168457866, 0.956181824)
Part5411.Orientation = Vector3.new(10.15999984741211, -13.729999542236328, 0.6899999976158142)
Part5411.Position = Vector3.new(-1028.1318359375, 107.31495666503906, -2204.498046875)
Part5411.Rotation = Vector3.new(10.449999809265137, -13.510000228881836, 3.1600000858306885)
Part5411.Size = Vector3.new(8.250000953674316, 0.2499980926513672, 7)
Part5411.Anchored = true
Part5411.CanCollide = false
Part5411.Material = Enum.Material.Fabric
SpecialMesh5412.Name = "BarkMesh"
SpecialMesh5412.Parent = Part5411
SpecialMesh5412.MeshId = "rbxassetid://623621260"
SpecialMesh5412.Offset = Vector3.new(0, 3.4100000858306885, 0)
SpecialMesh5412.TextureId = "rbxassetid://623618671"
SpecialMesh5412.MeshType = Enum.MeshType.FileMesh
Part5413.Name = "TreeMeshTop"
Part5413.Parent = Model5410
Part5413.CFrame = CFrame.new(-1029.74353, 136.980606, -2199.42139, 0.970836401, -0.0535183214, -0.233693331, 0.0118059516, 0.984255075, -0.17635946, 0.239452302, 0.16845721, 0.95618248)
Part5413.Orientation = Vector3.new(10.15999984741211, -13.729999542236328, 0.6899999976158142)
Part5413.Position = Vector3.new(-1029.7435302734375, 136.98060607910156, -2199.42138671875)
Part5413.Rotation = Vector3.new(10.449999809265137, -13.510000228881836, 3.1600000858306885)
Part5413.Transparency = 0.05000000074505806
Part5413.Size = Vector3.new(8.250000953674316, 0.2499980926513672, 7)
Part5413.Anchored = true
Part5413.CanCollide = false
Part5413.Material = Enum.Material.Fabric
SpecialMesh5414.Name = "TopTreeMesh"
SpecialMesh5414.Parent = Part5413
SpecialMesh5414.MeshId = "rbxassetid://623621456"
SpecialMesh5414.Offset = Vector3.new(0, 3.4100000858306885, 0)
SpecialMesh5414.Scale = Vector3.new(1.600000023841858, 1.600000023841858, 1.600000023841858)
SpecialMesh5414.TextureId = "rbxassetid://745556120"
SpecialMesh5414.MeshType = Enum.MeshType.FileMesh
Model5415.Name = "??"
Model5415.Parent = Folder0
Part5416.Name = "TreeMesh Bottom"
Part5416.Parent = Model5415
Part5416.CFrame = CFrame.new(-1032.65796, 97.4590073, -2284.76538, -0.640639186, 0.284643918, 0.713133454, -0.274084151, 0.782793343, -0.558670223, -0.717258215, -0.553364575, -0.423471749)
Part5416.Orientation = Vector3.new(33.959999084472656, 120.69999694824219, -19.299999237060547)
Part5416.Position = Vector3.new(-1032.657958984375, 97.4590072631836, -2284.765380859375)
Part5416.Rotation = Vector3.new(127.16000366210938, 45.4900016784668, -156.0399932861328)
Part5416.Size = Vector3.new(8.250000953674316, 0.2499980926513672, 7)
Part5416.Anchored = true
Part5416.CanCollide = false
Part5416.Material = Enum.Material.Fabric
SpecialMesh5417.Name = "BarkMesh"
SpecialMesh5417.Parent = Part5416
SpecialMesh5417.MeshId = "rbxassetid://623621260"
SpecialMesh5417.Offset = Vector3.new(0, 3.4100000858306885, 0)
SpecialMesh5417.TextureId = "rbxassetid://623618671"
SpecialMesh5417.MeshType = Enum.MeshType.FileMesh
Part5418.Name = "TreeMeshTop"
Part5418.Parent = Model5415
Part5418.CFrame = CFrame.new(-1025.94153, 124.698837, -2295.77979, -0.640639186, 0.284643918, 0.713133454, -0.274084151, 0.782793343, -0.558670223, -0.717258215, -0.553364575, -0.423471749)
Part5418.Orientation = Vector3.new(33.959999084472656, 120.69999694824219, -19.299999237060547)
Part5418.Position = Vector3.new(-1025.9415283203125, 124.69883728027344, -2295.77978515625)
Part5418.Rotation = Vector3.new(127.16000366210938, 45.4900016784668, -156.0399932861328)
Part5418.Transparency = 0.05000000074505806
Part5418.Size = Vector3.new(8.250000953674316, 0.2499980926513672, 7)
Part5418.Anchored = true
Part5418.CanCollide = false
Part5418.Material = Enum.Material.Fabric
SpecialMesh5419.Name = "TopTreeMesh"
SpecialMesh5419.Parent = Part5418
SpecialMesh5419.MeshId = "rbxassetid://623621456"
SpecialMesh5419.Offset = Vector3.new(0, 3.4100000858306885, 0)
SpecialMesh5419.Scale = Vector3.new(1.600000023841858, 1.600000023841858, 1.600000023841858)
SpecialMesh5419.TextureId = "rbxassetid://745556120"
SpecialMesh5419.MeshType = Enum.MeshType.FileMesh
Model5420.Name = "??"
Model5420.Parent = Folder0
Part5421.Name = "TreeMesh Bottom"
Part5421.Parent = Model5420
Part5421.CFrame = CFrame.new(-1091.15039, 85.8627167, -2349.11035, -0.640639186, 0.284643918, 0.713133454, -0.274084151, 0.782793343, -0.558670223, -0.717258215, -0.553364575, -0.423471749)
Part5421.Orientation = Vector3.new(33.959999084472656, 120.69999694824219, -19.299999237060547)
Part5421.Position = Vector3.new(-1091.150390625, 85.86271667480469, -2349.1103515625)
Part5421.Rotation = Vector3.new(127.16000366210938, 45.4900016784668, -156.0399932861328)
Part5421.Size = Vector3.new(8.250000953674316, 0.2499980926513672, 7)
Part5421.Anchored = true
Part5421.CanCollide = false
Part5421.Material = Enum.Material.Fabric
SpecialMesh5422.Name = "BarkMesh"
SpecialMesh5422.Parent = Part5421
SpecialMesh5422.MeshId = "rbxassetid://623621260"
SpecialMesh5422.Offset = Vector3.new(0, 3.4100000858306885, 0)
SpecialMesh5422.TextureId = "rbxassetid://623618671"
SpecialMesh5422.MeshType = Enum.MeshType.FileMesh
Part5423.Name = "TreeMeshTop"
Part5423.Parent = Model5420
Part5423.CFrame = CFrame.new(-1084.43384, 113.102539, -2360.12476, -0.640639186, 0.284643918, 0.713133454, -0.274084151, 0.782793343, -0.558670223, -0.717258215, -0.553364575, -0.423471749)
Part5423.Orientation = Vector3.new(33.959999084472656, 120.69999694824219, -19.299999237060547)
Part5423.Position = Vector3.new(-1084.433837890625, 113.1025390625, -2360.124755859375)
Part5423.Rotation = Vector3.new(127.16000366210938, 45.4900016784668, -156.0399932861328)
Part5423.Transparency = 0.05000000074505806
Part5423.Size = Vector3.new(8.250000953674316, 0.2499980926513672, 7)
Part5423.Anchored = true
Part5423.CanCollide = false
Part5423.Material = Enum.Material.Fabric
SpecialMesh5424.Name = "TopTreeMesh"
SpecialMesh5424.Parent = Part5423
SpecialMesh5424.MeshId = "rbxassetid://623621456"
SpecialMesh5424.Offset = Vector3.new(0, 3.4100000858306885, 0)
SpecialMesh5424.Scale = Vector3.new(1.600000023841858, 1.600000023841858, 1.600000023841858)
SpecialMesh5424.TextureId = "rbxassetid://745556120"
SpecialMesh5424.MeshType = Enum.MeshType.FileMesh
Model5425.Name = "??"
Model5425.Parent = Folder0
Part5426.Name = "TreeMesh Bottom"
Part5426.Parent = Model5425
Part5426.CFrame = CFrame.new(-1028.13184, 107.314957, -2024.49805, 0.970840037, -0.05351853, -0.23369801, 0.0118048163, 0.984258473, -0.176361829, 0.239455938, 0.168457866, 0.956181824)
Part5426.Orientation = Vector3.new(10.15999984741211, -13.729999542236328, 0.6899999976158142)
Part5426.Position = Vector3.new(-1028.1318359375, 107.31495666503906, -2024.498046875)
Part5426.Rotation = Vector3.new(10.449999809265137, -13.510000228881836, 3.1600000858306885)
Part5426.Size = Vector3.new(8.250000953674316, 0.2499980926513672, 7)
Part5426.Anchored = true
Part5426.CanCollide = false
Part5426.Material = Enum.Material.Fabric
SpecialMesh5427.Name = "BarkMesh"
SpecialMesh5427.Parent = Part5426
SpecialMesh5427.MeshId = "rbxassetid://623621260"
SpecialMesh5427.Offset = Vector3.new(0, 3.4100000858306885, 0)
SpecialMesh5427.TextureId = "rbxassetid://623618671"
SpecialMesh5427.MeshType = Enum.MeshType.FileMesh
Part5428.Name = "TreeMeshTop"
Part5428.Parent = Model5425
Part5428.CFrame = CFrame.new(-1029.74353, 136.980606, -2019.42139, 0.970836401, -0.0535183214, -0.233693331, 0.0118059516, 0.984255075, -0.17635946, 0.239452302, 0.16845721, 0.95618248)
Part5428.Orientation = Vector3.new(10.15999984741211, -13.729999542236328, 0.6899999976158142)
Part5428.Position = Vector3.new(-1029.7435302734375, 136.98060607910156, -2019.42138671875)
Part5428.Rotation = Vector3.new(10.449999809265137, -13.510000228881836, 3.1600000858306885)
Part5428.Transparency = 0.05000000074505806
Part5428.Size = Vector3.new(8.250000953674316, 0.2499980926513672, 7)
Part5428.Anchored = true
Part5428.CanCollide = false
Part5428.Material = Enum.Material.Fabric
SpecialMesh5429.Name = "TopTreeMesh"
SpecialMesh5429.Parent = Part5428
SpecialMesh5429.MeshId = "rbxassetid://623621456"
SpecialMesh5429.Offset = Vector3.new(0, 3.4100000858306885, 0)
SpecialMesh5429.Scale = Vector3.new(1.600000023841858, 1.600000023841858, 1.600000023841858)
SpecialMesh5429.TextureId = "rbxassetid://745556120"
SpecialMesh5429.MeshType = Enum.MeshType.FileMesh
Model5430.Name = "??"
Model5430.Parent = Folder0
Part5431.Name = "TreeMesh Bottom"
Part5431.Parent = Model5430
Part5431.CFrame = CFrame.new(-1032.65796, 97.4590073, -2104.76538, -0.640639186, 0.284643918, 0.713133454, -0.274084151, 0.782793343, -0.558670223, -0.717258215, -0.553364575, -0.423471749)
Part5431.Orientation = Vector3.new(33.959999084472656, 120.69999694824219, -19.299999237060547)
Part5431.Position = Vector3.new(-1032.657958984375, 97.4590072631836, -2104.765380859375)
Part5431.Rotation = Vector3.new(127.16000366210938, 45.4900016784668, -156.0399932861328)
Part5431.Size = Vector3.new(8.250000953674316, 0.2499980926513672, 7)
Part5431.Anchored = true
Part5431.CanCollide = false
Part5431.Material = Enum.Material.Fabric
SpecialMesh5432.Name = "BarkMesh"
SpecialMesh5432.Parent = Part5431
SpecialMesh5432.MeshId = "rbxassetid://623621260"
SpecialMesh5432.Offset = Vector3.new(0, 3.4100000858306885, 0)
SpecialMesh5432.TextureId = "rbxassetid://623618671"
SpecialMesh5432.MeshType = Enum.MeshType.FileMesh
Part5433.Name = "TreeMeshTop"
Part5433.Parent = Model5430
Part5433.CFrame = CFrame.new(-1025.94153, 124.698837, -2115.77979, -0.640639186, 0.284643918, 0.713133454, -0.274084151, 0.782793343, -0.558670223, -0.717258215, -0.553364575, -0.423471749)
Part5433.Orientation = Vector3.new(33.959999084472656, 120.69999694824219, -19.299999237060547)
Part5433.Position = Vector3.new(-1025.9415283203125, 124.69883728027344, -2115.77978515625)
Part5433.Rotation = Vector3.new(127.16000366210938, 45.4900016784668, -156.0399932861328)
Part5433.Transparency = 0.05000000074505806
Part5433.Size = Vector3.new(8.250000953674316, 0.2499980926513672, 7)
Part5433.Anchored = true
Part5433.CanCollide = false
Part5433.Material = Enum.Material.Fabric
SpecialMesh5434.Name = "TopTreeMesh"
SpecialMesh5434.Parent = Part5433
SpecialMesh5434.MeshId = "rbxassetid://623621456"
SpecialMesh5434.Offset = Vector3.new(0, 3.4100000858306885, 0)
SpecialMesh5434.Scale = Vector3.new(1.600000023841858, 1.600000023841858, 1.600000023841858)
SpecialMesh5434.TextureId = "rbxassetid://745556120"
SpecialMesh5434.MeshType = Enum.MeshType.FileMesh
Model5435.Name = "??"
Model5435.Parent = Folder0
Part5436.Name = "TreeMesh Bottom"
Part5436.Parent = Model5435
Part5436.CFrame = CFrame.new(-1091.15039, 85.8627167, -2169.11035, -0.640639186, 0.284643918, 0.713133454, -0.274084151, 0.782793343, -0.558670223, -0.717258215, -0.553364575, -0.423471749)
Part5436.Orientation = Vector3.new(33.959999084472656, 120.69999694824219, -19.299999237060547)
Part5436.Position = Vector3.new(-1091.150390625, 85.86271667480469, -2169.1103515625)
Part5436.Rotation = Vector3.new(127.16000366210938, 45.4900016784668, -156.0399932861328)
Part5436.Size = Vector3.new(8.250000953674316, 0.2499980926513672, 7)
Part5436.Anchored = true
Part5436.CanCollide = false
Part5436.Material = Enum.Material.Fabric
SpecialMesh5437.Name = "BarkMesh"
SpecialMesh5437.Parent = Part5436
SpecialMesh5437.MeshId = "rbxassetid://623621260"
SpecialMesh5437.Offset = Vector3.new(0, 3.4100000858306885, 0)
SpecialMesh5437.TextureId = "rbxassetid://623618671"
SpecialMesh5437.MeshType = Enum.MeshType.FileMesh
Part5438.Name = "TreeMeshTop"
Part5438.Parent = Model5435
