Model1286.Name = "??"
Model1286.Parent = Folder0
Part1287.Name = "TreeMesh Bottom"
Part1287.Parent = Model1286
Part1287.CFrame = CFrame.new(1631.26001, 339.547974, 3948.01733, -0.274926484, -0.00135268702, 0.961467206, -0.000896905549, 1.0000037, 0.00115048257, -0.961467803, -0.000546100782, -0.274928957)
Part1287.Orientation = Vector3.new(-0.07000000029802322, 105.95999908447266, -0.05000000074505806)
Part1287.Position = Vector3.new(1631.260009765625, 339.5479736328125, 3948.017333984375)
Part1287.Rotation = Vector3.new(-179.75999450683594, 74.04000091552734, 179.72000122070312)
Part1287.Size = Vector3.new(8.250000953674316, 0.2499980926513672, 7)
Part1287.Anchored = true
Part1287.CanCollide = false
Part1287.Material = Enum.Material.Fabric
SpecialMesh1288.Name = "BarkMesh"
SpecialMesh1288.Parent = Part1287
SpecialMesh1288.MeshId = "rbxassetid://623621260"
SpecialMesh1288.Offset = Vector3.new(0, 3.4100000858306885, 0)
SpecialMesh1288.TextureId = "rbxassetid://623618671"
SpecialMesh1288.MeshType = Enum.MeshType.FileMesh
Part1289.Name = "TreeMeshTop"
Part1289.Parent = Model1286
Part1289.CFrame = CFrame.new(1631.21863, 369.688019, 3948.00122, -0.274926484, -0.00135268702, 0.961467206, -0.000896905549, 1.0000037, 0.00115048257, -0.961467803, -0.000546100782, -0.274928957)
Part1289.Orientation = Vector3.new(-0.07000000029802322, 105.95999908447266, -0.05000000074505806)
Part1289.Position = Vector3.new(1631.2186279296875, 369.6880187988281, 3948.001220703125)
Part1289.Rotation = Vector3.new(-179.75999450683594, 74.04000091552734, 179.72000122070312)
Part1289.Transparency = 0.05000000074505806
Part1289.Size = Vector3.new(8.250000953674316, 0.2499980926513672, 7)
Part1289.Anchored = true
Part1289.CanCollide = false
Part1289.Material = Enum.Material.Fabric
SpecialMesh1290.Name = "TopTreeMesh"
SpecialMesh1290.Parent = Part1289
SpecialMesh1290.MeshId = "rbxassetid://623621456"
SpecialMesh1290.Offset = Vector3.new(0, 3.4100000858306885, 0)
SpecialMesh1290.Scale = Vector3.new(1.600000023841858, 1.600000023841858, 1.600000023841858)
SpecialMesh1290.TextureId = "rbxassetid://745556120"
SpecialMesh1290.MeshType = Enum.MeshType.FileMesh
Model1291.Name = "??"
Model1291.Parent = Folder0
Part1292.Name = "TreeMesh Bottom"
Part1292.Parent = Model1291
Part1292.CFrame = CFrame.new(1738.56836, 346.676331, 3973.1272, -0.274926484, -0.00135268702, 0.961467206, -0.000896905549, 1.0000037, 0.00115048257, -0.961467803, -0.000546100782, -0.274928957)
Part1292.Orientation = Vector3.new(-0.07000000029802322, 105.95999908447266, -0.05000000074505806)
Part1292.Position = Vector3.new(1738.568359375, 346.67633056640625, 3973.127197265625)
Part1292.Rotation = Vector3.new(-179.75999450683594, 74.04000091552734, 179.72000122070312)
Part1292.Size = Vector3.new(8.250000953674316, 0.2499980926513672, 7)
Part1292.Anchored = true
Part1292.CanCollide = false
Part1292.Material = Enum.Material.Fabric
SpecialMesh1293.Name = "BarkMesh"
SpecialMesh1293.Parent = Part1292
SpecialMesh1293.MeshId = "rbxassetid://623621260"
SpecialMesh1293.Offset = Vector3.new(0, 3.4100000858306885, 0)
SpecialMesh1293.TextureId = "rbxassetid://623618671"
SpecialMesh1293.MeshType = Enum.MeshType.FileMesh
Part1294.Name = "TreeMeshTop"
Part1294.Parent = Model1291
Part1294.CFrame = CFrame.new(1738.52722, 376.816376, 3973.11084, -0.274926484, -0.00135268702, 0.961467206, -0.000896905549, 1.0000037, 0.00115048257, -0.961467803, -0.000546100782, -0.274928957)
Part1294.Orientation = Vector3.new(-0.07000000029802322, 105.95999908447266, -0.05000000074505806)
Part1294.Position = Vector3.new(1738.5272216796875, 376.8163757324219, 3973.11083984375)
Part1294.Rotation = Vector3.new(-179.75999450683594, 74.04000091552734, 179.72000122070312)
Part1294.Transparency = 0.05000000074505806
Part1294.Size = Vector3.new(8.250000953674316, 0.2499980926513672, 7)
Part1294.Anchored = true
Part1294.CanCollide = false
Part1294.Material = Enum.Material.Fabric
SpecialMesh1295.Name = "TopTreeMesh"
SpecialMesh1295.Parent = Part1294
SpecialMesh1295.MeshId = "rbxassetid://623621456"
SpecialMesh1295.Offset = Vector3.new(0, 3.4100000858306885, 0)
SpecialMesh1295.Scale = Vector3.new(1.600000023841858, 1.600000023841858, 1.600000023841858)
SpecialMesh1295.TextureId = "rbxassetid://745556120"
SpecialMesh1295.MeshType = Enum.MeshType.FileMesh
Model1296.Name = "??"
Model1296.Parent = Folder0
Part1297.Name = "TreeMesh Bottom"
Part1297.Parent = Model1296
Part1297.CFrame = CFrame.new(1687.93616, 328.525818, 3932.88867, -0.961467803, -0.000414123526, -0.274927408, -0.000174268105, 1.00000417, -0.000897016085, 0.274929196, -0.000814594794, -0.961467385)
Part1297.Orientation = Vector3.new(0.05000000074505806, -164.0399932861328, -0.009999999776482582)
Part1297.Position = Vector3.new(1687.9361572265625, 328.52581787109375, 3932.888671875)
Part1297.Rotation = Vector3.new(179.9499969482422, -15.960000038146973, 179.97999572753906)
Part1297.Size = Vector3.new(8.250000953674316, 0.2499980926513672, 7)
Part1297.Anchored = true
Part1297.CanCollide = false
Part1297.Material = Enum.Material.Fabric
SpecialMesh1298.Name = "BarkMesh"
SpecialMesh1298.Parent = Part1297
SpecialMesh1298.MeshId = "rbxassetid://623621260"
SpecialMesh1298.Offset = Vector3.new(0, 3.4100000858306885, 0)
SpecialMesh1298.TextureId = "rbxassetid://623618671"
SpecialMesh1298.MeshType = Enum.MeshType.FileMesh
Part1299.Name = "TreeMeshTop"
Part1299.Parent = Model1296
Part1299.CFrame = CFrame.new(1687.92383, 358.665924, 3932.86401, -0.961467803, -0.000414123526, -0.274927408, -0.000174268105, 1.00000417, -0.000897016085, 0.274929196, -0.000814594794, -0.961467385)
Part1299.Orientation = Vector3.new(0.05000000074505806, -164.0399932861328, -0.009999999776482582)
Part1299.Position = Vector3.new(1687.923828125, 358.6659240722656, 3932.864013671875)
Part1299.Rotation = Vector3.new(179.9499969482422, -15.960000038146973, 179.97999572753906)
Part1299.Transparency = 0.05000000074505806
Part1299.Size = Vector3.new(8.250000953674316, 0.2499980926513672, 7)
Part1299.Anchored = true
Part1299.CanCollide = false
Part1299.Material = Enum.Material.Fabric
SpecialMesh1300.Name = "TopTreeMesh"
SpecialMesh1300.Parent = Part1299
SpecialMesh1300.MeshId = "rbxassetid://623621456"
SpecialMesh1300.Offset = Vector3.new(0, 3.4100000858306885, 0)
SpecialMesh1300.Scale = Vector3.new(1.600000023841858, 1.600000023841858, 1.600000023841858)
SpecialMesh1300.TextureId = "rbxassetid://745556120"
SpecialMesh1300.MeshType = Enum.MeshType.FileMesh
Model1301.Name = "??"
Model1301.Parent = Folder0
Part1302.Name = "TreeMesh Bottom"
Part1302.Parent = Model1301
Part1302.CFrame = CFrame.new(1697.52319, 357.579376, 3915.84766, -0.961467803, -0.000414424634, -0.274927408, -0.000174268105, 1.00000417, -0.000898111321, 0.274929196, -0.000815647945, -0.961467385)
Part1302.Orientation = Vector3.new(0.05000000074505806, -164.0399932861328, -0.009999999776482582)
Part1302.Position = Vector3.new(1697.523193359375, 357.5793762207031, 3915.84765625)
Part1302.Rotation = Vector3.new(179.9499969482422, -15.960000038146973, 179.97999572753906)
Part1302.Size = Vector3.new(8.250000953674316, 0.2499980926513672, 7)
Part1302.Anchored = true
Part1302.CanCollide = false
Part1302.Material = Enum.Material.Fabric
SpecialMesh1303.Name = "BarkMesh"
SpecialMesh1303.Parent = Part1302
SpecialMesh1303.MeshId = "rbxassetid://623621260"
SpecialMesh1303.Offset = Vector3.new(0, 3.4100000858306885, 0)
SpecialMesh1303.TextureId = "rbxassetid://623618671"
SpecialMesh1303.MeshType = Enum.MeshType.FileMesh
Part1304.Name = "TreeMeshTop"
Part1304.Parent = Model1301
Part1304.CFrame = CFrame.new(1697.51147, 387.719482, 3915.82324, -0.961467803, -0.000414424634, -0.274927408, -0.000174268105, 1.00000417, -0.000898111321, 0.274929196, -0.000815647945, -0.961467385)
Part1304.Orientation = Vector3.new(0.05000000074505806, -164.0399932861328, -0.009999999776482582)
Part1304.Position = Vector3.new(1697.511474609375, 387.719482421875, 3915.8232421875)
Part1304.Rotation = Vector3.new(179.9499969482422, -15.960000038146973, 179.97999572753906)
Part1304.Transparency = 0.05000000074505806
Part1304.Size = Vector3.new(8.250000953674316, 0.2499980926513672, 7)
Part1304.Anchored = true
Part1304.CanCollide = false
Part1304.Material = Enum.Material.Fabric
SpecialMesh1305.Name = "TopTreeMesh"
SpecialMesh1305.Parent = Part1304
SpecialMesh1305.MeshId = "rbxassetid://623621456"
SpecialMesh1305.Offset = Vector3.new(0, 3.4100000858306885, 0)
SpecialMesh1305.Scale = Vector3.new(1.600000023841858, 1.600000023841858, 1.600000023841858)
SpecialMesh1305.TextureId = "rbxassetid://745556120"
SpecialMesh1305.MeshType = Enum.MeshType.FileMesh
Model1306.Name = "??"
Model1306.Parent = Folder0
Part1307.Name = "TreeMesh Bottom"
Part1307.Parent = Model1306
Part1307.CFrame = CFrame.new(1765.43457, 346.648834, 3966.51196, -0.961467803, -0.000414123526, -0.274927408, -0.000174268105, 1.00000417, -0.000897016085, 0.274929196, -0.000814594794, -0.961467385)
Part1307.Orientation = Vector3.new(0.05000000074505806, -164.0399932861328, -0.009999999776482582)
Part1307.Position = Vector3.new(1765.4345703125, 346.6488342285156, 3966.511962890625)
Part1307.Rotation = Vector3.new(179.9499969482422, -15.960000038146973, 179.97999572753906)
Part1307.Size = Vector3.new(8.250000953674316, 0.2499980926513672, 7)
Part1307.Anchored = true
Part1307.CanCollide = false
Part1307.Material = Enum.Material.Fabric
SpecialMesh1308.Name = "BarkMesh"
SpecialMesh1308.Parent = Part1307
SpecialMesh1308.MeshId = "rbxassetid://623621260"
SpecialMesh1308.Offset = Vector3.new(0, 3.4100000858306885, 0)
SpecialMesh1308.TextureId = "rbxassetid://623618671"
SpecialMesh1308.MeshType = Enum.MeshType.FileMesh
Part1309.Name = "TreeMeshTop"
Part1309.Parent = Model1306
Part1309.CFrame = CFrame.new(1765.42249, 376.788879, 3966.4873, -0.961467803, -0.000414123526, -0.274927408, -0.000174268105, 1.00000417, -0.000897016085, 0.274929196, -0.000814594794, -0.961467385)
Part1309.Orientation = Vector3.new(0.05000000074505806, -164.0399932861328, -0.009999999776482582)
Part1309.Position = Vector3.new(1765.4224853515625, 376.78887939453125, 3966.4873046875)
Part1309.Rotation = Vector3.new(179.9499969482422, -15.960000038146973, 179.97999572753906)
Part1309.Transparency = 0.05000000074505806
Part1309.Size = Vector3.new(8.250000953674316, 0.2499980926513672, 7)
Part1309.Anchored = true
Part1309.CanCollide = false
Part1309.Material = Enum.Material.Fabric
SpecialMesh1310.Name = "TopTreeMesh"
SpecialMesh1310.Parent = Part1309
SpecialMesh1310.MeshId = "rbxassetid://623621456"
SpecialMesh1310.Offset = Vector3.new(0, 3.4100000858306885, 0)
SpecialMesh1310.Scale = Vector3.new(1.600000023841858, 1.600000023841858, 1.600000023841858)
SpecialMesh1310.TextureId = "rbxassetid://745556120"
SpecialMesh1310.MeshType = Enum.MeshType.FileMesh
Model1311.Name = "??"
Model1311.Parent = Folder0
Part1312.Name = "TreeMesh Bottom"
Part1312.Parent = Model1311
Part1312.CFrame = CFrame.new(1620.0249, 339.456421, 3882.22437, -0.961467803, -0.000414424634, -0.274927408, -0.000174268105, 1.00000417, -0.000898111321, 0.274929196, -0.000815647945, -0.961467385)
Part1312.Orientation = Vector3.new(0.05000000074505806, -164.0399932861328, -0.009999999776482582)
Part1312.Position = Vector3.new(1620.02490234375, 339.4564208984375, 3882.224365234375)
Part1312.Rotation = Vector3.new(179.9499969482422, -15.960000038146973, 179.97999572753906)
Part1312.Size = Vector3.new(8.250000953674316, 0.2499980926513672, 7)
Part1312.Anchored = true
Part1312.CanCollide = false
Part1312.Material = Enum.Material.Fabric
SpecialMesh1313.Name = "BarkMesh"
SpecialMesh1313.Parent = Part1312
SpecialMesh1313.MeshId = "rbxassetid://623621260"
SpecialMesh1313.Offset = Vector3.new(0, 3.4100000858306885, 0)
SpecialMesh1313.TextureId = "rbxassetid://623618671"
SpecialMesh1313.MeshType = Enum.MeshType.FileMesh
Part1314.Name = "TreeMeshTop"
Part1314.Parent = Model1311
Part1314.CFrame = CFrame.new(1620.0127, 369.596497, 3882.19995, -0.961467803, -0.000414424634, -0.274927408, -0.000174268105, 1.00000417, -0.000898111321, 0.274929196, -0.000815647945, -0.961467385)
Part1314.Orientation = Vector3.new(0.05000000074505806, -164.0399932861328, -0.009999999776482582)
Part1314.Position = Vector3.new(1620.0126953125, 369.59649658203125, 3882.199951171875)
Part1314.Rotation = Vector3.new(179.9499969482422, -15.960000038146973, 179.97999572753906)
Part1314.Transparency = 0.05000000074505806
Part1314.Size = Vector3.new(8.250000953674316, 0.2499980926513672, 7)
Part1314.Anchored = true
Part1314.CanCollide = false
Part1314.Material = Enum.Material.Fabric
SpecialMesh1315.Name = "TopTreeMesh"
SpecialMesh1315.Parent = Part1314
SpecialMesh1315.MeshId = "rbxassetid://623621456"
SpecialMesh1315.Offset = Vector3.new(0, 3.4100000858306885, 0)
SpecialMesh1315.Scale = Vector3.new(1.600000023841858, 1.600000023841858, 1.600000023841858)
SpecialMesh1315.TextureId = "rbxassetid://745556120"
SpecialMesh1315.MeshType = Enum.MeshType.FileMesh
Model1316.Name = "??"
Model1316.Parent = Folder0
Part1317.Name = "TreeMesh Bottom"
Part1317.Parent = Model1316
Part1317.CFrame = CFrame.new(1615.03357, 340.006409, 3830.96143, -0.961467803, -0.000414123526, -0.274927408, -0.000174268105, 1.00000417, -0.000897016085, 0.274929196, -0.000814594794, -0.961467385)
Part1317.Orientation = Vector3.new(0.05000000074505806, -164.0399932861328, -0.009999999776482582)
Part1317.Position = Vector3.new(1615.0335693359375, 340.00640869140625, 3830.96142578125)
Part1317.Rotation = Vector3.new(179.9499969482422, -15.960000038146973, 179.97999572753906)
Part1317.Size = Vector3.new(8.250000953674316, 0.2499980926513672, 7)
Part1317.Anchored = true
Part1317.CanCollide = false
Part1317.Material = Enum.Material.Fabric
SpecialMesh1318.Name = "BarkMesh"
SpecialMesh1318.Parent = Part1317
SpecialMesh1318.MeshId = "rbxassetid://623621260"
SpecialMesh1318.Offset = Vector3.new(0, 3.4100000858306885, 0)
SpecialMesh1318.TextureId = "rbxassetid://623618671"
SpecialMesh1318.MeshType = Enum.MeshType.FileMesh
Part1319.Name = "TreeMeshTop"
Part1319.Parent = Model1316
Part1319.CFrame = CFrame.new(1615.02136, 370.146515, 3830.93677, -0.961467803, -0.000414123526, -0.274927408, -0.000174268105, 1.00000417, -0.000897016085, 0.274929196, -0.000814594794, -0.961467385)
Part1319.Orientation = Vector3.new(0.05000000074505806, -164.0399932861328, -0.009999999776482582)
Part1319.Position = Vector3.new(1615.0213623046875, 370.1465148925781, 3830.936767578125)
Part1319.Rotation = Vector3.new(179.9499969482422, -15.960000038146973, 179.97999572753906)
Part1319.Transparency = 0.05000000074505806
Part1319.Size = Vector3.new(8.250000953674316, 0.2499980926513672, 7)
Part1319.Anchored = true
Part1319.CanCollide = false
Part1319.Material = Enum.Material.Fabric
SpecialMesh1320.Name = "TopTreeMesh"
SpecialMesh1320.Parent = Part1319
SpecialMesh1320.MeshId = "rbxassetid://623621456"
SpecialMesh1320.Offset = Vector3.new(0, 3.4100000858306885, 0)
SpecialMesh1320.Scale = Vector3.new(1.600000023841858, 1.600000023841858, 1.600000023841858)
SpecialMesh1320.TextureId = "rbxassetid://745556120"
SpecialMesh1320.MeshType = Enum.MeshType.FileMesh
Model1321.Name = "??"
Model1321.Parent = Folder0
Part1322.Name = "TreeMesh Bottom"
Part1322.Parent = Model1321
Part1322.CFrame = CFrame.new(1594.56311, 339.970581, 3797.44995, 0.274926484, -0.000413692382, -0.961468101, 0.000896905549, 1.00000417, -0.000173852226, 0.961467803, -0.000814603292, 0.274928302)
Part1322.Orientation = Vector3.new(0.009999999776482582, -74.04000091552734, 0.05000000074505806)
Part1322.Position = Vector3.new(1594.5631103515625, 339.9705810546875, 3797.449951171875)
Part1322.Rotation = Vector3.new(0.03999999910593033, -74.04000091552734, 0.09000000357627869)
Part1322.Size = Vector3.new(8.250000953674316, 0.2499980926513672, 7)
Part1322.Anchored = true
Part1322.CanCollide = false
Part1322.Material = Enum.Material.Fabric
SpecialMesh1323.Name = "BarkMesh"
SpecialMesh1323.Parent = Part1322
SpecialMesh1323.MeshId = "rbxassetid://623621260"
SpecialMesh1323.Offset = Vector3.new(0, 3.4100000858306885, 0)
SpecialMesh1323.TextureId = "rbxassetid://623618671"
SpecialMesh1323.MeshType = Enum.MeshType.FileMesh
Part1324.Name = "TreeMeshTop"
Part1324.Parent = Model1321
Part1324.CFrame = CFrame.new(1594.55164, 370.110809, 3797.42456, 0.274926484, -0.000413692382, -0.961468101, 0.000896905549, 1.00000417, -0.000173852226, 0.961467803, -0.000814603292, 0.274928302)
Part1324.Orientation = Vector3.new(0.009999999776482582, -74.04000091552734, 0.05000000074505806)
Part1324.Position = Vector3.new(1594.5516357421875, 370.1108093261719, 3797.424560546875)
Part1324.Rotation = Vector3.new(0.03999999910593033, -74.04000091552734, 0.09000000357627869)
Part1324.Transparency = 0.05000000074505806
Part1324.Size = Vector3.new(8.250000953674316, 0.2499980926513672, 7)
Part1324.Anchored = true
Part1324.CanCollide = false
Part1324.Material = Enum.Material.Fabric
SpecialMesh1325.Name = "TopTreeMesh"
SpecialMesh1325.Parent = Part1324
SpecialMesh1325.MeshId = "rbxassetid://623621456"
SpecialMesh1325.Offset = Vector3.new(0, 3.4100000858306885, 0)
SpecialMesh1325.Scale = Vector3.new(1.600000023841858, 1.600000023841858, 1.600000023841858)
SpecialMesh1325.TextureId = "rbxassetid://745556120"
SpecialMesh1325.MeshType = Enum.MeshType.FileMesh
Model1326.Name = "??"
Model1326.Parent = Folder0
Part1327.Name = "TreeMesh Bottom"
Part1327.Parent = Model1326
Part1327.CFrame = CFrame.new(1672.06152, 358.093567, 3831.07324, 0.274926484, -0.000413692382, -0.961468101, 0.000896905549, 1.00000417, -0.000173852226, 0.961467803, -0.000814603292, 0.274928302)
Part1327.Orientation = Vector3.new(0.009999999776482582, -74.04000091552734, 0.05000000074505806)
Part1327.Position = Vector3.new(1672.0615234375, 358.09356689453125, 3831.0732421875)
Part1327.Rotation = Vector3.new(0.03999999910593033, -74.04000091552734, 0.09000000357627869)
Part1327.Size = Vector3.new(8.250000953674316, 0.2499980926513672, 7)
Part1327.Anchored = true
Part1327.CanCollide = false
Part1327.Material = Enum.Material.Fabric
SpecialMesh1328.Name = "BarkMesh"
SpecialMesh1328.Parent = Part1327
SpecialMesh1328.MeshId = "rbxassetid://623621260"
SpecialMesh1328.Offset = Vector3.new(0, 3.4100000858306885, 0)
SpecialMesh1328.TextureId = "rbxassetid://623618671"
SpecialMesh1328.MeshType = Enum.MeshType.FileMesh
Part1329.Name = "TreeMeshTop"
Part1329.Parent = Model1326
Part1329.CFrame = CFrame.new(1672.05029, 388.233826, 3831.04785, 0.274926484, -0.000413692382, -0.961468101, 0.000896905549, 1.00000417, -0.000173852226, 0.961467803, -0.000814603292, 0.274928302)
Part1329.Orientation = Vector3.new(0.009999999776482582, -74.04000091552734, 0.05000000074505806)
Part1329.Position = Vector3.new(1672.05029296875, 388.23382568359375, 3831.0478515625)
Part1329.Rotation = Vector3.new(0.03999999910593033, -74.04000091552734, 0.09000000357627869)
Part1329.Transparency = 0.05000000074505806
Part1329.Size = Vector3.new(8.250000953674316, 0.2499980926513672, 7)
Part1329.Anchored = true
Part1329.CanCollide = false
Part1329.Material = Enum.Material.Fabric
SpecialMesh1330.Name = "TopTreeMesh"
SpecialMesh1330.Parent = Part1329
SpecialMesh1330.MeshId = "rbxassetid://623621456"
SpecialMesh1330.Offset = Vector3.new(0, 3.4100000858306885, 0)
SpecialMesh1330.Scale = Vector3.new(1.600000023841858, 1.600000023841858, 1.600000023841858)
SpecialMesh1330.TextureId = "rbxassetid://745556120"
SpecialMesh1330.MeshType = Enum.MeshType.FileMesh
Model1331.Name = "??"
Model1331.Parent = Folder0
Part1332.Name = "TreeMesh Bottom"
Part1332.Parent = Model1331
Part1332.CFrame = CFrame.new(1692.53198, 358.129395, 3864.58472, -0.961467803, -0.000414123526, -0.274927408, -0.000174268105, 1.00000417, -0.000897016085, 0.274929196, -0.000814594794, -0.961467385)
Part1332.Orientation = Vector3.new(0.05000000074505806, -164.0399932861328, -0.009999999776482582)
Part1332.Position = Vector3.new(1692.531982421875, 358.12939453125, 3864.584716796875)
Part1332.Rotation = Vector3.new(179.9499969482422, -15.960000038146973, 179.97999572753906)
Part1332.Size = Vector3.new(8.250000953674316, 0.2499980926513672, 7)
Part1332.Anchored = true
Part1332.CanCollide = false
Part1332.Material = Enum.Material.Fabric
SpecialMesh1333.Name = "BarkMesh"
SpecialMesh1333.Parent = Part1332
SpecialMesh1333.MeshId = "rbxassetid://623621260"
SpecialMesh1333.Offset = Vector3.new(0, 3.4100000858306885, 0)
SpecialMesh1333.TextureId = "rbxassetid://623618671"
SpecialMesh1333.MeshType = Enum.MeshType.FileMesh
Part1334.Name = "TreeMeshTop"
Part1334.Parent = Model1331
Part1334.CFrame = CFrame.new(1692.52002, 388.26947, 3864.56006, -0.961467803, -0.000414123526, -0.274927408, -0.000174268105, 1.00000417, -0.000897016085, 0.274929196, -0.000814594794, -0.961467385)
Part1334.Orientation = Vector3.new(0.05000000074505806, -164.0399932861328, -0.009999999776482582)
Part1334.Position = Vector3.new(1692.52001953125, 388.26947021484375, 3864.56005859375)
Part1334.Rotation = Vector3.new(179.9499969482422, -15.960000038146973, 179.97999572753906)
Part1334.Transparency = 0.05000000074505806
Part1334.Size = Vector3.new(8.250000953674316, 0.2499980926513672, 7)
Part1334.Anchored = true
Part1334.CanCollide = false
Part1334.Material = Enum.Material.Fabric
SpecialMesh1335.Name = "TopTreeMesh"
SpecialMesh1335.Parent = Part1334
SpecialMesh1335.MeshId = "rbxassetid://623621456"
SpecialMesh1335.Offset = Vector3.new(0, 3.4100000858306885, 0)
SpecialMesh1335.Scale = Vector3.new(1.600000023841858, 1.600000023841858, 1.600000023841858)
SpecialMesh1335.TextureId = "rbxassetid://745556120"
SpecialMesh1335.MeshType = Enum.MeshType.FileMesh
Model1336.Name = "??"
Model1336.Parent = Folder0
Part1337.Name = "TreeMesh Bottom"
Part1337.Parent = Model1336
Part1337.CFrame = CFrame.new(1601.88647, 357.425537, 3763.57178, -0.00538381934, -0.00139039266, 0.999987841, -0.000816740328, 1.00000358, 0.00138607319, -0.999988019, -0.000809306221, -0.00538638234)
Part1337.Orientation = Vector3.new(-0.07999999821186066, 90.30999755859375, -0.05000000074505806)
Part1337.Position = Vector3.new(1601.886474609375, 357.425537109375, 3763.57177734375)
Part1337.Rotation = Vector3.new(-165.57000732421875, 89.72000122070312, 165.52000427246094)
Part1337.Size = Vector3.new(8.250000953674316, 0.2499980926513672, 7)
Part1337.Anchored = true
Part1337.CanCollide = false
Part1337.Material = Enum.Material.Fabric
SpecialMesh1338.Name = "BarkMesh"
SpecialMesh1338.Parent = Part1337
SpecialMesh1338.MeshId = "rbxassetid://623621260"
SpecialMesh1338.Offset = Vector3.new(0, 3.4100000858306885, 0)
SpecialMesh1338.TextureId = "rbxassetid://623618671"
SpecialMesh1338.MeshType = Enum.MeshType.FileMesh
Part1339.Name = "TreeMeshTop"
Part1339.Parent = Model1336
Part1339.CFrame = CFrame.new(1601.84412, 387.565613, 3763.54736, -0.00538381934, -0.00139039266, 0.999987841, -0.000816740328, 1.00000358, 0.00138607319, -0.999988019, -0.000809306221, -0.00538638234)
Part1339.Orientation = Vector3.new(-0.07999999821186066, 90.30999755859375, -0.05000000074505806)
Part1339.Position = Vector3.new(1601.8441162109375, 387.56561279296875, 3763.54736328125)
Part1339.Rotation = Vector3.new(-165.57000732421875, 89.72000122070312, 165.52000427246094)
Part1339.Transparency = 0.05000000074505806
Part1339.Size = Vector3.new(8.250000953674316, 0.2499980926513672, 7)
Part1339.Anchored = true
Part1339.CanCollide = false
Part1339.Material = Enum.Material.Fabric
SpecialMesh1340.Name = "TopTreeMesh"
SpecialMesh1340.Parent = Part1339
SpecialMesh1340.MeshId = "rbxassetid://623621456"
SpecialMesh1340.Offset = Vector3.new(0, 3.4100000858306885, 0)
SpecialMesh1340.Scale = Vector3.new(1.600000023841858, 1.600000023841858, 1.600000023841858)
SpecialMesh1340.TextureId = "rbxassetid://745556120"
SpecialMesh1340.MeshType = Enum.MeshType.FileMesh
Model1341.Name = "??"
Model1341.Parent = Folder0
Part1342.Name = "TreeMesh Bottom"
Part1342.Parent = Model1341
Part1342.CFrame = CFrame.new(1552.04272, 339.281464, 3730.82544, -0.999988616, -0.000414195296, -0.00538486242, -0.000409858767, 1.00000429, -0.000816851156, 0.00538659096, -0.000814674539, -0.9999879)
Part1342.Orientation = Vector3.new(0.05000000074505806, -179.69000244140625, -0.019999999552965164)
Part1342.Position = Vector3.new(1552.042724609375, 339.2814636230469, 3730.825439453125)
Part1342.Rotation = Vector3.new(179.9499969482422, -0.3100000023841858, 179.97999572753906)
Part1342.Size = Vector3.new(8.250000953674316, 0.2499980926513672, 7)
Part1342.Anchored = true
Part1342.CanCollide = false
Part1342.Material = Enum.Material.Fabric
SpecialMesh1343.Name = "BarkMesh"
SpecialMesh1343.Parent = Part1342
SpecialMesh1343.MeshId = "rbxassetid://623621260"
SpecialMesh1343.Offset = Vector3.new(0, 3.4100000858306885, 0)
SpecialMesh1343.TextureId = "rbxassetid://623618671"
SpecialMesh1343.MeshType = Enum.MeshType.FileMesh
Part1344.Name = "TreeMeshTop"
Part1344.Parent = Model1341
Part1344.CFrame = CFrame.new(1552.03052, 369.4216, 3730.80103, -0.999988616, -0.000414195296, -0.00538486242, -0.000409858767, 1.00000429, -0.000816851156, 0.00538659096, -0.000814674539, -0.9999879)
Part1344.Orientation = Vector3.new(0.05000000074505806, -179.69000244140625, -0.019999999552965164)
Part1344.Position = Vector3.new(1552.030517578125, 369.4216003417969, 3730.801025390625)
Part1344.Rotation = Vector3.new(179.9499969482422, -0.3100000023841858, 179.97999572753906)
Part1344.Transparency = 0.05000000074505806
Part1344.Size = Vector3.new(8.250000953674316, 0.2499980926513672, 7)
Part1344.Anchored = true
Part1344.CanCollide = false
Part1344.Material = Enum.Material.Fabric
SpecialMesh1345.Name = "TopTreeMesh"
SpecialMesh1345.Parent = Part1344
SpecialMesh1345.MeshId = "rbxassetid://623621456"
SpecialMesh1345.Offset = Vector3.new(0, 3.4100000858306885, 0)
SpecialMesh1345.Scale = Vector3.new(1.600000023841858, 1.600000023841858, 1.600000023841858)
SpecialMesh1345.TextureId = "rbxassetid://745556120"
SpecialMesh1345.MeshType = Enum.MeshType.FileMesh
Part1346.Name = "?????"
Part1346.Parent = Folder0
Part1346.CFrame = CFrame.new(-92.0958252, 124.546509, -3133.34961, -0.25672698, -0.00460230652, 0.966469824, -0.0230781566, 0.999734342, -0.00136967853, -0.966210008, -0.0226560831, -0.256765842)
Part1346.Orientation = Vector3.new(0.07999999821186066, 104.87999725341797, -1.3200000524520874)
Part1346.Position = Vector3.new(-92.0958251953125, 124.5465087890625, -3133.349609375)
Part1346.Rotation = Vector3.new(179.69000244140625, 75.12000274658203, 178.97000122070312)
Part1346.Size = Vector3.new(75.5, 31.25, 79.5)
Part1346.Anchored = true
Part1346.BottomSurface = Enum.SurfaceType.Smooth
Part1346.CanCollide = false
Part1346.TopSurface = Enum.SurfaceType.Smooth
SpecialMesh1347.Parent = Part1346
SpecialMesh1347.MeshId = "rbxassetid://7069502473"
SpecialMesh1347.Scale = Vector3.new(7.9473652839660645, 7.352944374084473, 8.368416786193848)
SpecialMesh1347.TextureId = "rbxassetid://7069502560"
SpecialMesh1347.MeshType = Enum.MeshType.FileMesh
Part1348.Name = "?????"
Part1348.Parent = Folder0
Part1348.CFrame = CFrame.new(1792.06445, 126.507706, 87.7500153, -0.0174525902, 0.0223007388, 0.999600053, -3.35239179e-08, 0.999751091, -0.0223041419, -0.999848843, -0.00038923102, -0.0174482465)
Part1348.Orientation = Vector3.new(1.2799999713897705, 91, 0)
Part1348.Position = Vector3.new(1792.064453125, 126.50770568847656, 87.75001525878906)
Part1348.Rotation = Vector3.new(128.0399932861328, 88.37999725341797, -128.0500030517578)
Part1348.Size = Vector3.new(75.5, 31.25, 79.5)
Part1348.Anchored = true
Part1348.BottomSurface = Enum.SurfaceType.Smooth
Part1348.CanCollide = false
Part1348.TopSurface = Enum.SurfaceType.Smooth
SpecialMesh1349.Parent = Part1348
SpecialMesh1349.MeshId = "rbxassetid://7069502473"
SpecialMesh1349.Scale = Vector3.new(7.9473652839660645, 7.352944374084473, 8.368416786193848)
SpecialMesh1349.TextureId = "rbxassetid://7069502560"
SpecialMesh1349.MeshType = Enum.MeshType.FileMesh
Part1350.Name = "?"
Part1350.Parent = Folder0
Part1350.CFrame = CFrame.new(2969.01782, 307.313904, 3110.84961, 1, 0, 0, 0, -4.37113883e-08, 1, 0, -1, -4.37113883e-08)
Part1350.Orientation = Vector3.new(-90, 0, 0)
Part1350.Position = Vector3.new(2969.017822265625, 307.31390380859375, 3110.849609375)
Part1350.Rotation = Vector3.new(-90, 0, 0)
Part1350.Size = Vector3.new(32, 22, 29.999998092651367)
Part1350.Anchored = true
Part1350.BottomSurface = Enum.SurfaceType.Smooth
Part1350.TopSurface = Enum.SurfaceType.Smooth
SpecialMesh1351.Parent = Part1350
SpecialMesh1351.MeshId = "rbxassetid://473211502"
SpecialMesh1351.Scale = Vector3.new(0.7999999523162842, 1.100000023841858, 1.499999761581421)
SpecialMesh1351.TextureId = "rbxassetid://473212369"
SpecialMesh1351.MeshType = Enum.MeshType.FileMesh
Model1352.Name = "??"
Model1352.Parent = Folder0
Part1353.Name = "TreeMesh Bottom"
Part1353.Parent = Model1352
Part1353.CFrame = CFrame.new(3137.50073, 289.798157, 2925.58472, 0.259612322, 0.0248750579, 0.96539557, -0.160641909, 0.986855567, 0.0177716911, -0.952259958, -0.159696415, 0.260195792)
Part1353.Orientation = Vector3.new(-1.0199999809265137, 74.91999816894531, -9.25)
Part1353.Position = Vector3.new(3137.500732421875, 289.79815673828125, 2925.584716796875)
Part1353.Rotation = Vector3.new(-3.9100000858306885, 74.87999725341797, -5.46999979019165)
Part1353.Size = Vector3.new(8.250000953674316, 0.2499980926513672, 7)
Part1353.Anchored = true
Part1353.CanCollide = false
Part1353.Material = Enum.Material.Fabric
SpecialMesh1354.Name = "BarkMesh"
SpecialMesh1354.Parent = Part1353
SpecialMesh1354.MeshId = "rbxassetid://623621260"
SpecialMesh1354.Offset = Vector3.new(0, 3.4100000858306885, 0)
SpecialMesh1354.TextureId = "rbxassetid://623618671"
SpecialMesh1354.MeshType = Enum.MeshType.FileMesh
Part1355.Name = "TreeMeshTop"
Part1355.Parent = Model1352
Part1355.CFrame = CFrame.new(3138.24927, 319.541992, 2920.77222, 0.259612322, 0.0248750579, 0.96539557, -0.160641909, 0.986855567, 0.0177716911, -0.952259958, -0.159696415, 0.260195792)
Part1355.Orientation = Vector3.new(-1.0199999809265137, 74.91999816894531, -9.25)
Part1355.Position = Vector3.new(3138.249267578125, 319.5419921875, 2920.772216796875)
Part1355.Rotation = Vector3.new(-3.9100000858306885, 74.87999725341797, -5.46999979019165)
Part1355.Transparency = 0.05000000074505806
Part1355.Size = Vector3.new(8.250000953674316, 0.2499980926513672, 7)
Part1355.Anchored = true
Part1355.CanCollide = false
Part1355.Material = Enum.Material.Fabric
SpecialMesh1356.Name = "TopTreeMesh"
SpecialMesh1356.Parent = Part1355
SpecialMesh1356.MeshId = "rbxassetid://623621456"
SpecialMesh1356.Offset = Vector3.new(0, 3.4100000858306885, 0)
SpecialMesh1356.Scale = Vector3.new(1.600000023841858, 1.600000023841858, 1.600000023841858)
SpecialMesh1356.TextureId = "rbxassetid://745556120"
SpecialMesh1356.MeshType = Enum.MeshType.FileMesh
Model1357.Name = "??"
Model1357.Parent = Folder0
Part1358.Name = "TreeMesh Bottom"
Part1358.Parent = Model1357
Part1358.CFrame = CFrame.new(3104.11304, 307.048279, 3147.69458, 0.839995146, -0.0238334071, 0.54207015, 0.0216931254, 0.999711275, 0.0103388857, -0.542160034, 0.0030745815, 0.840269625)
Part1358.Orientation = Vector3.new(-0.5899999737739563, 32.83000183105469, 1.2400000095367432)
Part1358.Position = Vector3.new(3104.113037109375, 307.04827880859375, 3147.694580078125)
Part1358.Rotation = Vector3.new(-0.699999988079071, 32.81999969482422, 1.6299999952316284)
Part1358.Size = Vector3.new(8.250000953674316, 0.2499980926513672, 7)
Part1358.Anchored = true
Part1358.CanCollide = false
Part1358.Material = Enum.Material.Fabric
SpecialMesh1359.Name = "BarkMesh"
SpecialMesh1359.Parent = Part1358
SpecialMesh1359.MeshId = "rbxassetid://623621260"
SpecialMesh1359.Offset = Vector3.new(0, 3.4100000858306885, 0)
SpecialMesh1359.TextureId = "rbxassetid://623618671"
SpecialMesh1359.MeshType = Enum.MeshType.FileMesh
Part1360.Name = "TreeMeshTop"
Part1360.Parent = Model1357
Part1360.CFrame = CFrame.new(3103.39307, 337.179504, 3147.78613, 0.839994073, -0.0238340795, 0.542071879, 0.021693442, 0.999711215, 0.0103396503, -0.542161703, 0.00307415752, 0.840268612)
Part1360.Orientation = Vector3.new(-0.5899999737739563, 32.83000183105469, 1.2400000095367432)
Part1360.Position = Vector3.new(3103.39306640625, 337.17950439453125, 3147.7861328125)
Part1360.Rotation = Vector3.new(-0.699999988079071, 32.81999969482422, 1.6299999952316284)
Part1360.Transparency = 0.05000000074505806
Part1360.Size = Vector3.new(8.250000953674316, 0.2499980926513672, 7)
Part1360.Anchored = true
Part1360.CanCollide = false
Part1360.Material = Enum.Material.Fabric
SpecialMesh1361.Name = "TopTreeMesh"
SpecialMesh1361.Parent = Part1360
SpecialMesh1361.MeshId = "rbxassetid://623621456"
SpecialMesh1361.Offset = Vector3.new(0, 3.4100000858306885, 0)
SpecialMesh1361.Scale = Vector3.new(1.600000023841858, 1.600000023841858, 1.600000023841858)
SpecialMesh1361.TextureId = "rbxassetid://745556120"
SpecialMesh1361.MeshType = Enum.MeshType.FileMesh
Model1362.Name = "??"
Model1362.Parent = Folder0
Part1363.Name = "TreeMesh Bottom"
Part1363.Parent = Model1362
Part1363.CFrame = CFrame.new(3022.2876, 305.763702, 3168.16431, 0.839999616, -0.0238345787, 0.542066574, 0.0216938704, 0.99971354, 0.0103387982, -0.542160451, 0.00307533145, 0.840272367)
Part1363.Orientation = Vector3.new(-0.5899999737739563, 32.83000183105469, 1.2400000095367432)
Part1363.Position = Vector3.new(3022.28759765625, 305.7637023925781, 3168.164306640625)
Part1363.Rotation = Vector3.new(-0.699999988079071, 32.81999969482422, 1.6299999952316284)
Part1363.Size = Vector3.new(8.250000953674316, 0.2499980926513672, 7)
Part1363.Anchored = true
Part1363.CanCollide = false
Part1363.Material = Enum.Material.Fabric
SpecialMesh1364.Name = "BarkMesh"
SpecialMesh1364.Parent = Part1363
SpecialMesh1364.MeshId = "rbxassetid://623621260"
SpecialMesh1364.Offset = Vector3.new(0, 3.4100000858306885, 0)
SpecialMesh1364.TextureId = "rbxassetid://623618671"
SpecialMesh1364.MeshType = Enum.MeshType.FileMesh
Part1365.Name = "TreeMeshTop"
Part1365.Parent = Model1362
Part1365.CFrame = CFrame.new(3021.56763, 335.894806, 3168.25635, 0.839999139, -0.0238345265, 0.542066753, 0.0216939133, 0.999713004, 0.0103388131, -0.542159975, 0.00307525694, 0.840272248)
Part1365.Orientation = Vector3.new(-0.5899999737739563, 32.83000183105469, 1.2400000095367432)
Part1365.Position = Vector3.new(3021.567626953125, 335.8948059082031, 3168.25634765625)
Part1365.Rotation = Vector3.new(-0.699999988079071, 32.81999969482422, 1.6299999952316284)
Part1365.Transparency = 0.05000000074505806
Part1365.Size = Vector3.new(8.250000953674316, 0.2499980926513672, 7)
Part1365.Anchored = true
Part1365.CanCollide = false
Part1365.Material = Enum.Material.Fabric
SpecialMesh1366.Name = "TopTreeMesh"
SpecialMesh1366.Parent = Part1365
SpecialMesh1366.MeshId = "rbxassetid://623621456"
SpecialMesh1366.Offset = Vector3.new(0, 3.4100000858306885, 0)
SpecialMesh1366.Scale = Vector3.new(1.600000023841858, 1.600000023841858, 1.600000023841858)
SpecialMesh1366.TextureId = "rbxassetid://745556120"
SpecialMesh1366.MeshType = Enum.MeshType.FileMesh
Part1367.Name = "?????"
Part1367.Parent = Folder0
Part1367.CFrame = CFrame.new(2690.42627, 283.477051, 3160.1228, 0.0259362161, -0.649540067, 0.759886265, -0.0303181373, 0.759279609, 0.650058925, -0.999206066, -0.0398981832, 3.86607191e-09)
Part1367.Orientation = Vector3.new(-40.54999923706055, 90, -2.2899999618530273)
Part1367.Position = Vector3.new(2690.42626953125, 283.47705078125, 3160.122802734375)
Part1367.Rotation = Vector3.new(-90, 49.45000076293945, 87.70999908447266)
Part1367.Size = Vector3.new(75.5, 31.25, 79.5)
Part1367.Anchored = true
Part1367.BottomSurface = Enum.SurfaceType.Smooth
Part1367.CanCollide = false
Part1367.TopSurface = Enum.SurfaceType.Smooth
SpecialMesh1368.Parent = Part1367
SpecialMesh1368.MeshId = "rbxassetid://7069502473"
SpecialMesh1368.Scale = Vector3.new(7.9473652839660645, 7.352944374084473, 8.368416786193848)
SpecialMesh1368.TextureId = "rbxassetid://7069502560"
SpecialMesh1368.MeshType = Enum.MeshType.FileMesh
Model1369.Name = "??"
Model1369.Parent = Folder0
Part1370.Name = "TreeMesh Bottom"
Part1370.Parent = Model1369
Part1370.CFrame = CFrame.new(2520.55029, 209.817215, 3115.61035, -0.436757147, -0.014261283, -0.899466455, 0.0552694499, 0.997560024, -0.042653963, 0.897880197, -0.0683424398, -0.434903204)
Part1370.Orientation = Vector3.new(2.440000057220459, -115.80000305175781, 3.1700000762939453)
Part1370.Position = Vector3.new(2520.55029296875, 209.8172149658203, 3115.6103515625)
Part1370.Rotation = Vector3.new(174.39999389648438, -64.08999633789062, 178.1300048828125)
Part1370.Size = Vector3.new(8.250000953674316, 0.2499980926513672, 7)
Part1370.Anchored = true
Part1370.CanCollide = false
Part1370.Material = Enum.Material.Fabric
SpecialMesh1371.Name = "BarkMesh"
SpecialMesh1371.Parent = Part1370
SpecialMesh1371.MeshId = "rbxassetid://623621260"
SpecialMesh1371.Offset = Vector3.new(0, 3.4100000858306885, 0)
SpecialMesh1371.TextureId = "rbxassetid://623618671"
SpecialMesh1371.MeshType = Enum.MeshType.FileMesh
Part1372.Name = "TreeMeshTop"
Part1372.Parent = Model1369
Part1372.CFrame = CFrame.new(2520.12183, 239.883926, 3113.55029, -0.436757147, -0.014261283, -0.899466455, 0.0552694499, 0.997560024, -0.042653963, 0.897880197, -0.0683424398, -0.434903204)
Part1372.Orientation = Vector3.new(2.440000057220459, -115.80000305175781, 3.1700000762939453)
Part1372.Position = Vector3.new(2520.121826171875, 239.88392639160156, 3113.55029296875)
Part1372.Rotation = Vector3.new(174.39999389648438, -64.08999633789062, 178.1300048828125)
Part1372.Transparency = 0.05000000074505806
Part1372.Size = Vector3.new(8.250000953674316, 0.2499980926513672, 7)
Part1372.Anchored = true
Part1372.CanCollide = false
Part1372.Material = Enum.Material.Fabric
SpecialMesh1373.Name = "TopTreeMesh"
SpecialMesh1373.Parent = Part1372
SpecialMesh1373.MeshId = "rbxassetid://623621456"
SpecialMesh1373.Offset = Vector3.new(0, 3.4100000858306885, 0)
SpecialMesh1373.Scale = Vector3.new(1.600000023841858, 1.600000023841858, 1.600000023841858)
SpecialMesh1373.TextureId = "rbxassetid://745556120"
SpecialMesh1373.MeshType = Enum.MeshType.FileMesh
Model1374.Name = "??"
Model1374.Parent = Folder0
Part1375.Name = "TreeMesh Bottom"
Part1375.Parent = Model1374
Part1375.CFrame = CFrame.new(2665.00098, 328.205566, 3286.2019, 6.2584877e-07, 0.116583414, -0.993181586, 0.714582384, 0.694782078, 0.0815565437, 0.699553132, -0.709709167, -0.0833077431)
Part1375.Orientation = Vector3.new(-4.679999828338623, -94.79000091552734, 45.79999923706055)
Part1375.Position = Vector3.new(2665.0009765625, 328.20556640625, 3286.201904296875)
Part1375.Rotation = Vector3.new(-135.61000061035156, -83.30999755859375, -90)
Part1375.Size = Vector3.new(8.250000953674316, 0.2499980926513672, 7)
Part1375.Anchored = true
Part1375.CanCollide = false
Part1375.Material = Enum.Material.Fabric
SpecialMesh1376.Name = "BarkMesh"
SpecialMesh1376.Parent = Part1375
SpecialMesh1376.MeshId = "rbxassetid://623621260"
SpecialMesh1376.Offset = Vector3.new(0, 3.4100000858306885, 0)
SpecialMesh1376.TextureId = "rbxassetid://623618671"
SpecialMesh1376.MeshType = Enum.MeshType.FileMesh
Part1377.Name = "TreeMeshTop"
Part1377.Parent = Model1374
Part1377.CFrame = CFrame.new(2668.51611, 349.145935, 3264.81128, 6.2584877e-07, 0.116583414, -0.993181586, 0.714582384, 0.694782078, 0.0815565437, 0.699553132, -0.709709167, -0.0833077431)
Part1377.Orientation = Vector3.new(-4.679999828338623, -94.79000091552734, 45.79999923706055)
Part1377.Position = Vector3.new(2668.51611328125, 349.14593505859375, 3264.811279296875)
Part1377.Rotation = Vector3.new(-135.61000061035156, -83.30999755859375, -90)
Part1377.Transparency = 0.05000000074505806
Part1377.Size = Vector3.new(8.250000953674316, 0.2499980926513672, 7)
Part1377.Anchored = true
Part1377.CanCollide = false
Part1377.Material = Enum.Material.Fabric
SpecialMesh1378.Name = "TopTreeMesh"
SpecialMesh1378.Parent = Part1377
SpecialMesh1378.MeshId = "rbxassetid://623621456"
