Model3343.Name = "??"
Model3343.Parent = Folder0
Part3344.Name = "TreeMesh Bottom"
Part3344.Parent = Model3343
Part3344.CFrame = CFrame.new(669.498779, 97.3140564, -89.0013428, -0.80707556, 0.069581911, 0.586333573, -0.0744677559, 0.97310698, -0.217984676, -0.585733056, -0.219593078, -0.780189455)
Part3344.Orientation = Vector3.new(12.59000015258789, 143.07000732421875, -4.380000114440918)
Part3344.Position = Vector3.new(669.498779296875, 97.31405639648438, -89.0013427734375)
Part3344.Rotation = Vector3.new(164.38999938964844, 35.900001525878906, -175.07000732421875)
Part3344.Size = Vector3.new(8.250000953674316, 0.2499980926513672, 7)
Part3344.Anchored = true
Part3344.CanCollide = false
Part3344.Material = Enum.Material.Fabric
SpecialMesh3345.Name = "BarkMesh"
SpecialMesh3345.Parent = Part3344
SpecialMesh3345.MeshId = "rbxassetid://623621260"
SpecialMesh3345.Offset = Vector3.new(0, 3.4100000858306885, 0)
SpecialMesh3345.TextureId = "rbxassetid://623618671"
SpecialMesh3345.MeshType = Enum.MeshType.FileMesh
Part3346.Name = "TreeMeshTop"
Part3346.Parent = Model3343
Part3346.CFrame = CFrame.new(669.499878, 127.454117, -89.0021973, -0.80707556, 0.069581911, 0.586333573, -0.0744677559, 0.97310698, -0.217984676, -0.585733056, -0.219593078, -0.780189455)
Part3346.Orientation = Vector3.new(12.59000015258789, 143.07000732421875, -4.380000114440918)
Part3346.Position = Vector3.new(669.4998779296875, 127.45411682128906, -89.002197265625)
Part3346.Rotation = Vector3.new(164.38999938964844, 35.900001525878906, -175.07000732421875)
Part3346.Transparency = 0.05000000074505806
Part3346.Size = Vector3.new(8.250000953674316, 0.2499980926513672, 7)
Part3346.Anchored = true
Part3346.CanCollide = false
Part3346.Material = Enum.Material.Fabric
SpecialMesh3347.Name = "TopTreeMesh"
SpecialMesh3347.Parent = Part3346
SpecialMesh3347.MeshId = "rbxassetid://623621456"
SpecialMesh3347.Offset = Vector3.new(0, 3.4100000858306885, 0)
SpecialMesh3347.Scale = Vector3.new(1.600000023841858, 1.600000023841858, 1.600000023841858)
SpecialMesh3347.TextureId = "rbxassetid://745556120"
SpecialMesh3347.MeshType = Enum.MeshType.FileMesh
Model3348.Name = "??"
Model3348.Parent = Folder0
Part3349.Name = "TreeMesh Bottom"
Part3349.Parent = Model3348
Part3349.CFrame = CFrame.new(597.498779, 97.3140564, -115.001343, -0.627820969, 0.069581911, 0.775241137, -0.128348872, 0.97310698, -0.19128339, -0.76770246, -0.219593078, -0.602006435)
Part3349.Orientation = Vector3.new(11.029999732971191, 127.83000183105469, -7.510000228881836)
Part3349.Position = Vector3.new(597.498779296875, 97.31405639648438, -115.0013427734375)
Part3349.Rotation = Vector3.new(162.3699951171875, 50.83000183105469, -173.67999267578125)
Part3349.Size = Vector3.new(8.250000953674316, 0.2499980926513672, 7)
Part3349.Anchored = true
Part3349.CanCollide = false
Part3349.Material = Enum.Material.Fabric
SpecialMesh3350.Name = "BarkMesh"
SpecialMesh3350.Parent = Part3349
SpecialMesh3350.MeshId = "rbxassetid://623621260"
SpecialMesh3350.Offset = Vector3.new(0, 3.4100000858306885, 0)
SpecialMesh3350.TextureId = "rbxassetid://623618671"
SpecialMesh3350.MeshType = Enum.MeshType.FileMesh
Part3351.Name = "TreeMeshTop"
Part3351.Parent = Model3348
Part3351.CFrame = CFrame.new(597.499878, 127.454117, -115.002197, -0.627820969, 0.069581911, 0.775241137, -0.128348872, 0.97310698, -0.19128339, -0.76770246, -0.219593078, -0.602006435)
Part3351.Orientation = Vector3.new(11.029999732971191, 127.83000183105469, -7.510000228881836)
Part3351.Position = Vector3.new(597.4998779296875, 127.45411682128906, -115.002197265625)
Part3351.Rotation = Vector3.new(162.3699951171875, 50.83000183105469, -173.67999267578125)
Part3351.Transparency = 0.05000000074505806
Part3351.Size = Vector3.new(8.250000953674316, 0.2499980926513672, 7)
Part3351.Anchored = true
Part3351.CanCollide = false
Part3351.Material = Enum.Material.Fabric
SpecialMesh3352.Name = "TopTreeMesh"
SpecialMesh3352.Parent = Part3351
SpecialMesh3352.MeshId = "rbxassetid://623621456"
SpecialMesh3352.Offset = Vector3.new(0, 3.4100000858306885, 0)
SpecialMesh3352.Scale = Vector3.new(1.600000023841858, 1.600000023841858, 1.600000023841858)
SpecialMesh3352.TextureId = "rbxassetid://745556120"
SpecialMesh3352.MeshType = Enum.MeshType.FileMesh
Model3353.Name = "??"
Model3353.Parent = Folder0
Part3354.Name = "TreeMesh Bottom"
Part3354.Parent = Model3353
Part3354.CFrame = CFrame.new(364.618225, 147.848785, -53.4020996, -0.639855504, 0.313841224, 0.701490104, -0.394696802, 0.64901346, -0.650381386, -0.659393013, -0.693026066, -0.291402787)
Part3354.Orientation = Vector3.new(40.56999969482422, 112.55999755859375, -31.309999465942383)
Part3354.Position = Vector3.new(364.61822509765625, 147.84878540039062, -53.402099609375)
Part3354.Rotation = Vector3.new(114.12999725341797, 44.54999923706055, -153.8699951171875)
Part3354.Size = Vector3.new(8.250000953674316, 0.2499980926513672, 7)
Part3354.Anchored = true
Part3354.CanCollide = false
Part3354.Material = Enum.Material.Fabric
SpecialMesh3355.Name = "BarkMesh"
SpecialMesh3355.Parent = Part3354
SpecialMesh3355.MeshId = "rbxassetid://623621260"
SpecialMesh3355.Offset = Vector3.new(0, 3.4100000858306885, 0)
SpecialMesh3355.TextureId = "rbxassetid://623618671"
SpecialMesh3355.MeshType = Enum.MeshType.FileMesh
Part3356.Name = "TreeMeshTop"
Part3356.Parent = Model3353
Part3356.CFrame = CFrame.new(372.255066, 172.159821, -69.4979248, -0.639855504, 0.313841224, 0.701490104, -0.394696802, 0.64901346, -0.650381386, -0.659393013, -0.693026066, -0.291402787)
Part3356.Orientation = Vector3.new(40.56999969482422, 112.55999755859375, -31.309999465942383)
Part3356.Position = Vector3.new(372.25506591796875, 172.15982055664062, -69.4979248046875)
Part3356.Rotation = Vector3.new(114.12999725341797, 44.54999923706055, -153.8699951171875)
Part3356.Transparency = 0.05000000074505806
Part3356.Size = Vector3.new(8.250000953674316, 0.2499980926513672, 7)
Part3356.Anchored = true
Part3356.CanCollide = false
Part3356.Material = Enum.Material.Fabric
SpecialMesh3357.Name = "TopTreeMesh"
SpecialMesh3357.Parent = Part3356
SpecialMesh3357.MeshId = "rbxassetid://623621456"
SpecialMesh3357.Offset = Vector3.new(0, 3.4100000858306885, 0)
SpecialMesh3357.Scale = Vector3.new(1.600000023841858, 1.600000023841858, 1.600000023841858)
SpecialMesh3357.TextureId = "rbxassetid://745556120"
SpecialMesh3357.MeshType = Enum.MeshType.FileMesh
Model3358.Name = "??"
Model3358.Parent = Folder0
Part3359.Name = "TreeMesh Bottom"
Part3359.Parent = Model3358
Part3359.CFrame = CFrame.new(521.082397, 152.13353, 87.8953323, -0.640482783, 0.292787969, 0.70996958, -0.412653357, 0.64846915, -0.639691353, -0.647687376, -0.702682555, -0.294513494)
Part3359.Orientation = Vector3.new(39.77000045776367, 112.52999877929688, -32.470001220703125)
Part3359.Position = Vector3.new(521.0823974609375, 152.13352966308594, 87.89533233642578)
Part3359.Rotation = Vector3.new(114.72000122070312, 45.22999954223633, -155.42999267578125)
Part3359.Size = Vector3.new(8.250000953674316, 0.2499980926513672, 7)
Part3359.Anchored = true
Part3359.CanCollide = false
Part3359.Material = Enum.Material.Fabric
SpecialMesh3360.Name = "BarkMesh"
SpecialMesh3360.Parent = Part3359
SpecialMesh3360.MeshId = "rbxassetid://623621260"
SpecialMesh3360.Offset = Vector3.new(0, 3.4100000858306885, 0)
SpecialMesh3360.TextureId = "rbxassetid://623618671"
SpecialMesh3360.MeshType = Enum.MeshType.FileMesh
Part3361.Name = "TreeMeshTop"
Part3361.Parent = Model3358
Part3361.CFrame = CFrame.new(528.055237, 176.436462, 71.4889297, -0.640482783, 0.292787969, 0.70996958, -0.412653357, 0.64846915, -0.639691353, -0.647687376, -0.702682555, -0.294513494)
Part3361.Orientation = Vector3.new(39.77000045776367, 112.52999877929688, -32.470001220703125)
Part3361.Position = Vector3.new(528.0552368164062, 176.43646240234375, 71.48892974853516)
Part3361.Rotation = Vector3.new(114.72000122070312, 45.22999954223633, -155.42999267578125)
Part3361.Transparency = 0.05000000074505806
Part3361.Size = Vector3.new(8.250000953674316, 0.2499980926513672, 7)
Part3361.Anchored = true
Part3361.CanCollide = false
Part3361.Material = Enum.Material.Fabric
SpecialMesh3362.Name = "TopTreeMesh"
SpecialMesh3362.Parent = Part3361
SpecialMesh3362.MeshId = "rbxassetid://623621456"
SpecialMesh3362.Offset = Vector3.new(0, 3.4100000858306885, 0)
SpecialMesh3362.Scale = Vector3.new(1.600000023841858, 1.600000023841858, 1.600000023841858)
SpecialMesh3362.TextureId = "rbxassetid://745556120"
SpecialMesh3362.MeshType = Enum.MeshType.FileMesh
Model3363.Name = "??"
Model3363.Parent = Folder0
Part3364.Name = "TreeMesh Bottom"
Part3364.Parent = Model3363
Part3364.CFrame = CFrame.new(595.503357, 156.073303, 138.906982, -0.640671611, 0.282280594, 0.714043081, -0.454965204, 0.609556794, -0.64918977, -0.61850363, -0.740781844, -0.262098104)
Part3364.Orientation = Vector3.new(40.47999954223633, 110.16000366210938, -36.7400016784668)
Part3364.Position = Vector3.new(595.5033569335938, 156.07330322265625, 138.906982421875)
Part3364.Rotation = Vector3.new(111.98999786376953, 45.560001373291016, -156.22000122070312)
Part3364.Size = Vector3.new(8.250000953674316, 0.2499980926513672, 7)
Part3364.Anchored = true
Part3364.CanCollide = false
Part3364.Material = Enum.Material.Fabric
SpecialMesh3365.Name = "BarkMesh"
SpecialMesh3365.Parent = Part3364
SpecialMesh3365.MeshId = "rbxassetid://623621260"
SpecialMesh3365.Offset = Vector3.new(0, 3.4100000858306885, 0)
SpecialMesh3365.TextureId = "rbxassetid://623618671"
SpecialMesh3365.MeshType = Enum.MeshType.FileMesh
Part3366.Name = "TreeMeshTop"
Part3366.Parent = Model3363
Part3366.CFrame = CFrame.new(602.145264, 179.453354, 121.083405, -0.640671611, 0.282280594, 0.714043081, -0.454965204, 0.609556794, -0.64918977, -0.61850363, -0.740781844, -0.262098104)
Part3366.Orientation = Vector3.new(40.47999954223633, 110.16000366210938, -36.7400016784668)
Part3366.Position = Vector3.new(602.145263671875, 179.45335388183594, 121.08340454101562)
Part3366.Rotation = Vector3.new(111.98999786376953, 45.560001373291016, -156.22000122070312)
Part3366.Transparency = 0.05000000074505806
Part3366.Size = Vector3.new(8.250000953674316, 0.2499980926513672, 7)
Part3366.Anchored = true
Part3366.CanCollide = false
Part3366.Material = Enum.Material.Fabric
SpecialMesh3367.Name = "TopTreeMesh"
SpecialMesh3367.Parent = Part3366
SpecialMesh3367.MeshId = "rbxassetid://623621456"
SpecialMesh3367.Offset = Vector3.new(0, 3.4100000858306885, 0)
SpecialMesh3367.Scale = Vector3.new(1.600000023841858, 1.600000023841858, 1.600000023841858)
SpecialMesh3367.TextureId = "rbxassetid://745556120"
SpecialMesh3367.MeshType = Enum.MeshType.FileMesh
Model3368.Name = "??"
Model3368.Parent = Folder0
Part3369.Name = "TreeMesh Bottom"
Part3369.Parent = Model3368
Part3369.CFrame = CFrame.new(658.524353, 161.555359, 172.891327, -0.640724719, 0.2780433, 0.7156564, -0.369829863, 0.705086708, -0.605044425, -0.672828734, -0.652337313, -0.348938257)
Part3369.Orientation = Vector3.new(37.22999954223633, 115.98999786376953, -27.68000030517578)
Part3369.Position = Vector3.new(658.5243530273438, 161.55535888671875, 172.89132690429688)
Part3369.Rotation = Vector3.new(119.97000122070312, 45.70000076293945, -156.5399932861328)
Part3369.Size = Vector3.new(8.250000953674316, 0.2499980926513672, 7)
Part3369.Anchored = true
Part3369.CanCollide = false
Part3369.Material = Enum.Material.Fabric
SpecialMesh3370.Name = "BarkMesh"
SpecialMesh3370.Parent = Part3369
SpecialMesh3370.MeshId = "rbxassetid://623621260"
SpecialMesh3370.Offset = Vector3.new(0, 3.4100000858306885, 0)
SpecialMesh3370.TextureId = "rbxassetid://623618671"
SpecialMesh3370.MeshType = Enum.MeshType.FileMesh
Part3371.Name = "TreeMeshTop"
Part3371.Parent = Model3368
Part3371.CFrame = CFrame.new(665.032898, 187.153473, 158.372513, -0.640724719, 0.2780433, 0.7156564, -0.369829863, 0.705086708, -0.605044425, -0.672828734, -0.652337313, -0.348938257)
Part3371.Orientation = Vector3.new(37.22999954223633, 115.98999786376953, -27.68000030517578)
Part3371.Position = Vector3.new(665.0328979492188, 187.15347290039062, 158.3725128173828)
Part3371.Rotation = Vector3.new(119.97000122070312, 45.70000076293945, -156.5399932861328)
Part3371.Transparency = 0.05000000074505806
Part3371.Size = Vector3.new(8.250000953674316, 0.2499980926513672, 7)
Part3371.Anchored = true
Part3371.CanCollide = false
Part3371.Material = Enum.Material.Fabric
SpecialMesh3372.Name = "TopTreeMesh"
SpecialMesh3372.Parent = Part3371
SpecialMesh3372.MeshId = "rbxassetid://623621456"
SpecialMesh3372.Offset = Vector3.new(0, 3.4100000858306885, 0)
SpecialMesh3372.Scale = Vector3.new(1.600000023841858, 1.600000023841858, 1.600000023841858)
SpecialMesh3372.TextureId = "rbxassetid://745556120"
SpecialMesh3372.MeshType = Enum.MeshType.FileMesh
Model3373.Name = "??"
Model3373.Parent = Folder0
Part3374.Name = "TreeMesh Bottom"
Part3374.Parent = Model3373
Part3374.CFrame = CFrame.new(399.113678, 113.367447, -219.245544, -0.627820969, 0.0695818961, 0.775241196, -0.128348887, 0.973106861, -0.19128336, -0.767702579, -0.219593018, -0.602006316)
Part3374.Orientation = Vector3.new(11.029999732971191, 127.83000183105469, -7.510000228881836)
Part3374.Position = Vector3.new(399.1136779785156, 113.36744689941406, -219.24554443359375)
Part3374.Rotation = Vector3.new(162.3699951171875, 50.83000183105469, -173.67999267578125)
Part3374.Size = Vector3.new(8.250000953674316, 0.2499980926513672, 7)
Part3374.Anchored = true
Part3374.CanCollide = false
Part3374.Material = Enum.Material.Fabric
SpecialMesh3375.Name = "BarkMesh"
SpecialMesh3375.Parent = Part3374
SpecialMesh3375.MeshId = "rbxassetid://623621260"
SpecialMesh3375.Offset = Vector3.new(0, 3.4100000858306885, 0)
SpecialMesh3375.TextureId = "rbxassetid://623618671"
SpecialMesh3375.MeshType = Enum.MeshType.FileMesh
Part3376.Name = "TreeMeshTop"
Part3376.Parent = Model3373
Part3376.CFrame = CFrame.new(399.114838, 143.507523, -219.246414, -0.627820969, 0.0695818961, 0.775241196, -0.128348887, 0.973106861, -0.19128336, -0.767702579, -0.219593018, -0.602006316)
Part3376.Orientation = Vector3.new(11.029999732971191, 127.83000183105469, -7.510000228881836)
Part3376.Position = Vector3.new(399.1148376464844, 143.5075225830078, -219.2464141845703)
Part3376.Rotation = Vector3.new(162.3699951171875, 50.83000183105469, -173.67999267578125)
Part3376.Transparency = 0.05000000074505806
Part3376.Size = Vector3.new(8.250000953674316, 0.2499980926513672, 7)
Part3376.Anchored = true
Part3376.CanCollide = false
Part3376.Material = Enum.Material.Fabric
SpecialMesh3377.Name = "TopTreeMesh"
SpecialMesh3377.Parent = Part3376
SpecialMesh3377.MeshId = "rbxassetid://623621456"
SpecialMesh3377.Offset = Vector3.new(0, 3.4100000858306885, 0)
SpecialMesh3377.Scale = Vector3.new(1.600000023841858, 1.600000023841858, 1.600000023841858)
SpecialMesh3377.TextureId = "rbxassetid://745556120"
SpecialMesh3377.MeshType = Enum.MeshType.FileMesh
Model3378.Name = "??"
Model3378.Parent = Folder0
Part3379.Name = "TreeMesh Bottom"
Part3379.Parent = Model3378
Part3379.CFrame = CFrame.new(347.301086, 113.806122, -185.339111, -0.628560007, 0.0752650872, 0.774110615, -0.1840951, 0.952625096, -0.242102668, -0.755659461, -0.29468596, -0.584926426)
Part3379.Orientation = Vector3.new(14.010000228881836, 127.08000183105469, -10.9399995803833)
Part3379.Position = Vector3.new(347.30108642578125, 113.80612182617188, -185.339111328125)
Part3379.Rotation = Vector3.new(157.52000427246094, 50.720001220703125, -173.1699981689453)
Part3379.Size = Vector3.new(8.250000953674316, 0.2499980926513672, 7)
Part3379.Anchored = true
Part3379.CanCollide = false
Part3379.Material = Enum.Material.Fabric
SpecialMesh3380.Name = "BarkMesh"
SpecialMesh3380.Parent = Part3379
SpecialMesh3380.MeshId = "rbxassetid://623621260"
SpecialMesh3380.Offset = Vector3.new(0, 3.4100000858306885, 0)
SpecialMesh3380.TextureId = "rbxassetid://623618671"
SpecialMesh3380.MeshType = Enum.MeshType.FileMesh
Part3381.Name = "TreeMeshTop"
Part3381.Parent = Model3378
Part3381.CFrame = CFrame.new(347.478302, 143.85405, -187.687485, -0.628560007, 0.0752650872, 0.774110615, -0.1840951, 0.952625096, -0.242102668, -0.755659461, -0.29468596, -0.584926426)
Part3381.Orientation = Vector3.new(14.010000228881836, 127.08000183105469, -10.9399995803833)
Part3381.Position = Vector3.new(347.4783020019531, 143.8540496826172, -187.68748474121094)
Part3381.Rotation = Vector3.new(157.52000427246094, 50.720001220703125, -173.1699981689453)
Part3381.Transparency = 0.05000000074505806
Part3381.Size = Vector3.new(8.250000953674316, 0.2499980926513672, 7)
Part3381.Anchored = true
Part3381.CanCollide = false
Part3381.Material = Enum.Material.Fabric
SpecialMesh3382.Name = "TopTreeMesh"
SpecialMesh3382.Parent = Part3381
SpecialMesh3382.MeshId = "rbxassetid://623621456"
SpecialMesh3382.Offset = Vector3.new(0, 3.4100000858306885, 0)
SpecialMesh3382.Scale = Vector3.new(1.600000023841858, 1.600000023841858, 1.600000023841858)
SpecialMesh3382.TextureId = "rbxassetid://745556120"
SpecialMesh3382.MeshType = Enum.MeshType.FileMesh
Model3383.Name = "??"
Model3383.Parent = Folder0
Part3384.Name = "TreeMesh Bottom"
Part3384.Parent = Model3383
Part3384.CFrame = CFrame.new(328.687103, 113.367462, -274.031433, -0.627820969, 0.0695818961, 0.775241256, -0.128348887, 0.973106265, -0.191283315, -0.767702639, -0.219592959, -0.602006376)
Part3384.Orientation = Vector3.new(11.029999732971191, 127.83000183105469, -7.510000228881836)
Part3384.Position = Vector3.new(328.6871032714844, 113.36746215820312, -274.03143310546875)
Part3384.Rotation = Vector3.new(162.3699951171875, 50.83000183105469, -173.67999267578125)
Part3384.Size = Vector3.new(8.250000953674316, 0.2499980926513672, 7)
Part3384.Anchored = true
Part3384.CanCollide = false
Part3384.Material = Enum.Material.Fabric
SpecialMesh3385.Name = "BarkMesh"
SpecialMesh3385.Parent = Part3384
SpecialMesh3385.MeshId = "rbxassetid://623621260"
SpecialMesh3385.Offset = Vector3.new(0, 3.4100000858306885, 0)
SpecialMesh3385.TextureId = "rbxassetid://623618671"
SpecialMesh3385.MeshType = Enum.MeshType.FileMesh
Part3386.Name = "TreeMeshTop"
Part3386.Parent = Model3383
Part3386.CFrame = CFrame.new(328.688263, 143.507523, -274.032288, -0.627820969, 0.0695818961, 0.775241256, -0.128348887, 0.973106265, -0.191283315, -0.767702639, -0.219592959, -0.602006376)
Part3386.Orientation = Vector3.new(11.029999732971191, 127.83000183105469, -7.510000228881836)
Part3386.Position = Vector3.new(328.6882629394531, 143.5075225830078, -274.03228759765625)
Part3386.Rotation = Vector3.new(162.3699951171875, 50.83000183105469, -173.67999267578125)
Part3386.Transparency = 0.05000000074505806
Part3386.Size = Vector3.new(8.250000953674316, 0.2499980926513672, 7)
Part3386.Anchored = true
Part3386.CanCollide = false
Part3386.Material = Enum.Material.Fabric
SpecialMesh3387.Name = "TopTreeMesh"
SpecialMesh3387.Parent = Part3386
SpecialMesh3387.MeshId = "rbxassetid://623621456"
SpecialMesh3387.Offset = Vector3.new(0, 3.4100000858306885, 0)
SpecialMesh3387.Scale = Vector3.new(1.600000023841858, 1.600000023841858, 1.600000023841858)
SpecialMesh3387.TextureId = "rbxassetid://745556120"
SpecialMesh3387.MeshType = Enum.MeshType.FileMesh
Model3388.Name = "??"
Model3388.Parent = Folder0
Part3389.Name = "TreeMesh Bottom"
Part3389.Parent = Model3388
Part3389.CFrame = CFrame.new(267.293304, 113.367439, -315.912048, -0.627820969, 0.0695818886, 0.775241256, -0.128348902, 0.973105669, -0.191283271, -0.767702818, -0.219592884, -0.602006435)
Part3389.Orientation = Vector3.new(11.029999732971191, 127.83000183105469, -7.510000228881836)
Part3389.Position = Vector3.new(267.2933044433594, 113.36743927001953, -315.91204833984375)
Part3389.Rotation = Vector3.new(162.3699951171875, 50.83000183105469, -173.67999267578125)
Part3389.Size = Vector3.new(8.250000953674316, 0.2499980926513672, 7)
Part3389.Anchored = true
Part3389.CanCollide = false
Part3389.Material = Enum.Material.Fabric
SpecialMesh3390.Name = "BarkMesh"
SpecialMesh3390.Parent = Part3389
SpecialMesh3390.MeshId = "rbxassetid://623621260"
SpecialMesh3390.Offset = Vector3.new(0, 3.4100000858306885, 0)
SpecialMesh3390.TextureId = "rbxassetid://623618671"
SpecialMesh3390.MeshType = Enum.MeshType.FileMesh
Part3391.Name = "TreeMeshTop"
Part3391.Parent = Model3388
Part3391.CFrame = CFrame.new(267.294464, 143.507477, -315.912903, -0.627820969, 0.0695818886, 0.775241256, -0.128348902, 0.973105669, -0.191283271, -0.767702818, -0.219592884, -0.602006435)
Part3391.Orientation = Vector3.new(11.029999732971191, 127.83000183105469, -7.510000228881836)
Part3391.Position = Vector3.new(267.2944641113281, 143.50747680664062, -315.91290283203125)
Part3391.Rotation = Vector3.new(162.3699951171875, 50.83000183105469, -173.67999267578125)
Part3391.Transparency = 0.05000000074505806
Part3391.Size = Vector3.new(8.250000953674316, 0.2499980926513672, 7)
Part3391.Anchored = true
Part3391.CanCollide = false
Part3391.Material = Enum.Material.Fabric
SpecialMesh3392.Name = "TopTreeMesh"
SpecialMesh3392.Parent = Part3391
SpecialMesh3392.MeshId = "rbxassetid://623621456"
SpecialMesh3392.Offset = Vector3.new(0, 3.4100000858306885, 0)
SpecialMesh3392.Scale = Vector3.new(1.600000023841858, 1.600000023841858, 1.600000023841858)
SpecialMesh3392.TextureId = "rbxassetid://745556120"
SpecialMesh3392.MeshType = Enum.MeshType.FileMesh
Model3393.Name = "??"
Model3393.Parent = Folder0
Part3394.Name = "TreeMesh Bottom"
Part3394.Parent = Model3393
Part3394.CFrame = CFrame.new(256.090698, 113.367554, -295.485413, 0.0989115536, 0.204477549, 0.973861158, -0.128348887, 0.973102629, -0.191283196, -0.986784995, -0.106073305, 0.122495353)
Part3394.Orientation = Vector3.new(11.029999732971191, 82.83000183105469, -7.510000228881836)
Part3394.Position = Vector3.new(256.0906982421875, 113.3675537109375, -295.48541259765625)
Part3394.Rotation = Vector3.new(57.369998931884766, 76.87000274658203, -64.19000244140625)
Part3394.Size = Vector3.new(8.250000953674316, 0.2499980926513672, 7)
Part3394.Anchored = true
Part3394.CanCollide = false
Part3394.Material = Enum.Material.Fabric
SpecialMesh3395.Name = "BarkMesh"
SpecialMesh3395.Parent = Part3394
SpecialMesh3395.MeshId = "rbxassetid://623621260"
SpecialMesh3395.Offset = Vector3.new(0, 3.4100000858306885, 0)
SpecialMesh3395.TextureId = "rbxassetid://623618671"
SpecialMesh3395.MeshType = Enum.MeshType.FileMesh
Part3396.Name = "TreeMeshTop"
Part3396.Parent = Model3393
Part3396.CFrame = CFrame.new(256.092102, 143.507523, -295.485168, 0.0989115536, 0.204477549, 0.973861158, -0.128348887, 0.973102629, -0.191283196, -0.986784995, -0.106073305, 0.122495353)
Part3396.Orientation = Vector3.new(11.029999732971191, 82.83000183105469, -7.510000228881836)
Part3396.Position = Vector3.new(256.09210205078125, 143.5075225830078, -295.48516845703125)
Part3396.Rotation = Vector3.new(57.369998931884766, 76.87000274658203, -64.19000244140625)
Part3396.Transparency = 0.05000000074505806
Part3396.Size = Vector3.new(8.250000953674316, 0.2499980926513672, 7)
Part3396.Anchored = true
Part3396.CanCollide = false
Part3396.Material = Enum.Material.Fabric
SpecialMesh3397.Name = "TopTreeMesh"
SpecialMesh3397.Parent = Part3396
SpecialMesh3397.MeshId = "rbxassetid://623621456"
SpecialMesh3397.Offset = Vector3.new(0, 3.4100000858306885, 0)
SpecialMesh3397.Scale = Vector3.new(1.600000023841858, 1.600000023841858, 1.600000023841858)
SpecialMesh3397.TextureId = "rbxassetid://745556120"
SpecialMesh3397.MeshType = Enum.MeshType.FileMesh
Model3398.Name = "??"
Model3398.Parent = Folder0
Part3399.Name = "TreeMesh Bottom"
Part3399.Parent = Model3398
Part3399.CFrame = CFrame.new(269.88858, 113.367599, -222.459351, 0.0989114344, 0.204477608, 0.973861098, -0.128348872, 0.973103225, -0.191283241, -0.986784816, -0.106073342, 0.122495383)
Part3399.Orientation = Vector3.new(11.029999732971191, 82.83000183105469, -7.510000228881836)
Part3399.Position = Vector3.new(269.8885803222656, 113.36759948730469, -222.4593505859375)
Part3399.Rotation = Vector3.new(57.369998931884766, 76.87000274658203, -64.19000244140625)
Part3399.Size = Vector3.new(8.250000953674316, 0.2499980926513672, 7)
Part3399.Anchored = true
Part3399.CanCollide = false
Part3399.Material = Enum.Material.Fabric
SpecialMesh3400.Name = "BarkMesh"
SpecialMesh3400.Parent = Part3399
SpecialMesh3400.MeshId = "rbxassetid://623621260"
SpecialMesh3400.Offset = Vector3.new(0, 3.4100000858306885, 0)
SpecialMesh3400.TextureId = "rbxassetid://623618671"
SpecialMesh3400.MeshType = Enum.MeshType.FileMesh
Part3401.Name = "TreeMeshTop"
Part3401.Parent = Model3398
Part3401.CFrame = CFrame.new(269.890015, 143.507568, -222.459106, 0.0989114344, 0.204477608, 0.973861098, -0.128348872, 0.973103225, -0.191283241, -0.986784816, -0.106073342, 0.122495383)
Part3401.Orientation = Vector3.new(11.029999732971191, 82.83000183105469, -7.510000228881836)
Part3401.Position = Vector3.new(269.8900146484375, 143.507568359375, -222.4591064453125)
Part3401.Rotation = Vector3.new(57.369998931884766, 76.87000274658203, -64.19000244140625)
Part3401.Transparency = 0.05000000074505806
Part3401.Size = Vector3.new(8.250000953674316, 0.2499980926513672, 7)
Part3401.Anchored = true
Part3401.CanCollide = false
Part3401.Material = Enum.Material.Fabric
SpecialMesh3402.Name = "TopTreeMesh"
SpecialMesh3402.Parent = Part3401
SpecialMesh3402.MeshId = "rbxassetid://623621456"
SpecialMesh3402.Offset = Vector3.new(0, 3.4100000858306885, 0)
SpecialMesh3402.Scale = Vector3.new(1.600000023841858, 1.600000023841858, 1.600000023841858)
SpecialMesh3402.TextureId = "rbxassetid://745556120"
SpecialMesh3402.MeshType = Enum.MeshType.FileMesh
Model3403.Name = "??"
Model3403.Parent = Folder0
Part3404.Name = "TreeMesh Bottom"
Part3404.Parent = Model3403
Part3404.CFrame = CFrame.new(136.270142, 113.367699, -259.151886, 0.0989115238, 0.204477549, 0.973861158, -0.128348917, 0.973102033, -0.191283062, -0.986785114, -0.106073208, 0.122495376)
Part3404.Orientation = Vector3.new(11.029999732971191, 82.83000183105469, -7.510000228881836)
Part3404.Position = Vector3.new(136.2701416015625, 113.3676986694336, -259.1518859863281)
Part3404.Rotation = Vector3.new(57.36000061035156, 76.87000274658203, -64.19000244140625)
Part3404.Size = Vector3.new(8.250000953674316, 0.2499980926513672, 7)
Part3404.Anchored = true
Part3404.CanCollide = false
Part3404.Material = Enum.Material.Fabric
SpecialMesh3405.Name = "BarkMesh"
SpecialMesh3405.Parent = Part3404
SpecialMesh3405.MeshId = "rbxassetid://623621260"
SpecialMesh3405.Offset = Vector3.new(0, 3.4100000858306885, 0)
SpecialMesh3405.TextureId = "rbxassetid://623618671"
SpecialMesh3405.MeshType = Enum.MeshType.FileMesh
Part3406.Name = "TreeMeshTop"
Part3406.Parent = Model3403
Part3406.CFrame = CFrame.new(136.271545, 143.507645, -259.151642, 0.0989115238, 0.204477549, 0.973861158, -0.128348917, 0.973102033, -0.191283062, -0.986785114, -0.106073208, 0.122495376)
Part3406.Orientation = Vector3.new(11.029999732971191, 82.83000183105469, -7.510000228881836)
Part3406.Position = Vector3.new(136.27154541015625, 143.5076446533203, -259.1516418457031)
Part3406.Rotation = Vector3.new(57.36000061035156, 76.87000274658203, -64.19000244140625)
Part3406.Transparency = 0.05000000074505806
Part3406.Size = Vector3.new(8.250000953674316, 0.2499980926513672, 7)
Part3406.Anchored = true
Part3406.CanCollide = false
Part3406.Material = Enum.Material.Fabric
SpecialMesh3407.Name = "TopTreeMesh"
SpecialMesh3407.Parent = Part3406
SpecialMesh3407.MeshId = "rbxassetid://623621456"
SpecialMesh3407.Offset = Vector3.new(0, 3.4100000858306885, 0)
SpecialMesh3407.Scale = Vector3.new(1.600000023841858, 1.600000023841858, 1.600000023841858)
SpecialMesh3407.TextureId = "rbxassetid://745556120"
SpecialMesh3407.MeshType = Enum.MeshType.FileMesh
Model3408.Name = "??"
Model3408.Parent = Folder0
Part3409.Name = "TreeMesh Bottom"
Part3409.Parent = Model3408
Part3409.CFrame = CFrame.new(147.472748, 113.367577, -279.578522, -0.627820969, 0.0695818812, 0.775241256, -0.128348917, 0.973105073, -0.191283226, -0.767702997, -0.21959281, -0.602006495)
Part3409.Orientation = Vector3.new(11.029999732971191, 127.83000183105469, -7.510000228881836)
Part3409.Position = Vector3.new(147.47274780273438, 113.3675765991211, -279.5785217285156)
Part3409.Rotation = Vector3.new(162.3699951171875, 50.83000183105469, -173.67999267578125)
Part3409.Size = Vector3.new(8.250000953674316, 0.2499980926513672, 7)
Part3409.Anchored = true
Part3409.CanCollide = false
Part3409.Material = Enum.Material.Fabric
SpecialMesh3410.Name = "BarkMesh"
SpecialMesh3410.Parent = Part3409
SpecialMesh3410.MeshId = "rbxassetid://623621260"
SpecialMesh3410.Offset = Vector3.new(0, 3.4100000858306885, 0)
SpecialMesh3410.TextureId = "rbxassetid://623618671"
SpecialMesh3410.MeshType = Enum.MeshType.FileMesh
Part3411.Name = "TreeMeshTop"
Part3411.Parent = Model3408
Part3411.CFrame = CFrame.new(147.473907, 143.507599, -279.579376, -0.627820969, 0.0695818812, 0.775241256, -0.128348917, 0.973105073, -0.191283226, -0.767702997, -0.21959281, -0.602006495)
Part3411.Orientation = Vector3.new(11.029999732971191, 127.83000183105469, -7.510000228881836)
Part3411.Position = Vector3.new(147.47390747070312, 143.50759887695312, -279.5793762207031)
Part3411.Rotation = Vector3.new(162.3699951171875, 50.83000183105469, -173.67999267578125)
Part3411.Transparency = 0.05000000074505806
Part3411.Size = Vector3.new(8.250000953674316, 0.2499980926513672, 7)
Part3411.Anchored = true
Part3411.CanCollide = false
Part3411.Material = Enum.Material.Fabric
SpecialMesh3412.Name = "TopTreeMesh"
SpecialMesh3412.Parent = Part3411
SpecialMesh3412.MeshId = "rbxassetid://623621456"
SpecialMesh3412.Offset = Vector3.new(0, 3.4100000858306885, 0)
SpecialMesh3412.Scale = Vector3.new(1.600000023841858, 1.600000023841858, 1.600000023841858)
SpecialMesh3412.TextureId = "rbxassetid://745556120"
SpecialMesh3412.MeshType = Enum.MeshType.FileMesh
Model3413.Name = "??"
Model3413.Parent = Folder0
Part3414.Name = "TreeMesh Bottom"
Part3414.Parent = Model3413
Part3414.CFrame = CFrame.new(150.068024, 113.367752, -186.125839, 0.0989114046, 0.204477608, 0.973861098, -0.128348902, 0.973102629, -0.191283107, -0.986784935, -0.106073245, 0.122495405)
Part3414.Orientation = Vector3.new(11.029999732971191, 82.83000183105469, -7.510000228881836)
Part3414.Position = Vector3.new(150.06802368164062, 113.36775207519531, -186.12583923339844)
Part3414.Rotation = Vector3.new(57.36000061035156, 76.87000274658203, -64.19000244140625)
Part3414.Size = Vector3.new(8.250000953674316, 0.2499980926513672, 7)
Part3414.Anchored = true
Part3414.CanCollide = false
Part3414.Material = Enum.Material.Fabric
SpecialMesh3415.Name = "BarkMesh"
SpecialMesh3415.Parent = Part3414
SpecialMesh3415.MeshId = "rbxassetid://623621260"
SpecialMesh3415.Offset = Vector3.new(0, 3.4100000858306885, 0)
SpecialMesh3415.TextureId = "rbxassetid://623618671"
SpecialMesh3415.MeshType = Enum.MeshType.FileMesh
Part3416.Name = "TreeMeshTop"
Part3416.Parent = Model3413
Part3416.CFrame = CFrame.new(150.069458, 143.50769, -186.12558, 0.0989114046, 0.204477608, 0.973861098, -0.128348902, 0.973102629, -0.191283107, -0.986784935, -0.106073245, 0.122495405)
Part3416.Orientation = Vector3.new(11.029999732971191, 82.83000183105469, -7.510000228881836)
Part3416.Position = Vector3.new(150.0694580078125, 143.5076904296875, -186.12557983398438)
Part3416.Rotation = Vector3.new(57.36000061035156, 76.87000274658203, -64.19000244140625)
Part3416.Transparency = 0.05000000074505806
Part3416.Size = Vector3.new(8.250000953674316, 0.2499980926513672, 7)
Part3416.Anchored = true
Part3416.CanCollide = false
Part3416.Material = Enum.Material.Fabric
SpecialMesh3417.Name = "TopTreeMesh"
SpecialMesh3417.Parent = Part3416
SpecialMesh3417.MeshId = "rbxassetid://623621456"
SpecialMesh3417.Offset = Vector3.new(0, 3.4100000858306885, 0)
SpecialMesh3417.Scale = Vector3.new(1.600000023841858, 1.600000023841858, 1.600000023841858)
SpecialMesh3417.TextureId = "rbxassetid://745556120"
SpecialMesh3417.MeshType = Enum.MeshType.FileMesh
Model3418.Name = "??"
Model3418.Parent = Folder0
Part3419.Name = "TreeMesh Bottom"
Part3419.Parent = Model3418
Part3419.CFrame = CFrame.new(208.866547, 113.367607, -237.697906, -0.627820969, 0.0695818886, 0.775241256, -0.128348902, 0.973105669, -0.191283271, -0.767702818, -0.219592884, -0.602006435)
Part3419.Orientation = Vector3.new(11.029999732971191, 127.83000183105469, -7.510000228881836)
Part3419.Position = Vector3.new(208.86654663085938, 113.36760711669922, -237.69790649414062)
Part3419.Rotation = Vector3.new(162.3699951171875, 50.83000183105469, -173.67999267578125)
Part3419.Size = Vector3.new(8.250000953674316, 0.2499980926513672, 7)
Part3419.Anchored = true
Part3419.CanCollide = false
Part3419.Material = Enum.Material.Fabric
SpecialMesh3420.Name = "BarkMesh"
SpecialMesh3420.Parent = Part3419
SpecialMesh3420.MeshId = "rbxassetid://623621260"
SpecialMesh3420.Offset = Vector3.new(0, 3.4100000858306885, 0)
SpecialMesh3420.TextureId = "rbxassetid://623618671"
SpecialMesh3420.MeshType = Enum.MeshType.FileMesh
Part3421.Name = "TreeMeshTop"
Part3421.Parent = Model3418
Part3421.CFrame = CFrame.new(208.867706, 143.507645, -237.698761, -0.627820969, 0.0695818886, 0.775241256, -0.128348902, 0.973105669, -0.191283271, -0.767702818, -0.219592884, -0.602006435)
Part3421.Orientation = Vector3.new(11.029999732971191, 127.83000183105469, -7.510000228881836)
Part3421.Position = Vector3.new(208.86770629882812, 143.5076446533203, -237.69876098632812)
Part3421.Rotation = Vector3.new(162.3699951171875, 50.83000183105469, -173.67999267578125)
Part3421.Transparency = 0.05000000074505806
Part3421.Size = Vector3.new(8.250000953674316, 0.2499980926513672, 7)
Part3421.Anchored = true
Part3421.CanCollide = false
Part3421.Material = Enum.Material.Fabric
SpecialMesh3422.Name = "TopTreeMesh"
SpecialMesh3422.Parent = Part3421
SpecialMesh3422.MeshId = "rbxassetid://623621456"
SpecialMesh3422.Offset = Vector3.new(0, 3.4100000858306885, 0)
SpecialMesh3422.Scale = Vector3.new(1.600000023841858, 1.600000023841858, 1.600000023841858)
SpecialMesh3422.TextureId = "rbxassetid://745556120"
SpecialMesh3422.MeshType = Enum.MeshType.FileMesh
Model3423.Name = "??"
Model3423.Parent = Folder0
Part3424.Name = "TreeMesh Bottom"
Part3424.Parent = Model3423
Part3424.CFrame = CFrame.new(123.517319, 113.36776, -395.699524, 0.0989113599, 0.204478785, 0.973860979, -0.128348857, 0.973106802, -0.191284567, -0.986784279, -0.106073722, 0.122495942)
Part3424.Orientation = Vector3.new(11.029999732971191, 82.83000183105469, -7.510000228881836)
Part3424.Position = Vector3.new(123.51731872558594, 113.36775970458984, -395.69952392578125)
Part3424.Rotation = Vector3.new(57.369998931884766, 76.87000274658203, -64.19000244140625)
Part3424.Size = Vector3.new(8.250000953674316, 0.2499980926513672, 7)
Part3424.Anchored = true
Part3424.CanCollide = false
Part3424.Material = Enum.Material.Fabric
SpecialMesh3425.Name = "BarkMesh"
SpecialMesh3425.Parent = Part3424
SpecialMesh3425.MeshId = "rbxassetid://623621260"
SpecialMesh3425.Offset = Vector3.new(0, 3.4100000858306885, 0)
SpecialMesh3425.TextureId = "rbxassetid://623618671"
SpecialMesh3425.MeshType = Enum.MeshType.FileMesh
Part3426.Name = "TreeMeshTop"
Part3426.Parent = Model3423
Part3426.CFrame = CFrame.new(123.518723, 143.507675, -395.69928, 0.0989113599, 0.204478785, 0.973860979, -0.128348857, 0.973106802, -0.191284567, -0.986784279, -0.106073722, 0.122495942)
Part3426.Orientation = Vector3.new(11.029999732971191, 82.83000183105469, -7.510000228881836)
Part3426.Position = Vector3.new(123.51872253417969, 143.50767517089844, -395.69927978515625)
Part3426.Rotation = Vector3.new(57.369998931884766, 76.87000274658203, -64.19000244140625)
Part3426.Transparency = 0.05000000074505806
Part3426.Size = Vector3.new(8.250000953674316, 0.2499980926513672, 7)
Part3426.Anchored = true
Part3426.CanCollide = false
Part3426.Material = Enum.Material.Fabric
SpecialMesh3427.Name = "TopTreeMesh"
SpecialMesh3427.Parent = Part3426
SpecialMesh3427.MeshId = "rbxassetid://623621456"
SpecialMesh3427.Offset = Vector3.new(0, 3.4100000858306885, 0)
SpecialMesh3427.Scale = Vector3.new(1.600000023841858, 1.600000023841858, 1.600000023841858)
SpecialMesh3427.TextureId = "rbxassetid://745556120"
SpecialMesh3427.MeshType = Enum.MeshType.FileMesh
Model3428.Name = "??"
Model3428.Parent = Folder0
Part3429.Name = "TreeMesh Bottom"
Part3429.Parent = Model3428
Part3429.CFrame = CFrame.new(134.719925, 113.367638, -416.12616, -0.627821028, 0.0695818663, 0.775241196, -0.128348947, 0.973103881, -0.191283137, -0.767703235, -0.219592646, -0.602006614)
Part3429.Orientation = Vector3.new(11.029999732971191, 127.83000183105469, -7.510000228881836)
Part3429.Position = Vector3.new(134.7199249267578, 113.36763763427734, -416.12615966796875)
Part3429.Rotation = Vector3.new(162.3699951171875, 50.83000183105469, -173.67999267578125)
Part3429.Size = Vector3.new(8.250000953674316, 0.2499980926513672, 7)
Part3429.Anchored = true
Part3429.CanCollide = false
Part3429.Material = Enum.Material.Fabric
SpecialMesh3430.Name = "BarkMesh"
SpecialMesh3430.Parent = Part3429
SpecialMesh3430.MeshId = "rbxassetid://623621260"
SpecialMesh3430.Offset = Vector3.new(0, 3.4100000858306885, 0)
SpecialMesh3430.TextureId = "rbxassetid://623618671"
SpecialMesh3430.MeshType = Enum.MeshType.FileMesh
Part3431.Name = "TreeMeshTop"
Part3431.Parent = Model3428
Part3431.CFrame = CFrame.new(134.721085, 143.507629, -416.127014, -0.627821028, 0.0695818663, 0.775241196, -0.128348947, 0.973103881, -0.191283137, -0.767703235, -0.219592646, -0.602006614)
Part3431.Orientation = Vector3.new(11.029999732971191, 127.83000183105469, -7.510000228881836)
Part3431.Position = Vector3.new(134.72108459472656, 143.50762939453125, -416.12701416015625)
Part3431.Rotation = Vector3.new(162.3699951171875, 50.83000183105469, -173.67999267578125)
Part3431.Transparency = 0.05000000074505806
Part3431.Size = Vector3.new(8.250000953674316, 0.2499980926513672, 7)
Part3431.Anchored = true
Part3431.CanCollide = false
Part3431.Material = Enum.Material.Fabric
SpecialMesh3432.Name = "TopTreeMesh"
SpecialMesh3432.Parent = Part3431
SpecialMesh3432.MeshId = "rbxassetid://623621456"
SpecialMesh3432.Offset = Vector3.new(0, 3.4100000858306885, 0)
SpecialMesh3432.Scale = Vector3.new(1.600000023841858, 1.600000023841858, 1.600000023841858)
SpecialMesh3432.TextureId = "rbxassetid://745556120"
SpecialMesh3432.MeshType = Enum.MeshType.FileMesh
Model3433.Name = "??"
Model3433.Parent = Folder0
Part3434.Name = "TreeMesh Bottom"
Part3434.Parent = Model3433
Part3434.CFrame = CFrame.new(137.315201, 113.367836, -322.673462, 0.0989112481, 0.204478741, 0.973860979, -0.128348857, 0.973106861, -0.191284508, -0.98678422, -0.106073752, 0.12249583)
Part3434.Orientation = Vector3.new(11.029999732971191, 82.83000183105469, -7.510000228881836)
Part3434.Position = Vector3.new(137.31520080566406, 113.36783599853516, -322.6734619140625)
Part3434.Rotation = Vector3.new(57.369998931884766, 76.87000274658203, -64.19000244140625)
Part3434.Size = Vector3.new(8.250000953674316, 0.2499980926513672, 7)
Part3434.Anchored = true
Part3434.CanCollide = false
Part3434.Material = Enum.Material.Fabric
SpecialMesh3435.Name = "BarkMesh"
SpecialMesh3435.Parent = Part3434
SpecialMesh3435.MeshId = "rbxassetid://623621260"
SpecialMesh3435.Offset = Vector3.new(0, 3.4100000858306885, 0)
SpecialMesh3435.TextureId = "rbxassetid://623618671"
SpecialMesh3435.MeshType = Enum.MeshType.FileMesh
Part3436.Name = "TreeMeshTop"
Part3436.Parent = Model3433
Part3436.CFrame = CFrame.new(137.316635, 143.507736, -322.673157, 0.0989112481, 0.204478741, 0.973860979, -0.128348857, 0.973106861, -0.191284508, -0.98678422, -0.106073752, 0.12249583)
Part3436.Orientation = Vector3.new(11.029999732971191, 82.83000183105469, -7.510000228881836)
Part3436.Position = Vector3.new(137.31663513183594, 143.5077362060547, -322.67315673828125)
Part3436.Rotation = Vector3.new(57.369998931884766, 76.87000274658203, -64.19000244140625)
Part3436.Transparency = 0.05000000074505806
