Part4193.Name = "TreeMeshTop"
Part4193.Parent = Model4190
Part4193.CFrame = CFrame.new(-508.836243, 146.573792, -1253.81274, 0.969940841, 0.0271121487, -0.241825759, -0.012584216, 0.998032629, 0.0614197142, 0.24301523, -0.0565302968, 0.968373954)
Part4193.Orientation = Vector3.new(-3.5199999809265137, -14.020000457763672, -0.7200000286102295)
Part4193.Position = Vector3.new(-508.83624267578125, 146.57379150390625, -1253.812744140625)
Part4193.Rotation = Vector3.new(-3.630000114440918, -13.989999771118164, -1.600000023841858)
Part4193.Transparency = 0.05000000074505806
Part4193.Size = Vector3.new(8.250000953674316, 0.2499980926513672, 7)
Part4193.Anchored = true
Part4193.CanCollide = false
Part4193.Material = Enum.Material.Fabric
SpecialMesh4194.Name = "TopTreeMesh"
SpecialMesh4194.Parent = Part4193
SpecialMesh4194.MeshId = "rbxassetid://623621456"
SpecialMesh4194.Offset = Vector3.new(0, 3.4100000858306885, 0)
SpecialMesh4194.Scale = Vector3.new(1.600000023841858, 1.600000023841858, 1.600000023841858)
SpecialMesh4194.TextureId = "rbxassetid://745556120"
SpecialMesh4194.MeshType = Enum.MeshType.FileMesh
Model4195.Name = "??"
Model4195.Parent = Folder0
Part4196.Name = "TreeMesh Bottom"
Part4196.Parent = Model4195
Part4196.CFrame = CFrame.new(-591.312622, 103.717087, -990.634033, 3.25729911e-06, 0.0156199969, -0.999878049, 0.017575141, 0.999723554, 0.0156176426, 0.999845564, -0.0175730474, -0.000271267229)
Part4196.Orientation = Vector3.new(-0.8899999856948853, -90.0199966430664, 1.0099999904632568)
Part4196.Position = Vector3.new(-591.3126220703125, 103.71708679199219, -990.634033203125)
Part4196.Rotation = Vector3.new(-91, -89.11000061035156, -89.98999786376953)
Part4196.Size = Vector3.new(8.250000953674316, 0.2499980926513672, 7)
Part4196.Anchored = true
Part4196.CanCollide = false
Part4196.Material = Enum.Material.Fabric
SpecialMesh4197.Name = "BarkMesh"
SpecialMesh4197.Parent = Part4196
SpecialMesh4197.MeshId = "rbxassetid://623621260"
SpecialMesh4197.Offset = Vector3.new(0, 3.4100000858306885, 0)
SpecialMesh4197.TextureId = "rbxassetid://623618671"
SpecialMesh4197.MeshType = Enum.MeshType.FileMesh
Part4198.Name = "TreeMeshTop"
Part4198.Parent = Model4195
Part4198.CFrame = CFrame.new(-590.840576, 133.848648, -991.164795, 6.0614525e-06, 0.0156193562, -0.999878049, 0.0175753515, 0.999723554, 0.0156170512, 0.999845624, -0.0175733026, -0.000268455915)
Part4198.Orientation = Vector3.new(-0.8899999856948853, -90.0199966430664, 1.0099999904632568)
Part4198.Position = Vector3.new(-590.840576171875, 133.84864807128906, -991.164794921875)
Part4198.Rotation = Vector3.new(-90.9800033569336, -89.11000061035156, -89.9800033569336)
Part4198.Transparency = 0.05000000074505806
Part4198.Size = Vector3.new(8.250000953674316, 0.2499980926513672, 7)
Part4198.Anchored = true
Part4198.CanCollide = false
Part4198.Material = Enum.Material.Fabric
SpecialMesh4199.Name = "TopTreeMesh"
SpecialMesh4199.Parent = Part4198
SpecialMesh4199.MeshId = "rbxassetid://623621456"
SpecialMesh4199.Offset = Vector3.new(0, 3.4100000858306885, 0)
SpecialMesh4199.Scale = Vector3.new(1.600000023841858, 1.600000023841858, 1.600000023841858)
SpecialMesh4199.TextureId = "rbxassetid://745556120"
SpecialMesh4199.MeshType = Enum.MeshType.FileMesh
Model4200.Name = "??"
Model4200.Parent = Folder0
Part4201.Name = "TreeMesh Bottom"
Part4201.Parent = Model4200
Part4201.CFrame = CFrame.new(-572.659058, 114.580231, -1320.01953, 0.969992876, 0.025031751, -0.241841152, 0.0161206089, 0.985875726, 0.166700646, 0.242598131, -0.165597066, 0.955888987)
Part4201.Orientation = Vector3.new(-9.600000381469727, -14.199999809265137, 0.9399999976158142)
Part4201.Position = Vector3.new(-572.6590576171875, 114.58023071289062, -1320.01953125)
Part4201.Rotation = Vector3.new(-9.890000343322754, -14, -1.4800000190734863)
Part4201.Size = Vector3.new(8.250000953674316, 0.2499980926513672, 7)
Part4201.Anchored = true
Part4201.CanCollide = false
Part4201.Material = Enum.Material.Fabric
SpecialMesh4202.Name = "BarkMesh"
SpecialMesh4202.Parent = Part4201
SpecialMesh4202.MeshId = "rbxassetid://623621260"
SpecialMesh4202.Offset = Vector3.new(0, 3.4100000858306885, 0)
SpecialMesh4202.TextureId = "rbxassetid://623618671"
SpecialMesh4202.MeshType = Enum.MeshType.FileMesh
Part4203.Name = "TreeMeshTop"
Part4203.Parent = Model4200
Part4203.CFrame = CFrame.new(-571.903442, 144.294266, -1325.01099, 0.969993651, 0.0250311084, -0.241838425, 0.0161208306, 0.985875785, 0.16670084, 0.242595345, -0.165597379, 0.955889702)
Part4203.Orientation = Vector3.new(-9.600000381469727, -14.199999809265137, 0.9399999976158142)
Part4203.Position = Vector3.new(-571.9034423828125, 144.2942657470703, -1325.010986328125)
Part4203.Rotation = Vector3.new(-9.890000343322754, -14, -1.4800000190734863)
Part4203.Transparency = 0.05000000074505806
Part4203.Size = Vector3.new(8.250000953674316, 0.2499980926513672, 7)
Part4203.Anchored = true
Part4203.CanCollide = false
Part4203.Material = Enum.Material.Fabric
SpecialMesh4204.Name = "TopTreeMesh"
SpecialMesh4204.Parent = Part4203
SpecialMesh4204.MeshId = "rbxassetid://623621456"
SpecialMesh4204.Offset = Vector3.new(0, 3.4100000858306885, 0)
SpecialMesh4204.Scale = Vector3.new(1.600000023841858, 1.600000023841858, 1.600000023841858)
SpecialMesh4204.TextureId = "rbxassetid://745556120"
SpecialMesh4204.MeshType = Enum.MeshType.FileMesh
Model4205.Name = "??"
Model4205.Parent = Folder0
Part4206.Name = "TreeMesh Bottom"
Part4206.Parent = Model4205
Part4206.CFrame = CFrame.new(-612.969849, 118.688263, -1240.23547, 0.970301032, 3.16649675e-07, -0.241917968, 2.04890966e-07, 1.00000393, 2.43168324e-06, 0.241917059, -3.39442886e-06, 0.970297456)
Part4206.Orientation = Vector3.new(0, -14, 0)
Part4206.Position = Vector3.new(-612.9698486328125, 118.68826293945312, -1240.2354736328125)
Part4206.Rotation = Vector3.new(0, -14, 0)
Part4206.Size = Vector3.new(8.250000953674316, 0.2499980926513672, 7)
Part4206.Anchored = true
Part4206.CanCollide = false
Part4206.Material = Enum.Material.Fabric
SpecialMesh4207.Name = "BarkMesh"
SpecialMesh4207.Parent = Part4206
SpecialMesh4207.MeshId = "rbxassetid://623621260"
SpecialMesh4207.Offset = Vector3.new(0, 3.4100000858306885, 0)
SpecialMesh4207.TextureId = "rbxassetid://623618671"
SpecialMesh4207.MeshType = Enum.MeshType.FileMesh
Part4208.Name = "TreeMeshTop"
Part4208.Parent = Model4205
Part4208.CFrame = CFrame.new(-612.968689, 148.828247, -1240.23608, 0.970301688, -3.31550837e-07, -0.241915211, 9.05245543e-07, 1.00000381, 2.55834311e-06, 0.241914302, -3.68499764e-06, 0.970298052)
Part4208.Orientation = Vector3.new(0, -14, 0)
Part4208.Position = Vector3.new(-612.9686889648438, 148.8282470703125, -1240.236083984375)
Part4208.Rotation = Vector3.new(0, -14, 0)
Part4208.Transparency = 0.05000000074505806
Part4208.Size = Vector3.new(8.250000953674316, 0.2499980926513672, 7)
Part4208.Anchored = true
Part4208.CanCollide = false
Part4208.Material = Enum.Material.Fabric
SpecialMesh4209.Name = "TopTreeMesh"
SpecialMesh4209.Parent = Part4208
SpecialMesh4209.MeshId = "rbxassetid://623621456"
SpecialMesh4209.Offset = Vector3.new(0, 3.4100000858306885, 0)
SpecialMesh4209.Scale = Vector3.new(1.600000023841858, 1.600000023841858, 1.600000023841858)
SpecialMesh4209.TextureId = "rbxassetid://745556120"
SpecialMesh4209.MeshType = Enum.MeshType.FileMesh
Model4210.Name = "??"
Model4210.Parent = Folder0
Part4211.Name = "TreeMesh Bottom"
Part4211.Parent = Model4210
Part4211.CFrame = CFrame.new(-774.314941, 103.688095, -1143.46594, 3.25336009e-06, -6.92895128e-07, -1, -4.64388336e-07, 1, -6.92896606e-07, 1, 4.64390524e-07, 3.25335986e-06)
Part4211.Orientation = Vector3.new(0, -90, 0)
Part4211.Position = Vector3.new(-774.31494140625, 103.68809509277344, -1143.4659423828125)
Part4211.Rotation = Vector3.new(0, -90, 0)
Part4211.Size = Vector3.new(8.250000953674316, 0.2499980926513672, 7)
Part4211.Anchored = true
Part4211.CanCollide = false
Part4211.Material = Enum.Material.Fabric
SpecialMesh4212.Name = "BarkMesh"
SpecialMesh4212.Parent = Part4211
SpecialMesh4212.MeshId = "rbxassetid://623621260"
SpecialMesh4212.Offset = Vector3.new(0, 3.4100000858306885, 0)
SpecialMesh4212.TextureId = "rbxassetid://623618671"
SpecialMesh4212.MeshType = Enum.MeshType.FileMesh
Part4213.Name = "TreeMeshTop"
Part4213.Parent = Model4210
Part4213.CFrame = CFrame.new(-774.313599, 133.82814, -1143.46729, 6.05303012e-06, -1.35226333e-06, -1, -2.2482881e-07, 1, -1.35226469e-06, 1, 2.24837009e-07, 6.05302967e-06)
Part4213.Orientation = Vector3.new(0, -90, 0)
Part4213.Position = Vector3.new(-774.3135986328125, 133.82814025878906, -1143.46728515625)
Part4213.Rotation = Vector3.new(0, -90, 0)
Part4213.Transparency = 0.05000000074505806
Part4213.Size = Vector3.new(8.250000953674316, 0.2499980926513672, 7)
Part4213.Anchored = true
Part4213.CanCollide = false
Part4213.Material = Enum.Material.Fabric
SpecialMesh4214.Name = "TopTreeMesh"
SpecialMesh4214.Parent = Part4213
SpecialMesh4214.MeshId = "rbxassetid://623621456"
SpecialMesh4214.Offset = Vector3.new(0, 3.4100000858306885, 0)
SpecialMesh4214.Scale = Vector3.new(1.600000023841858, 1.600000023841858, 1.600000023841858)
SpecialMesh4214.TextureId = "rbxassetid://745556120"
SpecialMesh4214.MeshType = Enum.MeshType.FileMesh
Model4215.Name = "??"
Model4215.Parent = Folder0
Part4216.Name = "TreeMesh Bottom"
Part4216.Parent = Model4215
Part4216.CFrame = CFrame.new(-612.969849, 118.688263, -1240.23547, 0.970301032, 3.16649675e-07, -0.241917968, 2.04890966e-07, 1.00000393, 2.43168324e-06, 0.241917059, -3.39442886e-06, 0.970297456)
Part4216.Orientation = Vector3.new(0, -14, 0)
Part4216.Position = Vector3.new(-612.9698486328125, 118.68826293945312, -1240.2354736328125)
Part4216.Rotation = Vector3.new(0, -14, 0)
Part4216.Size = Vector3.new(8.250000953674316, 0.2499980926513672, 7)
Part4216.Anchored = true
Part4216.CanCollide = false
Part4216.Material = Enum.Material.Fabric
SpecialMesh4217.Name = "BarkMesh"
SpecialMesh4217.Parent = Part4216
SpecialMesh4217.MeshId = "rbxassetid://623621260"
SpecialMesh4217.Offset = Vector3.new(0, 3.4100000858306885, 0)
SpecialMesh4217.TextureId = "rbxassetid://623618671"
SpecialMesh4217.MeshType = Enum.MeshType.FileMesh
Part4218.Name = "TreeMeshTop"
Part4218.Parent = Model4215
Part4218.CFrame = CFrame.new(-612.968689, 148.828247, -1240.23608, 0.970301688, -3.31550837e-07, -0.241915211, 9.05245543e-07, 1.00000381, 2.55834311e-06, 0.241914302, -3.68499764e-06, 0.970298052)
Part4218.Orientation = Vector3.new(0, -14, 0)
Part4218.Position = Vector3.new(-612.9686889648438, 148.8282470703125, -1240.236083984375)
Part4218.Rotation = Vector3.new(0, -14, 0)
Part4218.Transparency = 0.05000000074505806
Part4218.Size = Vector3.new(8.250000953674316, 0.2499980926513672, 7)
Part4218.Anchored = true
Part4218.CanCollide = false
Part4218.Material = Enum.Material.Fabric
SpecialMesh4219.Name = "TopTreeMesh"
SpecialMesh4219.Parent = Part4218
SpecialMesh4219.MeshId = "rbxassetid://623621456"
SpecialMesh4219.Offset = Vector3.new(0, 3.4100000858306885, 0)
SpecialMesh4219.Scale = Vector3.new(1.600000023841858, 1.600000023841858, 1.600000023841858)
SpecialMesh4219.TextureId = "rbxassetid://745556120"
SpecialMesh4219.MeshType = Enum.MeshType.FileMesh
Model4220.Name = "??"
Model4220.Parent = Folder0
Part4221.Name = "TreeMesh Bottom"
Part4221.Parent = Model4220
Part4221.CFrame = CFrame.new(-761.452087, 124.930099, -1224.25464, 0.00386684947, -0.0347056836, -0.999390066, -0.110576428, 0.993254006, -0.0349204354, 0.993860126, 0.11064402, 3.13313558e-06)
Part4221.Orientation = Vector3.new(2, -90, -6.349999904632568)
Part4221.Position = Vector3.new(-761.4520874023438, 124.93009948730469, -1224.254638671875)
Part4221.Rotation = Vector3.new(89.98999786376953, -88, 83.63999938964844)
Part4221.Size = Vector3.new(8.250000953674316, 0.2499980926513672, 7)
Part4221.Anchored = true
Part4221.CanCollide = false
Part4221.Material = Enum.Material.Fabric
SpecialMesh4222.Name = "BarkMesh"
SpecialMesh4222.Parent = Part4221
SpecialMesh4222.MeshId = "rbxassetid://623621260"
SpecialMesh4222.Offset = Vector3.new(0, 3.4100000858306885, 0)
SpecialMesh4222.TextureId = "rbxassetid://623618671"
SpecialMesh4222.MeshType = Enum.MeshType.FileMesh
Part4223.Name = "TreeMeshTop"
Part4223.Parent = Model4220
Part4223.CFrame = CFrame.new(-762.496887, 154.866959, -1220.92053, 0.00386963971, -0.0347063243, -0.999390125, -0.110576101, 0.993254066, -0.0349213816, 0.993860126, 0.110643812, 5.8454948e-06)
Part4223.Orientation = Vector3.new(2, -90, -6.349999904632568)
Part4223.Position = Vector3.new(-762.4968872070312, 154.86695861816406, -1220.9205322265625)
Part4223.Rotation = Vector3.new(89.98999786376953, -88, 83.63999938964844)
Part4223.Transparency = 0.05000000074505806
Part4223.Size = Vector3.new(8.250000953674316, 0.2499980926513672, 7)
Part4223.Anchored = true
Part4223.CanCollide = false
Part4223.Material = Enum.Material.Fabric
SpecialMesh4224.Name = "TopTreeMesh"
SpecialMesh4224.Parent = Part4223
SpecialMesh4224.MeshId = "rbxassetid://623621456"
SpecialMesh4224.Offset = Vector3.new(0, 3.4100000858306885, 0)
SpecialMesh4224.Scale = Vector3.new(1.600000023841858, 1.600000023841858, 1.600000023841858)
SpecialMesh4224.TextureId = "rbxassetid://745556120"
SpecialMesh4224.MeshType = Enum.MeshType.FileMesh
Model4225.Name = "??"
Model4225.Parent = Folder0
Part4226.Name = "TreeMesh Bottom"
Part4226.Parent = Model4225
Part4226.CFrame = CFrame.new(-642.314148, 103.688126, -1170.71643, 0.719344079, -6.35335198e-08, -0.694653988, 1.7695065e-07, 1, 9.1779178e-08, 0.694654047, -1.88940163e-07, 0.71934402)
Part4226.Orientation = Vector3.new(0, -44, 0)
Part4226.Position = Vector3.new(-642.3141479492188, 103.68812561035156, -1170.7164306640625)
Part4226.Rotation = Vector3.new(0, -44, 0)
Part4226.Size = Vector3.new(8.250000953674316, 0.2499980926513672, 7)
Part4226.Anchored = true
Part4226.CanCollide = false
Part4226.Material = Enum.Material.Fabric
SpecialMesh4227.Name = "BarkMesh"
SpecialMesh4227.Parent = Part4226
SpecialMesh4227.MeshId = "rbxassetid://623621260"
SpecialMesh4227.Offset = Vector3.new(0, 3.4100000858306885, 0)
SpecialMesh4227.TextureId = "rbxassetid://623618671"
SpecialMesh4227.MeshType = Enum.MeshType.FileMesh
Part4228.Name = "TreeMeshTop"
Part4228.Parent = Model4225
Part4228.CFrame = CFrame.new(-642.312805, 133.82811, -1170.71741, 0.719345987, -7.25544623e-07, -0.694651961, 8.17698208e-07, 1, -1.97705504e-07, 0.694651902, -4.25797197e-07, 0.719345987)
Part4228.Orientation = Vector3.new(0, -44, 0)
Part4228.Position = Vector3.new(-642.3128051757812, 133.82810974121094, -1170.7174072265625)
Part4228.Rotation = Vector3.new(0, -44, 0)
Part4228.Transparency = 0.05000000074505806
Part4228.Size = Vector3.new(8.250000953674316, 0.2499980926513672, 7)
Part4228.Anchored = true
Part4228.CanCollide = false
Part4228.Material = Enum.Material.Fabric
SpecialMesh4229.Name = "TopTreeMesh"
SpecialMesh4229.Parent = Part4228
SpecialMesh4229.MeshId = "rbxassetid://623621456"
SpecialMesh4229.Offset = Vector3.new(0, 3.4100000858306885, 0)
SpecialMesh4229.Scale = Vector3.new(1.600000023841858, 1.600000023841858, 1.600000023841858)
SpecialMesh4229.TextureId = "rbxassetid://745556120"
SpecialMesh4229.MeshType = Enum.MeshType.FileMesh
Model4230.Name = "??"
Model4230.Parent = Folder0
Part4231.Name = "TreeMesh Bottom"
Part4231.Parent = Model4230
Part4231.CFrame = CFrame.new(-635.482056, 110.189865, -1077.87756, 0.970632553, -0.0191856287, -0.239801019, -0.00380411185, 0.995466053, -0.0950414389, 0.240537226, 0.0931625441, 0.966158688)
Part4231.Orientation = Vector3.new(5.449999809265137, -13.9399995803833, -0.2199999988079071)
Part4231.Position = Vector3.new(-635.4820556640625, 110.18986511230469, -1077.8775634765625)
Part4231.Rotation = Vector3.new(5.619999885559082, -13.869999885559082, 1.1299999952316284)
Part4231.Size = Vector3.new(8.250000953674316, 0.2499980926513672, 7)
Part4231.Anchored = true
Part4231.CanCollide = false
Part4231.Material = Enum.Material.Fabric
SpecialMesh4232.Name = "BarkMesh"
SpecialMesh4232.Parent = Part4231
SpecialMesh4232.MeshId = "rbxassetid://623621260"
SpecialMesh4232.Offset = Vector3.new(0, 3.4100000858306885, 0)
SpecialMesh4232.TextureId = "rbxassetid://623618671"
SpecialMesh4232.MeshType = Enum.MeshType.FileMesh
Part4233.Name = "TreeMeshTop"
Part4233.Parent = Model4230
Part4233.CFrame = CFrame.new(-636.05896, 140.193207, -1075.07068, 0.97063309, -0.0191862825, -0.239798307, -0.00380315399, 0.995466053, -0.0950413719, 0.240534559, 0.0931622908, 0.966159403)
Part4233.Orientation = Vector3.new(5.449999809265137, -13.9399995803833, -0.2199999988079071)
Part4233.Position = Vector3.new(-636.0589599609375, 140.19320678710938, -1075.0706787109375)
Part4233.Rotation = Vector3.new(5.619999885559082, -13.869999885559082, 1.1299999952316284)
Part4233.Transparency = 0.05000000074505806
Part4233.Size = Vector3.new(8.250000953674316, 0.2499980926513672, 7)
Part4233.Anchored = true
Part4233.CanCollide = false
Part4233.Material = Enum.Material.Fabric
SpecialMesh4234.Name = "TopTreeMesh"
SpecialMesh4234.Parent = Part4233
SpecialMesh4234.MeshId = "rbxassetid://623621456"
SpecialMesh4234.Offset = Vector3.new(0, 3.4100000858306885, 0)
SpecialMesh4234.Scale = Vector3.new(1.600000023841858, 1.600000023841858, 1.600000023841858)
SpecialMesh4234.TextureId = "rbxassetid://745556120"
SpecialMesh4234.MeshType = Enum.MeshType.FileMesh
Model4235.Name = "??"
Model4235.Parent = Folder0
Part4236.Name = "TreeMesh Bottom"
Part4236.Parent = Model4235
Part4236.CFrame = CFrame.new(-474.751007, 117.266953, -1177.30664, 0.970835507, -0.0535182469, -0.233696923, 0.00344083784, 0.97777611, -0.209623531, 0.239721969, 0.202705845, 0.949443877)
Part4236.Orientation = Vector3.new(12.100000381469727, -13.829999923706055, 0.20000000298023224)
Part4236.Position = Vector3.new(-474.7510070800781, 117.26695251464844, -1177.306640625)
Part4236.Rotation = Vector3.new(12.449999809265137, -13.510000228881836, 3.1600000858306885)
Part4236.Size = Vector3.new(8.250000953674316, 0.2499980926513672, 7)
Part4236.Anchored = true
Part4236.CanCollide = false
Part4236.Material = Enum.Material.Fabric
SpecialMesh4237.Name = "BarkMesh"
SpecialMesh4237.Parent = Part4236
SpecialMesh4237.MeshId = "rbxassetid://623621260"
SpecialMesh4237.Offset = Vector3.new(0, 3.4100000858306885, 0)
SpecialMesh4237.TextureId = "rbxassetid://623618671"
SpecialMesh4237.MeshType = Enum.MeshType.FileMesh
Part4238.Name = "TreeMeshTop"
Part4238.Parent = Model4235
Part4238.CFrame = CFrame.new(-476.362762, 146.737183, -1171.19788, 0.970840871, -0.0535198823, -0.233696371, 0.00344213098, 0.977780342, -0.209626153, 0.239720613, 0.202706277, 0.949444592)
Part4238.Orientation = Vector3.new(12.100000381469727, -13.829999923706055, 0.20000000298023224)
Part4238.Position = Vector3.new(-476.3627624511719, 146.7371826171875, -1171.1978759765625)
Part4238.Rotation = Vector3.new(12.449999809265137, -13.510000228881836, 3.1600000858306885)
Part4238.Transparency = 0.05000000074505806
Part4238.Size = Vector3.new(8.250000953674316, 0.2499980926513672, 7)
Part4238.Anchored = true
Part4238.CanCollide = false
Part4238.Material = Enum.Material.Fabric
SpecialMesh4239.Name = "TopTreeMesh"
SpecialMesh4239.Parent = Part4238
SpecialMesh4239.MeshId = "rbxassetid://623621456"
SpecialMesh4239.Offset = Vector3.new(0, 3.4100000858306885, 0)
SpecialMesh4239.Scale = Vector3.new(1.600000023841858, 1.600000023841858, 1.600000023841858)
SpecialMesh4239.TextureId = "rbxassetid://745556120"
SpecialMesh4239.MeshType = Enum.MeshType.FileMesh
Model4240.Name = "??"
Model4240.Parent = Folder0
Part4241.Name = "TreeMesh Bottom"
Part4241.Parent = Model4240
Part4241.CFrame = CFrame.new(-717.314514, 103.68811, -1136.71631, 3.25272458e-06, -6.96620361e-07, -1, -4.79336109e-07, 1, -6.96621896e-07, 1, 4.79338439e-07, 3.25272435e-06)
Part4241.Orientation = Vector3.new(0, -90, 0)
Part4241.Position = Vector3.new(-717.3145141601562, 103.6881103515625, -1136.71630859375)
Part4241.Rotation = Vector3.new(0, -90, 0)
Part4241.Size = Vector3.new(8.250000953674316, 0.2499980926513672, 7)
Part4241.Anchored = true
Part4241.CanCollide = false
Part4241.Material = Enum.Material.Fabric
SpecialMesh4242.Name = "BarkMesh"
SpecialMesh4242.Parent = Part4241
SpecialMesh4242.MeshId = "rbxassetid://623621260"
SpecialMesh4242.Offset = Vector3.new(0, 3.4100000858306885, 0)
SpecialMesh4242.TextureId = "rbxassetid://623618671"
SpecialMesh4242.MeshType = Enum.MeshType.FileMesh
Part4243.Name = "TreeMeshTop"
Part4243.Parent = Model4240
Part4243.CFrame = CFrame.new(-717.313293, 133.828125, -1136.71716, 6.05303012e-06, -1.35226333e-06, -1, -2.2482881e-07, 1, -1.35226469e-06, 1, 2.24837009e-07, 6.05302967e-06)
Part4243.Orientation = Vector3.new(0, -90, 0)
Part4243.Position = Vector3.new(-717.3132934570312, 133.828125, -1136.7171630859375)
Part4243.Rotation = Vector3.new(0, -90, 0)
Part4243.Transparency = 0.05000000074505806
Part4243.Size = Vector3.new(8.250000953674316, 0.2499980926513672, 7)
Part4243.Anchored = true
Part4243.CanCollide = false
Part4243.Material = Enum.Material.Fabric
SpecialMesh4244.Name = "TopTreeMesh"
SpecialMesh4244.Parent = Part4243
SpecialMesh4244.MeshId = "rbxassetid://623621456"
SpecialMesh4244.Offset = Vector3.new(0, 3.4100000858306885, 0)
SpecialMesh4244.Scale = Vector3.new(1.600000023841858, 1.600000023841858, 1.600000023841858)
SpecialMesh4244.TextureId = "rbxassetid://745556120"
SpecialMesh4244.MeshType = Enum.MeshType.FileMesh
Model4245.Name = "??"
Model4245.Parent = Folder0
Part4246.Name = "TreeMesh Bottom"
Part4246.Parent = Model4245
Part4246.CFrame = CFrame.new(-417.066559, 111.318329, -1133.38342, 0.970835507, -0.0535182469, -0.233696923, 0.00344083784, 0.97777611, -0.209623531, 0.239721969, 0.202705845, 0.949443877)
Part4246.Orientation = Vector3.new(12.100000381469727, -13.829999923706055, 0.20000000298023224)
Part4246.Position = Vector3.new(-417.0665588378906, 111.31832885742188, -1133.3834228515625)
Part4246.Rotation = Vector3.new(12.449999809265137, -13.510000228881836, 3.1600000858306885)
Part4246.Size = Vector3.new(8.250000953674316, 0.2499980926513672, 7)
Part4246.Anchored = true
Part4246.CanCollide = false
Part4246.Material = Enum.Material.Fabric
SpecialMesh4247.Name = "BarkMesh"
SpecialMesh4247.Parent = Part4246
SpecialMesh4247.MeshId = "rbxassetid://623621260"
SpecialMesh4247.Offset = Vector3.new(0, 3.4100000858306885, 0)
SpecialMesh4247.TextureId = "rbxassetid://623618671"
SpecialMesh4247.MeshType = Enum.MeshType.FileMesh
Part4248.Name = "TreeMeshTop"
Part4248.Parent = Model4245
Part4248.CFrame = CFrame.new(-418.678253, 140.788635, -1127.27466, 0.970840871, -0.0535198823, -0.233696371, 0.00344213098, 0.977780342, -0.209626153, 0.239720613, 0.202706277, 0.949444592)
Part4248.Orientation = Vector3.new(12.100000381469727, -13.829999923706055, 0.20000000298023224)
Part4248.Position = Vector3.new(-418.6782531738281, 140.78863525390625, -1127.274658203125)
Part4248.Rotation = Vector3.new(12.449999809265137, -13.510000228881836, 3.1600000858306885)
Part4248.Transparency = 0.05000000074505806
Part4248.Size = Vector3.new(8.250000953674316, 0.2499980926513672, 7)
Part4248.Anchored = true
Part4248.CanCollide = false
Part4248.Material = Enum.Material.Fabric
SpecialMesh4249.Name = "TopTreeMesh"
SpecialMesh4249.Parent = Part4248
SpecialMesh4249.MeshId = "rbxassetid://623621456"
SpecialMesh4249.Offset = Vector3.new(0, 3.4100000858306885, 0)
SpecialMesh4249.Scale = Vector3.new(1.600000023841858, 1.600000023841858, 1.600000023841858)
SpecialMesh4249.TextureId = "rbxassetid://745556120"
SpecialMesh4249.MeshType = Enum.MeshType.FileMesh
Model4250.Name = "??"
Model4250.Parent = Folder0
Part4251.Name = "TreeMesh Bottom"
Part4251.Parent = Model4250
Part4251.CFrame = CFrame.new(-421.592682, 104.269699, -1213.94604, -0.640638828, 0.284647465, 0.713138044, -0.248885557, 0.80163157, -0.543553114, -0.726389527, -0.525707603, -0.442708164)
Part4251.Orientation = Vector3.new(32.93000030517578, 121.83000183105469, -17.25)
Part4251.Position = Vector3.new(-421.5926818847656, 104.26969909667969, -1213.946044921875)
Part4251.Rotation = Vector3.new(129.16000366210938, 45.4900016784668, -156.0399932861328)
Part4251.Size = Vector3.new(8.250000953674316, 0.2499980926513672, 7)
Part4251.Anchored = true
Part4251.CanCollide = false
Part4251.Material = Enum.Material.Fabric
SpecialMesh4252.Name = "BarkMesh"
SpecialMesh4252.Parent = Part4251
SpecialMesh4252.MeshId = "rbxassetid://623621260"
SpecialMesh4252.Offset = Vector3.new(0, 3.4100000858306885, 0)
SpecialMesh4252.TextureId = "rbxassetid://623618671"
SpecialMesh4252.MeshType = Enum.MeshType.FileMesh
Part4253.Name = "TreeMeshTop"
Part4253.Parent = Model4250
Part4253.CFrame = CFrame.new(-414.876221, 131.877213, -1224.00317, -0.640638828, 0.284647465, 0.713138044, -0.248885557, 0.80163157, -0.543553114, -0.726389527, -0.525707603, -0.442708164)
Part4253.Orientation = Vector3.new(32.93000030517578, 121.83000183105469, -17.25)
Part4253.Position = Vector3.new(-414.876220703125, 131.87721252441406, -1224.003173828125)
Part4253.Rotation = Vector3.new(129.16000366210938, 45.4900016784668, -156.0399932861328)
Part4253.Transparency = 0.05000000074505806
Part4253.Size = Vector3.new(8.250000953674316, 0.2499980926513672, 7)
Part4253.Anchored = true
Part4253.CanCollide = false
Part4253.Material = Enum.Material.Fabric
SpecialMesh4254.Name = "TopTreeMesh"
SpecialMesh4254.Parent = Part4253
SpecialMesh4254.MeshId = "rbxassetid://623621456"
SpecialMesh4254.Offset = Vector3.new(0, 3.4100000858306885, 0)
SpecialMesh4254.Scale = Vector3.new(1.600000023841858, 1.600000023841858, 1.600000023841858)
SpecialMesh4254.TextureId = "rbxassetid://745556120"
SpecialMesh4254.MeshType = Enum.MeshType.FileMesh
Model4255.Name = "??"
Model4255.Parent = Folder0
Part4256.Name = "TreeMesh Bottom"
Part4256.Parent = Model4255
Part4256.CFrame = CFrame.new(-480.084686, 94.9260788, -1278.65625, -0.640638828, 0.284647465, 0.713138044, -0.248885557, 0.80163157, -0.543553114, -0.726389527, -0.525707603, -0.442708164)
Part4256.Orientation = Vector3.new(32.93000030517578, 121.83000183105469, -17.25)
Part4256.Position = Vector3.new(-480.0846862792969, 94.92607879638672, -1278.65625)
Part4256.Rotation = Vector3.new(129.16000366210938, 45.4900016784668, -156.0399932861328)
Part4256.Size = Vector3.new(8.250000953674316, 0.2499980926513672, 7)
Part4256.Anchored = true
Part4256.CanCollide = false
Part4256.Material = Enum.Material.Fabric
SpecialMesh4257.Name = "BarkMesh"
SpecialMesh4257.Parent = Part4256
SpecialMesh4257.MeshId = "rbxassetid://623621260"
SpecialMesh4257.Offset = Vector3.new(0, 3.4100000858306885, 0)
SpecialMesh4257.TextureId = "rbxassetid://623618671"
SpecialMesh4257.MeshType = Enum.MeshType.FileMesh
Part4258.Name = "TreeMeshTop"
Part4258.Parent = Model4255
Part4258.CFrame = CFrame.new(-473.368286, 122.533569, -1288.7135, -0.640638828, 0.284647465, 0.713138044, -0.248885557, 0.80163157, -0.543553114, -0.726389527, -0.525707603, -0.442708164)
Part4258.Orientation = Vector3.new(32.93000030517578, 121.83000183105469, -17.25)
Part4258.Position = Vector3.new(-473.3682861328125, 122.5335693359375, -1288.7135009765625)
Part4258.Rotation = Vector3.new(129.16000366210938, 45.4900016784668, -156.0399932861328)
Part4258.Transparency = 0.05000000074505806
Part4258.Size = Vector3.new(8.250000953674316, 0.2499980926513672, 7)
Part4258.Anchored = true
Part4258.CanCollide = false
Part4258.Material = Enum.Material.Fabric
SpecialMesh4259.Name = "TopTreeMesh"
SpecialMesh4259.Parent = Part4258
SpecialMesh4259.MeshId = "rbxassetid://623621456"
SpecialMesh4259.Offset = Vector3.new(0, 3.4100000858306885, 0)
SpecialMesh4259.Scale = Vector3.new(1.600000023841858, 1.600000023841858, 1.600000023841858)
SpecialMesh4259.TextureId = "rbxassetid://745556120"
SpecialMesh4259.MeshType = Enum.MeshType.FileMesh
Model4260.Name = "??"
Model4260.Parent = Folder0
Part4261.Name = "TreeMesh Bottom"
Part4261.Parent = Model4260
Part4261.CFrame = CFrame.new(-505.373138, 106.924255, -1016.19067, -0.571720481, -0.0191861428, -0.820230603, -0.0873659179, 0.995470941, 0.0376110338, 0.815786302, 0.0931612626, -0.570801854)
Part4261.Orientation = Vector3.new(-2.1600000858306885, -124.83000183105469, -5.019999980926514)
Part4261.Position = Vector3.new(-505.3731384277344, 106.92425537109375, -1016.190673828125)
Part4261.Rotation = Vector3.new(-176.22999572753906, -55.11000061035156, 178.0800018310547)
Part4261.Size = Vector3.new(8.250000953674316, 0.2499980926513672, 7)
Part4261.Anchored = true
Part4261.CanCollide = false
Part4261.Material = Enum.Material.Fabric
SpecialMesh4262.Name = "BarkMesh"
SpecialMesh4262.Parent = Part4261
SpecialMesh4262.MeshId = "rbxassetid://623621260"
SpecialMesh4262.Offset = Vector3.new(0, 3.4100000858306885, 0)
SpecialMesh4262.TextureId = "rbxassetid://623618671"
SpecialMesh4262.MeshType = Enum.MeshType.FileMesh
Part4263.Name = "TreeMeshTop"
Part4263.Parent = Model4260
Part4263.CFrame = CFrame.new(-505.950043, 136.92775, -1013.38403, -0.571718216, -0.0191867948, -0.820232153, -0.0873662084, 0.995470822, 0.0376101285, 0.815787852, 0.0931610018, -0.57079953)
Part4263.Orientation = Vector3.new(-2.1600000858306885, -124.83000183105469, -5.019999980926514)
Part4263.Position = Vector3.new(-505.9500427246094, 136.92774963378906, -1013.384033203125)
Part4263.Rotation = Vector3.new(-176.22999572753906, -55.11000061035156, 178.0800018310547)
Part4263.Transparency = 0.05000000074505806
Part4263.Size = Vector3.new(8.250000953674316, 0.2499980926513672, 7)
Part4263.Anchored = true
Part4263.CanCollide = false
Part4263.Material = Enum.Material.Fabric
SpecialMesh4264.Name = "TopTreeMesh"
SpecialMesh4264.Parent = Part4263
SpecialMesh4264.MeshId = "rbxassetid://623621456"
SpecialMesh4264.Offset = Vector3.new(0, 3.4100000858306885, 0)
SpecialMesh4264.Scale = Vector3.new(1.600000023841858, 1.600000023841858, 1.600000023841858)
SpecialMesh4264.TextureId = "rbxassetid://745556120"
SpecialMesh4264.MeshType = Enum.MeshType.FileMesh
Model4265.Name = "??"
Model4265.Parent = Folder0
Part4266.Name = "TreeMesh Bottom"
Part4266.Parent = Model4265
Part4266.CFrame = CFrame.new(-549.776855, 119.197113, -1102.82666, 0.970838487, -0.053519018, -0.233698636, 0.0034405347, 0.977778375, -0.209626779, 0.239723042, 0.202707976, 0.949443579)
Part4266.Orientation = Vector3.new(12.100000381469727, -13.829999923706055, 0.20000000298023224)
Part4266.Position = Vector3.new(-549.77685546875, 119.19711303710938, -1102.82666015625)
Part4266.Rotation = Vector3.new(12.449999809265137, -13.510000228881836, 3.1600000858306885)
Part4266.Size = Vector3.new(8.250000953674316, 0.2499980926513672, 7)
Part4266.Anchored = true
Part4266.CanCollide = false
Part4266.Material = Enum.Material.Fabric
SpecialMesh4267.Name = "BarkMesh"
SpecialMesh4267.Parent = Part4266
SpecialMesh4267.MeshId = "rbxassetid://623621260"
SpecialMesh4267.Offset = Vector3.new(0, 3.4100000858306885, 0)
SpecialMesh4267.TextureId = "rbxassetid://623618671"
SpecialMesh4267.MeshType = Enum.MeshType.FileMesh
Part4268.Name = "TreeMeshTop"
Part4268.Parent = Model4265
Part4268.CFrame = CFrame.new(-551.388428, 148.66748, -1096.7179, 0.970840812, -0.0535197109, -0.233696371, 0.00344195217, 0.977780282, -0.209626019, 0.239720583, 0.202706248, 0.949444592)
Part4268.Orientation = Vector3.new(12.100000381469727, -13.829999923706055, 0.20000000298023224)
Part4268.Position = Vector3.new(-551.388427734375, 148.66748046875, -1096.7178955078125)
Part4268.Rotation = Vector3.new(12.449999809265137, -13.510000228881836, 3.1600000858306885)
Part4268.Transparency = 0.05000000074505806
Part4268.Size = Vector3.new(8.250000953674316, 0.2499980926513672, 7)
Part4268.Anchored = true
Part4268.CanCollide = false
Part4268.Material = Enum.Material.Fabric
SpecialMesh4269.Name = "TopTreeMesh"
SpecialMesh4269.Parent = Part4268
SpecialMesh4269.MeshId = "rbxassetid://623621456"
SpecialMesh4269.Offset = Vector3.new(0, 3.4100000858306885, 0)
SpecialMesh4269.Scale = Vector3.new(1.600000023841858, 1.600000023841858, 1.600000023841858)
SpecialMesh4269.TextureId = "rbxassetid://745556120"
SpecialMesh4269.MeshType = Enum.MeshType.FileMesh
Model4270.Name = "??"
Model4270.Parent = Folder0
Part4271.Name = "TreeMesh Bottom"
Part4271.Parent = Model4270
Part4271.CFrame = CFrame.new(-529.567993, 121.875015, -1214.00671, 0.970835507, -0.0535182469, -0.233696923, 0.00344083784, 0.97777611, -0.209623531, 0.239721969, 0.202705845, 0.949443877)
Part4271.Orientation = Vector3.new(12.100000381469727, -13.829999923706055, 0.20000000298023224)
Part4271.Position = Vector3.new(-529.5679931640625, 121.87501525878906, -1214.0067138671875)
Part4271.Rotation = Vector3.new(12.449999809265137, -13.510000228881836, 3.1600000858306885)
Part4271.Size = Vector3.new(8.250000953674316, 0.2499980926513672, 7)
Part4271.Anchored = true
Part4271.CanCollide = false
Part4271.Material = Enum.Material.Fabric
SpecialMesh4272.Name = "BarkMesh"
SpecialMesh4272.Parent = Part4271
SpecialMesh4272.MeshId = "rbxassetid://623621260"
SpecialMesh4272.Offset = Vector3.new(0, 3.4100000858306885, 0)
SpecialMesh4272.TextureId = "rbxassetid://623618671"
SpecialMesh4272.MeshType = Enum.MeshType.FileMesh
Part4273.Name = "TreeMeshTop"
Part4273.Parent = Model4270
Part4273.CFrame = CFrame.new(-531.179871, 151.345154, -1207.89771, 0.970840871, -0.0535198823, -0.233696371, 0.00344213098, 0.977780342, -0.209626153, 0.239720613, 0.202706277, 0.949444592)
Part4273.Orientation = Vector3.new(12.100000381469727, -13.829999923706055, 0.20000000298023224)
Part4273.Position = Vector3.new(-531.1798706054688, 151.34515380859375, -1207.897705078125)
Part4273.Rotation = Vector3.new(12.449999809265137, -13.510000228881836, 3.1600000858306885)
Part4273.Transparency = 0.05000000074505806
Part4273.Size = Vector3.new(8.250000953674316, 0.2499980926513672, 7)
Part4273.Anchored = true
Part4273.CanCollide = false
Part4273.Material = Enum.Material.Fabric
SpecialMesh4274.Name = "TopTreeMesh"
SpecialMesh4274.Parent = Part4273
SpecialMesh4274.MeshId = "rbxassetid://623621456"
SpecialMesh4274.Offset = Vector3.new(0, 3.4100000858306885, 0)
SpecialMesh4274.Scale = Vector3.new(1.600000023841858, 1.600000023841858, 1.600000023841858)
SpecialMesh4274.TextureId = "rbxassetid://745556120"
SpecialMesh4274.MeshType = Enum.MeshType.FileMesh
Model4275.Name = "??"
Model4275.Parent = Folder0
Part4276.Name = "TreeMesh Bottom"
Part4276.Parent = Model4275
Part4276.CFrame = CFrame.new(-361.299286, 112.859894, -1059.36414, -0.253417075, 0.0879980624, -0.96334666, 0.0678373054, 0.995019078, 0.0730461404, 0.964975893, -0.0468395352, -0.258124322)
Part4276.Orientation = Vector3.new(-4.190000057220459, -105, 3.9000000953674316)
Part4276.Position = Vector3.new(-361.2992858886719, 112.85989379882812, -1059.3641357421875)
Part4276.Rotation = Vector3.new(-164.1999969482422, -74.44000244140625, -160.85000610351562)
Part4276.Size = Vector3.new(8.250000953674316, 0.2499980926513672, 7)
Part4276.Anchored = true
Part4276.CanCollide = false
Part4276.Material = Enum.Material.Fabric
SpecialMesh4277.Name = "BarkMesh"
SpecialMesh4277.Parent = Part4276
SpecialMesh4277.MeshId = "rbxassetid://623621260"
SpecialMesh4277.Offset = Vector3.new(0, 3.4100000858306885, 0)
SpecialMesh4277.TextureId = "rbxassetid://623618671"
SpecialMesh4277.MeshType = Enum.MeshType.FileMesh
Part4278.Name = "TreeMeshTop"
Part4278.Parent = Model4275
Part4278.CFrame = CFrame.new(-358.645416, 142.849548, -1060.77637, -0.253414392, 0.0879975408, -0.963347197, 0.0678373203, 0.995019078, 0.0730457529, 0.964976668, -0.0468399003, -0.25812152)
Part4278.Orientation = Vector3.new(-4.190000057220459, -105, 3.9000000953674316)
Part4278.Position = Vector3.new(-358.6454162597656, 142.84954833984375, -1060.7763671875)
Part4278.Rotation = Vector3.new(-164.1999969482422, -74.44000244140625, -160.85000610351562)
Part4278.Transparency = 0.05000000074505806
Part4278.Size = Vector3.new(8.250000953674316, 0.2499980926513672, 7)
Part4278.Anchored = true
Part4278.CanCollide = false
Part4278.Material = Enum.Material.Fabric
SpecialMesh4279.Name = "TopTreeMesh"
SpecialMesh4279.Parent = Part4278
SpecialMesh4279.MeshId = "rbxassetid://623621456"
SpecialMesh4279.Offset = Vector3.new(0, 3.4100000858306885, 0)
SpecialMesh4279.Scale = Vector3.new(1.600000023841858, 1.600000023841858, 1.600000023841858)
SpecialMesh4279.TextureId = "rbxassetid://745556120"
SpecialMesh4279.MeshType = Enum.MeshType.FileMesh
Model4280.Name = "??"
Model4280.Parent = Folder0
Part4281.Name = "TreeMesh Bottom"
Part4281.Parent = Model4280
Part4281.CFrame = CFrame.new(-361.299286, 112.859894, -1059.36414, -0.253417075, 0.0879980624, -0.96334666, 0.0678373054, 0.995019078, 0.0730461404, 0.964975893, -0.0468395352, -0.258124322)
Part4281.Orientation = Vector3.new(-4.190000057220459, -105, 3.9000000953674316)
Part4281.Position = Vector3.new(-361.2992858886719, 112.85989379882812, -1059.3641357421875)
Part4281.Rotation = Vector3.new(-164.1999969482422, -74.44000244140625, -160.85000610351562)
Part4281.Size = Vector3.new(8.250000953674316, 0.2499980926513672, 7)
Part4281.Anchored = true
Part4281.CanCollide = false
Part4281.Material = Enum.Material.Fabric
SpecialMesh4282.Name = "BarkMesh"
SpecialMesh4282.Parent = Part4281
SpecialMesh4282.MeshId = "rbxassetid://623621260"
SpecialMesh4282.Offset = Vector3.new(0, 3.4100000858306885, 0)
SpecialMesh4282.TextureId = "rbxassetid://623618671"
SpecialMesh4282.MeshType = Enum.MeshType.FileMesh
Part4283.Name = "TreeMeshTop"
Part4283.Parent = Model4280
Part4283.CFrame = CFrame.new(-358.645416, 142.849548, -1060.77637, -0.253414392, 0.0879975408, -0.963347197, 0.0678373203, 0.995019078, 0.0730457529, 0.964976668, -0.0468399003, -0.25812152)
Part4283.Orientation = Vector3.new(-4.190000057220459, -105, 3.9000000953674316)
Part4283.Position = Vector3.new(-358.6454162597656, 142.84954833984375, -1060.7763671875)
Part4283.Rotation = Vector3.new(-164.1999969482422, -74.44000244140625, -160.85000610351562)
Part4283.Transparency = 0.05000000074505806
Part4283.Size = Vector3.new(8.250000953674316, 0.2499980926513672, 7)
Part4283.Anchored = true
Part4283.CanCollide = false
Part4283.Material = Enum.Material.Fabric
SpecialMesh4284.Name = "TopTreeMesh"
SpecialMesh4284.Parent = Part4283
SpecialMesh4284.MeshId = "rbxassetid://623621456"
SpecialMesh4284.Offset = Vector3.new(0, 3.4100000858306885, 0)
SpecialMesh4284.Scale = Vector3.new(1.600000023841858, 1.600000023841858, 1.600000023841858)
SpecialMesh4284.TextureId = "rbxassetid://745556120"
SpecialMesh4284.MeshType = Enum.MeshType.FileMesh
Model4285.Name = "??"
Model4285.Parent = Folder0
Part4286.Name = "TreeMesh Bottom"
Part4286.Parent = Model4285
Part4286.CFrame = CFrame.new(-361.299286, 112.859894, -1059.36414, -0.253417075, 0.0879980624, -0.96334666, 0.0678373054, 0.995019078, 0.0730461404, 0.964975893, -0.0468395352, -0.258124322)
Part4286.Orientation = Vector3.new(-4.190000057220459, -105, 3.9000000953674316)
Part4286.Position = Vector3.new(-361.2992858886719, 112.85989379882812, -1059.3641357421875)
Part4286.Rotation = Vector3.new(-164.1999969482422, -74.44000244140625, -160.85000610351562)
Part4286.Size = Vector3.new(8.250000953674316, 0.2499980926513672, 7)
Part4286.Anchored = true
Part4286.CanCollide = false
Part4286.Material = Enum.Material.Fabric
SpecialMesh4287.Name = "BarkMesh"
SpecialMesh4287.Parent = Part4286
SpecialMesh4287.MeshId = "rbxassetid://623621260"
SpecialMesh4287.Offset = Vector3.new(0, 3.4100000858306885, 0)
SpecialMesh4287.TextureId = "rbxassetid://623618671"
SpecialMesh4287.MeshType = Enum.MeshType.FileMesh
Part4288.Name = "TreeMeshTop"
Part4288.Parent = Model4285
Part4288.CFrame = CFrame.new(-358.645416, 142.849548, -1060.77637, -0.253414392, 0.0879975408, -0.963347197, 0.0678373203, 0.995019078, 0.0730457529, 0.964976668, -0.0468399003, -0.25812152)
Part4288.Orientation = Vector3.new(-4.190000057220459, -105, 3.9000000953674316)
Part4288.Position = Vector3.new(-358.6454162597656, 142.84954833984375, -1060.7763671875)
Part4288.Rotation = Vector3.new(-164.1999969482422, -74.44000244140625, -160.85000610351562)
