Part3058.Name = "TreeMeshTop"
Part3058.Parent = Model3055
Part3058.CFrame = CFrame.new(783.165222, 234.375946, 1206.09399, -0.544638991, 0, -0.838670611, 0, 1, 0, 0.838670611, 0, -0.544638991)
Part3058.Orientation = Vector3.new(0, -123, 0)
Part3058.Position = Vector3.new(783.1652221679688, 234.37594604492188, 1206.093994140625)
Part3058.Rotation = Vector3.new(-180, -57, -180)
Part3058.Transparency = 0.05000000074505806
Part3058.Size = Vector3.new(8.250000953674316, 0.2499980926513672, 7)
Part3058.Anchored = true
Part3058.CanCollide = false
Part3058.Material = Enum.Material.Fabric
SpecialMesh3059.Name = "TopTreeMesh"
SpecialMesh3059.Parent = Part3058
SpecialMesh3059.MeshId = "rbxassetid://623621456"
SpecialMesh3059.Offset = Vector3.new(0, 3.4100000858306885, 0)
SpecialMesh3059.Scale = Vector3.new(1.600000023841858, 1.600000023841858, 1.600000023841858)
SpecialMesh3059.TextureId = "rbxassetid://745556120"
SpecialMesh3059.MeshType = Enum.MeshType.FileMesh
Model3060.Name = "??"
Model3060.Parent = Folder0
Part3061.Name = "TreeMesh Bottom"
Part3061.Parent = Model3060
Part3061.CFrame = CFrame.new(1186.51135, 211.108963, 1503.08789, -0.694655716, -6.40745895e-07, -0.719342291, 0.0126424832, 0.999845505, -0.0122095039, 0.719231308, -0.0175756738, -0.694548547)
Part3061.Orientation = Vector3.new(0.699999988079071, -134, 0.7200000286102295)
Part3061.Position = Vector3.new(1186.5113525390625, 211.1089630126953, 1503.087890625)
Part3061.Rotation = Vector3.new(178.99000549316406, -46, 180)
Part3061.Size = Vector3.new(8.250000953674316, 0.2499980926513672, 7)
Part3061.Anchored = true
Part3061.CanCollide = false
Part3061.Material = Enum.Material.Fabric
SpecialMesh3062.Name = "BarkMesh"
SpecialMesh3062.Parent = Part3061
SpecialMesh3062.MeshId = "rbxassetid://623621260"
SpecialMesh3062.Offset = Vector3.new(0, 3.4100000858306885, 0)
SpecialMesh3062.TextureId = "rbxassetid://623618671"
SpecialMesh3062.MeshType = Enum.MeshType.FileMesh
Part3063.Name = "TreeMeshTop"
Part3063.Parent = Model3060
Part3063.CFrame = CFrame.new(1186.51233, 241.244308, 1502.55737, -0.69465369, -1.28894237e-06, -0.719344258, 0.0126422448, 0.999845505, -0.0122101065, 0.719233155, -0.0175759215, -0.694546402)
Part3063.Orientation = Vector3.new(0.699999988079071, -134, 0.7200000286102295)
Part3063.Position = Vector3.new(1186.5123291015625, 241.2443084716797, 1502.557373046875)
Part3063.Rotation = Vector3.new(178.99000549316406, -46, 180)
Part3063.Transparency = 0.05000000074505806
Part3063.Size = Vector3.new(8.250000953674316, 0.2499980926513672, 7)
Part3063.Anchored = true
Part3063.CanCollide = false
Part3063.Material = Enum.Material.Fabric
SpecialMesh3064.Name = "TopTreeMesh"
SpecialMesh3064.Parent = Part3063
SpecialMesh3064.MeshId = "rbxassetid://623621456"
SpecialMesh3064.Offset = Vector3.new(0, 3.4100000858306885, 0)
SpecialMesh3064.Scale = Vector3.new(1.600000023841858, 1.600000023841858, 1.600000023841858)
SpecialMesh3064.TextureId = "rbxassetid://745556120"
SpecialMesh3064.MeshType = Enum.MeshType.FileMesh
Model3065.Name = "??"
Model3065.Parent = Folder0
Part3066.Name = "TreeMesh Bottom"
Part3066.Parent = Model3065
Part3066.CFrame = CFrame.new(1247.62354, 207.07608, 1535.26953, -0.258483469, 0.0506501421, -0.96468699, 0.0620803013, 0.997430801, 0.0357352383, 0.964019299, -0.0506510474, -0.260964036)
Part3066.Orientation = Vector3.new(-2.049999952316284, -105.13999938964844, 3.559999942779541)
Part3066.Position = Vector3.new(1247.62353515625, 207.07608032226562, 1535.26953125)
Part3066.Rotation = Vector3.new(-172.1999969482422, -74.7300033569336, -168.91000366210938)
Part3066.Size = Vector3.new(8.250000953674316, 0.2499980926513672, 7)
Part3066.Anchored = true
Part3066.CanCollide = false
Part3066.Material = Enum.Material.Fabric
SpecialMesh3067.Name = "BarkMesh"
SpecialMesh3067.Parent = Part3066
SpecialMesh3067.MeshId = "rbxassetid://623621260"
SpecialMesh3067.Offset = Vector3.new(0, 3.4100000858306885, 0)
SpecialMesh3067.TextureId = "rbxassetid://623618671"
SpecialMesh3067.MeshType = Enum.MeshType.FileMesh
Part3068.Name = "TreeMeshTop"
Part3068.Parent = Model3065
Part3068.CFrame = CFrame.new(1249.15112, 237.138519, 1533.74182, -0.258480698, 0.0506494977, -0.964687586, 0.062080279, 0.997430861, 0.035734728, 0.964020014, -0.0506513007, -0.260961264)
Part3068.Orientation = Vector3.new(-2.049999952316284, -105.13999938964844, 3.559999942779541)
Part3068.Position = Vector3.new(1249.151123046875, 237.13851928710938, 1533.7418212890625)
Part3068.Rotation = Vector3.new(-172.1999969482422, -74.7300033569336, -168.91000366210938)
Part3068.Transparency = 0.05000000074505806
Part3068.Size = Vector3.new(8.250000953674316, 0.2499980926513672, 7)
Part3068.Anchored = true
Part3068.CanCollide = false
Part3068.Material = Enum.Material.Fabric
SpecialMesh3069.Name = "TopTreeMesh"
SpecialMesh3069.Parent = Part3068
SpecialMesh3069.MeshId = "rbxassetid://623621456"
SpecialMesh3069.Offset = Vector3.new(0, 3.4100000858306885, 0)
SpecialMesh3069.Scale = Vector3.new(1.600000023841858, 1.600000023841858, 1.600000023841858)
SpecialMesh3069.TextureId = "rbxassetid://745556120"
SpecialMesh3069.MeshType = Enum.MeshType.FileMesh
Model3070.Name = "??"
Model3070.Parent = Folder0
Part3071.Name = "TreeMesh Bottom"
Part3071.Parent = Model3070
Part3071.CFrame = CFrame.new(1066.82422, 212.125, 1679.25085, -0.559189975, -7.30136946e-07, -0.829039454, -1.11249761e-07, 1.00000286, -5.84635359e-07, 0.829039991, -2.90572757e-07, -0.559190392)
Part3071.Orientation = Vector3.new(0, -124, 0)
Part3071.Position = Vector3.new(1066.82421875, 212.125, 1679.2508544921875)
Part3071.Rotation = Vector3.new(180, -56, 180)
Part3071.Size = Vector3.new(8.250000953674316, 0.2499980926513672, 7)
Part3071.Anchored = true
Part3071.CanCollide = false
Part3071.Material = Enum.Material.Fabric
SpecialMesh3072.Name = "BarkMesh"
SpecialMesh3072.Parent = Part3071
SpecialMesh3072.MeshId = "rbxassetid://623621260"
SpecialMesh3072.Offset = Vector3.new(0, 3.4100000858306885, 0)
SpecialMesh3072.TextureId = "rbxassetid://623618671"
SpecialMesh3072.MeshType = Enum.MeshType.FileMesh
Part3073.Name = "TreeMeshTop"
Part3073.Parent = Model3070
Part3073.CFrame = CFrame.new(1066.82556, 242.264954, 1679.25012, -0.55918777, -1.37833752e-06, -0.829041183, -2.66984244e-07, 1.00000286, -1.25853876e-06, 0.829041481, -5.32716683e-07, -0.559187949)
Part3073.Orientation = Vector3.new(0, -124, 0)
Part3073.Position = Vector3.new(1066.8255615234375, 242.26495361328125, 1679.2501220703125)
Part3073.Rotation = Vector3.new(180, -56, 180)
Part3073.Transparency = 0.05000000074505806
Part3073.Size = Vector3.new(8.250000953674316, 0.2499980926513672, 7)
Part3073.Anchored = true
Part3073.CanCollide = false
Part3073.Material = Enum.Material.Fabric
SpecialMesh3074.Name = "TopTreeMesh"
SpecialMesh3074.Parent = Part3073
SpecialMesh3074.MeshId = "rbxassetid://623621456"
SpecialMesh3074.Offset = Vector3.new(0, 3.4100000858306885, 0)
SpecialMesh3074.Scale = Vector3.new(1.600000023841858, 1.600000023841858, 1.600000023841858)
SpecialMesh3074.TextureId = "rbxassetid://745556120"
SpecialMesh3074.MeshType = Enum.MeshType.FileMesh
Model3075.Name = "??"
Model3075.Parent = Folder0
Part3076.Name = "TreeMesh Bottom"
Part3076.Parent = Model3075
Part3076.CFrame = CFrame.new(1041.69873, 203.366989, 1349.57727, -0.874619722, 0, -0.484809577, 0, 1, 0, 0.484809577, 0, -0.874619722)
Part3076.Orientation = Vector3.new(0, -151, 0)
Part3076.Position = Vector3.new(1041.69873046875, 203.3669891357422, 1349.5772705078125)
Part3076.Rotation = Vector3.new(-180, -29, -180)
Part3076.Size = Vector3.new(8.250000953674316, 0.2499980926513672, 7)
Part3076.Anchored = true
Part3076.CanCollide = false
Part3076.Material = Enum.Material.Fabric
SpecialMesh3077.Name = "BarkMesh"
SpecialMesh3077.Parent = Part3076
SpecialMesh3077.MeshId = "rbxassetid://623621260"
SpecialMesh3077.Offset = Vector3.new(0, 3.4100000858306885, 0)
SpecialMesh3077.TextureId = "rbxassetid://623618671"
SpecialMesh3077.MeshType = Enum.MeshType.FileMesh
Part3078.Name = "TreeMeshTop"
Part3078.Parent = Model3075
Part3078.CFrame = CFrame.new(1040.65381, 233.303802, 1352.91125, -0.874619722, 0, -0.484809577, 0, 1, 0, 0.484809577, 0, -0.874619722)
Part3078.Orientation = Vector3.new(0, -151, 0)
Part3078.Position = Vector3.new(1040.65380859375, 233.30380249023438, 1352.9112548828125)
Part3078.Rotation = Vector3.new(-180, -29, -180)
Part3078.Transparency = 0.05000000074505806
Part3078.Size = Vector3.new(8.250000953674316, 0.2499980926513672, 7)
Part3078.Anchored = true
Part3078.CanCollide = false
Part3078.Material = Enum.Material.Fabric
SpecialMesh3079.Name = "TopTreeMesh"
SpecialMesh3079.Parent = Part3078
SpecialMesh3079.MeshId = "rbxassetid://623621456"
SpecialMesh3079.Offset = Vector3.new(0, 3.4100000858306885, 0)
SpecialMesh3079.Scale = Vector3.new(1.600000023841858, 1.600000023841858, 1.600000023841858)
SpecialMesh3079.TextureId = "rbxassetid://745556120"
SpecialMesh3079.MeshType = Enum.MeshType.FileMesh
Model3080.Name = "??"
Model3080.Parent = Folder0
Part3081.Name = "TreeMesh Bottom"
Part3081.Parent = Model3080
Part3081.CFrame = CFrame.new(984.707275, 202.122971, 1342.86902, -0.874619722, 0, -0.484809577, 0, 1, 0, 0.484809577, 0, -0.874619722)
Part3081.Orientation = Vector3.new(0, -151, 0)
Part3081.Position = Vector3.new(984.707275390625, 202.1229705810547, 1342.8690185546875)
Part3081.Rotation = Vector3.new(-180, -29, -180)
Part3081.Size = Vector3.new(8.250000953674316, 0.2499980926513672, 7)
Part3081.Anchored = true
Part3081.CanCollide = false
Part3081.Material = Enum.Material.Fabric
SpecialMesh3082.Name = "BarkMesh"
SpecialMesh3082.Parent = Part3081
SpecialMesh3082.MeshId = "rbxassetid://623621260"
SpecialMesh3082.Offset = Vector3.new(0, 3.4100000858306885, 0)
SpecialMesh3082.TextureId = "rbxassetid://623618671"
SpecialMesh3082.MeshType = Enum.MeshType.FileMesh
Part3083.Name = "TreeMeshTop"
Part3083.Parent = Model3080
Part3083.CFrame = CFrame.new(983.662598, 232.059799, 1346.20276, -0.874619722, 0, -0.484809577, 0, 1, 0, 0.484809577, 0, -0.874619722)
Part3083.Orientation = Vector3.new(0, -151, 0)
Part3083.Position = Vector3.new(983.66259765625, 232.05979919433594, 1346.2027587890625)
Part3083.Rotation = Vector3.new(-180, -29, -180)
Part3083.Transparency = 0.05000000074505806
Part3083.Size = Vector3.new(8.250000953674316, 0.2499980926513672, 7)
Part3083.Anchored = true
Part3083.CanCollide = false
Part3083.Material = Enum.Material.Fabric
SpecialMesh3084.Name = "TopTreeMesh"
SpecialMesh3084.Parent = Part3083
SpecialMesh3084.MeshId = "rbxassetid://623621456"
SpecialMesh3084.Offset = Vector3.new(0, 3.4100000858306885, 0)
SpecialMesh3084.Scale = Vector3.new(1.600000023841858, 1.600000023841858, 1.600000023841858)
SpecialMesh3084.TextureId = "rbxassetid://745556120"
SpecialMesh3084.MeshType = Enum.MeshType.FileMesh
Model3085.Name = "??"
Model3085.Parent = Folder0
Part3086.Name = "TreeMesh Bottom"
Part3086.Parent = Model3085
Part3086.CFrame = CFrame.new(348.244537, 215.311798, 169.835419, 0.970836401, -0.0535189882, -0.233698145, 0.00344099849, 0.977776706, -0.209624991, 0.239723071, 0.202706933, 0.949443579)
Part3086.Orientation = Vector3.new(12.100000381469727, -13.829999923706055, 0.20000000298023224)
Part3086.Position = Vector3.new(348.2445373535156, 215.31179809570312, 169.83541870117188)
Part3086.Rotation = Vector3.new(12.449999809265137, -13.510000228881836, 3.1600000858306885)
Part3086.Size = Vector3.new(8.250000953674316, 0.2499980926513672, 7)
Part3086.Anchored = true
Part3086.CanCollide = false
Part3086.Material = Enum.Material.Fabric
SpecialMesh3087.Name = "BarkMesh"
SpecialMesh3087.Parent = Part3086
SpecialMesh3087.MeshId = "rbxassetid://623621260"
SpecialMesh3087.Offset = Vector3.new(0, 3.4100000858306885, 0)
SpecialMesh3087.TextureId = "rbxassetid://623618671"
SpecialMesh3087.MeshType = Enum.MeshType.FileMesh
Part3088.Name = "TreeMeshTop"
Part3088.Parent = Model3085
Part3088.CFrame = CFrame.new(346.63269, 244.78183, 175.944427, 0.970836878, -0.0535196215, -0.233695403, 0.00344226882, 0.977776766, -0.209624887, 0.239720523, 0.202706665, 0.949444175)
Part3088.Orientation = Vector3.new(12.100000381469727, -13.829999923706055, 0.20000000298023224)
Part3088.Position = Vector3.new(346.6326904296875, 244.78182983398438, 175.94442749023438)
Part3088.Rotation = Vector3.new(12.449999809265137, -13.510000228881836, 3.1600000858306885)
Part3088.Transparency = 0.05000000074505806
Part3088.Size = Vector3.new(8.250000953674316, 0.2499980926513672, 7)
Part3088.Anchored = true
Part3088.CanCollide = false
Part3088.Material = Enum.Material.Fabric
SpecialMesh3089.Name = "TopTreeMesh"
SpecialMesh3089.Parent = Part3088
SpecialMesh3089.MeshId = "rbxassetid://623621456"
SpecialMesh3089.Offset = Vector3.new(0, 3.4100000858306885, 0)
SpecialMesh3089.Scale = Vector3.new(1.600000023841858, 1.600000023841858, 1.600000023841858)
SpecialMesh3089.TextureId = "rbxassetid://745556120"
SpecialMesh3089.MeshType = Enum.MeshType.FileMesh
Part3090.Name = "?"
Part3090.Parent = Folder0
Part3090.CFrame = CFrame.new(1092.33533, 166.858658, 542.170715, 0.725015938, 0.0446871817, 0.68728137, -0.399059057, -0.786061823, 0.472078681, 0.561341405, -0.616530478, -0.552074552)
Part3090.Orientation = Vector3.new(-28.170000076293945, 128.77000427246094, -153.0800018310547)
Part3090.Position = Vector3.new(1092.3353271484375, 166.85865783691406, 542.1707153320312)
Part3090.Rotation = Vector3.new(-139.47000122070312, 43.41999816894531, -3.5299999713897705)
Part3090.Size = Vector3.new(40, 20, 20)
Part3090.Anchored = true
Part3090.BottomSurface = Enum.SurfaceType.Smooth
Part3090.TopSurface = Enum.SurfaceType.Smooth
SpecialMesh3091.Parent = Part3090
SpecialMesh3091.MeshId = "rbxassetid://473211502"
SpecialMesh3091.TextureId = "rbxassetid://473212369"
SpecialMesh3091.MeshType = Enum.MeshType.FileMesh
Model3092.Name = "??"
Model3092.Parent = Folder0
Part3093.Name = "TreeMesh Bottom"
Part3093.Parent = Model3092
Part3093.CFrame = CFrame.new(1052.77393, 186.141922, 597.531067, -0.58373034, 0.0809773058, -0.807899415, 0.225600705, 0.972010314, -0.0655764937, 0.779976308, -0.220541671, -0.585660517)
Part3093.Orientation = Vector3.new(3.759999990463257, -125.94000244140625, 13.069999694824219)
Part3093.Position = Vector3.new(1052.77392578125, 186.1419219970703, 597.5310668945312)
Part3093.Rotation = Vector3.new(173.61000061035156, -53.88999938964844, -172.10000610351562)
Part3093.Size = Vector3.new(8.250000953674316, 0.2499980926513672, 7)
Part3093.Anchored = true
Part3093.CanCollide = false
Part3093.Material = Enum.Material.Fabric
SpecialMesh3094.Name = "BarkMesh"
SpecialMesh3094.Parent = Part3093
SpecialMesh3094.MeshId = "rbxassetid://623621260"
SpecialMesh3094.Offset = Vector3.new(0, 3.4100000858306885, 0)
SpecialMesh3094.TextureId = "rbxassetid://623618671"
SpecialMesh3094.MeshType = Enum.MeshType.FileMesh
Part3095.Name = "TreeMeshTop"
Part3095.Parent = Model3092
Part3095.CFrame = CFrame.new(1053.1283, 216.279907, 597.500854, -0.58373034, 0.0809773058, -0.807899415, 0.225600705, 0.972010314, -0.0655764937, 0.779976308, -0.220541671, -0.585660517)
Part3095.Orientation = Vector3.new(3.759999990463257, -125.94000244140625, 13.069999694824219)
Part3095.Position = Vector3.new(1053.1282958984375, 216.2799072265625, 597.5008544921875)
Part3095.Rotation = Vector3.new(173.61000061035156, -53.88999938964844, -172.10000610351562)
Part3095.Transparency = 0.05000000074505806
Part3095.Size = Vector3.new(8.250000953674316, 0.2499980926513672, 7)
Part3095.Anchored = true
Part3095.CanCollide = false
Part3095.Material = Enum.Material.Fabric
SpecialMesh3096.Name = "TopTreeMesh"
SpecialMesh3096.Parent = Part3095
SpecialMesh3096.MeshId = "rbxassetid://623621456"
SpecialMesh3096.Offset = Vector3.new(0, 3.4100000858306885, 0)
SpecialMesh3096.Scale = Vector3.new(1.600000023841858, 1.600000023841858, 1.600000023841858)
SpecialMesh3096.TextureId = "rbxassetid://745556120"
SpecialMesh3096.MeshType = Enum.MeshType.FileMesh
Model3097.Name = "??"
Model3097.Parent = Folder0
Part3098.Name = "TreeMesh Bottom"
Part3098.Parent = Model3097
Part3098.CFrame = CFrame.new(1052.77393, 186.141922, 597.531067, -0.58373034, 0.0809773058, -0.807899415, 0.225600705, 0.972010314, -0.0655764937, 0.779976308, -0.220541671, -0.585660517)
Part3098.Orientation = Vector3.new(3.759999990463257, -125.94000244140625, 13.069999694824219)
Part3098.Position = Vector3.new(1052.77392578125, 186.1419219970703, 597.5310668945312)
Part3098.Rotation = Vector3.new(173.61000061035156, -53.88999938964844, -172.10000610351562)
Part3098.Size = Vector3.new(8.250000953674316, 0.2499980926513672, 7)
Part3098.Anchored = true
Part3098.CanCollide = false
Part3098.Material = Enum.Material.Fabric
SpecialMesh3099.Name = "BarkMesh"
SpecialMesh3099.Parent = Part3098
SpecialMesh3099.MeshId = "rbxassetid://623621260"
SpecialMesh3099.Offset = Vector3.new(0, 3.4100000858306885, 0)
SpecialMesh3099.TextureId = "rbxassetid://623618671"
SpecialMesh3099.MeshType = Enum.MeshType.FileMesh
Part3100.Name = "TreeMeshTop"
Part3100.Parent = Model3097
Part3100.CFrame = CFrame.new(1053.1283, 216.279907, 597.500854, -0.58373034, 0.0809773058, -0.807899415, 0.225600705, 0.972010314, -0.0655764937, 0.779976308, -0.220541671, -0.585660517)
Part3100.Orientation = Vector3.new(3.759999990463257, -125.94000244140625, 13.069999694824219)
Part3100.Position = Vector3.new(1053.1282958984375, 216.2799072265625, 597.5008544921875)
Part3100.Rotation = Vector3.new(173.61000061035156, -53.88999938964844, -172.10000610351562)
Part3100.Transparency = 0.05000000074505806
Part3100.Size = Vector3.new(8.250000953674316, 0.2499980926513672, 7)
Part3100.Anchored = true
Part3100.CanCollide = false
Part3100.Material = Enum.Material.Fabric
SpecialMesh3101.Name = "TopTreeMesh"
SpecialMesh3101.Parent = Part3100
SpecialMesh3101.MeshId = "rbxassetid://623621456"
SpecialMesh3101.Offset = Vector3.new(0, 3.4100000858306885, 0)
SpecialMesh3101.Scale = Vector3.new(1.600000023841858, 1.600000023841858, 1.600000023841858)
SpecialMesh3101.TextureId = "rbxassetid://745556120"
SpecialMesh3101.MeshType = Enum.MeshType.FileMesh
Model3102.Name = "??"
Model3102.Parent = Folder0
Part3103.Name = "TreeMesh Bottom"
Part3103.Parent = Model3102
Part3103.CFrame = CFrame.new(1052.77393, 186.141922, 597.531067, -0.58373034, 0.0809773058, -0.807899415, 0.225600705, 0.972010314, -0.0655764937, 0.779976308, -0.220541671, -0.585660517)
Part3103.Orientation = Vector3.new(3.759999990463257, -125.94000244140625, 13.069999694824219)
Part3103.Position = Vector3.new(1052.77392578125, 186.1419219970703, 597.5310668945312)
Part3103.Rotation = Vector3.new(173.61000061035156, -53.88999938964844, -172.10000610351562)
Part3103.Size = Vector3.new(8.250000953674316, 0.2499980926513672, 7)
Part3103.Anchored = true
Part3103.CanCollide = false
Part3103.Material = Enum.Material.Fabric
SpecialMesh3104.Name = "BarkMesh"
SpecialMesh3104.Parent = Part3103
SpecialMesh3104.MeshId = "rbxassetid://623621260"
SpecialMesh3104.Offset = Vector3.new(0, 3.4100000858306885, 0)
SpecialMesh3104.TextureId = "rbxassetid://623618671"
SpecialMesh3104.MeshType = Enum.MeshType.FileMesh
Part3105.Name = "TreeMeshTop"
Part3105.Parent = Model3102
Part3105.CFrame = CFrame.new(1053.1283, 216.279907, 597.500854, -0.58373034, 0.0809773058, -0.807899415, 0.225600705, 0.972010314, -0.0655764937, 0.779976308, -0.220541671, -0.585660517)
Part3105.Orientation = Vector3.new(3.759999990463257, -125.94000244140625, 13.069999694824219)
Part3105.Position = Vector3.new(1053.1282958984375, 216.2799072265625, 597.5008544921875)
Part3105.Rotation = Vector3.new(173.61000061035156, -53.88999938964844, -172.10000610351562)
Part3105.Transparency = 0.05000000074505806
Part3105.Size = Vector3.new(8.250000953674316, 0.2499980926513672, 7)
Part3105.Anchored = true
Part3105.CanCollide = false
Part3105.Material = Enum.Material.Fabric
SpecialMesh3106.Name = "TopTreeMesh"
SpecialMesh3106.Parent = Part3105
SpecialMesh3106.MeshId = "rbxassetid://623621456"
SpecialMesh3106.Offset = Vector3.new(0, 3.4100000858306885, 0)
SpecialMesh3106.Scale = Vector3.new(1.600000023841858, 1.600000023841858, 1.600000023841858)
SpecialMesh3106.TextureId = "rbxassetid://745556120"
SpecialMesh3106.MeshType = Enum.MeshType.FileMesh
Model3107.Name = "??"
Model3107.Parent = Folder0
Part3108.Name = "TreeMesh Bottom"
Part3108.Parent = Model3107
Part3108.CFrame = CFrame.new(984.905945, 185.546799, 569.988708, -0.58373034, 0.0809773058, -0.807899415, 0.225600705, 0.972010314, -0.0655764937, 0.779976308, -0.220541671, -0.585660517)
Part3108.Orientation = Vector3.new(3.759999990463257, -125.94000244140625, 13.069999694824219)
Part3108.Position = Vector3.new(984.9059448242188, 185.5467987060547, 569.9887084960938)
Part3108.Rotation = Vector3.new(173.61000061035156, -53.88999938964844, -172.10000610351562)
Part3108.Size = Vector3.new(8.250000953674316, 0.2499980926513672, 7)
Part3108.Anchored = true
Part3108.CanCollide = false
Part3108.Material = Enum.Material.Fabric
SpecialMesh3109.Name = "BarkMesh"
SpecialMesh3109.Parent = Part3108
SpecialMesh3109.MeshId = "rbxassetid://623621260"
SpecialMesh3109.Offset = Vector3.new(0, 3.4100000858306885, 0)
SpecialMesh3109.TextureId = "rbxassetid://623618671"
SpecialMesh3109.MeshType = Enum.MeshType.FileMesh
Part3110.Name = "TreeMeshTop"
Part3110.Parent = Model3107
Part3110.CFrame = CFrame.new(985.260315, 215.684784, 569.958496, -0.58373034, 0.0809773058, -0.807899415, 0.225600705, 0.972010314, -0.0655764937, 0.779976308, -0.220541671, -0.585660517)
Part3110.Orientation = Vector3.new(3.759999990463257, -125.94000244140625, 13.069999694824219)
Part3110.Position = Vector3.new(985.2603149414062, 215.68478393554688, 569.95849609375)
Part3110.Rotation = Vector3.new(173.61000061035156, -53.88999938964844, -172.10000610351562)
Part3110.Transparency = 0.05000000074505806
Part3110.Size = Vector3.new(8.250000953674316, 0.2499980926513672, 7)
Part3110.Anchored = true
Part3110.CanCollide = false
Part3110.Material = Enum.Material.Fabric
SpecialMesh3111.Name = "TopTreeMesh"
SpecialMesh3111.Parent = Part3110
SpecialMesh3111.MeshId = "rbxassetid://623621456"
SpecialMesh3111.Offset = Vector3.new(0, 3.4100000858306885, 0)
SpecialMesh3111.Scale = Vector3.new(1.600000023841858, 1.600000023841858, 1.600000023841858)
SpecialMesh3111.TextureId = "rbxassetid://745556120"
SpecialMesh3111.MeshType = Enum.MeshType.FileMesh
Model3112.Name = "??"
Model3112.Parent = Folder0
Part3113.Name = "TreeMesh Bottom"
Part3113.Parent = Model3112
Part3113.CFrame = CFrame.new(984.905945, 185.546799, 569.988708, -0.58373034, 0.0809773058, -0.807899415, 0.225600705, 0.972010314, -0.0655764937, 0.779976308, -0.220541671, -0.585660517)
Part3113.Orientation = Vector3.new(3.759999990463257, -125.94000244140625, 13.069999694824219)
Part3113.Position = Vector3.new(984.9059448242188, 185.5467987060547, 569.9887084960938)
Part3113.Rotation = Vector3.new(173.61000061035156, -53.88999938964844, -172.10000610351562)
Part3113.Size = Vector3.new(8.250000953674316, 0.2499980926513672, 7)
Part3113.Anchored = true
Part3113.CanCollide = false
Part3113.Material = Enum.Material.Fabric
SpecialMesh3114.Name = "BarkMesh"
SpecialMesh3114.Parent = Part3113
SpecialMesh3114.MeshId = "rbxassetid://623621260"
SpecialMesh3114.Offset = Vector3.new(0, 3.4100000858306885, 0)
SpecialMesh3114.TextureId = "rbxassetid://623618671"
SpecialMesh3114.MeshType = Enum.MeshType.FileMesh
Part3115.Name = "TreeMeshTop"
Part3115.Parent = Model3112
Part3115.CFrame = CFrame.new(985.260315, 215.684784, 569.958496, -0.58373034, 0.0809773058, -0.807899415, 0.225600705, 0.972010314, -0.0655764937, 0.779976308, -0.220541671, -0.585660517)
Part3115.Orientation = Vector3.new(3.759999990463257, -125.94000244140625, 13.069999694824219)
Part3115.Position = Vector3.new(985.2603149414062, 215.68478393554688, 569.95849609375)
Part3115.Rotation = Vector3.new(173.61000061035156, -53.88999938964844, -172.10000610351562)
Part3115.Transparency = 0.05000000074505806
Part3115.Size = Vector3.new(8.250000953674316, 0.2499980926513672, 7)
Part3115.Anchored = true
Part3115.CanCollide = false
Part3115.Material = Enum.Material.Fabric
SpecialMesh3116.Name = "TopTreeMesh"
SpecialMesh3116.Parent = Part3115
SpecialMesh3116.MeshId = "rbxassetid://623621456"
SpecialMesh3116.Offset = Vector3.new(0, 3.4100000858306885, 0)
SpecialMesh3116.Scale = Vector3.new(1.600000023841858, 1.600000023841858, 1.600000023841858)
SpecialMesh3116.TextureId = "rbxassetid://745556120"
SpecialMesh3116.MeshType = Enum.MeshType.FileMesh
Model3117.Name = "??"
Model3117.Parent = Folder0
Part3118.Name = "TreeMesh Bottom"
Part3118.Parent = Model3117
Part3118.CFrame = CFrame.new(984.905945, 185.546799, 569.988708, -0.58373034, 0.0809773058, -0.807899415, 0.225600705, 0.972010314, -0.0655764937, 0.779976308, -0.220541671, -0.585660517)
Part3118.Orientation = Vector3.new(3.759999990463257, -125.94000244140625, 13.069999694824219)
Part3118.Position = Vector3.new(984.9059448242188, 185.5467987060547, 569.9887084960938)
Part3118.Rotation = Vector3.new(173.61000061035156, -53.88999938964844, -172.10000610351562)
Part3118.Size = Vector3.new(8.250000953674316, 0.2499980926513672, 7)
Part3118.Anchored = true
Part3118.CanCollide = false
Part3118.Material = Enum.Material.Fabric
SpecialMesh3119.Name = "BarkMesh"
SpecialMesh3119.Parent = Part3118
SpecialMesh3119.MeshId = "rbxassetid://623621260"
SpecialMesh3119.Offset = Vector3.new(0, 3.4100000858306885, 0)
SpecialMesh3119.TextureId = "rbxassetid://623618671"
SpecialMesh3119.MeshType = Enum.MeshType.FileMesh
Part3120.Name = "TreeMeshTop"
Part3120.Parent = Model3117
Part3120.CFrame = CFrame.new(985.260315, 215.684784, 569.958496, -0.58373034, 0.0809773058, -0.807899415, 0.225600705, 0.972010314, -0.0655764937, 0.779976308, -0.220541671, -0.585660517)
Part3120.Orientation = Vector3.new(3.759999990463257, -125.94000244140625, 13.069999694824219)
Part3120.Position = Vector3.new(985.2603149414062, 215.68478393554688, 569.95849609375)
Part3120.Rotation = Vector3.new(173.61000061035156, -53.88999938964844, -172.10000610351562)
Part3120.Transparency = 0.05000000074505806
Part3120.Size = Vector3.new(8.250000953674316, 0.2499980926513672, 7)
Part3120.Anchored = true
Part3120.CanCollide = false
Part3120.Material = Enum.Material.Fabric
SpecialMesh3121.Name = "TopTreeMesh"
SpecialMesh3121.Parent = Part3120
SpecialMesh3121.MeshId = "rbxassetid://623621456"
SpecialMesh3121.Offset = Vector3.new(0, 3.4100000858306885, 0)
SpecialMesh3121.Scale = Vector3.new(1.600000023841858, 1.600000023841858, 1.600000023841858)
SpecialMesh3121.TextureId = "rbxassetid://745556120"
SpecialMesh3121.MeshType = Enum.MeshType.FileMesh
Model3122.Name = "??"
Model3122.Parent = Folder0
Part3123.Name = "TreeMesh Bottom"
Part3123.Parent = Model3122
Part3123.CFrame = CFrame.new(403.06134, 210.703766, 206.535446, 0.970836401, -0.0535189882, -0.233698145, 0.00344099849, 0.977776706, -0.209624991, 0.239723071, 0.202706933, 0.949443579)
Part3123.Orientation = Vector3.new(12.100000381469727, -13.829999923706055, 0.20000000298023224)
Part3123.Position = Vector3.new(403.06134033203125, 210.70376586914062, 206.5354461669922)
Part3123.Rotation = Vector3.new(12.449999809265137, -13.510000228881836, 3.1600000858306885)
Part3123.Size = Vector3.new(8.250000953674316, 0.2499980926513672, 7)
Part3123.Anchored = true
Part3123.CanCollide = false
Part3123.Material = Enum.Material.Fabric
SpecialMesh3124.Name = "BarkMesh"
SpecialMesh3124.Parent = Part3123
SpecialMesh3124.MeshId = "rbxassetid://623621260"
SpecialMesh3124.Offset = Vector3.new(0, 3.4100000858306885, 0)
SpecialMesh3124.TextureId = "rbxassetid://623618671"
SpecialMesh3124.MeshType = Enum.MeshType.FileMesh
Part3125.Name = "TreeMeshTop"
Part3125.Parent = Model3122
Part3125.CFrame = CFrame.new(401.449585, 240.173889, 212.644302, 0.970836878, -0.0535196215, -0.233695403, 0.00344226882, 0.977776766, -0.209624887, 0.239720523, 0.202706665, 0.949444175)
Part3125.Orientation = Vector3.new(12.100000381469727, -13.829999923706055, 0.20000000298023224)
Part3125.Position = Vector3.new(401.4495849609375, 240.17388916015625, 212.64430236816406)
Part3125.Rotation = Vector3.new(12.449999809265137, -13.510000228881836, 3.1600000858306885)
Part3125.Transparency = 0.05000000074505806
Part3125.Size = Vector3.new(8.250000953674316, 0.2499980926513672, 7)
Part3125.Anchored = true
Part3125.CanCollide = false
Part3125.Material = Enum.Material.Fabric
SpecialMesh3126.Name = "TopTreeMesh"
SpecialMesh3126.Parent = Part3125
SpecialMesh3126.MeshId = "rbxassetid://623621456"
SpecialMesh3126.Offset = Vector3.new(0, 3.4100000858306885, 0)
SpecialMesh3126.Scale = Vector3.new(1.600000023841858, 1.600000023841858, 1.600000023841858)
SpecialMesh3126.TextureId = "rbxassetid://745556120"
SpecialMesh3126.MeshType = Enum.MeshType.FileMesh
Model3127.Name = "??"
Model3127.Parent = Folder0
Part3128.Name = "TreeMesh Bottom"
Part3128.Parent = Model3127
Part3128.CFrame = CFrame.new(464.029419, 201.028641, 604.52655, -0.685691297, 1.64145604e-08, -0.727892637, -1.19719772e-07, 0.999995828, 9.0227914e-08, 0.727895677, -1.49011612e-07, -0.685694098)
Part3128.Orientation = Vector3.new(0, -133.2899932861328, 0)
Part3128.Position = Vector3.new(464.0294189453125, 201.0286407470703, 604.5265502929688)
Part3128.Rotation = Vector3.new(-180, -46.709999084472656, -180)
Part3128.Size = Vector3.new(8.250000953674316, 0.2499980926513672, 7)
Part3128.Anchored = true
Part3128.CanCollide = false
Part3128.Material = Enum.Material.Fabric
SpecialMesh3129.Name = "BarkMesh"
SpecialMesh3129.Parent = Part3128
SpecialMesh3129.MeshId = "rbxassetid://623621260"
SpecialMesh3129.Offset = Vector3.new(0, 3.4100000858306885, 0)
SpecialMesh3129.TextureId = "rbxassetid://623618671"
SpecialMesh3129.MeshType = Enum.MeshType.FileMesh
Part3130.Name = "TreeMeshTop"
Part3130.Parent = Model3127
Part3130.CFrame = CFrame.new(466.390564, 230.754593, 600.143799, -0.685691297, 1.64145604e-08, -0.727892637, -1.19719772e-07, 0.999995828, 9.0227914e-08, 0.727895677, -1.49011612e-07, -0.685694098)
Part3130.Orientation = Vector3.new(0, -133.2899932861328, 0)
Part3130.Position = Vector3.new(466.39056396484375, 230.7545928955078, 600.143798828125)
Part3130.Rotation = Vector3.new(-180, -46.709999084472656, -180)
Part3130.Transparency = 0.05000000074505806
Part3130.Size = Vector3.new(8.250000953674316, 0.2499980926513672, 7)
Part3130.Anchored = true
Part3130.CanCollide = false
Part3130.Material = Enum.Material.Fabric
SpecialMesh3131.Name = "TopTreeMesh"
SpecialMesh3131.Parent = Part3130
SpecialMesh3131.MeshId = "rbxassetid://623621456"
SpecialMesh3131.Offset = Vector3.new(0, 3.4100000858306885, 0)
SpecialMesh3131.Scale = Vector3.new(1.600000023841858, 1.600000023841858, 1.600000023841858)
SpecialMesh3131.TextureId = "rbxassetid://745556120"
SpecialMesh3131.MeshType = Enum.MeshType.FileMesh
Model3132.Name = "??"
Model3132.Parent = Folder0
Part3133.Name = "TreeMesh Bottom"
Part3133.Parent = Model3132
Part3133.CFrame = CFrame.new(1133.505, 212.375748, 1348.09766, -0.46548605, 0.177752659, -0.867022038, 0.150228471, 0.981277466, 0.120522596, 0.872213244, -0.0741498247, -0.48347497)
Part3133.Orientation = Vector3.new(-6.920000076293945, -119.1500015258789, 8.699999809265137)
Part3133.Position = Vector3.new(1133.5050048828125, 212.37574768066406, 1348.09765625)
Part3133.Rotation = Vector3.new(-166, -60.11000061035156, -159.10000610351562)
Part3133.Size = Vector3.new(8.250000953674316, 0.2499980926513672, 7)
Part3133.Anchored = true
Part3133.CanCollide = false
Part3133.Material = Enum.Material.Fabric
SpecialMesh3134.Name = "BarkMesh"
SpecialMesh3134.Parent = Part3133
SpecialMesh3134.MeshId = "rbxassetid://623621260"
SpecialMesh3134.Offset = Vector3.new(0, 3.4100000858306885, 0)
SpecialMesh3134.TextureId = "rbxassetid://623618671"
SpecialMesh3134.MeshType = Enum.MeshType.FileMesh
Part3135.Name = "TreeMeshTop"
Part3135.Parent = Model3132
Part3135.CFrame = CFrame.new(1138.8634, 241.951004, 1345.8623, -0.46548605, 0.177752659, -0.867022038, 0.150228471, 0.981277466, 0.120522596, 0.872213244, -0.0741498247, -0.48347497)
Part3135.Orientation = Vector3.new(-6.920000076293945, -119.1500015258789, 8.699999809265137)
Part3135.Position = Vector3.new(1138.8634033203125, 241.9510040283203, 1345.8623046875)
Part3135.Rotation = Vector3.new(-166, -60.11000061035156, -159.10000610351562)
Part3135.Transparency = 0.05000000074505806
Part3135.Size = Vector3.new(8.250000953674316, 0.2499980926513672, 7)
Part3135.Anchored = true
Part3135.CanCollide = false
Part3135.Material = Enum.Material.Fabric
SpecialMesh3136.Name = "TopTreeMesh"
SpecialMesh3136.Parent = Part3135
SpecialMesh3136.MeshId = "rbxassetid://623621456"
SpecialMesh3136.Offset = Vector3.new(0, 3.4100000858306885, 0)
SpecialMesh3136.Scale = Vector3.new(1.600000023841858, 1.600000023841858, 1.600000023841858)
SpecialMesh3136.TextureId = "rbxassetid://745556120"
SpecialMesh3136.MeshType = Enum.MeshType.FileMesh
Model3137.Name = "??"
Model3137.Parent = Folder0
Part3138.Name = "TreeMesh Bottom"
Part3138.Parent = Model3137
Part3138.CFrame = CFrame.new(1133.505, 212.375748, 1348.09766, -0.46548605, 0.177752659, -0.867022038, 0.150228471, 0.981277466, 0.120522596, 0.872213244, -0.0741498247, -0.48347497)
Part3138.Orientation = Vector3.new(-6.920000076293945, -119.1500015258789, 8.699999809265137)
Part3138.Position = Vector3.new(1133.5050048828125, 212.37574768066406, 1348.09765625)
Part3138.Rotation = Vector3.new(-166, -60.11000061035156, -159.10000610351562)
Part3138.Size = Vector3.new(8.250000953674316, 0.2499980926513672, 7)
Part3138.Anchored = true
Part3138.CanCollide = false
Part3138.Material = Enum.Material.Fabric
SpecialMesh3139.Name = "BarkMesh"
SpecialMesh3139.Parent = Part3138
SpecialMesh3139.MeshId = "rbxassetid://623621260"
SpecialMesh3139.Offset = Vector3.new(0, 3.4100000858306885, 0)
SpecialMesh3139.TextureId = "rbxassetid://623618671"
SpecialMesh3139.MeshType = Enum.MeshType.FileMesh
Part3140.Name = "TreeMeshTop"
Part3140.Parent = Model3137
Part3140.CFrame = CFrame.new(1138.8634, 241.951004, 1345.8623, -0.46548605, 0.177752659, -0.867022038, 0.150228471, 0.981277466, 0.120522596, 0.872213244, -0.0741498247, -0.48347497)
Part3140.Orientation = Vector3.new(-6.920000076293945, -119.1500015258789, 8.699999809265137)
Part3140.Position = Vector3.new(1138.8634033203125, 241.9510040283203, 1345.8623046875)
Part3140.Rotation = Vector3.new(-166, -60.11000061035156, -159.10000610351562)
Part3140.Transparency = 0.05000000074505806
Part3140.Size = Vector3.new(8.250000953674316, 0.2499980926513672, 7)
Part3140.Anchored = true
Part3140.CanCollide = false
Part3140.Material = Enum.Material.Fabric
SpecialMesh3141.Name = "TopTreeMesh"
SpecialMesh3141.Parent = Part3140
SpecialMesh3141.MeshId = "rbxassetid://623621456"
SpecialMesh3141.Offset = Vector3.new(0, 3.4100000858306885, 0)
SpecialMesh3141.Scale = Vector3.new(1.600000023841858, 1.600000023841858, 1.600000023841858)
SpecialMesh3141.TextureId = "rbxassetid://745556120"
SpecialMesh3141.MeshType = Enum.MeshType.FileMesh
Model3142.Name = "??"
Model3142.Parent = Folder0
Part3143.Name = "TreeMesh Bottom"
Part3143.Parent = Model3142
Part3143.CFrame = CFrame.new(1133.505, 212.375748, 1348.09766, -0.46548605, 0.177752659, -0.867022038, 0.150228471, 0.981277466, 0.120522596, 0.872213244, -0.0741498247, -0.48347497)
Part3143.Orientation = Vector3.new(-6.920000076293945, -119.1500015258789, 8.699999809265137)
Part3143.Position = Vector3.new(1133.5050048828125, 212.37574768066406, 1348.09765625)
Part3143.Rotation = Vector3.new(-166, -60.11000061035156, -159.10000610351562)
Part3143.Size = Vector3.new(8.250000953674316, 0.2499980926513672, 7)
Part3143.Anchored = true
Part3143.CanCollide = false
Part3143.Material = Enum.Material.Fabric
SpecialMesh3144.Name = "BarkMesh"
SpecialMesh3144.Parent = Part3143
SpecialMesh3144.MeshId = "rbxassetid://623621260"
SpecialMesh3144.Offset = Vector3.new(0, 3.4100000858306885, 0)
SpecialMesh3144.TextureId = "rbxassetid://623618671"
SpecialMesh3144.MeshType = Enum.MeshType.FileMesh
Part3145.Name = "TreeMeshTop"
Part3145.Parent = Model3142
Part3145.CFrame = CFrame.new(1138.8634, 241.951004, 1345.8623, -0.46548605, 0.177752659, -0.867022038, 0.150228471, 0.981277466, 0.120522596, 0.872213244, -0.0741498247, -0.48347497)
Part3145.Orientation = Vector3.new(-6.920000076293945, -119.1500015258789, 8.699999809265137)
Part3145.Position = Vector3.new(1138.8634033203125, 241.9510040283203, 1345.8623046875)
Part3145.Rotation = Vector3.new(-166, -60.11000061035156, -159.10000610351562)
Part3145.Transparency = 0.05000000074505806
Part3145.Size = Vector3.new(8.250000953674316, 0.2499980926513672, 7)
Part3145.Anchored = true
Part3145.CanCollide = false
Part3145.Material = Enum.Material.Fabric
SpecialMesh3146.Name = "TopTreeMesh"
SpecialMesh3146.Parent = Part3145
SpecialMesh3146.MeshId = "rbxassetid://623621456"
SpecialMesh3146.Offset = Vector3.new(0, 3.4100000858306885, 0)
SpecialMesh3146.Scale = Vector3.new(1.600000023841858, 1.600000023841858, 1.600000023841858)
SpecialMesh3146.TextureId = "rbxassetid://745556120"
SpecialMesh3146.MeshType = Enum.MeshType.FileMesh
Model3147.Name = "??"
Model3147.Parent = Folder0
Part3148.Name = "TreeMesh Bottom"
Part3148.Parent = Model3147
Part3148.CFrame = CFrame.new(1133.505, 212.375748, 1348.09766, -0.46548605, 0.177752659, -0.867022038, 0.150228471, 0.981277466, 0.120522596, 0.872213244, -0.0741498247, -0.48347497)
Part3148.Orientation = Vector3.new(-6.920000076293945, -119.1500015258789, 8.699999809265137)
Part3148.Position = Vector3.new(1133.5050048828125, 212.37574768066406, 1348.09765625)
Part3148.Rotation = Vector3.new(-166, -60.11000061035156, -159.10000610351562)
Part3148.Size = Vector3.new(8.250000953674316, 0.2499980926513672, 7)
Part3148.Anchored = true
Part3148.CanCollide = false
Part3148.Material = Enum.Material.Fabric
SpecialMesh3149.Name = "BarkMesh"
SpecialMesh3149.Parent = Part3148
SpecialMesh3149.MeshId = "rbxassetid://623621260"
SpecialMesh3149.Offset = Vector3.new(0, 3.4100000858306885, 0)
SpecialMesh3149.TextureId = "rbxassetid://623618671"
SpecialMesh3149.MeshType = Enum.MeshType.FileMesh
Part3150.Name = "TreeMeshTop"
Part3150.Parent = Model3147
Part3150.CFrame = CFrame.new(1138.8634, 241.951004, 1345.8623, -0.46548605, 0.177752659, -0.867022038, 0.150228471, 0.981277466, 0.120522596, 0.872213244, -0.0741498247, -0.48347497)
Part3150.Orientation = Vector3.new(-6.920000076293945, -119.1500015258789, 8.699999809265137)
Part3150.Position = Vector3.new(1138.8634033203125, 241.9510040283203, 1345.8623046875)
Part3150.Rotation = Vector3.new(-166, -60.11000061035156, -159.10000610351562)
Part3150.Transparency = 0.05000000074505806
Part3150.Size = Vector3.new(8.250000953674316, 0.2499980926513672, 7)
Part3150.Anchored = true
Part3150.CanCollide = false
Part3150.Material = Enum.Material.Fabric
SpecialMesh3151.Name = "TopTreeMesh"
SpecialMesh3151.Parent = Part3150
SpecialMesh3151.MeshId = "rbxassetid://623621456"
SpecialMesh3151.Offset = Vector3.new(0, 3.4100000858306885, 0)
SpecialMesh3151.Scale = Vector3.new(1.600000023841858, 1.600000023841858, 1.600000023841858)
SpecialMesh3151.TextureId = "rbxassetid://745556120"
SpecialMesh3151.MeshType = Enum.MeshType.FileMesh
Part3152.Name = "?"
Part3152.Parent = Folder0
Part3152.CFrame = CFrame.new(1057.99243, 279.677246, 1972.422, 1.00000262, 9.31322575e-10, -0.000975536881, 0.000974624651, -0.044952929, 0.998991609, -4.38555144e-05, -0.998992026, -0.0449529961)
Part3152.Orientation = Vector3.new(-87.43000030517578, -178.75999450683594, 178.75999450683594)
Part3152.Position = Vector3.new(1057.992431640625, 279.67724609375, 1972.4219970703125)
Part3152.Rotation = Vector3.new(-92.58000183105469, -0.05999999865889549, 0)
Part3152.Size = Vector3.new(40, 20, 20)
Part3152.Anchored = true
Part3152.BottomSurface = Enum.SurfaceType.Smooth
Part3152.TopSurface = Enum.SurfaceType.Smooth
SpecialMesh3153.Parent = Part3152
SpecialMesh3153.MeshId = "rbxassetid://473211502"
SpecialMesh3153.TextureId = "rbxassetid://473212369"
SpecialMesh3153.MeshType = Enum.MeshType.FileMesh
