Model6472.Name = "??"
Model6472.Parent = Folder0
Part6473.Name = "TreeMesh Bottom"
Part6473.Parent = Model6472
Part6473.CFrame = CFrame.new(-89.7084656, 80.7428589, -3183.95703, 0.495896548, -0.0404233523, -0.867440403, 0.127848551, 0.99142921, 0.026886832, 0.858918965, -0.124234036, 0.496814162)
Part6473.Orientation = Vector3.new(-1.5399999618530273, -60.20000076293945, 7.349999904632568)
Part6473.Position = Vector3.new(-89.70846557617188, 80.74285888671875, -3183.95703125)
Part6473.Rotation = Vector3.new(-3.0999999046325684, -60.15999984741211, 4.659999847412109)
Part6473.Size = Vector3.new(8.250000953674316, 0.2499980926513672, 7)
Part6473.Anchored = true
Part6473.CanCollide = false
Part6473.Material = Enum.Material.Fabric
SpecialMesh6474.Name = "BarkMesh"
SpecialMesh6474.Parent = Part6473
SpecialMesh6474.MeshId = "rbxassetid://623621260"
SpecialMesh6474.Offset = Vector3.new(0, 3.4100000858306885, 0)
SpecialMesh6474.TextureId = "rbxassetid://623618671"
SpecialMesh6474.MeshType = Enum.MeshType.FileMesh
Part6475.Name = "TreeMeshTop"
Part6475.Parent = Model6472
Part6475.CFrame = CFrame.new(-90.9265747, 110.624496, -3187.70264, 0.495897055, -0.040423315, -0.867440164, 0.127848476, 0.99142921, 0.0268869419, 0.858918667, -0.124233998, 0.496814847)
Part6475.Orientation = Vector3.new(-1.5399999618530273, -60.20000076293945, 7.349999904632568)
Part6475.Position = Vector3.new(-90.92657470703125, 110.62449645996094, -3187.70263671875)
Part6475.Rotation = Vector3.new(-3.0999999046325684, -60.15999984741211, 4.659999847412109)
Part6475.Transparency = 0.05000000074505806
Part6475.Size = Vector3.new(8.250000953674316, 0.2499980926513672, 7)
Part6475.Anchored = true
Part6475.CanCollide = false
Part6475.Material = Enum.Material.Fabric
SpecialMesh6476.Name = "TopTreeMesh"
SpecialMesh6476.Parent = Part6475
SpecialMesh6476.MeshId = "rbxassetid://623621456"
SpecialMesh6476.Offset = Vector3.new(0, 3.4100000858306885, 0)
SpecialMesh6476.Scale = Vector3.new(1.600000023841858, 1.600000023841858, 1.600000023841858)
SpecialMesh6476.TextureId = "rbxassetid://745556120"
SpecialMesh6476.MeshType = Enum.MeshType.FileMesh
Model6477.Name = "??"
Model6477.Parent = Folder0
Part6478.Name = "TreeMesh Bottom"
Part6478.Parent = Model6477
Part6478.CFrame = CFrame.new(-28.7084656, 80.7428589, -3244.95703, 0.495896548, -0.0404233523, -0.867440403, 0.127848551, 0.99142921, 0.026886832, 0.858918965, -0.124234036, 0.496814162)
Part6478.Orientation = Vector3.new(-1.5399999618530273, -60.20000076293945, 7.349999904632568)
Part6478.Position = Vector3.new(-28.708465576171875, 80.74285888671875, -3244.95703125)
Part6478.Rotation = Vector3.new(-3.0999999046325684, -60.15999984741211, 4.659999847412109)
Part6478.Size = Vector3.new(8.250000953674316, 0.2499980926513672, 7)
Part6478.Anchored = true
Part6478.CanCollide = false
Part6478.Material = Enum.Material.Fabric
SpecialMesh6479.Name = "BarkMesh"
SpecialMesh6479.Parent = Part6478
SpecialMesh6479.MeshId = "rbxassetid://623621260"
SpecialMesh6479.Offset = Vector3.new(0, 3.4100000858306885, 0)
SpecialMesh6479.TextureId = "rbxassetid://623618671"
SpecialMesh6479.MeshType = Enum.MeshType.FileMesh
Part6480.Name = "TreeMeshTop"
Part6480.Parent = Model6477
Part6480.CFrame = CFrame.new(-29.9265709, 110.624496, -3248.70264, 0.495897055, -0.040423315, -0.867440164, 0.127848476, 0.99142921, 0.0268869419, 0.858918667, -0.124233998, 0.496814847)
Part6480.Orientation = Vector3.new(-1.5399999618530273, -60.20000076293945, 7.349999904632568)
Part6480.Position = Vector3.new(-29.926570892333984, 110.62449645996094, -3248.70263671875)
Part6480.Rotation = Vector3.new(-3.0999999046325684, -60.15999984741211, 4.659999847412109)
Part6480.Transparency = 0.05000000074505806
Part6480.Size = Vector3.new(8.250000953674316, 0.2499980926513672, 7)
Part6480.Anchored = true
Part6480.CanCollide = false
Part6480.Material = Enum.Material.Fabric
SpecialMesh6481.Name = "TopTreeMesh"
SpecialMesh6481.Parent = Part6480
SpecialMesh6481.MeshId = "rbxassetid://623621456"
SpecialMesh6481.Offset = Vector3.new(0, 3.4100000858306885, 0)
SpecialMesh6481.Scale = Vector3.new(1.600000023841858, 1.600000023841858, 1.600000023841858)
SpecialMesh6481.TextureId = "rbxassetid://745556120"
SpecialMesh6481.MeshType = Enum.MeshType.FileMesh
Model6482.Name = "??"
Model6482.Parent = Folder0
Part6483.Name = "TreeMesh Bottom"
Part6483.Parent = Model6482
Part6483.CFrame = CFrame.new(-81.7084656, 80.7428589, -3244.95703, 0.495896548, -0.0404233523, -0.867440403, 0.127848551, 0.99142921, 0.026886832, 0.858918965, -0.124234036, 0.496814162)
Part6483.Orientation = Vector3.new(-1.5399999618530273, -60.20000076293945, 7.349999904632568)
Part6483.Position = Vector3.new(-81.70846557617188, 80.74285888671875, -3244.95703125)
Part6483.Rotation = Vector3.new(-3.0999999046325684, -60.15999984741211, 4.659999847412109)
Part6483.Size = Vector3.new(8.250000953674316, 0.2499980926513672, 7)
Part6483.Anchored = true
Part6483.CanCollide = false
Part6483.Material = Enum.Material.Fabric
SpecialMesh6484.Name = "BarkMesh"
SpecialMesh6484.Parent = Part6483
SpecialMesh6484.MeshId = "rbxassetid://623621260"
SpecialMesh6484.Offset = Vector3.new(0, 3.4100000858306885, 0)
SpecialMesh6484.TextureId = "rbxassetid://623618671"
SpecialMesh6484.MeshType = Enum.MeshType.FileMesh
Part6485.Name = "TreeMeshTop"
Part6485.Parent = Model6482
Part6485.CFrame = CFrame.new(-82.9265747, 110.624496, -3248.70264, 0.495897055, -0.040423315, -0.867440164, 0.127848476, 0.99142921, 0.0268869419, 0.858918667, -0.124233998, 0.496814847)
Part6485.Orientation = Vector3.new(-1.5399999618530273, -60.20000076293945, 7.349999904632568)
Part6485.Position = Vector3.new(-82.92657470703125, 110.62449645996094, -3248.70263671875)
Part6485.Rotation = Vector3.new(-3.0999999046325684, -60.15999984741211, 4.659999847412109)
Part6485.Transparency = 0.05000000074505806
Part6485.Size = Vector3.new(8.250000953674316, 0.2499980926513672, 7)
Part6485.Anchored = true
Part6485.CanCollide = false
Part6485.Material = Enum.Material.Fabric
SpecialMesh6486.Name = "TopTreeMesh"
SpecialMesh6486.Parent = Part6485
SpecialMesh6486.MeshId = "rbxassetid://623621456"
SpecialMesh6486.Offset = Vector3.new(0, 3.4100000858306885, 0)
SpecialMesh6486.Scale = Vector3.new(1.600000023841858, 1.600000023841858, 1.600000023841858)
SpecialMesh6486.TextureId = "rbxassetid://745556120"
SpecialMesh6486.MeshType = Enum.MeshType.FileMesh
Model6487.Name = "??"
Model6487.Parent = Folder0
Part6488.Name = "TreeMesh Bottom"
Part6488.Parent = Model6487
Part6488.CFrame = CFrame.new(36.7830734, 80.7428589, -3384.14136, -0.322897166, 0.0672405362, -0.944042444, 0.127848551, 0.99142921, 0.026886832, 0.93775928, -0.112012729, -0.328726381)
Part6488.Orientation = Vector3.new(-1.5399999618530273, -109.19999694824219, 7.349999904632568)
Part6488.Position = Vector3.new(36.78307342529297, 80.74285888671875, -3384.141357421875)
Part6488.Rotation = Vector3.new(-175.32000732421875, -70.73999786376953, -168.24000549316406)
Part6488.Size = Vector3.new(8.250000953674316, 0.2499980926513672, 7)
Part6488.Anchored = true
Part6488.CanCollide = false
Part6488.Material = Enum.Material.Fabric
SpecialMesh6489.Name = "BarkMesh"
SpecialMesh6489.Parent = Part6488
SpecialMesh6489.MeshId = "rbxassetid://623621260"
SpecialMesh6489.Offset = Vector3.new(0, 3.4100000858306885, 0)
SpecialMesh6489.TextureId = "rbxassetid://623618671"
SpecialMesh6489.MeshType = Enum.MeshType.FileMesh
Part6490.Name = "TreeMeshTop"
Part6490.Parent = Model6487
Part6490.CFrame = CFrame.new(38.8107681, 110.624496, -3387.51807, -0.3228966, 0.0672405362, -0.944042802, 0.127848476, 0.99142921, 0.0268869419, 0.937759519, -0.112012684, -0.328725755)
Part6490.Orientation = Vector3.new(-1.5399999618530273, -109.19999694824219, 7.349999904632568)
Part6490.Position = Vector3.new(38.810768127441406, 110.62449645996094, -3387.51806640625)
Part6490.Rotation = Vector3.new(-175.32000732421875, -70.73999786376953, -168.24000549316406)
Part6490.Transparency = 0.05000000074505806
Part6490.Size = Vector3.new(8.250000953674316, 0.2499980926513672, 7)
Part6490.Anchored = true
Part6490.CanCollide = false
Part6490.Material = Enum.Material.Fabric
SpecialMesh6491.Name = "TopTreeMesh"
SpecialMesh6491.Parent = Part6490
SpecialMesh6491.MeshId = "rbxassetid://623621456"
SpecialMesh6491.Offset = Vector3.new(0, 3.4100000858306885, 0)
SpecialMesh6491.Scale = Vector3.new(1.600000023841858, 1.600000023841858, 1.600000023841858)
SpecialMesh6491.TextureId = "rbxassetid://745556120"
SpecialMesh6491.MeshType = Enum.MeshType.FileMesh
Model6492.Name = "??"
Model6492.Parent = Folder0
Part6493.Name = "TreeMesh Bottom"
Part6493.Parent = Model6492
Part6493.CFrame = CFrame.new(71.5541916, 80.7428589, -3344.1416, -0.322897166, 0.0672405362, -0.944042444, 0.127848551, 0.99142921, 0.026886832, 0.93775928, -0.112012729, -0.328726381)
Part6493.Orientation = Vector3.new(-1.5399999618530273, -109.19999694824219, 7.349999904632568)
Part6493.Position = Vector3.new(71.55419158935547, 80.74285888671875, -3344.1416015625)
Part6493.Rotation = Vector3.new(-175.32000732421875, -70.73999786376953, -168.24000549316406)
Part6493.Size = Vector3.new(8.250000953674316, 0.2499980926513672, 7)
Part6493.Anchored = true
Part6493.CanCollide = false
Part6493.Material = Enum.Material.Fabric
SpecialMesh6494.Name = "BarkMesh"
SpecialMesh6494.Parent = Part6493
SpecialMesh6494.MeshId = "rbxassetid://623621260"
SpecialMesh6494.Offset = Vector3.new(0, 3.4100000858306885, 0)
SpecialMesh6494.TextureId = "rbxassetid://623618671"
SpecialMesh6494.MeshType = Enum.MeshType.FileMesh
Part6495.Name = "TreeMeshTop"
Part6495.Parent = Model6492
Part6495.CFrame = CFrame.new(73.5818863, 110.624496, -3347.51831, -0.3228966, 0.0672405362, -0.944042802, 0.127848476, 0.99142921, 0.0268869419, 0.937759519, -0.112012684, -0.328725755)
Part6495.Orientation = Vector3.new(-1.5399999618530273, -109.19999694824219, 7.349999904632568)
Part6495.Position = Vector3.new(73.5818862915039, 110.62449645996094, -3347.518310546875)
Part6495.Rotation = Vector3.new(-175.32000732421875, -70.73999786376953, -168.24000549316406)
Part6495.Transparency = 0.05000000074505806
Part6495.Size = Vector3.new(8.250000953674316, 0.2499980926513672, 7)
Part6495.Anchored = true
Part6495.CanCollide = false
Part6495.Material = Enum.Material.Fabric
SpecialMesh6496.Name = "TopTreeMesh"
SpecialMesh6496.Parent = Part6495
SpecialMesh6496.MeshId = "rbxassetid://623621456"
SpecialMesh6496.Offset = Vector3.new(0, 3.4100000858306885, 0)
SpecialMesh6496.Scale = Vector3.new(1.600000023841858, 1.600000023841858, 1.600000023841858)
SpecialMesh6496.TextureId = "rbxassetid://745556120"
SpecialMesh6496.MeshType = Enum.MeshType.FileMesh
Model6497.Name = "??"
Model6497.Parent = Folder0
Part6498.Name = "TreeMesh Bottom"
Part6498.Parent = Model6497
Part6498.CFrame = CFrame.new(36.7830734, 80.7428589, -3384.14136, -0.322897166, 0.0672405362, -0.944042444, 0.127848551, 0.99142921, 0.026886832, 0.93775928, -0.112012729, -0.328726381)
Part6498.Orientation = Vector3.new(-1.5399999618530273, -109.19999694824219, 7.349999904632568)
Part6498.Position = Vector3.new(36.78307342529297, 80.74285888671875, -3384.141357421875)
Part6498.Rotation = Vector3.new(-175.32000732421875, -70.73999786376953, -168.24000549316406)
Part6498.Size = Vector3.new(8.250000953674316, 0.2499980926513672, 7)
Part6498.Anchored = true
Part6498.CanCollide = false
Part6498.Material = Enum.Material.Fabric
SpecialMesh6499.Name = "BarkMesh"
SpecialMesh6499.Parent = Part6498
SpecialMesh6499.MeshId = "rbxassetid://623621260"
SpecialMesh6499.Offset = Vector3.new(0, 3.4100000858306885, 0)
SpecialMesh6499.TextureId = "rbxassetid://623618671"
SpecialMesh6499.MeshType = Enum.MeshType.FileMesh
Part6500.Name = "TreeMeshTop"
Part6500.Parent = Model6497
Part6500.CFrame = CFrame.new(38.8107681, 110.624496, -3387.51807, -0.3228966, 0.0672405362, -0.944042802, 0.127848476, 0.99142921, 0.0268869419, 0.937759519, -0.112012684, -0.328725755)
Part6500.Orientation = Vector3.new(-1.5399999618530273, -109.19999694824219, 7.349999904632568)
Part6500.Position = Vector3.new(38.810768127441406, 110.62449645996094, -3387.51806640625)
Part6500.Rotation = Vector3.new(-175.32000732421875, -70.73999786376953, -168.24000549316406)
Part6500.Transparency = 0.05000000074505806
Part6500.Size = Vector3.new(8.250000953674316, 0.2499980926513672, 7)
Part6500.Anchored = true
Part6500.CanCollide = false
Part6500.Material = Enum.Material.Fabric
SpecialMesh6501.Name = "TopTreeMesh"
SpecialMesh6501.Parent = Part6500
SpecialMesh6501.MeshId = "rbxassetid://623621456"
SpecialMesh6501.Offset = Vector3.new(0, 3.4100000858306885, 0)
SpecialMesh6501.Scale = Vector3.new(1.600000023841858, 1.600000023841858, 1.600000023841858)
SpecialMesh6501.TextureId = "rbxassetid://745556120"
SpecialMesh6501.MeshType = Enum.MeshType.FileMesh
Model6502.Name = "??"
Model6502.Parent = Folder0
Part6503.Name = "TreeMesh Bottom"
Part6503.Parent = Model6502
Part6503.CFrame = CFrame.new(71.5541916, 80.7428589, -3344.1416, -0.322897166, 0.0672405362, -0.944042444, 0.127848551, 0.99142921, 0.026886832, 0.93775928, -0.112012729, -0.328726381)
Part6503.Orientation = Vector3.new(-1.5399999618530273, -109.19999694824219, 7.349999904632568)
Part6503.Position = Vector3.new(71.55419158935547, 80.74285888671875, -3344.1416015625)
Part6503.Rotation = Vector3.new(-175.32000732421875, -70.73999786376953, -168.24000549316406)
Part6503.Size = Vector3.new(8.250000953674316, 0.2499980926513672, 7)
Part6503.Anchored = true
Part6503.CanCollide = false
Part6503.Material = Enum.Material.Fabric
SpecialMesh6504.Name = "BarkMesh"
SpecialMesh6504.Parent = Part6503
SpecialMesh6504.MeshId = "rbxassetid://623621260"
SpecialMesh6504.Offset = Vector3.new(0, 3.4100000858306885, 0)
SpecialMesh6504.TextureId = "rbxassetid://623618671"
SpecialMesh6504.MeshType = Enum.MeshType.FileMesh
Part6505.Name = "TreeMeshTop"
Part6505.Parent = Model6502
Part6505.CFrame = CFrame.new(73.5818863, 110.624496, -3347.51831, -0.3228966, 0.0672405362, -0.944042802, 0.127848476, 0.99142921, 0.0268869419, 0.937759519, -0.112012684, -0.328725755)
Part6505.Orientation = Vector3.new(-1.5399999618530273, -109.19999694824219, 7.349999904632568)
Part6505.Position = Vector3.new(73.5818862915039, 110.62449645996094, -3347.518310546875)
Part6505.Rotation = Vector3.new(-175.32000732421875, -70.73999786376953, -168.24000549316406)
Part6505.Transparency = 0.05000000074505806
Part6505.Size = Vector3.new(8.250000953674316, 0.2499980926513672, 7)
Part6505.Anchored = true
Part6505.CanCollide = false
Part6505.Material = Enum.Material.Fabric
SpecialMesh6506.Name = "TopTreeMesh"
SpecialMesh6506.Parent = Part6505
SpecialMesh6506.MeshId = "rbxassetid://623621456"
SpecialMesh6506.Offset = Vector3.new(0, 3.4100000858306885, 0)
SpecialMesh6506.Scale = Vector3.new(1.600000023841858, 1.600000023841858, 1.600000023841858)
SpecialMesh6506.TextureId = "rbxassetid://745556120"
SpecialMesh6506.MeshType = Enum.MeshType.FileMesh
Model6507.Name = "??"
Model6507.Parent = Folder0
Part6508.Name = "TreeMesh Bottom"
Part6508.Parent = Model6507
Part6508.CFrame = CFrame.new(94.7830811, 80.7428589, -3409.14136, -0.322897166, 0.0672405362, -0.944042444, 0.127848551, 0.99142921, 0.026886832, 0.93775928, -0.112012729, -0.328726381)
Part6508.Orientation = Vector3.new(-1.5399999618530273, -109.19999694824219, 7.349999904632568)
Part6508.Position = Vector3.new(94.7830810546875, 80.74285888671875, -3409.141357421875)
Part6508.Rotation = Vector3.new(-175.32000732421875, -70.73999786376953, -168.24000549316406)
Part6508.Size = Vector3.new(8.250000953674316, 0.2499980926513672, 7)
Part6508.Anchored = true
Part6508.CanCollide = false
Part6508.Material = Enum.Material.Fabric
SpecialMesh6509.Name = "BarkMesh"
SpecialMesh6509.Parent = Part6508
SpecialMesh6509.MeshId = "rbxassetid://623621260"
SpecialMesh6509.Offset = Vector3.new(0, 3.4100000858306885, 0)
SpecialMesh6509.TextureId = "rbxassetid://623618671"
SpecialMesh6509.MeshType = Enum.MeshType.FileMesh
Part6510.Name = "TreeMeshTop"
Part6510.Parent = Model6507
Part6510.CFrame = CFrame.new(96.8107605, 110.624496, -3412.51807, -0.3228966, 0.0672405362, -0.944042802, 0.127848476, 0.99142921, 0.0268869419, 0.937759519, -0.112012684, -0.328725755)
Part6510.Orientation = Vector3.new(-1.5399999618530273, -109.19999694824219, 7.349999904632568)
Part6510.Position = Vector3.new(96.81076049804688, 110.62449645996094, -3412.51806640625)
Part6510.Rotation = Vector3.new(-175.32000732421875, -70.73999786376953, -168.24000549316406)
Part6510.Transparency = 0.05000000074505806
Part6510.Size = Vector3.new(8.250000953674316, 0.2499980926513672, 7)
Part6510.Anchored = true
Part6510.CanCollide = false
Part6510.Material = Enum.Material.Fabric
SpecialMesh6511.Name = "TopTreeMesh"
SpecialMesh6511.Parent = Part6510
SpecialMesh6511.MeshId = "rbxassetid://623621456"
SpecialMesh6511.Offset = Vector3.new(0, 3.4100000858306885, 0)
SpecialMesh6511.Scale = Vector3.new(1.600000023841858, 1.600000023841858, 1.600000023841858)
SpecialMesh6511.TextureId = "rbxassetid://745556120"
SpecialMesh6511.MeshType = Enum.MeshType.FileMesh
Model6512.Name = "??"
Model6512.Parent = Folder0
Part6513.Name = "TreeMesh Bottom"
Part6513.Parent = Model6512
Part6513.CFrame = CFrame.new(129.554199, 80.7428589, -3369.1416, -0.322897166, 0.0672405362, -0.944042444, 0.127848551, 0.99142921, 0.026886832, 0.93775928, -0.112012729, -0.328726381)
Part6513.Orientation = Vector3.new(-1.5399999618530273, -109.19999694824219, 7.349999904632568)
Part6513.Position = Vector3.new(129.55419921875, 80.74285888671875, -3369.1416015625)
Part6513.Rotation = Vector3.new(-175.32000732421875, -70.73999786376953, -168.24000549316406)
Part6513.Size = Vector3.new(8.250000953674316, 0.2499980926513672, 7)
Part6513.Anchored = true
Part6513.CanCollide = false
Part6513.Material = Enum.Material.Fabric
SpecialMesh6514.Name = "BarkMesh"
SpecialMesh6514.Parent = Part6513
SpecialMesh6514.MeshId = "rbxassetid://623621260"
SpecialMesh6514.Offset = Vector3.new(0, 3.4100000858306885, 0)
SpecialMesh6514.TextureId = "rbxassetid://623618671"
SpecialMesh6514.MeshType = Enum.MeshType.FileMesh
Part6515.Name = "TreeMeshTop"
Part6515.Parent = Model6512
Part6515.CFrame = CFrame.new(131.581879, 110.624496, -3372.51831, -0.3228966, 0.0672405362, -0.944042802, 0.127848476, 0.99142921, 0.0268869419, 0.937759519, -0.112012684, -0.328725755)
Part6515.Orientation = Vector3.new(-1.5399999618530273, -109.19999694824219, 7.349999904632568)
Part6515.Position = Vector3.new(131.58187866210938, 110.62449645996094, -3372.518310546875)
Part6515.Rotation = Vector3.new(-175.32000732421875, -70.73999786376953, -168.24000549316406)
Part6515.Transparency = 0.05000000074505806
Part6515.Size = Vector3.new(8.250000953674316, 0.2499980926513672, 7)
Part6515.Anchored = true
Part6515.CanCollide = false
Part6515.Material = Enum.Material.Fabric
SpecialMesh6516.Name = "TopTreeMesh"
SpecialMesh6516.Parent = Part6515
SpecialMesh6516.MeshId = "rbxassetid://623621456"
SpecialMesh6516.Offset = Vector3.new(0, 3.4100000858306885, 0)
SpecialMesh6516.Scale = Vector3.new(1.600000023841858, 1.600000023841858, 1.600000023841858)
SpecialMesh6516.TextureId = "rbxassetid://745556120"
SpecialMesh6516.MeshType = Enum.MeshType.FileMesh
Model6517.Name = "??"
Model6517.Parent = Folder0
Part6518.Name = "TreeMesh Bottom"
Part6518.Parent = Model6517
Part6518.CFrame = CFrame.new(181.838501, 80.7428589, -3456.62329, -0.943252206, 0.129923701, -0.305606544, 0.127848551, 0.99142921, 0.026886832, 0.306480646, -0.0137102865, -0.951778233)
Part6518.Orientation = Vector3.new(-1.5399999618530273, -162.1999969482422, 7.349999904632568)
Part6518.Position = Vector3.new(181.8385009765625, 80.74285888671875, -3456.623291015625)
Part6518.Rotation = Vector3.new(-178.3800048828125, -17.790000915527344, -172.16000366210938)
Part6518.Size = Vector3.new(8.250000953674316, 0.2499980926513672, 7)
Part6518.Anchored = true
Part6518.CanCollide = false
Part6518.Material = Enum.Material.Fabric
SpecialMesh6519.Name = "BarkMesh"
SpecialMesh6519.Parent = Part6518
SpecialMesh6519.MeshId = "rbxassetid://623621260"
SpecialMesh6519.Offset = Vector3.new(0, 3.4100000858306885, 0)
SpecialMesh6519.TextureId = "rbxassetid://623618671"
SpecialMesh6519.MeshType = Enum.MeshType.FileMesh
Part6520.Name = "TreeMeshTop"
Part6520.Parent = Model6517
Part6520.CFrame = CFrame.new(185.755539, 110.624496, -3457.03613, -0.943252027, 0.129923671, -0.305607229, 0.127848476, 0.99142921, 0.0268869419, 0.306481212, -0.0137102567, -0.951778173)
Part6520.Orientation = Vector3.new(-1.5399999618530273, -162.1999969482422, 7.349999904632568)
Part6520.Position = Vector3.new(185.7555389404297, 110.62449645996094, -3457.0361328125)
Part6520.Rotation = Vector3.new(-178.3800048828125, -17.790000915527344, -172.16000366210938)
Part6520.Transparency = 0.05000000074505806
Part6520.Size = Vector3.new(8.250000953674316, 0.2499980926513672, 7)
Part6520.Anchored = true
Part6520.CanCollide = false
Part6520.Material = Enum.Material.Fabric
SpecialMesh6521.Name = "TopTreeMesh"
SpecialMesh6521.Parent = Part6520
SpecialMesh6521.MeshId = "rbxassetid://623621456"
SpecialMesh6521.Offset = Vector3.new(0, 3.4100000858306885, 0)
SpecialMesh6521.Scale = Vector3.new(1.600000023841858, 1.600000023841858, 1.600000023841858)
SpecialMesh6521.TextureId = "rbxassetid://745556120"
SpecialMesh6521.MeshType = Enum.MeshType.FileMesh
Model6522.Name = "??"
Model6522.Parent = Folder0
Part6523.Name = "TreeMesh Bottom"
Part6523.Parent = Model6522
Part6523.CFrame = CFrame.new(181.838501, 80.7428589, -3456.62329, -0.943252206, 0.129923701, -0.305606544, 0.127848551, 0.99142921, 0.026886832, 0.306480646, -0.0137102865, -0.951778233)
Part6523.Orientation = Vector3.new(-1.5399999618530273, -162.1999969482422, 7.349999904632568)
Part6523.Position = Vector3.new(181.8385009765625, 80.74285888671875, -3456.623291015625)
Part6523.Rotation = Vector3.new(-178.3800048828125, -17.790000915527344, -172.16000366210938)
Part6523.Size = Vector3.new(8.250000953674316, 0.2499980926513672, 7)
Part6523.Anchored = true
Part6523.CanCollide = false
Part6523.Material = Enum.Material.Fabric
SpecialMesh6524.Name = "BarkMesh"
SpecialMesh6524.Parent = Part6523
SpecialMesh6524.MeshId = "rbxassetid://623621260"
SpecialMesh6524.Offset = Vector3.new(0, 3.4100000858306885, 0)
SpecialMesh6524.TextureId = "rbxassetid://623618671"
SpecialMesh6524.MeshType = Enum.MeshType.FileMesh
Part6525.Name = "TreeMeshTop"
Part6525.Parent = Model6522
Part6525.CFrame = CFrame.new(185.755539, 110.624496, -3457.03613, -0.943252027, 0.129923671, -0.305607229, 0.127848476, 0.99142921, 0.0268869419, 0.306481212, -0.0137102567, -0.951778173)
Part6525.Orientation = Vector3.new(-1.5399999618530273, -162.1999969482422, 7.349999904632568)
Part6525.Position = Vector3.new(185.7555389404297, 110.62449645996094, -3457.0361328125)
Part6525.Rotation = Vector3.new(-178.3800048828125, -17.790000915527344, -172.16000366210938)
Part6525.Transparency = 0.05000000074505806
Part6525.Size = Vector3.new(8.250000953674316, 0.2499980926513672, 7)
Part6525.Anchored = true
Part6525.CanCollide = false
Part6525.Material = Enum.Material.Fabric
SpecialMesh6526.Name = "TopTreeMesh"
SpecialMesh6526.Parent = Part6525
SpecialMesh6526.MeshId = "rbxassetid://623621456"
SpecialMesh6526.Offset = Vector3.new(0, 3.4100000858306885, 0)
SpecialMesh6526.Scale = Vector3.new(1.600000023841858, 1.600000023841858, 1.600000023841858)
SpecialMesh6526.TextureId = "rbxassetid://745556120"
SpecialMesh6526.MeshType = Enum.MeshType.FileMesh
Part6527.Name = "?"
Part6527.Parent = Folder0
Part6527.CFrame = CFrame.new(-59.2438812, 111.246002, -2632.12085, -0.959764183, -0.151721105, 0.236291766, 0.0130147971, 0.816531122, 0.577153921, -0.280505121, 0.557006896, -0.781704366)
Part6527.Orientation = Vector3.new(-35.25, 163.17999267578125, 0.9100000262260437)
Part6527.Position = Vector3.new(-59.24388122558594, 111.24600219726562, -2632.120849609375)
Part6527.Rotation = Vector3.new(-143.55999755859375, 13.670000076293945, 171.02000427246094)
Part6527.Size = Vector3.new(40, 20, 20)
Part6527.Anchored = true
Part6527.BottomSurface = Enum.SurfaceType.Smooth
Part6527.TopSurface = Enum.SurfaceType.Smooth
SpecialMesh6528.Parent = Part6527
SpecialMesh6528.MeshId = "rbxassetid://473211502"
SpecialMesh6528.TextureId = "rbxassetid://473212369"
SpecialMesh6528.MeshType = Enum.MeshType.FileMesh
Part6529.Name = "?"
Part6529.Parent = Folder0
Part6529.CFrame = CFrame.new(143.886795, 73.9420319, -3175.02368, -0.50363493, 0.775156379, -0.381423593, 0.130341411, 0.504625976, 0.853442848, 0.854027152, 0.380108237, -0.355187118)
Part6529.Orientation = Vector3.new(-58.59000015258789, -132.9600067138672, 14.479999542236328)
Part6529.Position = Vector3.new(143.8867950439453, 73.94203186035156, -3175.023681640625)
Part6529.Rotation = Vector3.new(-112.5999984741211, -22.420000076293945, -123.01000213623047)
Part6529.Size = Vector3.new(38.748260498046875, 19.374130249023438, 19.374130249023438)
Part6529.Anchored = true
Part6529.BottomSurface = Enum.SurfaceType.Smooth
Part6529.CanCollide = false
Part6529.TopSurface = Enum.SurfaceType.Smooth
SpecialMesh6530.Parent = Part6529
SpecialMesh6530.MeshId = "rbxassetid://473211502"
SpecialMesh6530.Scale = Vector3.new(0.9687065482139587, 0.9687065482139587, 0.9687065482139587)
SpecialMesh6530.TextureId = "rbxassetid://473212369"
SpecialMesh6530.MeshType = Enum.MeshType.FileMesh
Part6531.Name = "?"
Part6531.Parent = Folder0
Part6531.CFrame = CFrame.new(172.947998, 73.9420319, -3172.11768, -0.50363493, 0.775156379, -0.381423593, 0.130341411, 0.504625976, 0.853442848, 0.854027152, 0.380108237, -0.355187118)
Part6531.Orientation = Vector3.new(-58.59000015258789, -132.9600067138672, 14.479999542236328)
Part6531.Position = Vector3.new(172.947998046875, 73.94203186035156, -3172.11767578125)
Part6531.Rotation = Vector3.new(-112.5999984741211, -22.420000076293945, -123.01000213623047)
Part6531.Size = Vector3.new(38.748260498046875, 19.374130249023438, 19.374130249023438)
Part6531.Anchored = true
Part6531.BottomSurface = Enum.SurfaceType.Smooth
Part6531.CanCollide = false
Part6531.TopSurface = Enum.SurfaceType.Smooth
SpecialMesh6532.Parent = Part6531
SpecialMesh6532.MeshId = "rbxassetid://473211502"
SpecialMesh6532.Scale = Vector3.new(0.9687065482139587, 0.9687065482139587, 0.9687065482139587)
SpecialMesh6532.TextureId = "rbxassetid://473212369"
SpecialMesh6532.MeshType = Enum.MeshType.FileMesh
Part6533.Name = "?"
Part6533.Parent = Folder0
Part6533.CFrame = CFrame.new(122.575256, 74.9107361, -3172.11768, -0.50363493, 0.775156379, -0.381423593, 0.130341411, 0.504625976, 0.853442848, 0.854027152, 0.380108237, -0.355187118)
Part6533.Orientation = Vector3.new(-58.59000015258789, -132.9600067138672, 14.479999542236328)
Part6533.Position = Vector3.new(122.57525634765625, 74.91073608398438, -3172.11767578125)
Part6533.Rotation = Vector3.new(-112.5999984741211, -22.420000076293945, -123.01000213623047)
Part6533.Size = Vector3.new(38.748260498046875, 19.374130249023438, 19.374130249023438)
Part6533.Anchored = true
Part6533.BottomSurface = Enum.SurfaceType.Smooth
Part6533.CanCollide = false
Part6533.TopSurface = Enum.SurfaceType.Smooth
SpecialMesh6534.Parent = Part6533
SpecialMesh6534.MeshId = "rbxassetid://473211502"
SpecialMesh6534.Scale = Vector3.new(0.9687065482139587, 0.9687065482139587, 0.9687065482139587)
SpecialMesh6534.TextureId = "rbxassetid://473212369"
SpecialMesh6534.MeshType = Enum.MeshType.FileMesh
Part6535.Name = "?"
Part6535.Parent = Folder0
Part6535.CFrame = CFrame.new(122.575256, 75.8794479, -3215.70947, -0.50363493, 0.775156379, -0.381423593, 0.130341411, 0.504625976, 0.853442848, 0.854027152, 0.380108237, -0.355187118)
Part6535.Orientation = Vector3.new(-58.59000015258789, -132.9600067138672, 14.479999542236328)
Part6535.Position = Vector3.new(122.57525634765625, 75.87944793701172, -3215.70947265625)
Part6535.Rotation = Vector3.new(-112.5999984741211, -22.420000076293945, -123.01000213623047)
Part6535.Size = Vector3.new(38.748260498046875, 19.374130249023438, 19.374130249023438)
Part6535.Anchored = true
Part6535.BottomSurface = Enum.SurfaceType.Smooth
Part6535.CanCollide = false
Part6535.TopSurface = Enum.SurfaceType.Smooth
SpecialMesh6536.Parent = Part6535
SpecialMesh6536.MeshId = "rbxassetid://473211502"
SpecialMesh6536.Scale = Vector3.new(0.9687065482139587, 0.9687065482139587, 0.9687065482139587)
SpecialMesh6536.TextureId = "rbxassetid://473212369"
SpecialMesh6536.MeshType = Enum.MeshType.FileMesh
Part6537.Name = "?"
Part6537.Parent = Folder0
Part6537.CFrame = CFrame.new(144.697952, 77.8075638, -3070.21362, 0.835931659, 0.406930059, -0.368274748, 0.130339816, 0.50462395, 0.853443801, 0.533132195, -0.761421561, 0.368791938)
Part6537.Orientation = Vector3.new(-58.59000015258789, -44.959999084472656, 14.479999542236328)
Part6537.Position = Vector3.new(144.6979522705078, 77.80756378173828, -3070.213623046875)
Part6537.Rotation = Vector3.new(-66.62999725341797, -21.610000610351562, -25.959999084472656)
Part6537.Size = Vector3.new(38.748260498046875, 19.374130249023438, 19.374130249023438)
Part6537.Anchored = true
Part6537.BottomSurface = Enum.SurfaceType.Smooth
Part6537.CanCollide = false
Part6537.TopSurface = Enum.SurfaceType.Smooth
SpecialMesh6538.Parent = Part6537
SpecialMesh6538.MeshId = "rbxassetid://473211502"
SpecialMesh6538.Scale = Vector3.new(0.9687065482139587, 0.9687065482139587, 0.9687065482139587)
SpecialMesh6538.TextureId = "rbxassetid://473212369"
SpecialMesh6538.MeshType = Enum.MeshType.FileMesh
Part6539.Name = "?"
Part6539.Parent = Folder0
Part6539.CFrame = CFrame.new(217.508499, 79.7542725, -3215.70947, -0.50363493, 0.775156379, -0.381423593, 0.130341411, 0.504625976, 0.853442848, 0.854027152, 0.380108237, -0.355187118)
Part6539.Orientation = Vector3.new(-58.59000015258789, -132.9600067138672, 14.479999542236328)
Part6539.Position = Vector3.new(217.5084991455078, 79.7542724609375, -3215.70947265625)
Part6539.Rotation = Vector3.new(-112.5999984741211, -22.420000076293945, -123.01000213623047)
Part6539.Size = Vector3.new(38.748260498046875, 19.374130249023438, 19.374130249023438)
Part6539.Anchored = true
Part6539.BottomSurface = Enum.SurfaceType.Smooth
Part6539.CanCollide = false
Part6539.TopSurface = Enum.SurfaceType.Smooth
SpecialMesh6540.Parent = Part6539
SpecialMesh6540.MeshId = "rbxassetid://473211502"
SpecialMesh6540.Scale = Vector3.new(0.9687065482139587, 0.9687065482139587, 0.9687065482139587)
SpecialMesh6540.TextureId = "rbxassetid://473212369"
SpecialMesh6540.MeshType = Enum.MeshType.FileMesh
Part6541.Name = "?"
Part6541.Parent = Folder0
Part6541.CFrame = CFrame.new(144.697952, 77.8075638, -3088.61914, 0.835931659, 0.406930059, -0.368274748, 0.130339816, 0.50462395, 0.853443801, 0.533132195, -0.761421561, 0.368791938)
Part6541.Orientation = Vector3.new(-58.59000015258789, -44.959999084472656, 14.479999542236328)
Part6541.Position = Vector3.new(144.6979522705078, 77.80756378173828, -3088.619140625)
Part6541.Rotation = Vector3.new(-66.62999725341797, -21.610000610351562, -25.959999084472656)
Part6541.Size = Vector3.new(38.748260498046875, 19.374130249023438, 19.374130249023438)
Part6541.Anchored = true
Part6541.BottomSurface = Enum.SurfaceType.Smooth
Part6541.CanCollide = false
Part6541.TopSurface = Enum.SurfaceType.Smooth
SpecialMesh6542.Parent = Part6541
SpecialMesh6542.MeshId = "rbxassetid://473211502"
SpecialMesh6542.Scale = Vector3.new(0.9687065482139587, 0.9687065482139587, 0.9687065482139587)
SpecialMesh6542.TextureId = "rbxassetid://473212369"
SpecialMesh6542.MeshType = Enum.MeshType.FileMesh
Part6543.Name = "?"
Part6543.Parent = Folder0
Part6543.CFrame = CFrame.new(144.697952, 73.9327316, -3138.99194, 0.835931659, 0.406930059, -0.368274748, 0.130339816, 0.50462395, 0.853443801, 0.533132195, -0.761421561, 0.368791938)
Part6543.Orientation = Vector3.new(-58.59000015258789, -44.959999084472656, 14.479999542236328)
Part6543.Position = Vector3.new(144.6979522705078, 73.93273162841797, -3138.991943359375)
Part6543.Rotation = Vector3.new(-66.62999725341797, -21.610000610351562, -25.959999084472656)
Part6543.Size = Vector3.new(38.748260498046875, 19.374130249023438, 19.374130249023438)
Part6543.Anchored = true
Part6543.BottomSurface = Enum.SurfaceType.Smooth
Part6543.CanCollide = false
Part6543.TopSurface = Enum.SurfaceType.Smooth
SpecialMesh6544.Parent = Part6543
SpecialMesh6544.MeshId = "rbxassetid://473211502"
SpecialMesh6544.Scale = Vector3.new(0.9687065482139587, 0.9687065482139587, 0.9687065482139587)
SpecialMesh6544.TextureId = "rbxassetid://473212369"
SpecialMesh6544.MeshType = Enum.MeshType.FileMesh
Part6545.Name = "?"
Part6545.Parent = Folder0
Part6545.CFrame = CFrame.new(144.697952, 73.9327316, -3121.55518, 0.835931659, 0.406930059, -0.368274748, 0.130339816, 0.50462395, 0.853443801, 0.533132195, -0.761421561, 0.368791938)
Part6545.Orientation = Vector3.new(-58.59000015258789, -44.959999084472656, 14.479999542236328)
Part6545.Position = Vector3.new(144.6979522705078, 73.93273162841797, -3121.55517578125)
Part6545.Rotation = Vector3.new(-66.62999725341797, -21.610000610351562, -25.959999084472656)
Part6545.Size = Vector3.new(38.748260498046875, 19.374130249023438, 19.374130249023438)
Part6545.Anchored = true
Part6545.BottomSurface = Enum.SurfaceType.Smooth
Part6545.CanCollide = false
Part6545.TopSurface = Enum.SurfaceType.Smooth
SpecialMesh6546.Parent = Part6545
SpecialMesh6546.MeshId = "rbxassetid://473211502"
SpecialMesh6546.Scale = Vector3.new(0.9687065482139587, 0.9687065482139587, 0.9687065482139587)
SpecialMesh6546.TextureId = "rbxassetid://473212369"
SpecialMesh6546.MeshType = Enum.MeshType.FileMesh
Part6547.Name = "?"
Part6547.Parent = Folder0
Part6547.CFrame = CFrame.new(105.949684, 77.8075638, -3125.42993, -0.0427544117, -0.857125521, 0.5133304, 0.130339816, 0.50462395, 0.853443801, -0.99054718, 0.103395909, 0.0901426226)
Part6547.Orientation = Vector3.new(-58.59000015258789, 80.04000091552734, 14.479999542236328)
Part6547.Position = Vector3.new(105.9496841430664, 77.80756378173828, -3125.429931640625)
Part6547.Rotation = Vector3.new(-83.97000122070312, 30.889999389648438, 92.86000061035156)
Part6547.Size = Vector3.new(38.748260498046875, 19.374130249023438, 19.374130249023438)
Part6547.Anchored = true
Part6547.BottomSurface = Enum.SurfaceType.Smooth
Part6547.CanCollide = false
Part6547.TopSurface = Enum.SurfaceType.Smooth
SpecialMesh6548.Parent = Part6547
SpecialMesh6548.MeshId = "rbxassetid://473211502"
SpecialMesh6548.Scale = Vector3.new(0.9687065482139587, 0.9687065482139587, 0.9687065482139587)
SpecialMesh6548.TextureId = "rbxassetid://473212369"
SpecialMesh6548.MeshType = Enum.MeshType.FileMesh
Part6549.Name = "?"
Part6549.Parent = Folder0
Part6549.CFrame = CFrame.new(199.91423, 77.8075638, -3154.49121, 0.835931659, 0.406930059, -0.368274748, 0.130339816, 0.50462395, 0.853443801, 0.533132195, -0.761421561, 0.368791938)
Part6549.Orientation = Vector3.new(-58.59000015258789, -44.959999084472656, 14.479999542236328)
Part6549.Position = Vector3.new(199.9142303466797, 77.80756378173828, -3154.4912109375)
Part6549.Rotation = Vector3.new(-66.62999725341797, -21.610000610351562, -25.959999084472656)
Part6549.Size = Vector3.new(38.748260498046875, 19.374130249023438, 19.374130249023438)
Part6549.Anchored = true
Part6549.BottomSurface = Enum.SurfaceType.Smooth
Part6549.CanCollide = false
Part6549.TopSurface = Enum.SurfaceType.Smooth
SpecialMesh6550.Parent = Part6549
SpecialMesh6550.MeshId = "rbxassetid://473211502"
SpecialMesh6550.Scale = Vector3.new(0.9687065482139587, 0.9687065482139587, 0.9687065482139587)
SpecialMesh6550.TextureId = "rbxassetid://473212369"
SpecialMesh6550.MeshType = Enum.MeshType.FileMesh
Part6551.Name = "?"
Part6551.Parent = Folder0
Part6551.CFrame = CFrame.new(211.042938, 73.9328461, -2993.14478, -0.0945369154, -0.850539684, 0.517344654, 0.130339831, 0.50462389, 0.853443682, -0.986952364, 0.148112699, 0.0631534457)
Part6551.Orientation = Vector3.new(-58.59000015258789, 83.04000091552734, 14.479999542236328)
Part6551.Position = Vector3.new(211.04293823242188, 73.93284606933594, -2993.144775390625)
Part6551.Rotation = Vector3.new(-85.7699966430664, 31.149999618530273, 96.33999633789062)
Part6551.Size = Vector3.new(38.748260498046875, 19.374130249023438, 19.374130249023438)
Part6551.Anchored = true
Part6551.BottomSurface = Enum.SurfaceType.Smooth
Part6551.CanCollide = false
Part6551.TopSurface = Enum.SurfaceType.Smooth
SpecialMesh6552.Parent = Part6551
SpecialMesh6552.MeshId = "rbxassetid://473211502"
SpecialMesh6552.Scale = Vector3.new(0.9687065482139587, 0.9687065482139587, 0.9687065482139587)
SpecialMesh6552.TextureId = "rbxassetid://473212369"
SpecialMesh6552.MeshType = Enum.MeshType.FileMesh
Part6553.Name = "?"
Part6553.Parent = Folder0
Part6553.CFrame = CFrame.new(190.227158, 77.8075638, -3093.46265, -0.0945369601, -0.850539505, 0.517344594, 0.130339801, 0.50462389, 0.853443742, -0.986952126, 0.148112625, 0.0631534904)
Part6553.Orientation = Vector3.new(-58.59000015258789, 83.04000091552734, 14.479999542236328)
Part6553.Position = Vector3.new(190.22715759277344, 77.80756378173828, -3093.462646484375)
Part6553.Rotation = Vector3.new(-85.7699966430664, 31.149999618530273, 96.33999633789062)
Part6553.Size = Vector3.new(38.748260498046875, 19.374130249023438, 19.374130249023438)
Part6553.Anchored = true
Part6553.BottomSurface = Enum.SurfaceType.Smooth
Part6553.CanCollide = false
Part6553.TopSurface = Enum.SurfaceType.Smooth
SpecialMesh6554.Parent = Part6553
SpecialMesh6554.MeshId = "rbxassetid://473211502"
SpecialMesh6554.Scale = Vector3.new(0.9687065482139587, 0.9687065482139587, 0.9687065482139587)
SpecialMesh6554.TextureId = "rbxassetid://473212369"
SpecialMesh6554.MeshType = Enum.MeshType.FileMesh
Part6555.Name = "?"
Part6555.Parent = Folder0
Part6555.CFrame = CFrame.new(222.667419, 78.7763824, -2993.14478, -0.0945369154, -0.850539684, 0.517344654, 0.130339831, 0.50462389, 0.853443682, -0.986952364, 0.148112699, 0.0631534457)
Part6555.Orientation = Vector3.new(-58.59000015258789, 83.04000091552734, 14.479999542236328)
Part6555.Position = Vector3.new(222.66741943359375, 78.77638244628906, -2993.144775390625)
Part6555.Rotation = Vector3.new(-85.7699966430664, 31.149999618530273, 96.33999633789062)
Part6555.Size = Vector3.new(38.748260498046875, 19.374130249023438, 19.374130249023438)
Part6555.Anchored = true
Part6555.BottomSurface = Enum.SurfaceType.Smooth
Part6555.CanCollide = false
Part6555.TopSurface = Enum.SurfaceType.Smooth
SpecialMesh6556.Parent = Part6555
SpecialMesh6556.MeshId = "rbxassetid://473211502"
SpecialMesh6556.Scale = Vector3.new(0.9687065482139587, 0.9687065482139587, 0.9687065482139587)
SpecialMesh6556.TextureId = "rbxassetid://473212369"
SpecialMesh6556.MeshType = Enum.MeshType.FileMesh
Part6557.Name = "?"
Part6557.Parent = Folder0
Part6557.CFrame = CFrame.new(185.383621, 91.3694534, -2991.74854, 0.848570287, 0.493143499, -0.191671878, 0.154943377, 0.114763364, 0.981234908, 0.505886495, -0.862345219, 0.0209754817)
Part6557.Orientation = Vector3.new(-78.87999725341797, -83.75, 53.470001220703125)
Part6557.Position = Vector3.new(185.3836212158203, 91.36945343017578, -2991.74853515625)
Part6557.Rotation = Vector3.new(-88.77999877929688, -11.050000190734863, -30.15999984741211)
Part6557.Size = Vector3.new(38.748260498046875, 19.374130249023438, 19.374130249023438)
Part6557.Anchored = true
Part6557.BottomSurface = Enum.SurfaceType.Smooth
Part6557.CanCollide = false
Part6557.TopSurface = Enum.SurfaceType.Smooth
SpecialMesh6558.Parent = Part6557
SpecialMesh6558.MeshId = "rbxassetid://473211502"
SpecialMesh6558.Scale = Vector3.new(0.9687065482139587, 0.9687065482139587, 0.9687065482139587)
SpecialMesh6558.TextureId = "rbxassetid://473212369"
SpecialMesh6558.MeshType = Enum.MeshType.FileMesh
Part6559.Name = "?"
Part6559.Parent = Folder0
Part6559.CFrame = CFrame.new(237.693787, 73.9327316, -2963.65601, 0.835931659, 0.406930059, -0.368274748, 0.130339816, 0.50462395, 0.853443801, 0.533132195, -0.761421561, 0.368791938)
