Part4480.Name = "TreeMeshTop"
Part4480.Parent = Model4477
Part4480.CFrame = CFrame.new(-1078.49683, 154.866959, -1557.92053, 0.00386963971, -0.0347063243, -0.999390125, -0.110576101, 0.993254066, -0.0349213816, 0.993860126, 0.110643812, 5.8454948e-06)
Part4480.Orientation = Vector3.new(2, -90, -6.349999904632568)
Part4480.Position = Vector3.new(-1078.496826171875, 154.86695861816406, -1557.9205322265625)
Part4480.Rotation = Vector3.new(89.98999786376953, -88, 83.63999938964844)
Part4480.Transparency = 0.05000000074505806
Part4480.Size = Vector3.new(8.250000953674316, 0.2499980926513672, 7)
Part4480.Anchored = true
Part4480.CanCollide = false
Part4480.Material = Enum.Material.Fabric
SpecialMesh4481.Name = "TopTreeMesh"
SpecialMesh4481.Parent = Part4480
SpecialMesh4481.MeshId = "rbxassetid://623621456"
SpecialMesh4481.Offset = Vector3.new(0, 3.4100000858306885, 0)
SpecialMesh4481.Scale = Vector3.new(1.600000023841858, 1.600000023841858, 1.600000023841858)
SpecialMesh4481.TextureId = "rbxassetid://745556120"
SpecialMesh4481.MeshType = Enum.MeshType.FileMesh
Model4482.Name = "??"
Model4482.Parent = Folder0
Part4483.Name = "TreeMesh Bottom"
Part4483.Parent = Model4482
Part4483.CFrame = CFrame.new(-1166.45215, 124.930099, -1612.25464, 0.00386684947, -0.0347056836, -0.999390066, -0.110576428, 0.993254006, -0.0349204354, 0.993860126, 0.11064402, 3.13313558e-06)
Part4483.Orientation = Vector3.new(2, -90, -6.349999904632568)
Part4483.Position = Vector3.new(-1166.4521484375, 124.93009948730469, -1612.254638671875)
Part4483.Rotation = Vector3.new(89.98999786376953, -88, 83.63999938964844)
Part4483.Size = Vector3.new(8.250000953674316, 0.2499980926513672, 7)
Part4483.Anchored = true
Part4483.CanCollide = false
Part4483.Material = Enum.Material.Fabric
SpecialMesh4484.Name = "BarkMesh"
SpecialMesh4484.Parent = Part4483
SpecialMesh4484.MeshId = "rbxassetid://623621260"
SpecialMesh4484.Offset = Vector3.new(0, 3.4100000858306885, 0)
SpecialMesh4484.TextureId = "rbxassetid://623618671"
SpecialMesh4484.MeshType = Enum.MeshType.FileMesh
Part4485.Name = "TreeMeshTop"
Part4485.Parent = Model4482
Part4485.CFrame = CFrame.new(-1167.49683, 154.866959, -1608.92053, 0.00386963971, -0.0347063243, -0.999390125, -0.110576101, 0.993254066, -0.0349213816, 0.993860126, 0.110643812, 5.8454948e-06)
Part4485.Orientation = Vector3.new(2, -90, -6.349999904632568)
Part4485.Position = Vector3.new(-1167.496826171875, 154.86695861816406, -1608.9205322265625)
Part4485.Rotation = Vector3.new(89.98999786376953, -88, 83.63999938964844)
Part4485.Transparency = 0.05000000074505806
Part4485.Size = Vector3.new(8.250000953674316, 0.2499980926513672, 7)
Part4485.Anchored = true
Part4485.CanCollide = false
Part4485.Material = Enum.Material.Fabric
SpecialMesh4486.Name = "TopTreeMesh"
SpecialMesh4486.Parent = Part4485
SpecialMesh4486.MeshId = "rbxassetid://623621456"
SpecialMesh4486.Offset = Vector3.new(0, 3.4100000858306885, 0)
SpecialMesh4486.Scale = Vector3.new(1.600000023841858, 1.600000023841858, 1.600000023841858)
SpecialMesh4486.TextureId = "rbxassetid://745556120"
SpecialMesh4486.MeshType = Enum.MeshType.FileMesh
Model4487.Name = "??"
Model4487.Parent = Folder0
Part4488.Name = "TreeMesh Bottom"
Part4488.Parent = Model4487
Part4488.CFrame = CFrame.new(-1091.62891, 131.308655, -1646.04602, 0.721589148, -0.0347045027, -0.691451192, -0.051692944, 0.993254185, -0.103798293, 0.690389037, 0.110642873, 0.714927435)
Part4488.Orientation = Vector3.new(5.960000038146973, -44.040000915527344, -2.9800000190734863)
Part4488.Position = Vector3.new(-1091.62890625, 131.30865478515625, -1646.0460205078125)
Part4488.Rotation = Vector3.new(8.260000228881836, -43.75, 2.75)
Part4488.Size = Vector3.new(8.250000953674316, 0.2499980926513672, 7)
Part4488.Anchored = true
Part4488.CanCollide = false
Part4488.Material = Enum.Material.Fabric
SpecialMesh4489.Name = "BarkMesh"
SpecialMesh4489.Parent = Part4488
SpecialMesh4489.MeshId = "rbxassetid://623621260"
SpecialMesh4489.Offset = Vector3.new(0, 3.4100000858306885, 0)
SpecialMesh4489.TextureId = "rbxassetid://623618671"
SpecialMesh4489.MeshType = Enum.MeshType.FileMesh
Part4490.Name = "TreeMeshTop"
Part4490.Parent = Model4487
Part4490.CFrame = CFrame.new(-1092.67358, 161.245422, -1642.71216, 0.721591115, -0.0347051322, -0.691449225, -0.0516920127, 0.993254185, -0.10379868, 0.69038713, 0.110642597, 0.714929342)
Part4490.Orientation = Vector3.new(5.960000038146973, -44.040000915527344, -2.9800000190734863)
Part4490.Position = Vector3.new(-1092.673583984375, 161.24542236328125, -1642.712158203125)
Part4490.Rotation = Vector3.new(8.260000228881836, -43.7400016784668, 2.75)
Part4490.Transparency = 0.05000000074505806
Part4490.Size = Vector3.new(8.250000953674316, 0.2499980926513672, 7)
Part4490.Anchored = true
Part4490.CanCollide = false
Part4490.Material = Enum.Material.Fabric
SpecialMesh4491.Name = "TopTreeMesh"
SpecialMesh4491.Parent = Part4490
SpecialMesh4491.MeshId = "rbxassetid://623621456"
SpecialMesh4491.Offset = Vector3.new(0, 3.4100000858306885, 0)
SpecialMesh4491.Scale = Vector3.new(1.600000023841858, 1.600000023841858, 1.600000023841858)
SpecialMesh4491.TextureId = "rbxassetid://745556120"
SpecialMesh4491.MeshType = Enum.MeshType.FileMesh
Model4492.Name = "??"
Model4492.Parent = Folder0
Part4493.Name = "TreeMesh Bottom"
Part4493.Parent = Model4492
Part4493.CFrame = CFrame.new(-909.659058, 114.580231, -1615.01953, 0.969992876, 0.025031751, -0.241841152, 0.0161206089, 0.985875726, 0.166700646, 0.242598131, -0.165597066, 0.955888987)
Part4493.Orientation = Vector3.new(-9.600000381469727, -14.199999809265137, 0.9399999976158142)
Part4493.Position = Vector3.new(-909.6590576171875, 114.58023071289062, -1615.01953125)
Part4493.Rotation = Vector3.new(-9.890000343322754, -14, -1.4800000190734863)
Part4493.Size = Vector3.new(8.250000953674316, 0.2499980926513672, 7)
Part4493.Anchored = true
Part4493.CanCollide = false
Part4493.Material = Enum.Material.Fabric
SpecialMesh4494.Name = "BarkMesh"
SpecialMesh4494.Parent = Part4493
SpecialMesh4494.MeshId = "rbxassetid://623621260"
SpecialMesh4494.Offset = Vector3.new(0, 3.4100000858306885, 0)
SpecialMesh4494.TextureId = "rbxassetid://623618671"
SpecialMesh4494.MeshType = Enum.MeshType.FileMesh
Part4495.Name = "TreeMeshTop"
Part4495.Parent = Model4492
Part4495.CFrame = CFrame.new(-908.903442, 144.294266, -1620.01099, 0.969993651, 0.0250311084, -0.241838425, 0.0161208306, 0.985875785, 0.16670084, 0.242595345, -0.165597379, 0.955889702)
Part4495.Orientation = Vector3.new(-9.600000381469727, -14.199999809265137, 0.9399999976158142)
Part4495.Position = Vector3.new(-908.9034423828125, 144.2942657470703, -1620.010986328125)
Part4495.Rotation = Vector3.new(-9.890000343322754, -14, -1.4800000190734863)
Part4495.Transparency = 0.05000000074505806
Part4495.Size = Vector3.new(8.250000953674316, 0.2499980926513672, 7)
Part4495.Anchored = true
Part4495.CanCollide = false
Part4495.Material = Enum.Material.Fabric
SpecialMesh4496.Name = "TopTreeMesh"
SpecialMesh4496.Parent = Part4495
SpecialMesh4496.MeshId = "rbxassetid://623621456"
SpecialMesh4496.Offset = Vector3.new(0, 3.4100000858306885, 0)
SpecialMesh4496.Scale = Vector3.new(1.600000023841858, 1.600000023841858, 1.600000023841858)
SpecialMesh4496.TextureId = "rbxassetid://745556120"
SpecialMesh4496.MeshType = Enum.MeshType.FileMesh
Model4497.Name = "??"
Model4497.Parent = Folder0
Part4498.Name = "TreeMesh Bottom"
Part4498.Parent = Model4497
Part4498.CFrame = CFrame.new(-771.659058, 111.580231, -1631.01953, 0.969992876, 0.025031751, -0.241841152, 0.0161206089, 0.985875726, 0.166700646, 0.242598131, -0.165597066, 0.955888987)
Part4498.Orientation = Vector3.new(-9.600000381469727, -14.199999809265137, 0.9399999976158142)
Part4498.Position = Vector3.new(-771.6590576171875, 111.58023071289062, -1631.01953125)
Part4498.Rotation = Vector3.new(-9.890000343322754, -14, -1.4800000190734863)
Part4498.Size = Vector3.new(8.250000953674316, 0.2499980926513672, 7)
Part4498.Anchored = true
Part4498.CanCollide = false
Part4498.Material = Enum.Material.Fabric
SpecialMesh4499.Name = "BarkMesh"
SpecialMesh4499.Parent = Part4498
SpecialMesh4499.MeshId = "rbxassetid://623621260"
SpecialMesh4499.Offset = Vector3.new(0, 3.4100000858306885, 0)
SpecialMesh4499.TextureId = "rbxassetid://623618671"
SpecialMesh4499.MeshType = Enum.MeshType.FileMesh
Part4500.Name = "TreeMeshTop"
Part4500.Parent = Model4497
Part4500.CFrame = CFrame.new(-770.903442, 141.294266, -1636.01099, 0.969993651, 0.0250311084, -0.241838425, 0.0161208306, 0.985875785, 0.16670084, 0.242595345, -0.165597379, 0.955889702)
Part4500.Orientation = Vector3.new(-9.600000381469727, -14.199999809265137, 0.9399999976158142)
Part4500.Position = Vector3.new(-770.9034423828125, 141.2942657470703, -1636.010986328125)
Part4500.Rotation = Vector3.new(-9.890000343322754, -14, -1.4800000190734863)
Part4500.Transparency = 0.05000000074505806
Part4500.Size = Vector3.new(8.250000953674316, 0.2499980926513672, 7)
Part4500.Anchored = true
Part4500.CanCollide = false
Part4500.Material = Enum.Material.Fabric
SpecialMesh4501.Name = "TopTreeMesh"
SpecialMesh4501.Parent = Part4500
SpecialMesh4501.MeshId = "rbxassetid://623621456"
SpecialMesh4501.Offset = Vector3.new(0, 3.4100000858306885, 0)
SpecialMesh4501.Scale = Vector3.new(1.600000023841858, 1.600000023841858, 1.600000023841858)
SpecialMesh4501.TextureId = "rbxassetid://745556120"
SpecialMesh4501.MeshType = Enum.MeshType.FileMesh
Model4502.Name = "??"
Model4502.Parent = Folder0
Part4503.Name = "TreeMesh Bottom"
Part4503.Parent = Model4502
Part4503.CFrame = CFrame.new(-920.710327, 124.930099, -2688.9563, -0.493581444, -0.0853780285, -0.865498662, -0.110576428, 0.993254006, -0.0349204354, 0.862641454, 0.0784676746, -0.4996925)
Part4503.Orientation = Vector3.new(2, -120, -6.349999904632568)
Part4503.Position = Vector3.new(-920.7103271484375, 124.93009948730469, -2688.956298828125)
Part4503.Rotation = Vector3.new(176, -59.939998626708984, 170.19000244140625)
Part4503.Size = Vector3.new(8.250000953674316, 0.2499980926513672, 7)
Part4503.Anchored = true
Part4503.CanCollide = false
Part4503.Material = Enum.Material.Fabric
SpecialMesh4504.Name = "BarkMesh"
SpecialMesh4504.Parent = Part4503
SpecialMesh4504.MeshId = "rbxassetid://623621260"
SpecialMesh4504.Offset = Vector3.new(0, 3.4100000858306885, 0)
SpecialMesh4504.TextureId = "rbxassetid://623618671"
SpecialMesh4504.MeshType = Enum.MeshType.FileMesh
Part4505.Name = "TreeMeshTop"
Part4505.Parent = Model4502
Part4505.CFrame = CFrame.new(-923.282166, 154.866959, -2686.59106, -0.49357903, -0.0853784829, -0.865500093, -0.110576101, 0.993254066, -0.0349213816, 0.862642884, 0.0784671754, -0.499690175)
Part4505.Orientation = Vector3.new(2, -120, -6.349999904632568)
Part4505.Position = Vector3.new(-923.2821655273438, 154.86695861816406, -2686.591064453125)
Part4505.Rotation = Vector3.new(176, -59.939998626708984, 170.19000244140625)
Part4505.Transparency = 0.05000000074505806
Part4505.Size = Vector3.new(8.250000953674316, 0.2499980926513672, 7)
Part4505.Anchored = true
Part4505.CanCollide = false
Part4505.Material = Enum.Material.Fabric
SpecialMesh4506.Name = "TopTreeMesh"
SpecialMesh4506.Parent = Part4505
SpecialMesh4506.MeshId = "rbxassetid://623621456"
SpecialMesh4506.Offset = Vector3.new(0, 3.4100000858306885, 0)
SpecialMesh4506.Scale = Vector3.new(1.600000023841858, 1.600000023841858, 1.600000023841858)
SpecialMesh4506.TextureId = "rbxassetid://745556120"
SpecialMesh4506.MeshType = Enum.MeshType.FileMesh
Model4507.Name = "??"
Model4507.Parent = Folder0
Part4508.Name = "TreeMesh Bottom"
Part4508.Parent = Model4507
Part4508.CFrame = CFrame.new(-526.373779, 104.269699, -2060.24854, -0.191614568, 0.509365797, 0.8389498, -0.248885557, 0.80163157, -0.543553114, -0.949391246, -0.31295234, -0.0268273354)
Part4508.Orientation = Vector3.new(32.93000030517578, 91.83000183105469, -17.25)
Part4508.Position = Vector3.new(-526.373779296875, 104.26969909667969, -2060.24853515625)
Part4508.Rotation = Vector3.new(92.83000183105469, 57.029998779296875, -110.62000274658203)
Part4508.Size = Vector3.new(8.250000953674316, 0.2499980926513672, 7)
Part4508.Anchored = true
Part4508.CanCollide = false
Part4508.Material = Enum.Material.Fabric
SpecialMesh4509.Name = "BarkMesh"
SpecialMesh4509.Parent = Part4508
SpecialMesh4509.MeshId = "rbxassetid://623621260"
SpecialMesh4509.Offset = Vector3.new(0, 3.4100000858306885, 0)
SpecialMesh4509.TextureId = "rbxassetid://623618671"
SpecialMesh4509.MeshType = Enum.MeshType.FileMesh
Part4510.Name = "TreeMeshTop"
Part4510.Parent = Model4507
Part4510.CFrame = CFrame.new(-515.528564, 131.877213, -2065.59985, -0.191614568, 0.509365797, 0.8389498, -0.248885557, 0.80163157, -0.543553114, -0.949391246, -0.31295234, -0.0268273354)
Part4510.Orientation = Vector3.new(32.93000030517578, 91.83000183105469, -17.25)
Part4510.Position = Vector3.new(-515.528564453125, 131.87721252441406, -2065.599853515625)
Part4510.Rotation = Vector3.new(92.83000183105469, 57.029998779296875, -110.62000274658203)
Part4510.Transparency = 0.05000000074505806
Part4510.Size = Vector3.new(8.250000953674316, 0.2499980926513672, 7)
Part4510.Anchored = true
Part4510.CanCollide = false
Part4510.Material = Enum.Material.Fabric
SpecialMesh4511.Name = "TopTreeMesh"
SpecialMesh4511.Parent = Part4510
SpecialMesh4511.MeshId = "rbxassetid://623621456"
SpecialMesh4511.Offset = Vector3.new(0, 3.4100000858306885, 0)
SpecialMesh4511.Scale = Vector3.new(1.600000023841858, 1.600000023841858, 1.600000023841858)
SpecialMesh4511.TextureId = "rbxassetid://745556120"
SpecialMesh4511.MeshType = Enum.MeshType.FileMesh
Model4512.Name = "??"
Model4512.Parent = Folder0
Part4513.Name = "TreeMesh Bottom"
Part4513.Parent = Model4512
Part4513.CFrame = CFrame.new(-733.85199, 131.308655, -2230.95825, 0.27971983, -0.085376434, -0.956278086, -0.051692944, 0.993254185, -0.103798293, 0.958689094, 0.0784672797, 0.273419559)
Part4513.Orientation = Vector3.new(5.960000038146973, -74.04000091552734, -2.9800000190734863)
Part4513.Position = Vector3.new(-733.8519897460938, 131.30865478515625, -2230.958251953125)
Part4513.Rotation = Vector3.new(20.790000915527344, -72.98999786376953, 16.969999313354492)
Part4513.Size = Vector3.new(8.250000953674316, 0.2499980926513672, 7)
Part4513.Anchored = true
Part4513.CanCollide = false
Part4513.Material = Enum.Material.Fabric
SpecialMesh4514.Name = "BarkMesh"
SpecialMesh4514.Parent = Part4513
SpecialMesh4514.MeshId = "rbxassetid://623621260"
SpecialMesh4514.Offset = Vector3.new(0, 3.4100000858306885, 0)
SpecialMesh4514.TextureId = "rbxassetid://623618671"
SpecialMesh4514.MeshType = Enum.MeshType.FileMesh
Part4515.Name = "TreeMeshTop"
Part4515.Parent = Model4512
Part4515.CFrame = CFrame.new(-736.423523, 161.245422, -2228.59351, 0.279722512, -0.0853768438, -0.956277311, -0.0516920127, 0.993254185, -0.10379868, 0.958688438, 0.0784667209, 0.273422211)
Part4515.Orientation = Vector3.new(5.960000038146973, -74.04000091552734, -2.9800000190734863)
Part4515.Position = Vector3.new(-736.4235229492188, 161.24542236328125, -2228.593505859375)
Part4515.Rotation = Vector3.new(20.790000915527344, -72.98999786376953, 16.969999313354492)
Part4515.Transparency = 0.05000000074505806
Part4515.Size = Vector3.new(8.250000953674316, 0.2499980926513672, 7)
Part4515.Anchored = true
Part4515.CanCollide = false
Part4515.Material = Enum.Material.Fabric
SpecialMesh4516.Name = "TopTreeMesh"
SpecialMesh4516.Parent = Part4515
SpecialMesh4516.MeshId = "rbxassetid://623621456"
SpecialMesh4516.Offset = Vector3.new(0, 3.4100000858306885, 0)
SpecialMesh4516.Scale = Vector3.new(1.600000023841858, 1.600000023841858, 1.600000023841858)
SpecialMesh4516.TextureId = "rbxassetid://745556120"
SpecialMesh4516.MeshType = Enum.MeshType.FileMesh
Model4517.Name = "??"
Model4517.Parent = Folder0
Part4518.Name = "TreeMesh Bottom"
Part4518.Parent = Model4517
Part4518.CFrame = CFrame.new(-839.015869, 131.308655, -2680.80884, 0.27971983, -0.085376434, -0.956278086, -0.051692944, 0.993254185, -0.103798293, 0.958689094, 0.0784672797, 0.273419559)
Part4518.Orientation = Vector3.new(5.960000038146973, -74.04000091552734, -2.9800000190734863)
Part4518.Position = Vector3.new(-839.015869140625, 131.30865478515625, -2680.808837890625)
Part4518.Rotation = Vector3.new(20.790000915527344, -72.98999786376953, 16.969999313354492)
Part4518.Size = Vector3.new(8.250000953674316, 0.2499980926513672, 7)
Part4518.Anchored = true
Part4518.CanCollide = false
Part4518.Material = Enum.Material.Fabric
SpecialMesh4519.Name = "BarkMesh"
SpecialMesh4519.Parent = Part4518
SpecialMesh4519.MeshId = "rbxassetid://623621260"
SpecialMesh4519.Offset = Vector3.new(0, 3.4100000858306885, 0)
SpecialMesh4519.TextureId = "rbxassetid://623618671"
SpecialMesh4519.MeshType = Enum.MeshType.FileMesh
Part4520.Name = "TreeMeshTop"
Part4520.Parent = Model4517
Part4520.CFrame = CFrame.new(-841.587402, 161.245422, -2678.44409, 0.279722512, -0.0853768438, -0.956277311, -0.0516920127, 0.993254185, -0.10379868, 0.958688438, 0.0784667209, 0.273422211)
Part4520.Orientation = Vector3.new(5.960000038146973, -74.04000091552734, -2.9800000190734863)
Part4520.Position = Vector3.new(-841.58740234375, 161.24542236328125, -2678.444091796875)
Part4520.Rotation = Vector3.new(20.790000915527344, -72.98999786376953, 16.969999313354492)
Part4520.Transparency = 0.05000000074505806
Part4520.Size = Vector3.new(8.250000953674316, 0.2499980926513672, 7)
Part4520.Anchored = true
Part4520.CanCollide = false
Part4520.Material = Enum.Material.Fabric
SpecialMesh4521.Name = "TopTreeMesh"
SpecialMesh4521.Parent = Part4520
SpecialMesh4521.MeshId = "rbxassetid://623621456"
SpecialMesh4521.Offset = Vector3.new(0, 3.4100000858306885, 0)
SpecialMesh4521.Scale = Vector3.new(1.600000023841858, 1.600000023841858, 1.600000023841858)
SpecialMesh4521.TextureId = "rbxassetid://745556120"
SpecialMesh4521.MeshType = Enum.MeshType.FileMesh
Model4522.Name = "??"
Model4522.Parent = Folder0
Part4523.Name = "TreeMesh Bottom"
Part4523.Parent = Model4522
Part4523.CFrame = CFrame.new(-562.735413, 111.318329, -1988.21606, 0.720907152, -0.147701114, -0.677109599, 0.00344083784, 0.97777611, -0.209623531, 0.693023205, 0.148789257, 0.70539391)
Part4523.Orientation = Vector3.new(12.100000381469727, -43.83000183105469, 0.20000000298023224)
Part4523.Position = Vector3.new(-562.7354125976562, 111.31832885742188, -1988.216064453125)
Part4523.Rotation = Vector3.new(16.549999237060547, -42.619998931884766, 11.579999923706055)
Part4523.Size = Vector3.new(8.250000953674316, 0.2499980926513672, 7)
Part4523.Anchored = true
Part4523.CanCollide = false
Part4523.Material = Enum.Material.Fabric
SpecialMesh4524.Name = "BarkMesh"
SpecialMesh4524.Parent = Part4523
SpecialMesh4524.MeshId = "rbxassetid://623621260"
SpecialMesh4524.Offset = Vector3.new(0, 3.4100000858306885, 0)
SpecialMesh4524.TextureId = "rbxassetid://623618671"
SpecialMesh4524.MeshType = Enum.MeshType.FileMesh
Part4525.Name = "TreeMeshTop"
Part4525.Parent = Model4522
Part4525.CFrame = CFrame.new(-567.185486, 140.788635, -1983.73169, 0.720908821, -0.147701561, -0.677107513, 0.00344211375, 0.97777617, -0.209623426, 0.693021297, 0.14878872, 0.705395877)
Part4525.Orientation = Vector3.new(12.100000381469727, -43.83000183105469, 0.20000000298023224)
Part4525.Position = Vector3.new(-567.1854858398438, 140.78863525390625, -1983.731689453125)
Part4525.Rotation = Vector3.new(16.549999237060547, -42.619998931884766, 11.579999923706055)
Part4525.Transparency = 0.05000000074505806
Part4525.Size = Vector3.new(8.250000953674316, 0.2499980926513672, 7)
Part4525.Anchored = true
Part4525.CanCollide = false
Part4525.Material = Enum.Material.Fabric
SpecialMesh4526.Name = "TopTreeMesh"
SpecialMesh4526.Parent = Part4525
SpecialMesh4526.MeshId = "rbxassetid://623621456"
SpecialMesh4526.Offset = Vector3.new(0, 3.4100000858306885, 0)
SpecialMesh4526.Scale = Vector3.new(1.600000023841858, 1.600000023841858, 1.600000023841858)
SpecialMesh4526.TextureId = "rbxassetid://745556120"
SpecialMesh4526.MeshType = Enum.MeshType.FileMesh
Model4527.Name = "??"
Model4527.Parent = Folder0
Part4528.Name = "TreeMesh Bottom"
Part4528.Parent = Model4527
Part4528.CFrame = CFrame.new(-902.695618, 103.68811, -2505.88354, -0.499997348, -8.42960162e-07, -0.866026938, -4.79336109e-07, 1, -6.96621896e-07, 0.866026938, 6.68089228e-08, -0.499997348)
Part4528.Orientation = Vector3.new(0, -120, 0)
Part4528.Position = Vector3.new(-902.6956176757812, 103.6881103515625, -2505.883544921875)
Part4528.Rotation = Vector3.new(180, -60, 180)
Part4528.Size = Vector3.new(8.250000953674316, 0.2499980926513672, 7)
Part4528.Anchored = true
Part4528.CanCollide = false
Part4528.Material = Enum.Material.Fabric
SpecialMesh4529.Name = "BarkMesh"
SpecialMesh4529.Parent = Part4528
SpecialMesh4529.MeshId = "rbxassetid://623621260"
SpecialMesh4529.Offset = Vector3.new(0, 3.4100000858306885, 0)
SpecialMesh4529.TextureId = "rbxassetid://623618671"
SpecialMesh4529.MeshType = Enum.MeshType.FileMesh
Part4530.Name = "TreeMeshTop"
Part4530.Parent = Model4527
Part4530.CFrame = CFrame.new(-902.694031, 133.828125, -2505.88379, -0.499994934, -1.2835128e-06, -0.866028368, -2.2482881e-07, 1, -1.35226469e-06, 0.866028368, -4.81417374e-07, -0.499994934)
Part4530.Orientation = Vector3.new(0, -120, 0)
Part4530.Position = Vector3.new(-902.6940307617188, 133.828125, -2505.8837890625)
Part4530.Rotation = Vector3.new(180, -60, 180)
Part4530.Transparency = 0.05000000074505806
Part4530.Size = Vector3.new(8.250000953674316, 0.2499980926513672, 7)
Part4530.Anchored = true
Part4530.CanCollide = false
Part4530.Material = Enum.Material.Fabric
SpecialMesh4531.Name = "TopTreeMesh"
SpecialMesh4531.Parent = Part4530
SpecialMesh4531.MeshId = "rbxassetid://623621456"
SpecialMesh4531.Offset = Vector3.new(0, 3.4100000858306885, 0)
SpecialMesh4531.Scale = Vector3.new(1.600000023841858, 1.600000023841858, 1.600000023841858)
SpecialMesh4531.TextureId = "rbxassetid://745556120"
SpecialMesh4531.MeshType = Enum.MeshType.FileMesh
Model4532.Name = "??"
Model4532.Parent = Folder0
Part4533.Name = "TreeMesh Bottom"
Part4533.Parent = Model4532
Part4533.CFrame = CFrame.new(-815.546326, 124.930099, -2239.10571, -0.493581444, -0.0853780285, -0.865498662, -0.110576428, 0.993254006, -0.0349204354, 0.862641454, 0.0784676746, -0.4996925)
Part4533.Orientation = Vector3.new(2, -120, -6.349999904632568)
Part4533.Position = Vector3.new(-815.5463256835938, 124.93009948730469, -2239.105712890625)
Part4533.Rotation = Vector3.new(176, -59.939998626708984, 170.19000244140625)
Part4533.Size = Vector3.new(8.250000953674316, 0.2499980926513672, 7)
Part4533.Anchored = true
Part4533.CanCollide = false
Part4533.Material = Enum.Material.Fabric
SpecialMesh4534.Name = "BarkMesh"
SpecialMesh4534.Parent = Part4533
SpecialMesh4534.MeshId = "rbxassetid://623621260"
SpecialMesh4534.Offset = Vector3.new(0, 3.4100000858306885, 0)
SpecialMesh4534.TextureId = "rbxassetid://623618671"
SpecialMesh4534.MeshType = Enum.MeshType.FileMesh
Part4535.Name = "TreeMeshTop"
Part4535.Parent = Model4532
Part4535.CFrame = CFrame.new(-818.118225, 154.866959, -2236.74048, -0.49357903, -0.0853784829, -0.865500093, -0.110576101, 0.993254066, -0.0349213816, 0.862642884, 0.0784671754, -0.499690175)
Part4535.Orientation = Vector3.new(2, -120, -6.349999904632568)
Part4535.Position = Vector3.new(-818.1182250976562, 154.86695861816406, -2236.740478515625)
Part4535.Rotation = Vector3.new(176, -59.939998626708984, 170.19000244140625)
Part4535.Transparency = 0.05000000074505806
Part4535.Size = Vector3.new(8.250000953674316, 0.2499980926513672, 7)
Part4535.Anchored = true
Part4535.CanCollide = false
Part4535.Material = Enum.Material.Fabric
SpecialMesh4536.Name = "TopTreeMesh"
SpecialMesh4536.Parent = Part4535
SpecialMesh4536.MeshId = "rbxassetid://623621456"
SpecialMesh4536.Offset = Vector3.new(0, 3.4100000858306885, 0)
SpecialMesh4536.Scale = Vector3.new(1.600000023841858, 1.600000023841858, 1.600000023841858)
SpecialMesh4536.TextureId = "rbxassetid://745556120"
SpecialMesh4536.MeshType = Enum.MeshType.FileMesh
Model4537.Name = "??"
Model4537.Parent = Folder0
Part4538.Name = "TreeMesh Bottom"
Part4538.Parent = Model4537
Part4538.CFrame = CFrame.new(-748.514771, 114.580231, -2651.62158, 0.718739331, 0.10447669, -0.687385201, 0.0161206089, 0.985875726, 0.166700646, 0.695092738, -0.130895376, 0.706903458)
Part4538.Orientation = Vector3.new(-9.600000381469727, -44.20000076293945, 0.9399999976158142)
Part4538.Position = Vector3.new(-748.5147705078125, 114.58023071289062, -2651.62158203125)
Part4538.Rotation = Vector3.new(-13.270000457763672, -43.41999816894531, -8.270000457763672)
Part4538.Size = Vector3.new(8.250000953674316, 0.2499980926513672, 7)
Part4538.Anchored = true
Part4538.CanCollide = false
Part4538.Material = Enum.Material.Fabric
SpecialMesh4539.Name = "BarkMesh"
SpecialMesh4539.Parent = Part4538
SpecialMesh4539.MeshId = "rbxassetid://623621260"
SpecialMesh4539.Offset = Vector3.new(0, 3.4100000858306885, 0)
SpecialMesh4539.TextureId = "rbxassetid://623618671"
SpecialMesh4539.MeshType = Enum.MeshType.FileMesh
Part4540.Name = "TreeMeshTop"
Part4540.Parent = Model4537
Part4540.CFrame = CFrame.new(-745.364685, 144.294266, -2655.56641, 0.718741357, 0.104476295, -0.687383235, 0.0161208306, 0.985875785, 0.16670084, 0.695090711, -0.130895972, 0.706905484)
Part4540.Orientation = Vector3.new(-9.600000381469727, -44.20000076293945, 0.9399999976158142)
Part4540.Position = Vector3.new(-745.3646850585938, 144.2942657470703, -2655.56640625)
Part4540.Rotation = Vector3.new(-13.270000457763672, -43.41999816894531, -8.270000457763672)
Part4540.Transparency = 0.05000000074505806
Part4540.Size = Vector3.new(8.250000953674316, 0.2499980926513672, 7)
Part4540.Anchored = true
Part4540.CanCollide = false
Part4540.Material = Enum.Material.Fabric
SpecialMesh4541.Name = "TopTreeMesh"
SpecialMesh4541.Parent = Part4540
SpecialMesh4541.MeshId = "rbxassetid://623621456"
SpecialMesh4541.Offset = Vector3.new(0, 3.4100000858306885, 0)
SpecialMesh4541.Scale = Vector3.new(1.600000023841858, 1.600000023841858, 1.600000023841858)
SpecialMesh4541.TextureId = "rbxassetid://745556120"
SpecialMesh4541.MeshType = Enum.MeshType.FileMesh
Model4542.Name = "??"
Model4542.Parent = Folder0
Part4543.Name = "TreeMesh Bottom"
Part4543.Parent = Model4542
Part4543.CFrame = CFrame.new(-665.160767, 116.493332, -2501.98584, 0.718483686, 0.0517453849, -0.69361639, -0.0125847384, 0.998032749, 0.0614196323, 0.695429921, -0.0354000255, 0.717721522)
Part4543.Orientation = Vector3.new(-3.5199999809265137, -44.02000045776367, -0.7200000286102295)
Part4543.Position = Vector3.new(-665.1607666015625, 116.49333190917969, -2501.98583984375)
Part4543.Rotation = Vector3.new(-4.889999866485596, -43.91999816894531, -4.119999885559082)
Part4543.Size = Vector3.new(8.250000953674316, 0.2499980926513672, 7)
Part4543.Anchored = true
Part4543.CanCollide = false
Part4543.Material = Enum.Material.Fabric
SpecialMesh4544.Name = "BarkMesh"
SpecialMesh4544.Parent = Part4543
SpecialMesh4544.MeshId = "rbxassetid://623621260"
SpecialMesh4544.Offset = Vector3.new(0, 3.4100000858306885, 0)
SpecialMesh4544.TextureId = "rbxassetid://623618671"
SpecialMesh4544.MeshType = Enum.MeshType.FileMesh
Part4545.Name = "TreeMeshTop"
Part4545.Parent = Model4542
Part4545.CFrame = CFrame.new(-663.599915, 146.573792, -2503.05273, 0.718485713, 0.0517449677, -0.693614364, -0.012584216, 0.998032629, 0.0614197142, 0.695427954, -0.0354005918, 0.717723489)
Part4545.Orientation = Vector3.new(-3.5199999809265137, -44.02000045776367, -0.7200000286102295)
Part4545.Position = Vector3.new(-663.5999145507812, 146.57379150390625, -2503.052734375)
Part4545.Rotation = Vector3.new(-4.889999866485596, -43.91999816894531, -4.119999885559082)
Part4545.Transparency = 0.05000000074505806
Part4545.Size = Vector3.new(8.250000953674316, 0.2499980926513672, 7)
Part4545.Anchored = true
Part4545.CanCollide = false
Part4545.Material = Enum.Material.Fabric
SpecialMesh4546.Name = "TopTreeMesh"
SpecialMesh4546.Parent = Part4545
SpecialMesh4546.MeshId = "rbxassetid://623621456"
SpecialMesh4546.Offset = Vector3.new(0, 3.4100000858306885, 0)
SpecialMesh4546.Scale = Vector3.new(1.600000023841858, 1.600000023841858, 1.600000023841858)
SpecialMesh4546.TextureId = "rbxassetid://745556120"
SpecialMesh4546.MeshType = Enum.MeshType.FileMesh
Model4547.Name = "??"
Model4547.Parent = Folder0
Part4548.Name = "TreeMesh Bottom"
Part4548.Parent = Model4547
Part4548.CFrame = CFrame.new(-678.966553, 118.688263, -2178.70435, 0.719346702, 1.97144163e-06, -0.694656014, 2.04890966e-07, 1.00000393, 2.43168324e-06, 0.694656968, -2.78133643e-06, 0.719343126)
Part4548.Orientation = Vector3.new(0, -44, 0)
Part4548.Position = Vector3.new(-678.966552734375, 118.68826293945312, -2178.704345703125)
Part4548.Rotation = Vector3.new(0, -44, 0)
Part4548.Size = Vector3.new(8.250000953674316, 0.2499980926513672, 7)
Part4548.Anchored = true
Part4548.CanCollide = false
Part4548.Material = Enum.Material.Fabric
SpecialMesh4549.Name = "BarkMesh"
SpecialMesh4549.Parent = Part4548
SpecialMesh4549.MeshId = "rbxassetid://623621260"
SpecialMesh4549.Offset = Vector3.new(0, 3.4100000858306885, 0)
SpecialMesh4549.TextureId = "rbxassetid://623618671"
SpecialMesh4549.MeshType = Enum.MeshType.FileMesh
Part4550.Name = "TreeMeshTop"
Part4550.Parent = Model4547
Part4550.CFrame = CFrame.new(-678.96521, 148.828247, -2178.70435, 0.719348669, 1.55536804e-06, -0.694653869, 9.05245543e-07, 1.00000381, 2.55834311e-06, 0.694654942, -3.35707682e-06, 0.719345033)
Part4550.Orientation = Vector3.new(0, -44, 0)
Part4550.Position = Vector3.new(-678.9652099609375, 148.8282470703125, -2178.704345703125)
Part4550.Rotation = Vector3.new(0, -44, 0)
Part4550.Transparency = 0.05000000074505806
Part4550.Size = Vector3.new(8.250000953674316, 0.2499980926513672, 7)
Part4550.Anchored = true
Part4550.CanCollide = false
Part4550.Material = Enum.Material.Fabric
SpecialMesh4551.Name = "TopTreeMesh"
SpecialMesh4551.Parent = Part4550
SpecialMesh4551.MeshId = "rbxassetid://623621456"
SpecialMesh4551.Offset = Vector3.new(0, 3.4100000858306885, 0)
SpecialMesh4551.Scale = Vector3.new(1.600000023841858, 1.600000023841858, 1.600000023841858)
SpecialMesh4551.TextureId = "rbxassetid://745556120"
SpecialMesh4551.MeshType = Enum.MeshType.FileMesh
Model4552.Name = "??"
Model4552.Parent = Folder0
Part4553.Name = "TreeMesh Bottom"
Part4553.Parent = Model4552
Part4553.CFrame = CFrame.new(-646.993103, 120.910645, -1993.75439, 0.720907152, -0.147700921, -0.677109599, 0.00344069023, 0.97777617, -0.209623426, 0.693023145, 0.148789302, 0.70539403)
Part4553.Orientation = Vector3.new(12.100000381469727, -43.83000183105469, 0.20000000298023224)
Part4553.Position = Vector3.new(-646.9931030273438, 120.91064453125, -1993.75439453125)
Part4553.Rotation = Vector3.new(16.549999237060547, -42.619998931884766, 11.579999923706055)
Part4553.Size = Vector3.new(8.250000953674316, 0.2499980926513672, 7)
Part4553.Anchored = true
Part4553.CanCollide = false
Part4553.Material = Enum.Material.Fabric
SpecialMesh4554.Name = "BarkMesh"
SpecialMesh4554.Parent = Part4553
SpecialMesh4554.MeshId = "rbxassetid://623621260"
SpecialMesh4554.Offset = Vector3.new(0, 3.4100000858306885, 0)
SpecialMesh4554.TextureId = "rbxassetid://623618671"
SpecialMesh4554.MeshType = Enum.MeshType.FileMesh
Part4555.Name = "TreeMeshTop"
Part4555.Parent = Model4552
Part4555.CFrame = CFrame.new(-651.443298, 150.381042, -1989.27002, 0.720912397, -0.147702575, -0.67710948, 0.00344195962, 0.977780342, -0.209626019, 0.693024695, 0.148788854, 0.705394864)
Part4555.Orientation = Vector3.new(12.100000381469727, -43.83000183105469, 0.20000000298023224)
Part4555.Position = Vector3.new(-651.4432983398438, 150.38104248046875, -1989.27001953125)
Part4555.Rotation = Vector3.new(16.549999237060547, -42.619998931884766, 11.579999923706055)
Part4555.Transparency = 0.05000000074505806
Part4555.Size = Vector3.new(8.250000953674316, 0.2499980926513672, 7)
Part4555.Anchored = true
Part4555.CanCollide = false
Part4555.Material = Enum.Material.Fabric
SpecialMesh4556.Name = "TopTreeMesh"
SpecialMesh4556.Parent = Part4555
SpecialMesh4556.MeshId = "rbxassetid://623621456"
SpecialMesh4556.Offset = Vector3.new(0, 3.4100000858306885, 0)
SpecialMesh4556.Scale = Vector3.new(1.600000023841858, 1.600000023841858, 1.600000023841858)
SpecialMesh4556.TextureId = "rbxassetid://745556120"
SpecialMesh4556.MeshType = Enum.MeshType.FileMesh
Model4557.Name = "??"
Model4557.Parent = Folder0
Part4558.Name = "TreeMesh Bottom"
Part4558.Parent = Model4557
Part4558.CFrame = CFrame.new(-609.472778, 112.859894, -1929.72998, -0.701953709, 0.0996283293, -0.705220461, 0.0678373054, 0.995019078, 0.0730461404, 0.708984971, 0.00343482196, -0.705215693)
Part4558.Orientation = Vector3.new(-4.190000057220459, -135, 3.9000000953674316)
Part4558.Position = Vector3.new(-609.4727783203125, 112.85989379882812, -1929.72998046875)
Part4558.Rotation = Vector3.new(-174.08999633789062, -44.849998474121094, -171.9199981689453)
Part4558.Size = Vector3.new(8.250000953674316, 0.2499980926513672, 7)
Part4558.Anchored = true
Part4558.CanCollide = false
Part4558.Material = Enum.Material.Fabric
SpecialMesh4559.Name = "BarkMesh"
SpecialMesh4559.Parent = Part4558
SpecialMesh4559.MeshId = "rbxassetid://623621260"
SpecialMesh4559.Offset = Vector3.new(0, 3.4100000858306885, 0)
SpecialMesh4559.TextureId = "rbxassetid://623618671"
SpecialMesh4559.MeshType = Enum.MeshType.FileMesh
Part4560.Name = "TreeMeshTop"
Part4560.Parent = Model4557
Part4560.CFrame = CFrame.new(-606.468384, 142.849548, -1929.62598, -0.701951802, 0.0996280611, -0.705222249, 0.0678373203, 0.995019078, 0.0730457529, 0.708986998, 0.00343424454, -0.705213547)
Part4560.Orientation = Vector3.new(-4.190000057220459, -135, 3.9000000953674316)
Part4560.Position = Vector3.new(-606.4683837890625, 142.84954833984375, -1929.6259765625)
Part4560.Rotation = Vector3.new(-174.08999633789062, -44.849998474121094, -171.9199981689453)
Part4560.Transparency = 0.05000000074505806
Part4560.Size = Vector3.new(8.250000953674316, 0.2499980926513672, 7)
Part4560.Anchored = true
Part4560.CanCollide = false
Part4560.Material = Enum.Material.Fabric
SpecialMesh4561.Name = "TopTreeMesh"
SpecialMesh4561.Parent = Part4560
SpecialMesh4561.MeshId = "rbxassetid://623621456"
SpecialMesh4561.Offset = Vector3.new(0, 3.4100000858306885, 0)
SpecialMesh4561.Scale = Vector3.new(1.600000023841858, 1.600000023841858, 1.600000023841858)
SpecialMesh4561.TextureId = "rbxassetid://745556120"
SpecialMesh4561.MeshType = Enum.MeshType.FileMesh
Model4562.Name = "??"
Model4562.Parent = Folder0
Part4563.Name = "TreeMesh Bottom"
Part4563.Parent = Model4562
Part4563.CFrame = CFrame.new(-728.597473, 120.910645, -2358.41138, 0.720907152, -0.147700921, -0.677109599, 0.00344069023, 0.97777617, -0.209623426, 0.693023145, 0.148789302, 0.70539403)
Part4563.Orientation = Vector3.new(12.100000381469727, -43.83000183105469, 0.20000000298023224)
Part4563.Position = Vector3.new(-728.5974731445312, 120.91064453125, -2358.411376953125)
Part4563.Rotation = Vector3.new(16.549999237060547, -42.619998931884766, 11.579999923706055)
Part4563.Size = Vector3.new(8.250000953674316, 0.2499980926513672, 7)
Part4563.Anchored = true
Part4563.CanCollide = false
Part4563.Material = Enum.Material.Fabric
SpecialMesh4564.Name = "BarkMesh"
SpecialMesh4564.Parent = Part4563
SpecialMesh4564.MeshId = "rbxassetid://623621260"
SpecialMesh4564.Offset = Vector3.new(0, 3.4100000858306885, 0)
SpecialMesh4564.TextureId = "rbxassetid://623618671"
SpecialMesh4564.MeshType = Enum.MeshType.FileMesh
Part4565.Name = "TreeMeshTop"
Part4565.Parent = Model4562
Part4565.CFrame = CFrame.new(-733.047668, 150.381042, -2353.927, 0.720912397, -0.147702575, -0.67710948, 0.00344195962, 0.977780342, -0.209626019, 0.693024695, 0.148788854, 0.705394864)
Part4565.Orientation = Vector3.new(12.100000381469727, -43.83000183105469, 0.20000000298023224)
Part4565.Position = Vector3.new(-733.0476684570312, 150.38104248046875, -2353.927001953125)
Part4565.Rotation = Vector3.new(16.549999237060547, -42.619998931884766, 11.579999923706055)
Part4565.Transparency = 0.05000000074505806
Part4565.Size = Vector3.new(8.250000953674316, 0.2499980926513672, 7)
Part4565.Anchored = true
Part4565.CanCollide = false
Part4565.Material = Enum.Material.Fabric
SpecialMesh4566.Name = "TopTreeMesh"
SpecialMesh4566.Parent = Part4565
SpecialMesh4566.MeshId = "rbxassetid://623621456"
SpecialMesh4566.Offset = Vector3.new(0, 3.4100000858306885, 0)
SpecialMesh4566.Scale = Vector3.new(1.600000023841858, 1.600000023841858, 1.600000023841858)
SpecialMesh4566.TextureId = "rbxassetid://745556120"
SpecialMesh4566.MeshType = Enum.MeshType.FileMesh
Part4567.Name = "?"
Part4567.Parent = Folder0
Part4567.CFrame = CFrame.new(-673.736877, 119.638184, -2702.40918, 0.516995549, 0.845539391, 0.133335292, -0.0515456498, -0.124733537, 0.990851164, 0.854434967, -0.519138098, -0.0209023058)
Part4567.Orientation = Vector3.new(-82.23999786376953, 98.91000366210938, -157.5500030517578)
Part4567.Position = Vector3.new(-673.7368774414062, 119.63818359375, -2702.4091796875)
Part4567.Rotation = Vector3.new(-91.20999908447266, 7.659999847412109, -58.560001373291016)
Part4567.Size = Vector3.new(40, 20, 20)
Part4567.Anchored = true
Part4567.BottomSurface = Enum.SurfaceType.Smooth
Part4567.TopSurface = Enum.SurfaceType.Smooth
SpecialMesh4568.Parent = Part4567
SpecialMesh4568.MeshId = "rbxassetid://473211502"
SpecialMesh4568.TextureId = "rbxassetid://473212369"
SpecialMesh4568.MeshType = Enum.MeshType.FileMesh
Model4569.Name = "??"
Model4569.Parent = Folder0
Part4570.Name = "TreeMesh Bottom"
Part4570.Parent = Model4569
Part4570.CFrame = CFrame.new(-811.091003, 103.68811, -2141.22607, 0.258822024, -5.48821788e-07, -0.965925038, -4.79336109e-07, 1, -6.96621896e-07, 0.965925038, 6.43303849e-07, 0.258822024)
Part4570.Orientation = Vector3.new(0, -75, 0)
Part4570.Position = Vector3.new(-811.0910034179688, 103.6881103515625, -2141.22607421875)
Part4570.Rotation = Vector3.new(0, -75, 0)
Part4570.Size = Vector3.new(8.250000953674316, 0.2499980926513672, 7)
Part4570.Anchored = true
Part4570.CanCollide = false
Part4570.Material = Enum.Material.Fabric
SpecialMesh4571.Name = "BarkMesh"
SpecialMesh4571.Parent = Part4570
SpecialMesh4571.MeshId = "rbxassetid://623621260"
SpecialMesh4571.Offset = Vector3.new(0, 3.4100000858306885, 0)
SpecialMesh4571.TextureId = "rbxassetid://623618671"
SpecialMesh4571.MeshType = Enum.MeshType.FileMesh
Part4572.Name = "TreeMeshTop"
Part4572.Parent = Model4569
Part4572.CFrame = CFrame.new(-811.090088, 133.828125, -2141.22729, 0.258824736, -1.24799408e-06, -0.965924382, -2.2482881e-07, 1, -1.35226469e-06, 0.965924382, 5.67167149e-07, 0.258824736)
Part4572.Orientation = Vector3.new(0, -75, 0)
Part4572.Position = Vector3.new(-811.090087890625, 133.828125, -2141.227294921875)
Part4572.Rotation = Vector3.new(0, -75, 0)
Part4572.Transparency = 0.05000000074505806
Part4572.Size = Vector3.new(8.250000953674316, 0.2499980926513672, 7)
Part4572.Anchored = true
Part4572.CanCollide = false
Part4572.Material = Enum.Material.Fabric
SpecialMesh4573.Name = "TopTreeMesh"
SpecialMesh4573.Parent = Part4572
SpecialMesh4573.MeshId = "rbxassetid://623621456"
SpecialMesh4573.Offset = Vector3.new(0, 3.4100000858306885, 0)
SpecialMesh4573.Scale = Vector3.new(1.600000023841858, 1.600000023841858, 1.600000023841858)
SpecialMesh4573.TextureId = "rbxassetid://745556120"
SpecialMesh4573.MeshType = Enum.MeshType.FileMesh
Model4574.Name = "??"
Model4574.Parent = Folder0
Part4575.Name = "TreeMesh Bottom"
Part4575.Parent = Model4574
Part4575.CFrame = CFrame.new(-861.246094, 110.189865, -2414.01123, 0.720323741, -0.063196525, -0.690753281, -0.00380411185, 0.995466053, -0.0950414389, 0.693627775, 0.0710883066, 0.716817379)
Part4575.Orientation = Vector3.new(5.449999809265137, -43.939998626708984, -0.2199999988079071)
Part4575.Position = Vector3.new(-861.24609375, 110.18986511230469, -2414.01123046875)
