Part2465.Name = "TreeMeshTop"
Part2465.Parent = Model2462
Part2465.CFrame = CFrame.new(1676.05957, 271.811829, 2317.53857, 0.0910409838, 0.311045885, -0.946026385, 0.265738368, 0.907932639, 0.32409665, 0.959739268, -0.280899733, 4.47034836e-07)
Part2465.Orientation = Vector3.new(-18.90999984741211, -90, 16.309999465942383)
Part2465.Position = Vector3.new(1676.0595703125, 271.81182861328125, 2317.53857421875)
Part2465.Rotation = Vector3.new(-90, -71.08999633789062, -73.69000244140625)
Part2465.Transparency = 0.05000000074505806
Part2465.Size = Vector3.new(8.250000953674316, 0.2499980926513672, 7)
Part2465.Anchored = true
Part2465.CanCollide = false
Part2465.Material = Enum.Material.Fabric
SpecialMesh2466.Name = "TopTreeMesh"
SpecialMesh2466.Parent = Part2465
SpecialMesh2466.MeshId = "rbxassetid://623621456"
SpecialMesh2466.Offset = Vector3.new(0, 3.4100000858306885, 0)
SpecialMesh2466.Scale = Vector3.new(1.600000023841858, 1.600000023841858, 1.600000023841858)
SpecialMesh2466.TextureId = "rbxassetid://745556120"
SpecialMesh2466.MeshType = Enum.MeshType.FileMesh
Model2467.Name = "??"
Model2467.Parent = Folder0
Part2468.Name = "TreeMesh Bottom"
Part2468.Parent = Model2467
Part2468.CFrame = CFrame.new(1666.68359, 244.447144, 2326.00513, 0.0910409838, 0.311045885, -0.946026385, 0.265738368, 0.907932639, 0.32409665, 0.959739268, -0.280899733, 4.47034836e-07)
Part2468.Orientation = Vector3.new(-18.90999984741211, -90, 16.309999465942383)
Part2468.Position = Vector3.new(1666.68359375, 244.4471435546875, 2326.005126953125)
Part2468.Rotation = Vector3.new(-90, -71.08999633789062, -73.69000244140625)
Part2468.Size = Vector3.new(8.250000953674316, 0.2499980926513672, 7)
Part2468.Anchored = true
Part2468.CanCollide = false
Part2468.Material = Enum.Material.Fabric
SpecialMesh2469.Name = "BarkMesh"
SpecialMesh2469.Parent = Part2468
SpecialMesh2469.MeshId = "rbxassetid://623621260"
SpecialMesh2469.Offset = Vector3.new(0, 3.4100000858306885, 0)
SpecialMesh2469.TextureId = "rbxassetid://623618671"
SpecialMesh2469.MeshType = Enum.MeshType.FileMesh
Part2470.Name = "TreeMeshTop"
Part2470.Parent = Model2467
Part2470.CFrame = CFrame.new(1676.05957, 271.811829, 2317.53857, 0.0910409838, 0.311045885, -0.946026385, 0.265738368, 0.907932639, 0.32409665, 0.959739268, -0.280899733, 4.47034836e-07)
Part2470.Orientation = Vector3.new(-18.90999984741211, -90, 16.309999465942383)
Part2470.Position = Vector3.new(1676.0595703125, 271.81182861328125, 2317.53857421875)
Part2470.Rotation = Vector3.new(-90, -71.08999633789062, -73.69000244140625)
Part2470.Transparency = 0.05000000074505806
Part2470.Size = Vector3.new(8.250000953674316, 0.2499980926513672, 7)
Part2470.Anchored = true
Part2470.CanCollide = false
Part2470.Material = Enum.Material.Fabric
SpecialMesh2471.Name = "TopTreeMesh"
SpecialMesh2471.Parent = Part2470
SpecialMesh2471.MeshId = "rbxassetid://623621456"
SpecialMesh2471.Offset = Vector3.new(0, 3.4100000858306885, 0)
SpecialMesh2471.Scale = Vector3.new(1.600000023841858, 1.600000023841858, 1.600000023841858)
SpecialMesh2471.TextureId = "rbxassetid://745556120"
SpecialMesh2471.MeshType = Enum.MeshType.FileMesh
Model2472.Name = "??"
Model2472.Parent = Folder0
Part2473.Name = "TreeMesh Bottom"
Part2473.Parent = Model2472
Part2473.CFrame = CFrame.new(1638.03796, 268.025574, 2413.0957, 0.0215753671, 0.150005907, -0.988449693, 0.140717715, 0.97838217, 0.151549533, 0.989814639, -0.142362162, 4.68826784e-07)
Part2473.Orientation = Vector3.new(-8.720000267028809, -90, 8.180000305175781)
Part2473.Position = Vector3.new(1638.0379638671875, 268.02557373046875, 2413.095703125)
Part2473.Rotation = Vector3.new(-90, -81.27999877929688, -81.81999969482422)
Part2473.Size = Vector3.new(8.250000953674316, 0.2499980926513672, 7)
Part2473.Anchored = true
Part2473.CanCollide = false
Part2473.Material = Enum.Material.Fabric
SpecialMesh2474.Name = "BarkMesh"
SpecialMesh2474.Parent = Part2473
SpecialMesh2474.MeshId = "rbxassetid://623621260"
SpecialMesh2474.Offset = Vector3.new(0, 3.4100000858306885, 0)
SpecialMesh2474.TextureId = "rbxassetid://623618671"
SpecialMesh2474.MeshType = Enum.MeshType.FileMesh
Part2475.Name = "TreeMeshTop"
Part2475.Parent = Model2472
Part2475.CFrame = CFrame.new(1642.5603, 297.513641, 2408.80469, 0.0215753671, 0.150005907, -0.988449693, 0.140717715, 0.97838217, 0.151549533, 0.989814639, -0.142362162, 4.68826784e-07)
Part2475.Orientation = Vector3.new(-8.720000267028809, -90, 8.180000305175781)
Part2475.Position = Vector3.new(1642.560302734375, 297.5136413574219, 2408.8046875)
Part2475.Rotation = Vector3.new(-90, -81.27999877929688, -81.81999969482422)
Part2475.Transparency = 0.05000000074505806
Part2475.Size = Vector3.new(8.250000953674316, 0.2499980926513672, 7)
Part2475.Anchored = true
Part2475.CanCollide = false
Part2475.Material = Enum.Material.Fabric
SpecialMesh2476.Name = "TopTreeMesh"
SpecialMesh2476.Parent = Part2475
SpecialMesh2476.MeshId = "rbxassetid://623621456"
SpecialMesh2476.Offset = Vector3.new(0, 3.4100000858306885, 0)
SpecialMesh2476.Scale = Vector3.new(1.600000023841858, 1.600000023841858, 1.600000023841858)
SpecialMesh2476.TextureId = "rbxassetid://745556120"
SpecialMesh2476.MeshType = Enum.MeshType.FileMesh
Model2477.Name = "??"
Model2477.Parent = Folder0
Part2478.Name = "TreeMesh Bottom"
Part2478.Parent = Model2477
Part2478.CFrame = CFrame.new(1638.03796, 268.025574, 2413.0957, 0.0215753671, 0.150005907, -0.988449693, 0.140717715, 0.97838217, 0.151549533, 0.989814639, -0.142362162, 4.68826784e-07)
Part2478.Orientation = Vector3.new(-8.720000267028809, -90, 8.180000305175781)
Part2478.Position = Vector3.new(1638.0379638671875, 268.02557373046875, 2413.095703125)
Part2478.Rotation = Vector3.new(-90, -81.27999877929688, -81.81999969482422)
Part2478.Size = Vector3.new(8.250000953674316, 0.2499980926513672, 7)
Part2478.Anchored = true
Part2478.CanCollide = false
Part2478.Material = Enum.Material.Fabric
SpecialMesh2479.Name = "BarkMesh"
SpecialMesh2479.Parent = Part2478
SpecialMesh2479.MeshId = "rbxassetid://623621260"
SpecialMesh2479.Offset = Vector3.new(0, 3.4100000858306885, 0)
SpecialMesh2479.TextureId = "rbxassetid://623618671"
SpecialMesh2479.MeshType = Enum.MeshType.FileMesh
Part2480.Name = "TreeMeshTop"
Part2480.Parent = Model2477
Part2480.CFrame = CFrame.new(1642.5603, 297.513641, 2408.80469, 0.0215753671, 0.150005907, -0.988449693, 0.140717715, 0.97838217, 0.151549533, 0.989814639, -0.142362162, 4.68826784e-07)
Part2480.Orientation = Vector3.new(-8.720000267028809, -90, 8.180000305175781)
Part2480.Position = Vector3.new(1642.560302734375, 297.5136413574219, 2408.8046875)
Part2480.Rotation = Vector3.new(-90, -81.27999877929688, -81.81999969482422)
Part2480.Transparency = 0.05000000074505806
Part2480.Size = Vector3.new(8.250000953674316, 0.2499980926513672, 7)
Part2480.Anchored = true
Part2480.CanCollide = false
Part2480.Material = Enum.Material.Fabric
SpecialMesh2481.Name = "TopTreeMesh"
SpecialMesh2481.Parent = Part2480
SpecialMesh2481.MeshId = "rbxassetid://623621456"
SpecialMesh2481.Offset = Vector3.new(0, 3.4100000858306885, 0)
SpecialMesh2481.Scale = Vector3.new(1.600000023841858, 1.600000023841858, 1.600000023841858)
SpecialMesh2481.TextureId = "rbxassetid://745556120"
SpecialMesh2481.MeshType = Enum.MeshType.FileMesh
Model2482.Name = "??"
Model2482.Parent = Folder0
Part2483.Name = "TreeMesh Bottom"
Part2483.Parent = Model2482
Part2483.CFrame = CFrame.new(1638.03796, 268.025574, 2413.0957, 0.0215753671, 0.150005907, -0.988449693, 0.140717715, 0.97838217, 0.151549533, 0.989814639, -0.142362162, 4.68826784e-07)
Part2483.Orientation = Vector3.new(-8.720000267028809, -90, 8.180000305175781)
Part2483.Position = Vector3.new(1638.0379638671875, 268.02557373046875, 2413.095703125)
Part2483.Rotation = Vector3.new(-90, -81.27999877929688, -81.81999969482422)
Part2483.Size = Vector3.new(8.250000953674316, 0.2499980926513672, 7)
Part2483.Anchored = true
Part2483.CanCollide = false
Part2483.Material = Enum.Material.Fabric
SpecialMesh2484.Name = "BarkMesh"
SpecialMesh2484.Parent = Part2483
SpecialMesh2484.MeshId = "rbxassetid://623621260"
SpecialMesh2484.Offset = Vector3.new(0, 3.4100000858306885, 0)
SpecialMesh2484.TextureId = "rbxassetid://623618671"
SpecialMesh2484.MeshType = Enum.MeshType.FileMesh
Part2485.Name = "TreeMeshTop"
Part2485.Parent = Model2482
Part2485.CFrame = CFrame.new(1642.5603, 297.513641, 2408.80469, 0.0215753671, 0.150005907, -0.988449693, 0.140717715, 0.97838217, 0.151549533, 0.989814639, -0.142362162, 4.68826784e-07)
Part2485.Orientation = Vector3.new(-8.720000267028809, -90, 8.180000305175781)
Part2485.Position = Vector3.new(1642.560302734375, 297.5136413574219, 2408.8046875)
Part2485.Rotation = Vector3.new(-90, -81.27999877929688, -81.81999969482422)
Part2485.Transparency = 0.05000000074505806
Part2485.Size = Vector3.new(8.250000953674316, 0.2499980926513672, 7)
Part2485.Anchored = true
Part2485.CanCollide = false
Part2485.Material = Enum.Material.Fabric
SpecialMesh2486.Name = "TopTreeMesh"
SpecialMesh2486.Parent = Part2485
SpecialMesh2486.MeshId = "rbxassetid://623621456"
SpecialMesh2486.Offset = Vector3.new(0, 3.4100000858306885, 0)
SpecialMesh2486.Scale = Vector3.new(1.600000023841858, 1.600000023841858, 1.600000023841858)
SpecialMesh2486.TextureId = "rbxassetid://745556120"
SpecialMesh2486.MeshType = Enum.MeshType.FileMesh
Model2487.Name = "??"
Model2487.Parent = Folder0
Part2488.Name = "TreeMesh Bottom"
Part2488.Parent = Model2487
Part2488.CFrame = CFrame.new(1638.03796, 268.025574, 2413.0957, 0.0215753671, 0.150005907, -0.988449693, 0.140717715, 0.97838217, 0.151549533, 0.989814639, -0.142362162, 4.68826784e-07)
Part2488.Orientation = Vector3.new(-8.720000267028809, -90, 8.180000305175781)
Part2488.Position = Vector3.new(1638.0379638671875, 268.02557373046875, 2413.095703125)
Part2488.Rotation = Vector3.new(-90, -81.27999877929688, -81.81999969482422)
Part2488.Size = Vector3.new(8.250000953674316, 0.2499980926513672, 7)
Part2488.Anchored = true
Part2488.CanCollide = false
Part2488.Material = Enum.Material.Fabric
SpecialMesh2489.Name = "BarkMesh"
SpecialMesh2489.Parent = Part2488
SpecialMesh2489.MeshId = "rbxassetid://623621260"
SpecialMesh2489.Offset = Vector3.new(0, 3.4100000858306885, 0)
SpecialMesh2489.TextureId = "rbxassetid://623618671"
SpecialMesh2489.MeshType = Enum.MeshType.FileMesh
Part2490.Name = "TreeMeshTop"
Part2490.Parent = Model2487
Part2490.CFrame = CFrame.new(1642.5603, 297.513641, 2408.80469, 0.0215753671, 0.150005907, -0.988449693, 0.140717715, 0.97838217, 0.151549533, 0.989814639, -0.142362162, 4.68826784e-07)
Part2490.Orientation = Vector3.new(-8.720000267028809, -90, 8.180000305175781)
Part2490.Position = Vector3.new(1642.560302734375, 297.5136413574219, 2408.8046875)
Part2490.Rotation = Vector3.new(-90, -81.27999877929688, -81.81999969482422)
Part2490.Transparency = 0.05000000074505806
Part2490.Size = Vector3.new(8.250000953674316, 0.2499980926513672, 7)
Part2490.Anchored = true
Part2490.CanCollide = false
Part2490.Material = Enum.Material.Fabric
SpecialMesh2491.Name = "TopTreeMesh"
SpecialMesh2491.Parent = Part2490
SpecialMesh2491.MeshId = "rbxassetid://623621456"
SpecialMesh2491.Offset = Vector3.new(0, 3.4100000858306885, 0)
SpecialMesh2491.Scale = Vector3.new(1.600000023841858, 1.600000023841858, 1.600000023841858)
SpecialMesh2491.TextureId = "rbxassetid://745556120"
SpecialMesh2491.MeshType = Enum.MeshType.FileMesh
Model2492.Name = "??"
Model2492.Parent = Folder0
Part2493.Name = "TreeMesh Bottom"
Part2493.Parent = Model2492
Part2493.CFrame = CFrame.new(1600.50842, 267.423737, 2358.11011, 4.64729965e-07, 0.0941360369, -0.995559394, 0.154376715, 0.983624995, 0.093007572, 0.988012075, -0.153691337, -0.0145319458)
Part2493.Orientation = Vector3.new(-5.340000152587891, -90.83999633789062, 8.920000076293945)
Part2493.Position = Vector3.new(1600.5084228515625, 267.4237365722656, 2358.110107421875)
Part2493.Rotation = Vector3.new(-98.87999725341797, -84.5999984741211, -90)
Part2493.Size = Vector3.new(8.250000953674316, 0.2499980926513672, 7)
Part2493.Anchored = true
Part2493.CanCollide = false
Part2493.Material = Enum.Material.Fabric
SpecialMesh2494.Name = "BarkMesh"
SpecialMesh2494.Parent = Part2493
SpecialMesh2494.MeshId = "rbxassetid://623621260"
SpecialMesh2494.Offset = Vector3.new(0, 3.4100000858306885, 0)
SpecialMesh2494.TextureId = "rbxassetid://623618671"
SpecialMesh2494.MeshType = Enum.MeshType.FileMesh
Part2495.Name = "TreeMeshTop"
Part2495.Parent = Model2492
Part2495.CFrame = CFrame.new(1603.34668, 297.069885, 2353.47778, 4.64729965e-07, 0.0941360369, -0.995559394, 0.154376715, 0.983624995, 0.093007572, 0.988012075, -0.153691337, -0.0145319458)
Part2495.Orientation = Vector3.new(-5.340000152587891, -90.83999633789062, 8.920000076293945)
Part2495.Position = Vector3.new(1603.3466796875, 297.06988525390625, 2353.477783203125)
Part2495.Rotation = Vector3.new(-98.87999725341797, -84.5999984741211, -90)
Part2495.Transparency = 0.05000000074505806
Part2495.Size = Vector3.new(8.250000953674316, 0.2499980926513672, 7)
Part2495.Anchored = true
Part2495.CanCollide = false
Part2495.Material = Enum.Material.Fabric
SpecialMesh2496.Name = "TopTreeMesh"
SpecialMesh2496.Parent = Part2495
SpecialMesh2496.MeshId = "rbxassetid://623621456"
SpecialMesh2496.Offset = Vector3.new(0, 3.4100000858306885, 0)
SpecialMesh2496.Scale = Vector3.new(1.600000023841858, 1.600000023841858, 1.600000023841858)
SpecialMesh2496.TextureId = "rbxassetid://745556120"
SpecialMesh2496.MeshType = Enum.MeshType.FileMesh
Model2497.Name = "??"
Model2497.Parent = Folder0
Part2498.Name = "TreeMesh Bottom"
Part2498.Parent = Model2497
Part2498.CFrame = CFrame.new(1600.50842, 267.423737, 2358.11011, 4.64729965e-07, 0.0941360369, -0.995559394, 0.154376715, 0.983624995, 0.093007572, 0.988012075, -0.153691337, -0.0145319458)
Part2498.Orientation = Vector3.new(-5.340000152587891, -90.83999633789062, 8.920000076293945)
Part2498.Position = Vector3.new(1600.5084228515625, 267.4237365722656, 2358.110107421875)
Part2498.Rotation = Vector3.new(-98.87999725341797, -84.5999984741211, -90)
Part2498.Size = Vector3.new(8.250000953674316, 0.2499980926513672, 7)
Part2498.Anchored = true
Part2498.CanCollide = false
Part2498.Material = Enum.Material.Fabric
SpecialMesh2499.Name = "BarkMesh"
SpecialMesh2499.Parent = Part2498
SpecialMesh2499.MeshId = "rbxassetid://623621260"
SpecialMesh2499.Offset = Vector3.new(0, 3.4100000858306885, 0)
SpecialMesh2499.TextureId = "rbxassetid://623618671"
SpecialMesh2499.MeshType = Enum.MeshType.FileMesh
Part2500.Name = "TreeMeshTop"
Part2500.Parent = Model2497
Part2500.CFrame = CFrame.new(1603.34668, 297.069885, 2353.47778, 4.64729965e-07, 0.0941360369, -0.995559394, 0.154376715, 0.983624995, 0.093007572, 0.988012075, -0.153691337, -0.0145319458)
Part2500.Orientation = Vector3.new(-5.340000152587891, -90.83999633789062, 8.920000076293945)
Part2500.Position = Vector3.new(1603.3466796875, 297.06988525390625, 2353.477783203125)
Part2500.Rotation = Vector3.new(-98.87999725341797, -84.5999984741211, -90)
Part2500.Transparency = 0.05000000074505806
Part2500.Size = Vector3.new(8.250000953674316, 0.2499980926513672, 7)
Part2500.Anchored = true
Part2500.CanCollide = false
Part2500.Material = Enum.Material.Fabric
SpecialMesh2501.Name = "TopTreeMesh"
SpecialMesh2501.Parent = Part2500
SpecialMesh2501.MeshId = "rbxassetid://623621456"
SpecialMesh2501.Offset = Vector3.new(0, 3.4100000858306885, 0)
SpecialMesh2501.Scale = Vector3.new(1.600000023841858, 1.600000023841858, 1.600000023841858)
SpecialMesh2501.TextureId = "rbxassetid://745556120"
SpecialMesh2501.MeshType = Enum.MeshType.FileMesh
Model2502.Name = "??"
Model2502.Parent = Folder0
Part2503.Name = "TreeMesh Bottom"
Part2503.Parent = Model2502
Part2503.CFrame = CFrame.new(1600.50842, 267.423737, 2358.11011, 4.64729965e-07, 0.0941360369, -0.995559394, 0.154376715, 0.983624995, 0.093007572, 0.988012075, -0.153691337, -0.0145319458)
Part2503.Orientation = Vector3.new(-5.340000152587891, -90.83999633789062, 8.920000076293945)
Part2503.Position = Vector3.new(1600.5084228515625, 267.4237365722656, 2358.110107421875)
Part2503.Rotation = Vector3.new(-98.87999725341797, -84.5999984741211, -90)
Part2503.Size = Vector3.new(8.250000953674316, 0.2499980926513672, 7)
Part2503.Anchored = true
Part2503.CanCollide = false
Part2503.Material = Enum.Material.Fabric
SpecialMesh2504.Name = "BarkMesh"
SpecialMesh2504.Parent = Part2503
SpecialMesh2504.MeshId = "rbxassetid://623621260"
SpecialMesh2504.Offset = Vector3.new(0, 3.4100000858306885, 0)
SpecialMesh2504.TextureId = "rbxassetid://623618671"
SpecialMesh2504.MeshType = Enum.MeshType.FileMesh
Part2505.Name = "TreeMeshTop"
Part2505.Parent = Model2502
Part2505.CFrame = CFrame.new(1603.34668, 297.069885, 2353.47778, 4.64729965e-07, 0.0941360369, -0.995559394, 0.154376715, 0.983624995, 0.093007572, 0.988012075, -0.153691337, -0.0145319458)
Part2505.Orientation = Vector3.new(-5.340000152587891, -90.83999633789062, 8.920000076293945)
Part2505.Position = Vector3.new(1603.3466796875, 297.06988525390625, 2353.477783203125)
Part2505.Rotation = Vector3.new(-98.87999725341797, -84.5999984741211, -90)
Part2505.Transparency = 0.05000000074505806
Part2505.Size = Vector3.new(8.250000953674316, 0.2499980926513672, 7)
Part2505.Anchored = true
Part2505.CanCollide = false
Part2505.Material = Enum.Material.Fabric
SpecialMesh2506.Name = "TopTreeMesh"
SpecialMesh2506.Parent = Part2505
SpecialMesh2506.MeshId = "rbxassetid://623621456"
SpecialMesh2506.Offset = Vector3.new(0, 3.4100000858306885, 0)
SpecialMesh2506.Scale = Vector3.new(1.600000023841858, 1.600000023841858, 1.600000023841858)
SpecialMesh2506.TextureId = "rbxassetid://745556120"
SpecialMesh2506.MeshType = Enum.MeshType.FileMesh
Model2507.Name = "??"
Model2507.Parent = Folder0
Part2508.Name = "TreeMesh Bottom"
Part2508.Parent = Model2507
Part2508.CFrame = CFrame.new(1600.50842, 267.423737, 2358.11011, 4.64729965e-07, 0.0941360369, -0.995559394, 0.154376715, 0.983624995, 0.093007572, 0.988012075, -0.153691337, -0.0145319458)
Part2508.Orientation = Vector3.new(-5.340000152587891, -90.83999633789062, 8.920000076293945)
Part2508.Position = Vector3.new(1600.5084228515625, 267.4237365722656, 2358.110107421875)
Part2508.Rotation = Vector3.new(-98.87999725341797, -84.5999984741211, -90)
Part2508.Size = Vector3.new(8.250000953674316, 0.2499980926513672, 7)
Part2508.Anchored = true
Part2508.CanCollide = false
Part2508.Material = Enum.Material.Fabric
SpecialMesh2509.Name = "BarkMesh"
SpecialMesh2509.Parent = Part2508
SpecialMesh2509.MeshId = "rbxassetid://623621260"
SpecialMesh2509.Offset = Vector3.new(0, 3.4100000858306885, 0)
SpecialMesh2509.TextureId = "rbxassetid://623618671"
SpecialMesh2509.MeshType = Enum.MeshType.FileMesh
Part2510.Name = "TreeMeshTop"
Part2510.Parent = Model2507
Part2510.CFrame = CFrame.new(1603.34668, 297.069885, 2353.47778, 4.64729965e-07, 0.0941360369, -0.995559394, 0.154376715, 0.983624995, 0.093007572, 0.988012075, -0.153691337, -0.0145319458)
Part2510.Orientation = Vector3.new(-5.340000152587891, -90.83999633789062, 8.920000076293945)
Part2510.Position = Vector3.new(1603.3466796875, 297.06988525390625, 2353.477783203125)
Part2510.Rotation = Vector3.new(-98.87999725341797, -84.5999984741211, -90)
Part2510.Transparency = 0.05000000074505806
Part2510.Size = Vector3.new(8.250000953674316, 0.2499980926513672, 7)
Part2510.Anchored = true
Part2510.CanCollide = false
Part2510.Material = Enum.Material.Fabric
SpecialMesh2511.Name = "TopTreeMesh"
SpecialMesh2511.Parent = Part2510
SpecialMesh2511.MeshId = "rbxassetid://623621456"
SpecialMesh2511.Offset = Vector3.new(0, 3.4100000858306885, 0)
SpecialMesh2511.Scale = Vector3.new(1.600000023841858, 1.600000023841858, 1.600000023841858)
SpecialMesh2511.TextureId = "rbxassetid://745556120"
SpecialMesh2511.MeshType = Enum.MeshType.FileMesh
Model2512.Name = "??"
Model2512.Parent = Folder0
Part2513.Name = "TreeMesh Bottom"
Part2513.Parent = Model2512
Part2513.CFrame = CFrame.new(1551.51587, 267.549164, 2323.35474, 4.56580892e-07, 0.110165812, -0.993913352, 0.160959303, 0.980954349, 0.108729362, 0.986961126, -0.15997979, -0.0177317411)
Part2513.Orientation = Vector3.new(-6.239999771118164, -91.0199966430664, 9.319999694824219)
Part2513.Position = Vector3.new(1551.515869140625, 267.5491638183594, 2323.354736328125)
Part2513.Rotation = Vector3.new(-99.26000213623047, -83.68000030517578, -90)
Part2513.Size = Vector3.new(8.250000953674316, 0.2499980926513672, 7)
Part2513.Anchored = true
Part2513.CanCollide = false
Part2513.Material = Enum.Material.Fabric
SpecialMesh2514.Name = "BarkMesh"
SpecialMesh2514.Parent = Part2513
SpecialMesh2514.MeshId = "rbxassetid://623621260"
SpecialMesh2514.Offset = Vector3.new(0, 3.4100000858306885, 0)
SpecialMesh2514.TextureId = "rbxassetid://623618671"
SpecialMesh2514.MeshType = Enum.MeshType.FileMesh
Part2515.Name = "TreeMeshTop"
Part2515.Parent = Model2512
Part2515.CFrame = CFrame.new(1554.8374, 297.114807, 2318.53271, 4.56580892e-07, 0.110165812, -0.993913352, 0.160959303, 0.980954349, 0.108729362, 0.986961126, -0.15997979, -0.0177317411)
Part2515.Orientation = Vector3.new(-6.239999771118164, -91.0199966430664, 9.319999694824219)
Part2515.Position = Vector3.new(1554.83740234375, 297.11480712890625, 2318.53271484375)
Part2515.Rotation = Vector3.new(-99.26000213623047, -83.68000030517578, -90)
Part2515.Transparency = 0.05000000074505806
Part2515.Size = Vector3.new(8.250000953674316, 0.2499980926513672, 7)
Part2515.Anchored = true
Part2515.CanCollide = false
Part2515.Material = Enum.Material.Fabric
SpecialMesh2516.Name = "TopTreeMesh"
SpecialMesh2516.Parent = Part2515
SpecialMesh2516.MeshId = "rbxassetid://623621456"
SpecialMesh2516.Offset = Vector3.new(0, 3.4100000858306885, 0)
SpecialMesh2516.Scale = Vector3.new(1.600000023841858, 1.600000023841858, 1.600000023841858)
SpecialMesh2516.TextureId = "rbxassetid://745556120"
SpecialMesh2516.MeshType = Enum.MeshType.FileMesh
Model2517.Name = "??"
Model2517.Parent = Folder0
Part2518.Name = "TreeMesh Bottom"
Part2518.Parent = Model2517
Part2518.CFrame = CFrame.new(1551.51587, 267.549164, 2323.35474, 4.56580892e-07, 0.110165812, -0.993913352, 0.160959303, 0.980954349, 0.108729362, 0.986961126, -0.15997979, -0.0177317411)
Part2518.Orientation = Vector3.new(-6.239999771118164, -91.0199966430664, 9.319999694824219)
Part2518.Position = Vector3.new(1551.515869140625, 267.5491638183594, 2323.354736328125)
Part2518.Rotation = Vector3.new(-99.26000213623047, -83.68000030517578, -90)
Part2518.Size = Vector3.new(8.250000953674316, 0.2499980926513672, 7)
Part2518.Anchored = true
Part2518.CanCollide = false
Part2518.Material = Enum.Material.Fabric
SpecialMesh2519.Name = "BarkMesh"
SpecialMesh2519.Parent = Part2518
SpecialMesh2519.MeshId = "rbxassetid://623621260"
SpecialMesh2519.Offset = Vector3.new(0, 3.4100000858306885, 0)
SpecialMesh2519.TextureId = "rbxassetid://623618671"
SpecialMesh2519.MeshType = Enum.MeshType.FileMesh
Part2520.Name = "TreeMeshTop"
Part2520.Parent = Model2517
Part2520.CFrame = CFrame.new(1554.8374, 297.114807, 2318.53271, 4.56580892e-07, 0.110165812, -0.993913352, 0.160959303, 0.980954349, 0.108729362, 0.986961126, -0.15997979, -0.0177317411)
Part2520.Orientation = Vector3.new(-6.239999771118164, -91.0199966430664, 9.319999694824219)
Part2520.Position = Vector3.new(1554.83740234375, 297.11480712890625, 2318.53271484375)
Part2520.Rotation = Vector3.new(-99.26000213623047, -83.68000030517578, -90)
Part2520.Transparency = 0.05000000074505806
Part2520.Size = Vector3.new(8.250000953674316, 0.2499980926513672, 7)
Part2520.Anchored = true
Part2520.CanCollide = false
Part2520.Material = Enum.Material.Fabric
SpecialMesh2521.Name = "TopTreeMesh"
SpecialMesh2521.Parent = Part2520
SpecialMesh2521.MeshId = "rbxassetid://623621456"
SpecialMesh2521.Offset = Vector3.new(0, 3.4100000858306885, 0)
SpecialMesh2521.Scale = Vector3.new(1.600000023841858, 1.600000023841858, 1.600000023841858)
SpecialMesh2521.TextureId = "rbxassetid://745556120"
SpecialMesh2521.MeshType = Enum.MeshType.FileMesh
Model2522.Name = "??"
Model2522.Parent = Folder0
Part2523.Name = "TreeMesh Bottom"
Part2523.Parent = Model2522
Part2523.CFrame = CFrame.new(1551.51587, 267.549164, 2323.35474, 4.56580892e-07, 0.110165812, -0.993913352, 0.160959303, 0.980954349, 0.108729362, 0.986961126, -0.15997979, -0.0177317411)
Part2523.Orientation = Vector3.new(-6.239999771118164, -91.0199966430664, 9.319999694824219)
Part2523.Position = Vector3.new(1551.515869140625, 267.5491638183594, 2323.354736328125)
Part2523.Rotation = Vector3.new(-99.26000213623047, -83.68000030517578, -90)
Part2523.Size = Vector3.new(8.250000953674316, 0.2499980926513672, 7)
Part2523.Anchored = true
Part2523.CanCollide = false
Part2523.Material = Enum.Material.Fabric
SpecialMesh2524.Name = "BarkMesh"
SpecialMesh2524.Parent = Part2523
SpecialMesh2524.MeshId = "rbxassetid://623621260"
SpecialMesh2524.Offset = Vector3.new(0, 3.4100000858306885, 0)
SpecialMesh2524.TextureId = "rbxassetid://623618671"
SpecialMesh2524.MeshType = Enum.MeshType.FileMesh
Part2525.Name = "TreeMeshTop"
Part2525.Parent = Model2522
Part2525.CFrame = CFrame.new(1554.8374, 297.114807, 2318.53271, 4.56580892e-07, 0.110165812, -0.993913352, 0.160959303, 0.980954349, 0.108729362, 0.986961126, -0.15997979, -0.0177317411)
Part2525.Orientation = Vector3.new(-6.239999771118164, -91.0199966430664, 9.319999694824219)
Part2525.Position = Vector3.new(1554.83740234375, 297.11480712890625, 2318.53271484375)
Part2525.Rotation = Vector3.new(-99.26000213623047, -83.68000030517578, -90)
Part2525.Transparency = 0.05000000074505806
Part2525.Size = Vector3.new(8.250000953674316, 0.2499980926513672, 7)
Part2525.Anchored = true
Part2525.CanCollide = false
Part2525.Material = Enum.Material.Fabric
SpecialMesh2526.Name = "TopTreeMesh"
SpecialMesh2526.Parent = Part2525
SpecialMesh2526.MeshId = "rbxassetid://623621456"
SpecialMesh2526.Offset = Vector3.new(0, 3.4100000858306885, 0)
SpecialMesh2526.Scale = Vector3.new(1.600000023841858, 1.600000023841858, 1.600000023841858)
SpecialMesh2526.TextureId = "rbxassetid://745556120"
SpecialMesh2526.MeshType = Enum.MeshType.FileMesh
Model2527.Name = "??"
Model2527.Parent = Folder0
Part2528.Name = "TreeMesh Bottom"
Part2528.Parent = Model2527
Part2528.CFrame = CFrame.new(1551.51587, 267.549164, 2323.35474, 4.56580892e-07, 0.110165812, -0.993913352, 0.160959303, 0.980954349, 0.108729362, 0.986961126, -0.15997979, -0.0177317411)
Part2528.Orientation = Vector3.new(-6.239999771118164, -91.0199966430664, 9.319999694824219)
Part2528.Position = Vector3.new(1551.515869140625, 267.5491638183594, 2323.354736328125)
Part2528.Rotation = Vector3.new(-99.26000213623047, -83.68000030517578, -90)
Part2528.Size = Vector3.new(8.250000953674316, 0.2499980926513672, 7)
Part2528.Anchored = true
Part2528.CanCollide = false
Part2528.Material = Enum.Material.Fabric
SpecialMesh2529.Name = "BarkMesh"
SpecialMesh2529.Parent = Part2528
SpecialMesh2529.MeshId = "rbxassetid://623621260"
SpecialMesh2529.Offset = Vector3.new(0, 3.4100000858306885, 0)
SpecialMesh2529.TextureId = "rbxassetid://623618671"
SpecialMesh2529.MeshType = Enum.MeshType.FileMesh
Part2530.Name = "TreeMeshTop"
Part2530.Parent = Model2527
Part2530.CFrame = CFrame.new(1554.8374, 297.114807, 2318.53271, 4.56580892e-07, 0.110165812, -0.993913352, 0.160959303, 0.980954349, 0.108729362, 0.986961126, -0.15997979, -0.0177317411)
Part2530.Orientation = Vector3.new(-6.239999771118164, -91.0199966430664, 9.319999694824219)
Part2530.Position = Vector3.new(1554.83740234375, 297.11480712890625, 2318.53271484375)
Part2530.Rotation = Vector3.new(-99.26000213623047, -83.68000030517578, -90)
Part2530.Transparency = 0.05000000074505806
Part2530.Size = Vector3.new(8.250000953674316, 0.2499980926513672, 7)
Part2530.Anchored = true
Part2530.CanCollide = false
Part2530.Material = Enum.Material.Fabric
SpecialMesh2531.Name = "TopTreeMesh"
SpecialMesh2531.Parent = Part2530
SpecialMesh2531.MeshId = "rbxassetid://623621456"
SpecialMesh2531.Offset = Vector3.new(0, 3.4100000858306885, 0)
SpecialMesh2531.Scale = Vector3.new(1.600000023841858, 1.600000023841858, 1.600000023841858)
SpecialMesh2531.TextureId = "rbxassetid://745556120"
SpecialMesh2531.MeshType = Enum.MeshType.FileMesh
Model2532.Name = "??"
Model2532.Parent = Folder0
Part2533.Name = "TreeMesh Bottom"
Part2533.Parent = Model2532
Part2533.CFrame = CFrame.new(1521.35559, 263.81076, 2280.0791, 0.116605468, 0.349055558, -0.929819465, 0.29461056, 0.881912947, 0.36801669, 0.948476791, -0.316847801, 4.48897481e-07)
Part2533.Orientation = Vector3.new(-21.59000015258789, -90, 18.469999313354492)
Part2533.Position = Vector3.new(1521.3555908203125, 263.8107604980469, 2280.0791015625)
Part2533.Rotation = Vector3.new(-90, -68.41000366210938, -71.52999877929688)
Part2533.Size = Vector3.new(8.250000953674316, 0.2499980926513672, 7)
Part2533.Anchored = true
Part2533.CanCollide = false
Part2533.Material = Enum.Material.Fabric
SpecialMesh2534.Name = "BarkMesh"
SpecialMesh2534.Parent = Part2533
SpecialMesh2534.MeshId = "rbxassetid://623621260"
SpecialMesh2534.Offset = Vector3.new(0, 3.4100000858306885, 0)
SpecialMesh2534.TextureId = "rbxassetid://623618671"
SpecialMesh2534.MeshType = Enum.MeshType.FileMesh
Part2535.Name = "TreeMeshTop"
Part2535.Parent = Model2532
Part2535.CFrame = CFrame.new(1531.8772, 290.391022, 2270.52905, 0.116605468, 0.349055558, -0.929819465, 0.29461056, 0.881912947, 0.36801669, 0.948476791, -0.316847801, 4.48897481e-07)
Part2535.Orientation = Vector3.new(-21.59000015258789, -90, 18.469999313354492)
Part2535.Position = Vector3.new(1531.877197265625, 290.3910217285156, 2270.529052734375)
Part2535.Rotation = Vector3.new(-90, -68.41000366210938, -71.52999877929688)
Part2535.Transparency = 0.05000000074505806
Part2535.Size = Vector3.new(8.250000953674316, 0.2499980926513672, 7)
Part2535.Anchored = true
Part2535.CanCollide = false
Part2535.Material = Enum.Material.Fabric
SpecialMesh2536.Name = "TopTreeMesh"
SpecialMesh2536.Parent = Part2535
SpecialMesh2536.MeshId = "rbxassetid://623621456"
SpecialMesh2536.Offset = Vector3.new(0, 3.4100000858306885, 0)
SpecialMesh2536.Scale = Vector3.new(1.600000023841858, 1.600000023841858, 1.600000023841858)
SpecialMesh2536.TextureId = "rbxassetid://745556120"
SpecialMesh2536.MeshType = Enum.MeshType.FileMesh
Model2537.Name = "??"
Model2537.Parent = Folder0
Part2538.Name = "TreeMesh Bottom"
Part2538.Parent = Model2537
Part2538.CFrame = CFrame.new(1521.35559, 263.81076, 2280.0791, 0.116605468, 0.349055558, -0.929819465, 0.29461056, 0.881912947, 0.36801669, 0.948476791, -0.316847801, 4.48897481e-07)
Part2538.Orientation = Vector3.new(-21.59000015258789, -90, 18.469999313354492)
Part2538.Position = Vector3.new(1521.3555908203125, 263.8107604980469, 2280.0791015625)
Part2538.Rotation = Vector3.new(-90, -68.41000366210938, -71.52999877929688)
Part2538.Size = Vector3.new(8.250000953674316, 0.2499980926513672, 7)
Part2538.Anchored = true
Part2538.CanCollide = false
Part2538.Material = Enum.Material.Fabric
SpecialMesh2539.Name = "BarkMesh"
SpecialMesh2539.Parent = Part2538
SpecialMesh2539.MeshId = "rbxassetid://623621260"
SpecialMesh2539.Offset = Vector3.new(0, 3.4100000858306885, 0)
SpecialMesh2539.TextureId = "rbxassetid://623618671"
SpecialMesh2539.MeshType = Enum.MeshType.FileMesh
Part2540.Name = "TreeMeshTop"
Part2540.Parent = Model2537
Part2540.CFrame = CFrame.new(1531.8772, 290.391022, 2270.52905, 0.116605468, 0.349055558, -0.929819465, 0.29461056, 0.881912947, 0.36801669, 0.948476791, -0.316847801, 4.48897481e-07)
Part2540.Orientation = Vector3.new(-21.59000015258789, -90, 18.469999313354492)
Part2540.Position = Vector3.new(1531.877197265625, 290.3910217285156, 2270.529052734375)
Part2540.Rotation = Vector3.new(-90, -68.41000366210938, -71.52999877929688)
Part2540.Transparency = 0.05000000074505806
Part2540.Size = Vector3.new(8.250000953674316, 0.2499980926513672, 7)
Part2540.Anchored = true
Part2540.CanCollide = false
Part2540.Material = Enum.Material.Fabric
SpecialMesh2541.Name = "TopTreeMesh"
SpecialMesh2541.Parent = Part2540
SpecialMesh2541.MeshId = "rbxassetid://623621456"
SpecialMesh2541.Offset = Vector3.new(0, 3.4100000858306885, 0)
SpecialMesh2541.Scale = Vector3.new(1.600000023841858, 1.600000023841858, 1.600000023841858)
SpecialMesh2541.TextureId = "rbxassetid://745556120"
SpecialMesh2541.MeshType = Enum.MeshType.FileMesh
Model2542.Name = "??"
Model2542.Parent = Folder0
Part2543.Name = "TreeMesh Bottom"
Part2543.Parent = Model2542
Part2543.CFrame = CFrame.new(1521.35559, 263.81076, 2280.0791, 0.116605468, 0.349055558, -0.929819465, 0.29461056, 0.881912947, 0.36801669, 0.948476791, -0.316847801, 4.48897481e-07)
Part2543.Orientation = Vector3.new(-21.59000015258789, -90, 18.469999313354492)
Part2543.Position = Vector3.new(1521.3555908203125, 263.8107604980469, 2280.0791015625)
Part2543.Rotation = Vector3.new(-90, -68.41000366210938, -71.52999877929688)
Part2543.Size = Vector3.new(8.250000953674316, 0.2499980926513672, 7)
Part2543.Anchored = true
Part2543.CanCollide = false
Part2543.Material = Enum.Material.Fabric
SpecialMesh2544.Name = "BarkMesh"
SpecialMesh2544.Parent = Part2543
SpecialMesh2544.MeshId = "rbxassetid://623621260"
SpecialMesh2544.Offset = Vector3.new(0, 3.4100000858306885, 0)
SpecialMesh2544.TextureId = "rbxassetid://623618671"
SpecialMesh2544.MeshType = Enum.MeshType.FileMesh
Part2545.Name = "TreeMeshTop"
Part2545.Parent = Model2542
Part2545.CFrame = CFrame.new(1531.8772, 290.391022, 2270.52905, 0.116605468, 0.349055558, -0.929819465, 0.29461056, 0.881912947, 0.36801669, 0.948476791, -0.316847801, 4.48897481e-07)
Part2545.Orientation = Vector3.new(-21.59000015258789, -90, 18.469999313354492)
Part2545.Position = Vector3.new(1531.877197265625, 290.3910217285156, 2270.529052734375)
Part2545.Rotation = Vector3.new(-90, -68.41000366210938, -71.52999877929688)
Part2545.Transparency = 0.05000000074505806
Part2545.Size = Vector3.new(8.250000953674316, 0.2499980926513672, 7)
Part2545.Anchored = true
Part2545.CanCollide = false
Part2545.Material = Enum.Material.Fabric
SpecialMesh2546.Name = "TopTreeMesh"
SpecialMesh2546.Parent = Part2545
SpecialMesh2546.MeshId = "rbxassetid://623621456"
SpecialMesh2546.Offset = Vector3.new(0, 3.4100000858306885, 0)
SpecialMesh2546.Scale = Vector3.new(1.600000023841858, 1.600000023841858, 1.600000023841858)
SpecialMesh2546.TextureId = "rbxassetid://745556120"
SpecialMesh2546.MeshType = Enum.MeshType.FileMesh
Model2547.Name = "??"
Model2547.Parent = Folder0
Part2548.Name = "TreeMesh Bottom"
Part2548.Parent = Model2547
Part2548.CFrame = CFrame.new(1521.35559, 263.81076, 2280.0791, 0.116605468, 0.349055558, -0.929819465, 0.29461056, 0.881912947, 0.36801669, 0.948476791, -0.316847801, 4.48897481e-07)
Part2548.Orientation = Vector3.new(-21.59000015258789, -90, 18.469999313354492)
Part2548.Position = Vector3.new(1521.3555908203125, 263.8107604980469, 2280.0791015625)
Part2548.Rotation = Vector3.new(-90, -68.41000366210938, -71.52999877929688)
Part2548.Size = Vector3.new(8.250000953674316, 0.2499980926513672, 7)
Part2548.Anchored = true
Part2548.CanCollide = false
Part2548.Material = Enum.Material.Fabric
SpecialMesh2549.Name = "BarkMesh"
SpecialMesh2549.Parent = Part2548
SpecialMesh2549.MeshId = "rbxassetid://623621260"
SpecialMesh2549.Offset = Vector3.new(0, 3.4100000858306885, 0)
SpecialMesh2549.TextureId = "rbxassetid://623618671"
SpecialMesh2549.MeshType = Enum.MeshType.FileMesh
Part2550.Name = "TreeMeshTop"
Part2550.Parent = Model2547
Part2550.CFrame = CFrame.new(1531.8772, 290.391022, 2270.52905, 0.116605468, 0.349055558, -0.929819465, 0.29461056, 0.881912947, 0.36801669, 0.948476791, -0.316847801, 4.48897481e-07)
Part2550.Orientation = Vector3.new(-21.59000015258789, -90, 18.469999313354492)
Part2550.Position = Vector3.new(1531.877197265625, 290.3910217285156, 2270.529052734375)
Part2550.Rotation = Vector3.new(-90, -68.41000366210938, -71.52999877929688)
Part2550.Transparency = 0.05000000074505806
Part2550.Size = Vector3.new(8.250000953674316, 0.2499980926513672, 7)
Part2550.Anchored = true
Part2550.CanCollide = false
Part2550.Material = Enum.Material.Fabric
SpecialMesh2551.Name = "TopTreeMesh"
SpecialMesh2551.Parent = Part2550
SpecialMesh2551.MeshId = "rbxassetid://623621456"
SpecialMesh2551.Offset = Vector3.new(0, 3.4100000858306885, 0)
SpecialMesh2551.Scale = Vector3.new(1.600000023841858, 1.600000023841858, 1.600000023841858)
SpecialMesh2551.TextureId = "rbxassetid://745556120"
SpecialMesh2551.MeshType = Enum.MeshType.FileMesh
Model2552.Name = "??"
Model2552.Parent = Folder0
Part2553.Name = "TreeMesh Bottom"
Part2553.Parent = Model2552
Part2553.CFrame = CFrame.new(1460.49927, 265.909454, 2278.75635, 4.76138666e-07, 0.00530092139, -0.999986351, 0.133060694, 0.991096735, 0.00525370752, 0.991108298, -0.133059382, -0.000704845937)
Part2553.Orientation = Vector3.new(-0.30000001192092896, -90.04000091552734, 7.650000095367432)
Part2553.Position = Vector3.new(1460.499267578125, 265.9094543457031, 2278.75634765625)
Part2553.Rotation = Vector3.new(-97.63999938964844, -89.69999694824219, -89.98999786376953)
Part2553.Size = Vector3.new(8.250000953674316, 0.2499980926513672, 7)
Part2553.Anchored = true
Part2553.CanCollide = false
Part2553.Material = Enum.Material.Fabric
SpecialMesh2554.Name = "BarkMesh"
SpecialMesh2554.Parent = Part2553
SpecialMesh2554.MeshId = "rbxassetid://623621260"
SpecialMesh2554.Offset = Vector3.new(0, 3.4100000858306885, 0)
SpecialMesh2554.TextureId = "rbxassetid://623618671"
SpecialMesh2554.MeshType = Enum.MeshType.FileMesh
Part2555.Name = "TreeMeshTop"
Part2555.Parent = Model2552
Part2555.CFrame = CFrame.new(1460.66016, 295.781036, 2274.74585, 4.76138666e-07, 0.00530092139, -0.999986351, 0.133060694, 0.991096735, 0.00525370752, 0.991108298, -0.133059382, -0.000704845937)
Part2555.Orientation = Vector3.new(-0.30000001192092896, -90.04000091552734, 7.650000095367432)
Part2555.Position = Vector3.new(1460.66015625, 295.7810363769531, 2274.745849609375)
Part2555.Rotation = Vector3.new(-97.63999938964844, -89.69999694824219, -89.98999786376953)
Part2555.Transparency = 0.05000000074505806
Part2555.Size = Vector3.new(8.250000953674316, 0.2499980926513672, 7)
Part2555.Anchored = true
Part2555.CanCollide = false
Part2555.Material = Enum.Material.Fabric
SpecialMesh2556.Name = "TopTreeMesh"
SpecialMesh2556.Parent = Part2555
SpecialMesh2556.MeshId = "rbxassetid://623621456"
SpecialMesh2556.Offset = Vector3.new(0, 3.4100000858306885, 0)
SpecialMesh2556.Scale = Vector3.new(1.600000023841858, 1.600000023841858, 1.600000023841858)
SpecialMesh2556.TextureId = "rbxassetid://745556120"
SpecialMesh2556.MeshType = Enum.MeshType.FileMesh
Model2557.Name = "??"
Model2557.Parent = Folder0
Part2558.Name = "TreeMesh Bottom"
Part2558.Parent = Model2557
Part2558.CFrame = CFrame.new(1460.49927, 265.909454, 2278.75635, 4.76138666e-07, 0.00530092139, -0.999986351, 0.133060694, 0.991096735, 0.00525370752, 0.991108298, -0.133059382, -0.000704845937)
Part2558.Orientation = Vector3.new(-0.30000001192092896, -90.04000091552734, 7.650000095367432)
Part2558.Position = Vector3.new(1460.499267578125, 265.9094543457031, 2278.75634765625)
Part2558.Rotation = Vector3.new(-97.63999938964844, -89.69999694824219, -89.98999786376953)
Part2558.Size = Vector3.new(8.250000953674316, 0.2499980926513672, 7)
Part2558.Anchored = true
Part2558.CanCollide = false
Part2558.Material = Enum.Material.Fabric
SpecialMesh2559.Name = "BarkMesh"
SpecialMesh2559.Parent = Part2558
SpecialMesh2559.MeshId = "rbxassetid://623621260"
SpecialMesh2559.Offset = Vector3.new(0, 3.4100000858306885, 0)
SpecialMesh2559.TextureId = "rbxassetid://623618671"
SpecialMesh2559.MeshType = Enum.MeshType.FileMesh
Part2560.Name = "TreeMeshTop"
Part2560.Parent = Model2557
Part2560.CFrame = CFrame.new(1460.66016, 295.781036, 2274.74585, 4.76138666e-07, 0.00530092139, -0.999986351, 0.133060694, 0.991096735, 0.00525370752, 0.991108298, -0.133059382, -0.000704845937)
Part2560.Orientation = Vector3.new(-0.30000001192092896, -90.04000091552734, 7.650000095367432)
