SpecialMesh3626.Name = "TopTreeMesh"
SpecialMesh3626.Parent = Part3625
SpecialMesh3626.MeshId = "rbxassetid://623621456"
SpecialMesh3626.Offset = Vector3.new(0, 3.4100000858306885, 0)
SpecialMesh3626.Scale = Vector3.new(1.600000023841858, 1.600000023841858, 1.600000023841858)
SpecialMesh3626.TextureId = "rbxassetid://745556120"
SpecialMesh3626.MeshType = Enum.MeshType.FileMesh
Model3627.Name = "??"
Model3627.Parent = Folder0
Part3628.Name = "TreeMesh Bottom"
Part3628.Parent = Model3627
Part3628.CFrame = CFrame.new(-251.936996, 135.67366, -1409.96069, -0.646847963, 0.306541711, 0.698297739, 0.00471074507, 0.917246342, -0.398292899, -0.762604475, -0.254345477, -0.594762981)
Part3628.Orientation = Vector3.new(23.469999313354492, 130.4199981689453, 0.28999999165534973)
Part3628.Position = Vector3.new(-251.93699645996094, 135.6736602783203, -1409.960693359375)
Part3628.Rotation = Vector3.new(146.19000244140625, 44.290000915527344, -154.63999938964844)
Part3628.Size = Vector3.new(8.250000953674316, 0.2499980926513672, 7)
Part3628.Anchored = true
Part3628.CanCollide = false
Part3628.Material = Enum.Material.Fabric
SpecialMesh3629.Name = "BarkMesh"
SpecialMesh3629.Parent = Part3628
SpecialMesh3629.MeshId = "rbxassetid://623621260"
SpecialMesh3629.Offset = Vector3.new(0, 3.4100000858306885, 0)
SpecialMesh3629.TextureId = "rbxassetid://623618671"
SpecialMesh3629.MeshType = Enum.MeshType.FileMesh
Part3630.Name = "TreeMeshTop"
Part3630.Parent = Model3627
Part3630.CFrame = CFrame.new(-244.468903, 164.853546, -1411.04248, -0.646847963, 0.306541711, 0.698297739, 0.00471074507, 0.917246342, -0.398292899, -0.762604475, -0.254345477, -0.594762981)
Part3630.Orientation = Vector3.new(23.469999313354492, 130.4199981689453, 0.28999999165534973)
Part3630.Position = Vector3.new(-244.46890258789062, 164.85354614257812, -1411.04248046875)
Part3630.Rotation = Vector3.new(146.19000244140625, 44.290000915527344, -154.63999938964844)
Part3630.Transparency = 0.05000000074505806
Part3630.Size = Vector3.new(8.250000953674316, 0.2499980926513672, 7)
Part3630.Anchored = true
Part3630.CanCollide = false
Part3630.Material = Enum.Material.Fabric
SpecialMesh3631.Name = "TopTreeMesh"
SpecialMesh3631.Parent = Part3630
SpecialMesh3631.MeshId = "rbxassetid://623621456"
SpecialMesh3631.Offset = Vector3.new(0, 3.4100000858306885, 0)
SpecialMesh3631.Scale = Vector3.new(1.600000023841858, 1.600000023841858, 1.600000023841858)
SpecialMesh3631.TextureId = "rbxassetid://745556120"
SpecialMesh3631.MeshType = Enum.MeshType.FileMesh
Model3632.Name = "??"
Model3632.Parent = Folder0
Part3633.Name = "TreeMesh Bottom"
Part3633.Parent = Model3632
Part3633.CFrame = CFrame.new(-395.817841, 117.499146, -1546.10474, -0.64684695, 0.306541771, 0.698296607, 0.00471048849, 0.917248249, -0.398293167, -0.762605548, -0.254345953, -0.594763875)
Part3633.Orientation = Vector3.new(23.469999313354492, 130.4199981689453, 0.28999999165534973)
Part3633.Position = Vector3.new(-395.8178405761719, 117.4991455078125, -1546.104736328125)
Part3633.Rotation = Vector3.new(146.19000244140625, 44.290000915527344, -154.63999938964844)
Part3633.Size = Vector3.new(8.250000953674316, 0.2499980926513672, 7)
Part3633.Anchored = true
Part3633.CanCollide = false
Part3633.Material = Enum.Material.Fabric
SpecialMesh3634.Name = "BarkMesh"
SpecialMesh3634.Parent = Part3633
SpecialMesh3634.MeshId = "rbxassetid://623621260"
SpecialMesh3634.Offset = Vector3.new(0, 3.4100000858306885, 0)
SpecialMesh3634.TextureId = "rbxassetid://623618671"
SpecialMesh3634.MeshType = Enum.MeshType.FileMesh
Part3635.Name = "TreeMeshTop"
Part3635.Parent = Model3632
Part3635.CFrame = CFrame.new(-388.349731, 146.679077, -1547.1864, -0.646847427, 0.306541741, 0.698297143, 0.00471061049, 0.917247295, -0.398293018, -0.762604952, -0.254345715, -0.594763398)
Part3635.Orientation = Vector3.new(23.469999313354492, 130.4199981689453, 0.28999999165534973)
Part3635.Position = Vector3.new(-388.3497314453125, 146.6790771484375, -1547.1864013671875)
Part3635.Rotation = Vector3.new(146.19000244140625, 44.290000915527344, -154.63999938964844)
Part3635.Transparency = 0.05000000074505806
Part3635.Size = Vector3.new(8.250000953674316, 0.2499980926513672, 7)
Part3635.Anchored = true
Part3635.CanCollide = false
Part3635.Material = Enum.Material.Fabric
SpecialMesh3636.Name = "TopTreeMesh"
SpecialMesh3636.Parent = Part3635
SpecialMesh3636.MeshId = "rbxassetid://623621456"
SpecialMesh3636.Offset = Vector3.new(0, 3.4100000858306885, 0)
SpecialMesh3636.Scale = Vector3.new(1.600000023841858, 1.600000023841858, 1.600000023841858)
SpecialMesh3636.TextureId = "rbxassetid://745556120"
SpecialMesh3636.MeshType = Enum.MeshType.FileMesh
Part3637.Name = "?"
Part3637.Parent = Folder0
Part3637.CFrame = CFrame.new(77.094368, 119.704506, -1617.5968, 0.972335517, -0.0214242116, 0.232603818, -0.233588547, -0.0891806185, 0.968237579, -1.49011612e-08, -0.995784879, -0.0917176306)
Part3637.Orientation = Vector3.new(-75.5199966430664, 111.5199966430664, -110.9000015258789)
Part3637.Position = Vector3.new(77.09436798095703, 119.70450592041016, -1617.5968017578125)
Part3637.Rotation = Vector3.new(-95.41000366210938, 13.449999809265137, 1.2599999904632568)
Part3637.Size = Vector3.new(40, 20, 20)
Part3637.Anchored = true
Part3637.BottomSurface = Enum.SurfaceType.Smooth
Part3637.TopSurface = Enum.SurfaceType.Smooth
SpecialMesh3638.Parent = Part3637
SpecialMesh3638.MeshId = "rbxassetid://473211502"
SpecialMesh3638.TextureId = "rbxassetid://473212369"
SpecialMesh3638.MeshType = Enum.MeshType.FileMesh
Part3639.Name = "?"
Part3639.Parent = Folder0
Part3639.CFrame = CFrame.new(99.2076797, 110.175255, -2630.33691, -0.959764183, -0.151721105, 0.236291766, 0.0851713941, 0.644544482, 0.759807825, -0.267578661, 0.749361157, -0.605690002)
Part3639.Orientation = Vector3.new(-49.45000076293945, 158.69000244140625, 7.53000020980835)
Part3639.Position = Vector3.new(99.20767974853516, 110.17525482177734, -2630.3369140625)
Part3639.Rotation = Vector3.new(-128.55999755859375, 13.670000076293945, 171.02000427246094)
Part3639.Size = Vector3.new(40, 21, 16)
Part3639.Anchored = true
Part3639.BottomSurface = Enum.SurfaceType.Smooth
Part3639.TopSurface = Enum.SurfaceType.Smooth
SpecialMesh3640.Parent = Part3639
SpecialMesh3640.MeshId = "rbxassetid://473211502"
SpecialMesh3640.TextureId = "rbxassetid://473212369"
SpecialMesh3640.MeshType = Enum.MeshType.FileMesh
Model3641.Name = "??"
Model3641.Parent = Folder0
Part3642.Name = "TreeMesh Bottom"
Part3642.Parent = Model3641
Part3642.CFrame = CFrame.new(-471.63208, 112.189148, -1740.91016, -0.621034861, 0.0259620789, 0.783352852, -0.165361136, 0.972614288, -0.163331419, -0.76614058, -0.230970606, -0.599734306)
Part3642.Orientation = Vector3.new(9.399999618530273, 127.44000244140625, -9.649999618530273)
Part3642.Position = Vector3.new(-471.632080078125, 112.18914794921875, -1740.91015625)
Part3642.Rotation = Vector3.new(164.77000427246094, 51.56999969482422, -177.61000061035156)
Part3642.Size = Vector3.new(8.250000953674316, 0.2499980926513672, 7)
Part3642.Anchored = true
Part3642.CanCollide = false
Part3642.Material = Enum.Material.Fabric
SpecialMesh3643.Name = "BarkMesh"
SpecialMesh3643.Parent = Part3642
SpecialMesh3643.MeshId = "rbxassetid://623621260"
SpecialMesh3643.Offset = Vector3.new(0, 3.4100000858306885, 0)
SpecialMesh3643.TextureId = "rbxassetid://623618671"
SpecialMesh3643.MeshType = Enum.MeshType.FileMesh
Part3644.Name = "TreeMeshTop"
Part3644.Parent = Model3641
Part3644.CFrame = CFrame.new(-472.983368, 142.2966, -1741.26379, -0.621031046, 0.0259615388, 0.783355951, -0.165361777, 0.972614527, -0.163329825, -0.76614356, -0.23097001, -0.59973073)
Part3644.Orientation = Vector3.new(9.399999618530273, 127.44000244140625, -9.649999618530273)
Part3644.Position = Vector3.new(-472.9833679199219, 142.29660034179688, -1741.2637939453125)
Part3644.Rotation = Vector3.new(164.77000427246094, 51.56999969482422, -177.61000061035156)
Part3644.Transparency = 0.05000000074505806
Part3644.Size = Vector3.new(8.250000953674316, 0.2499980926513672, 7)
Part3644.Anchored = true
Part3644.CanCollide = false
Part3644.Material = Enum.Material.Fabric
SpecialMesh3645.Name = "TopTreeMesh"
SpecialMesh3645.Parent = Part3644
SpecialMesh3645.MeshId = "rbxassetid://623621456"
SpecialMesh3645.Offset = Vector3.new(0, 3.4100000858306885, 0)
SpecialMesh3645.Scale = Vector3.new(1.600000023841858, 1.600000023841858, 1.600000023841858)
SpecialMesh3645.TextureId = "rbxassetid://745556120"
SpecialMesh3645.MeshType = Enum.MeshType.FileMesh
Model3646.Name = "??"
Model3646.Parent = Folder0
Part3647.Name = "TreeMesh Bottom"
Part3647.Parent = Model3646
Part3647.CFrame = CFrame.new(-123.808311, 95.3416443, -2745.41284, 0.579303443, 0.229819238, 0.782042742, -0.165361777, 0.972614527, -0.163329825, -0.798162341, -0.0347024351, 0.601442337)
Part3647.Orientation = Vector3.new(9.399999618530273, 52.439998626708984, -9.649999618530273)
Part3647.Position = Vector3.new(-123.80831146240234, 95.34164428710938, -2745.412841796875)
Part3647.Rotation = Vector3.new(15.1899995803833, 51.45000076293945, -21.639999389648438)
Part3647.Size = Vector3.new(8.250000953674316, 0.2499980926513672, 7)
Part3647.Anchored = true
Part3647.CanCollide = false
Part3647.Material = Enum.Material.Fabric
SpecialMesh3648.Name = "BarkMesh"
SpecialMesh3648.Parent = Part3647
SpecialMesh3648.MeshId = "rbxassetid://623621260"
SpecialMesh3648.Offset = Vector3.new(0, 3.4100000858306885, 0)
SpecialMesh3648.TextureId = "rbxassetid://623618671"
SpecialMesh3648.MeshType = Enum.MeshType.FileMesh
Part3649.Name = "TreeMeshTop"
Part3649.Parent = Model3646
Part3649.CFrame = CFrame.new(-123.816566, 125.449066, -2746.80981, 0.579303443, 0.229819238, 0.782042742, -0.165361777, 0.972614527, -0.163329825, -0.798162341, -0.0347024351, 0.601442337)
Part3649.Orientation = Vector3.new(9.399999618530273, 52.439998626708984, -9.649999618530273)
Part3649.Position = Vector3.new(-123.81656646728516, 125.44906616210938, -2746.809814453125)
Part3649.Rotation = Vector3.new(15.1899995803833, 51.45000076293945, -21.639999389648438)
Part3649.Transparency = 0.05000000074505806
Part3649.Size = Vector3.new(8.250000953674316, 0.2499980926513672, 7)
Part3649.Anchored = true
Part3649.CanCollide = false
Part3649.Material = Enum.Material.Fabric
SpecialMesh3650.Name = "TopTreeMesh"
SpecialMesh3650.Parent = Part3649
SpecialMesh3650.MeshId = "rbxassetid://623621456"
SpecialMesh3650.Offset = Vector3.new(0, 3.4100000858306885, 0)
SpecialMesh3650.Scale = Vector3.new(1.600000023841858, 1.600000023841858, 1.600000023841858)
SpecialMesh3650.TextureId = "rbxassetid://745556120"
SpecialMesh3650.MeshType = Enum.MeshType.FileMesh
Model3651.Name = "??"
Model3651.Parent = Folder0
Part3652.Name = "TreeMesh Bottom"
Part3652.Parent = Model3651
Part3652.CFrame = CFrame.new(-89.1581039, 95.3416443, -2795.50439, 0.90077281, 0.216380507, 0.376547515, -0.165361777, 0.972614527, -0.163329825, -0.401576996, 0.0848564804, 0.911885858)
Part3652.Orientation = Vector3.new(9.399999618530273, 22.440000534057617, -9.649999618530273)
Part3652.Position = Vector3.new(-89.1581039428711, 95.34164428710938, -2795.50439453125)
Part3652.Rotation = Vector3.new(10.149999618530273, 22.1200008392334, -13.510000228881836)
Part3652.Size = Vector3.new(8.250000953674316, 0.2499980926513672, 7)
Part3652.Anchored = true
Part3652.CanCollide = false
Part3652.Material = Enum.Material.Fabric
SpecialMesh3653.Name = "BarkMesh"
SpecialMesh3653.Parent = Part3652
SpecialMesh3653.MeshId = "rbxassetid://623621260"
SpecialMesh3653.Offset = Vector3.new(0, 3.4100000858306885, 0)
SpecialMesh3653.TextureId = "rbxassetid://623618671"
SpecialMesh3653.MeshType = Enum.MeshType.FileMesh
Part3654.Name = "TreeMeshTop"
Part3654.Parent = Model3651
Part3654.CFrame = CFrame.new(-88.466774, 125.449066, -2796.71826, 0.90077281, 0.216380507, 0.376547515, -0.165361777, 0.972614527, -0.163329825, -0.401576996, 0.0848564804, 0.911885858)
Part3654.Orientation = Vector3.new(9.399999618530273, 22.440000534057617, -9.649999618530273)
Part3654.Position = Vector3.new(-88.4667739868164, 125.44906616210938, -2796.71826171875)
Part3654.Rotation = Vector3.new(10.149999618530273, 22.1200008392334, -13.510000228881836)
Part3654.Transparency = 0.05000000074505806
Part3654.Size = Vector3.new(8.250000953674316, 0.2499980926513672, 7)
Part3654.Anchored = true
Part3654.CanCollide = false
Part3654.Material = Enum.Material.Fabric
SpecialMesh3655.Name = "TopTreeMesh"
SpecialMesh3655.Parent = Part3654
SpecialMesh3655.MeshId = "rbxassetid://623621456"
SpecialMesh3655.Offset = Vector3.new(0, 3.4100000858306885, 0)
SpecialMesh3655.Scale = Vector3.new(1.600000023841858, 1.600000023841858, 1.600000023841858)
SpecialMesh3655.TextureId = "rbxassetid://745556120"
SpecialMesh3655.MeshType = Enum.MeshType.FileMesh
Model3656.Name = "??"
Model3656.Parent = Folder0
Part3657.Name = "TreeMesh Bottom"
Part3657.Parent = Model3656
Part3657.CFrame = CFrame.new(153.70993, 111.25296, -2549.3291, 0.900773168, 0.216380566, 0.376547694, -0.165361837, 0.972614765, -0.163329914, -0.401577353, 0.0848565251, 0.911886811)
Part3657.Orientation = Vector3.new(9.399999618530273, 22.440000534057617, -9.649999618530273)
Part3657.Position = Vector3.new(153.70993041992188, 111.25296020507812, -2549.3291015625)
Part3657.Rotation = Vector3.new(10.149999618530273, 22.1200008392334, -13.510000228881836)
Part3657.Size = Vector3.new(8.250000953674316, 0.2499980926513672, 7)
Part3657.Anchored = true
Part3657.CanCollide = false
Part3657.Material = Enum.Material.Fabric
SpecialMesh3658.Name = "BarkMesh"
SpecialMesh3658.Parent = Part3657
SpecialMesh3658.MeshId = "rbxassetid://623621260"
SpecialMesh3658.Offset = Vector3.new(0, 3.4100000858306885, 0)
SpecialMesh3658.TextureId = "rbxassetid://623618671"
SpecialMesh3658.MeshType = Enum.MeshType.FileMesh
Part3659.Name = "TreeMeshTop"
Part3659.Parent = Model3656
Part3659.CFrame = CFrame.new(154.401199, 141.360382, -2550.54272, 0.900772989, 0.216380537, 0.376547605, -0.165361807, 0.972614646, -0.16332987, -0.401577175, 0.0848565027, 0.911886334)
Part3659.Orientation = Vector3.new(9.399999618530273, 22.440000534057617, -9.649999618530273)
Part3659.Position = Vector3.new(154.4011993408203, 141.36038208007812, -2550.542724609375)
Part3659.Rotation = Vector3.new(10.149999618530273, 22.1200008392334, -13.510000228881836)
Part3659.Transparency = 0.05000000074505806
Part3659.Size = Vector3.new(8.250000953674316, 0.2499980926513672, 7)
Part3659.Anchored = true
Part3659.CanCollide = false
Part3659.Material = Enum.Material.Fabric
SpecialMesh3660.Name = "TopTreeMesh"
SpecialMesh3660.Parent = Part3659
SpecialMesh3660.MeshId = "rbxassetid://623621456"
SpecialMesh3660.Offset = Vector3.new(0, 3.4100000858306885, 0)
SpecialMesh3660.Scale = Vector3.new(1.600000023841858, 1.600000023841858, 1.600000023841858)
SpecialMesh3660.TextureId = "rbxassetid://745556120"
SpecialMesh3660.MeshType = Enum.MeshType.FileMesh
Model3661.Name = "??"
Model3661.Parent = Folder0
Part3662.Name = "TreeMesh Bottom"
Part3662.Parent = Model3661
Part3662.CFrame = CFrame.new(-42.1581039, 95.3416443, -2800.50439, 0.90077281, 0.216380507, 0.376547515, -0.165361777, 0.972614527, -0.163329825, -0.401576996, 0.0848564804, 0.911885858)
Part3662.Orientation = Vector3.new(9.399999618530273, 22.440000534057617, -9.649999618530273)
Part3662.Position = Vector3.new(-42.158103942871094, 95.34164428710938, -2800.50439453125)
Part3662.Rotation = Vector3.new(10.149999618530273, 22.1200008392334, -13.510000228881836)
Part3662.Size = Vector3.new(8.250000953674316, 0.2499980926513672, 7)
Part3662.Anchored = true
Part3662.CanCollide = false
Part3662.Material = Enum.Material.Fabric
SpecialMesh3663.Name = "BarkMesh"
SpecialMesh3663.Parent = Part3662
SpecialMesh3663.MeshId = "rbxassetid://623621260"
SpecialMesh3663.Offset = Vector3.new(0, 3.4100000858306885, 0)
SpecialMesh3663.TextureId = "rbxassetid://623618671"
SpecialMesh3663.MeshType = Enum.MeshType.FileMesh
Part3664.Name = "TreeMeshTop"
Part3664.Parent = Model3661
Part3664.CFrame = CFrame.new(-41.466774, 125.449066, -2801.71826, 0.90077281, 0.216380507, 0.376547515, -0.165361777, 0.972614527, -0.163329825, -0.401576996, 0.0848564804, 0.911885858)
Part3664.Orientation = Vector3.new(9.399999618530273, 22.440000534057617, -9.649999618530273)
Part3664.Position = Vector3.new(-41.466773986816406, 125.44906616210938, -2801.71826171875)
Part3664.Rotation = Vector3.new(10.149999618530273, 22.1200008392334, -13.510000228881836)
Part3664.Transparency = 0.05000000074505806
Part3664.Size = Vector3.new(8.250000953674316, 0.2499980926513672, 7)
Part3664.Anchored = true
Part3664.CanCollide = false
Part3664.Material = Enum.Material.Fabric
SpecialMesh3665.Name = "TopTreeMesh"
SpecialMesh3665.Parent = Part3664
SpecialMesh3665.MeshId = "rbxassetid://623621456"
SpecialMesh3665.Offset = Vector3.new(0, 3.4100000858306885, 0)
SpecialMesh3665.Scale = Vector3.new(1.600000023841858, 1.600000023841858, 1.600000023841858)
SpecialMesh3665.TextureId = "rbxassetid://745556120"
SpecialMesh3665.MeshType = Enum.MeshType.FileMesh
Model3666.Name = "??"
Model3666.Parent = Folder0
Part3667.Name = "TreeMesh Bottom"
Part3667.Parent = Model3666
Part3667.CFrame = CFrame.new(114.70993, 111.25296, -2507.3291, 0.900773168, 0.216380566, 0.376547694, -0.165361837, 0.972614765, -0.163329914, -0.401577353, 0.0848565251, 0.911886811)
Part3667.Orientation = Vector3.new(9.399999618530273, 22.440000534057617, -9.649999618530273)
Part3667.Position = Vector3.new(114.70993041992188, 111.25296020507812, -2507.3291015625)
Part3667.Rotation = Vector3.new(10.149999618530273, 22.1200008392334, -13.510000228881836)
Part3667.Size = Vector3.new(8.250000953674316, 0.2499980926513672, 7)
Part3667.Anchored = true
Part3667.CanCollide = false
Part3667.Material = Enum.Material.Fabric
SpecialMesh3668.Name = "BarkMesh"
SpecialMesh3668.Parent = Part3667
SpecialMesh3668.MeshId = "rbxassetid://623621260"
SpecialMesh3668.Offset = Vector3.new(0, 3.4100000858306885, 0)
SpecialMesh3668.TextureId = "rbxassetid://623618671"
SpecialMesh3668.MeshType = Enum.MeshType.FileMesh
Part3669.Name = "TreeMeshTop"
Part3669.Parent = Model3666
Part3669.CFrame = CFrame.new(115.401199, 141.360382, -2508.54272, 0.900772989, 0.216380537, 0.376547605, -0.165361807, 0.972614646, -0.16332987, -0.401577175, 0.0848565027, 0.911886334)
Part3669.Orientation = Vector3.new(9.399999618530273, 22.440000534057617, -9.649999618530273)
Part3669.Position = Vector3.new(115.40119934082031, 141.36038208007812, -2508.542724609375)
Part3669.Rotation = Vector3.new(10.149999618530273, 22.1200008392334, -13.510000228881836)
Part3669.Transparency = 0.05000000074505806
Part3669.Size = Vector3.new(8.250000953674316, 0.2499980926513672, 7)
Part3669.Anchored = true
Part3669.CanCollide = false
Part3669.Material = Enum.Material.Fabric
SpecialMesh3670.Name = "TopTreeMesh"
SpecialMesh3670.Parent = Part3669
SpecialMesh3670.MeshId = "rbxassetid://623621456"
SpecialMesh3670.Offset = Vector3.new(0, 3.4100000858306885, 0)
SpecialMesh3670.Scale = Vector3.new(1.600000023841858, 1.600000023841858, 1.600000023841858)
SpecialMesh3670.TextureId = "rbxassetid://745556120"
SpecialMesh3670.MeshType = Enum.MeshType.FileMesh
Model3671.Name = "??"
Model3671.Parent = Folder0
Part3672.Name = "TreeMesh Bottom"
Part3672.Parent = Model3671
Part3672.CFrame = CFrame.new(159.70993, 111.25296, -2516.3291, 0.900773168, 0.216380566, 0.376547694, -0.165361837, 0.972614765, -0.163329914, -0.401577353, 0.0848565251, 0.911886811)
Part3672.Orientation = Vector3.new(9.399999618530273, 22.440000534057617, -9.649999618530273)
Part3672.Position = Vector3.new(159.70993041992188, 111.25296020507812, -2516.3291015625)
Part3672.Rotation = Vector3.new(10.149999618530273, 22.1200008392334, -13.510000228881836)
Part3672.Size = Vector3.new(8.250000953674316, 0.2499980926513672, 7)
Part3672.Anchored = true
Part3672.CanCollide = false
Part3672.Material = Enum.Material.Fabric
SpecialMesh3673.Name = "BarkMesh"
SpecialMesh3673.Parent = Part3672
SpecialMesh3673.MeshId = "rbxassetid://623621260"
SpecialMesh3673.Offset = Vector3.new(0, 3.4100000858306885, 0)
SpecialMesh3673.TextureId = "rbxassetid://623618671"
SpecialMesh3673.MeshType = Enum.MeshType.FileMesh
Part3674.Name = "TreeMeshTop"
Part3674.Parent = Model3671
Part3674.CFrame = CFrame.new(160.401199, 141.360382, -2517.54272, 0.900772989, 0.216380537, 0.376547605, -0.165361807, 0.972614646, -0.16332987, -0.401577175, 0.0848565027, 0.911886334)
Part3674.Orientation = Vector3.new(9.399999618530273, 22.440000534057617, -9.649999618530273)
Part3674.Position = Vector3.new(160.4011993408203, 141.36038208007812, -2517.542724609375)
Part3674.Rotation = Vector3.new(10.149999618530273, 22.1200008392334, -13.510000228881836)
Part3674.Transparency = 0.05000000074505806
Part3674.Size = Vector3.new(8.250000953674316, 0.2499980926513672, 7)
Part3674.Anchored = true
Part3674.CanCollide = false
Part3674.Material = Enum.Material.Fabric
SpecialMesh3675.Name = "TopTreeMesh"
SpecialMesh3675.Parent = Part3674
SpecialMesh3675.MeshId = "rbxassetid://623621456"
SpecialMesh3675.Offset = Vector3.new(0, 3.4100000858306885, 0)
SpecialMesh3675.Scale = Vector3.new(1.600000023841858, 1.600000023841858, 1.600000023841858)
SpecialMesh3675.TextureId = "rbxassetid://745556120"
SpecialMesh3675.MeshType = Enum.MeshType.FileMesh
Model3676.Name = "??"
Model3676.Parent = Folder0
Part3677.Name = "TreeMesh Bottom"
Part3677.Parent = Model3676
Part3677.CFrame = CFrame.new(284.566528, 107.818848, -2360.25928, 0.701307237, -0.0712001324, -0.709297657, 0.127848864, 0.991431475, 0.0268871561, 0.701306105, -0.109538689, 0.704398096)
Part3677.Orientation = Vector3.new(-1.5399999618530273, -45.20000076293945, 7.349999904632568)
Part3677.Position = Vector3.new(284.5665283203125, 107.81884765625, -2360.25927734375)
Part3677.Rotation = Vector3.new(-2.190000057220459, -45.18000030517578, 5.800000190734863)
Part3677.Size = Vector3.new(8.250000953674316, 0.2499980926513672, 7)
Part3677.Anchored = true
Part3677.CanCollide = false
Part3677.Material = Enum.Material.Fabric
SpecialMesh3678.Name = "BarkMesh"
SpecialMesh3678.Parent = Part3677
SpecialMesh3678.MeshId = "rbxassetid://623621260"
SpecialMesh3678.Offset = Vector3.new(0, 3.4100000858306885, 0)
SpecialMesh3678.TextureId = "rbxassetid://623618671"
SpecialMesh3678.MeshType = Enum.MeshType.FileMesh
Part3679.Name = "TreeMeshTop"
Part3679.Parent = Model3676
Part3679.CFrame = CFrame.new(282.420532, 137.700378, -2363.56201, 0.701307237, -0.0712001324, -0.709297657, 0.127848864, 0.991431475, 0.0268871561, 0.701306105, -0.109538689, 0.704398096)
Part3679.Orientation = Vector3.new(-1.5399999618530273, -45.20000076293945, 7.349999904632568)
Part3679.Position = Vector3.new(282.4205322265625, 137.70037841796875, -2363.56201171875)
Part3679.Rotation = Vector3.new(-2.190000057220459, -45.18000030517578, 5.800000190734863)
Part3679.Transparency = 0.05000000074505806
Part3679.Size = Vector3.new(8.250000953674316, 0.2499980926513672, 7)
Part3679.Anchored = true
Part3679.CanCollide = false
Part3679.Material = Enum.Material.Fabric
SpecialMesh3680.Name = "TopTreeMesh"
SpecialMesh3680.Parent = Part3679
SpecialMesh3680.MeshId = "rbxassetid://623621456"
SpecialMesh3680.Offset = Vector3.new(0, 3.4100000858306885, 0)
SpecialMesh3680.Scale = Vector3.new(1.600000023841858, 1.600000023841858, 1.600000023841858)
SpecialMesh3680.TextureId = "rbxassetid://745556120"
SpecialMesh3680.MeshType = Enum.MeshType.FileMesh
Model3681.Name = "??"
Model3681.Parent = Folder0
Part3682.Name = "TreeMesh Bottom"
Part3682.Parent = Model3681
Part3682.CFrame = CFrame.new(37.4527702, 111.25296, -2487.58325, 1, 0, 0, 0, 1, 0, 0, 0, 1)
Part3682.Position = Vector3.new(37.4527702331543, 111.25296020507812, -2487.583251953125)
Part3682.Size = Vector3.new(8.250000953674316, 0.2499980926513672, 7)
Part3682.Anchored = true
Part3682.CanCollide = false
Part3682.Material = Enum.Material.Fabric
SpecialMesh3683.Name = "BarkMesh"
SpecialMesh3683.Parent = Part3682
SpecialMesh3683.MeshId = "rbxassetid://623621260"
SpecialMesh3683.Offset = Vector3.new(0, 3.4100000858306885, 0)
SpecialMesh3683.TextureId = "rbxassetid://623618671"
SpecialMesh3683.MeshType = Enum.MeshType.FileMesh
Part3684.Name = "TreeMeshTop"
Part3684.Parent = Model3681
Part3684.CFrame = CFrame.new(38.6582375, 141.360382, -2488.28857, 1, 0, 0, 0, 1, 0, 0, 0, 1)
Part3684.Position = Vector3.new(38.65823745727539, 141.36038208007812, -2488.28857421875)
Part3684.Transparency = 0.05000000074505806
Part3684.Size = Vector3.new(8.250000953674316, 0.2499980926513672, 7)
Part3684.Anchored = true
Part3684.CanCollide = false
Part3684.Material = Enum.Material.Fabric
SpecialMesh3685.Name = "TopTreeMesh"
SpecialMesh3685.Parent = Part3684
SpecialMesh3685.MeshId = "rbxassetid://623621456"
SpecialMesh3685.Offset = Vector3.new(0, 3.4100000858306885, 0)
SpecialMesh3685.Scale = Vector3.new(1.600000023841858, 1.600000023841858, 1.600000023841858)
SpecialMesh3685.TextureId = "rbxassetid://745556120"
SpecialMesh3685.MeshType = Enum.MeshType.FileMesh
Model3686.Name = "??"
Model3686.Parent = Folder0
Part3687.Name = "TreeMesh Bottom"
Part3687.Parent = Model3686
Part3687.CFrame = CFrame.new(243.413452, 99.3824844, -2236.00098, 0.932323456, -0.161898822, -0.323371083, 0.078620173, 0.963545144, -0.255739331, 0.352983624, 0.213007152, 0.911064148)
Part3687.Orientation = Vector3.new(14.819999694824219, -19.540000915527344, 4.659999847412109)
Part3687.Position = Vector3.new(243.4134521484375, 99.38248443603516, -2236.0009765625)
Part3687.Rotation = Vector3.new(15.680000305175781, -18.8700008392334, 9.850000381469727)
Part3687.Size = Vector3.new(8.250000953674316, 0.2499980926513672, 7)
Part3687.Anchored = true
Part3687.CanCollide = false
Part3687.Material = Enum.Material.Fabric
SpecialMesh3688.Name = "BarkMesh"
SpecialMesh3688.Parent = Part3687
SpecialMesh3688.MeshId = "rbxassetid://623621260"
SpecialMesh3688.Offset = Vector3.new(0, 3.4100000858306885, 0)
SpecialMesh3688.TextureId = "rbxassetid://623618671"
SpecialMesh3688.MeshType = Enum.MeshType.FileMesh
Part3689.Name = "TreeMeshTop"
Part3689.Parent = Model3686
Part3689.CFrame = CFrame.new(236.922226, 128.812714, -2236.37061, 0.932320595, -0.161898643, -0.323368609, 0.0786197037, 0.963544011, -0.255738169, 0.352983534, 0.213006809, 0.911060274)
Part3689.Orientation = Vector3.new(14.819999694824219, -19.540000915527344, 4.659999847412109)
Part3689.Position = Vector3.new(236.92222595214844, 128.81271362304688, -2236.37060546875)
Part3689.Rotation = Vector3.new(15.680000305175781, -18.8700008392334, 9.850000381469727)
Part3689.Transparency = 0.05000000074505806
Part3689.Size = Vector3.new(8.250000953674316, 0.2499980926513672, 7)
Part3689.Anchored = true
Part3689.CanCollide = false
Part3689.Material = Enum.Material.Fabric
SpecialMesh3690.Name = "TopTreeMesh"
SpecialMesh3690.Parent = Part3689
SpecialMesh3690.MeshId = "rbxassetid://623621456"
SpecialMesh3690.Offset = Vector3.new(0, 3.4100000858306885, 0)
SpecialMesh3690.Scale = Vector3.new(1.600000023841858, 1.600000023841858, 1.600000023841858)
SpecialMesh3690.TextureId = "rbxassetid://745556120"
SpecialMesh3690.MeshType = Enum.MeshType.FileMesh
Model3691.Name = "??"
Model3691.Parent = Folder0
Part3692.Name = "TreeMesh Bottom"
Part3692.Parent = Model3691
Part3692.CFrame = CFrame.new(691.144836, 107.818848, -1861.98364, 0.701306224, -0.109538689, 0.704398036, 0.127848864, 0.991431475, 0.0268871561, -0.701307178, 0.0712001175, 0.709297657)
Part3692.Orientation = Vector3.new(-1.5399999618530273, 44.79999923706055, 7.349999904632568)
Part3692.Position = Vector3.new(691.1448364257812, 107.81884765625, -1861.983642578125)
Part3692.Rotation = Vector3.new(-2.1700000762939453, 44.779998779296875, 8.880000114440918)
Part3692.Size = Vector3.new(8.250000953674316, 0.2499980926513672, 7)
Part3692.Anchored = true
Part3692.CanCollide = false
Part3692.Material = Enum.Material.Fabric
SpecialMesh3693.Name = "BarkMesh"
SpecialMesh3693.Parent = Part3692
SpecialMesh3693.MeshId = "rbxassetid://623621260"
SpecialMesh3693.Offset = Vector3.new(0, 3.4100000858306885, 0)
SpecialMesh3693.TextureId = "rbxassetid://623618671"
SpecialMesh3693.MeshType = Enum.MeshType.FileMesh
Part3694.Name = "TreeMeshTop"
Part3694.Parent = Model3691
Part3694.CFrame = CFrame.new(687.842224, 137.700378, -1859.83765, 0.701306224, -0.109538689, 0.704398036, 0.127848864, 0.991431475, 0.0268871561, -0.701307178, 0.0712001175, 0.709297657)
Part3694.Orientation = Vector3.new(-1.5399999618530273, 44.79999923706055, 7.349999904632568)
Part3694.Position = Vector3.new(687.8422241210938, 137.70037841796875, -1859.837646484375)
Part3694.Rotation = Vector3.new(-2.1700000762939453, 44.779998779296875, 8.880000114440918)
Part3694.Transparency = 0.05000000074505806
Part3694.Size = Vector3.new(8.250000953674316, 0.2499980926513672, 7)
Part3694.Anchored = true
Part3694.CanCollide = false
Part3694.Material = Enum.Material.Fabric
SpecialMesh3695.Name = "TopTreeMesh"
SpecialMesh3695.Parent = Part3694
SpecialMesh3695.MeshId = "rbxassetid://623621456"
SpecialMesh3695.Offset = Vector3.new(0, 3.4100000858306885, 0)
SpecialMesh3695.Scale = Vector3.new(1.600000023841858, 1.600000023841858, 1.600000023841858)
SpecialMesh3695.TextureId = "rbxassetid://745556120"
SpecialMesh3695.MeshType = Enum.MeshType.FileMesh
Model3696.Name = "??"
Model3696.Parent = Folder0
Part3697.Name = "TreeMesh Bottom"
Part3697.Parent = Model3696
Part3697.CFrame = CFrame.new(228.910095, 105.585228, -2360.47241, 0.955080569, -0.219002634, 0.199647218, 0.253047347, 0.953313887, -0.164802954, -0.154234141, 0.207920328, 0.965909421)
Part3697.Orientation = Vector3.new(9.489999771118164, 11.680000305175781, 14.869999885559082)
Part3697.Position = Vector3.new(228.91009521484375, 105.5852279663086, -2360.472412109375)
Part3697.Rotation = Vector3.new(9.680000305175781, 11.520000457763672, 12.90999984741211)
Part3697.Size = Vector3.new(8.250000953674316, 0.2499980926513672, 7)
Part3697.Anchored = true
Part3697.CanCollide = false
Part3697.Material = Enum.Material.Fabric
SpecialMesh3698.Name = "BarkMesh"
SpecialMesh3698.Parent = Part3697
SpecialMesh3698.MeshId = "rbxassetid://623621260"
SpecialMesh3698.Offset = Vector3.new(0, 3.4100000858306885, 0)
SpecialMesh3698.TextureId = "rbxassetid://623618671"
SpecialMesh3698.MeshType = Enum.MeshType.FileMesh
Part3699.Name = "TreeMeshTop"
Part3699.Parent = Model3696
Part3699.CFrame = CFrame.new(217.641205, 133.516388, -2359.34497, 0.955080628, -0.219002604, 0.199647188, 0.253047347, 0.953313828, -0.164802969, -0.154234111, 0.207920298, 0.965909541)
Part3699.Orientation = Vector3.new(9.489999771118164, 11.680000305175781, 14.869999885559082)
Part3699.Position = Vector3.new(217.64120483398438, 133.51638793945312, -2359.344970703125)
Part3699.Rotation = Vector3.new(9.680000305175781, 11.520000457763672, 12.90999984741211)
Part3699.Transparency = 0.05000000074505806
Part3699.Size = Vector3.new(8.250000953674316, 0.2499980926513672, 7)
Part3699.Anchored = true
Part3699.CanCollide = false
Part3699.Material = Enum.Material.Fabric
SpecialMesh3700.Name = "TopTreeMesh"
SpecialMesh3700.Parent = Part3699
SpecialMesh3700.MeshId = "rbxassetid://623621456"
SpecialMesh3700.Offset = Vector3.new(0, 3.4100000858306885, 0)
SpecialMesh3700.Scale = Vector3.new(1.600000023841858, 1.600000023841858, 1.600000023841858)
SpecialMesh3700.TextureId = "rbxassetid://745556120"
SpecialMesh3700.MeshType = Enum.MeshType.FileMesh
Model3701.Name = "??"
Model3701.Parent = Folder0
Part3702.Name = "TreeMesh Bottom"
Part3702.Parent = Model3701
Part3702.CFrame = CFrame.new(629.144836, 107.818848, -1967.98364, 0.701306224, -0.109538689, 0.704398036, 0.127848864, 0.991431475, 0.0268871561, -0.701307178, 0.0712001175, 0.709297657)
Part3702.Orientation = Vector3.new(-1.5399999618530273, 44.79999923706055, 7.349999904632568)
Part3702.Position = Vector3.new(629.1448364257812, 107.81884765625, -1967.983642578125)
Part3702.Rotation = Vector3.new(-2.1700000762939453, 44.779998779296875, 8.880000114440918)
Part3702.Size = Vector3.new(8.250000953674316, 0.2499980926513672, 7)
Part3702.Anchored = true
Part3702.CanCollide = false
Part3702.Material = Enum.Material.Fabric
SpecialMesh3703.Name = "BarkMesh"
SpecialMesh3703.Parent = Part3702
SpecialMesh3703.MeshId = "rbxassetid://623621260"
SpecialMesh3703.Offset = Vector3.new(0, 3.4100000858306885, 0)
SpecialMesh3703.TextureId = "rbxassetid://623618671"
SpecialMesh3703.MeshType = Enum.MeshType.FileMesh
Part3704.Name = "TreeMeshTop"
Part3704.Parent = Model3701
Part3704.CFrame = CFrame.new(625.842224, 137.700378, -1965.83765, 0.701306224, -0.109538689, 0.704398036, 0.127848864, 0.991431475, 0.0268871561, -0.701307178, 0.0712001175, 0.709297657)
Part3704.Orientation = Vector3.new(-1.5399999618530273, 44.79999923706055, 7.349999904632568)
Part3704.Position = Vector3.new(625.8422241210938, 137.70037841796875, -1965.837646484375)
Part3704.Rotation = Vector3.new(-2.1700000762939453, 44.779998779296875, 8.880000114440918)
Part3704.Transparency = 0.05000000074505806
Part3704.Size = Vector3.new(8.250000953674316, 0.2499980926513672, 7)
Part3704.Anchored = true
Part3704.CanCollide = false
Part3704.Material = Enum.Material.Fabric
SpecialMesh3705.Name = "TopTreeMesh"
SpecialMesh3705.Parent = Part3704
SpecialMesh3705.MeshId = "rbxassetid://623621456"
SpecialMesh3705.Offset = Vector3.new(0, 3.4100000858306885, 0)
SpecialMesh3705.Scale = Vector3.new(1.600000023841858, 1.600000023841858, 1.600000023841858)
SpecialMesh3705.TextureId = "rbxassetid://745556120"
SpecialMesh3705.MeshType = Enum.MeshType.FileMesh
Model3706.Name = "??"
Model3706.Parent = Folder0
Part3707.Name = "TreeMesh Bottom"
Part3707.Parent = Model3706
Part3707.CFrame = CFrame.new(750.144836, 107.818848, -1990.98364, 0.701306224, -0.109538689, 0.704398036, 0.127848864, 0.991431475, 0.0268871561, -0.701307178, 0.0712001175, 0.709297657)
Part3707.Orientation = Vector3.new(-1.5399999618530273, 44.79999923706055, 7.349999904632568)
Part3707.Position = Vector3.new(750.1448364257812, 107.81884765625, -1990.983642578125)
Part3707.Rotation = Vector3.new(-2.1700000762939453, 44.779998779296875, 8.880000114440918)
Part3707.Size = Vector3.new(8.250000953674316, 0.2499980926513672, 7)
Part3707.Anchored = true
Part3707.CanCollide = false
Part3707.Material = Enum.Material.Fabric
SpecialMesh3708.Name = "BarkMesh"
SpecialMesh3708.Parent = Part3707
SpecialMesh3708.MeshId = "rbxassetid://623621260"
SpecialMesh3708.Offset = Vector3.new(0, 3.4100000858306885, 0)
SpecialMesh3708.TextureId = "rbxassetid://623618671"
SpecialMesh3708.MeshType = Enum.MeshType.FileMesh
Part3709.Name = "TreeMeshTop"
Part3709.Parent = Model3706
Part3709.CFrame = CFrame.new(746.842224, 137.700378, -1988.83765, 0.701306224, -0.109538689, 0.704398036, 0.127848864, 0.991431475, 0.0268871561, -0.701307178, 0.0712001175, 0.709297657)
Part3709.Orientation = Vector3.new(-1.5399999618530273, 44.79999923706055, 7.349999904632568)
Part3709.Position = Vector3.new(746.8422241210938, 137.70037841796875, -1988.837646484375)
Part3709.Rotation = Vector3.new(-2.1700000762939453, 44.779998779296875, 8.880000114440918)
Part3709.Transparency = 0.05000000074505806
Part3709.Size = Vector3.new(8.250000953674316, 0.2499980926513672, 7)
Part3709.Anchored = true
Part3709.CanCollide = false
Part3709.Material = Enum.Material.Fabric
SpecialMesh3710.Name = "TopTreeMesh"
SpecialMesh3710.Parent = Part3709
SpecialMesh3710.MeshId = "rbxassetid://623621456"
SpecialMesh3710.Offset = Vector3.new(0, 3.4100000858306885, 0)
SpecialMesh3710.Scale = Vector3.new(1.600000023841858, 1.600000023841858, 1.600000023841858)
SpecialMesh3710.TextureId = "rbxassetid://745556120"
SpecialMesh3710.MeshType = Enum.MeshType.FileMesh
Model3711.Name = "??"
Model3711.Parent = Folder0
Part3712.Name = "TreeMesh Bottom"
Part3712.Parent = Model3711
Part3712.CFrame = CFrame.new(-80.3068161, 84.8951569, -3088.06177, 0.495896429, -0.040423356, -0.867440343, 0.127848536, 0.99142921, 0.026886832, 0.858918846, -0.124234051, 0.496814191)
Part3712.Orientation = Vector3.new(-1.5399999618530273, -60.20000076293945, 7.349999904632568)
Part3712.Position = Vector3.new(-80.30681610107422, 84.89515686035156, -3088.061767578125)
Part3712.Rotation = Vector3.new(-3.0999999046325684, -60.15999984741211, 4.659999847412109)
Part3712.Size = Vector3.new(8.250000953674316, 0.2499980926513672, 7)
Part3712.Anchored = true
Part3712.CanCollide = false
Part3712.Material = Enum.Material.Fabric
SpecialMesh3713.Name = "BarkMesh"
SpecialMesh3713.Parent = Part3712
SpecialMesh3713.MeshId = "rbxassetid://623621260"
SpecialMesh3713.Offset = Vector3.new(0, 3.4100000858306885, 0)
SpecialMesh3713.TextureId = "rbxassetid://623618671"
SpecialMesh3713.MeshType = Enum.MeshType.FileMesh
Part3714.Name = "TreeMeshTop"
Part3714.Parent = Model3711
Part3714.CFrame = CFrame.new(-81.5249634, 114.776779, -3091.80737, 0.495896995, -0.040423315, -0.867440045, 0.127848461, 0.99142921, 0.0268869344, 0.858918548, -0.124234006, 0.496814787)
Part3714.Orientation = Vector3.new(-1.5399999618530273, -60.20000076293945, 7.349999904632568)
Part3714.Position = Vector3.new(-81.52496337890625, 114.77677917480469, -3091.807373046875)
Part3714.Rotation = Vector3.new(-3.0999999046325684, -60.15999984741211, 4.659999847412109)
Part3714.Transparency = 0.05000000074505806
Part3714.Size = Vector3.new(8.250000953674316, 0.2499980926513672, 7)
Part3714.Anchored = true
Part3714.CanCollide = false
Part3714.Material = Enum.Material.Fabric
SpecialMesh3715.Name = "TopTreeMesh"
SpecialMesh3715.Parent = Part3714
SpecialMesh3715.MeshId = "rbxassetid://623621456"
SpecialMesh3715.Offset = Vector3.new(0, 3.4100000858306885, 0)
SpecialMesh3715.Scale = Vector3.new(1.600000023841858, 1.600000023841858, 1.600000023841858)
SpecialMesh3715.TextureId = "rbxassetid://745556120"
SpecialMesh3715.MeshType = Enum.MeshType.FileMesh
Model3716.Name = "??"
Model3716.Parent = Folder0
Part3717.Name = "TreeMesh Bottom"
Part3717.Parent = Model3716
Part3717.CFrame = CFrame.new(232.915619, 79.0401688, -2003.11719, -0.989387393, -0.123185493, 0.0770597309, -0.128917098, 0.988858759, -0.0744320825, -0.0670323521, -0.0835764855, -0.994244576)
Part3717.Orientation = Vector3.new(4.269999980926514, 175.57000732421875, -7.429999828338623)
Part3717.Position = Vector3.new(232.91561889648438, 79.04016876220703, -2003.1171875)
Part3717.Rotation = Vector3.new(175.72000122070312, 4.420000076293945, 172.89999389648438)
Part3717.Size = Vector3.new(8.250000953674316, 0.2499980926513672, 7)
Part3717.Anchored = true
Part3717.CanCollide = false
Part3717.Material = Enum.Material.Fabric
SpecialMesh3718.Name = "BarkMesh"
SpecialMesh3718.Parent = Part3717
SpecialMesh3718.MeshId = "rbxassetid://623621260"
SpecialMesh3718.Offset = Vector3.new(0, 3.4100000858306885, 0)
SpecialMesh3718.TextureId = "rbxassetid://623618671"
SpecialMesh3718.MeshType = Enum.MeshType.FileMesh
Part3719.Name = "TreeMeshTop"
Part3719.Parent = Model3716
Part3719.CFrame = CFrame.new(232.685791, 108.97052, -1999.57861, -0.989387572, -0.123185471, 0.0770597309, -0.128917113, 0.98885864, -0.0744320601, -0.0670324117, -0.0835764632, -0.994244576)
Part3719.Orientation = Vector3.new(4.269999980926514, 175.57000732421875, -7.429999828338623)
Part3719.Position = Vector3.new(232.685791015625, 108.97052001953125, -1999.57861328125)
Part3719.Rotation = Vector3.new(175.72000122070312, 4.420000076293945, 172.89999389648438)
Part3719.Transparency = 0.05000000074505806
Part3719.Size = Vector3.new(8.250000953674316, 0.2499980926513672, 7)
Part3719.Anchored = true
Part3719.CanCollide = false
Part3719.Material = Enum.Material.Fabric
SpecialMesh3720.Name = "TopTreeMesh"
SpecialMesh3720.Parent = Part3719
SpecialMesh3720.MeshId = "rbxassetid://623621456"
SpecialMesh3720.Offset = Vector3.new(0, 3.4100000858306885, 0)
SpecialMesh3720.Scale = Vector3.new(1.600000023841858, 1.600000023841858, 1.600000023841858)
SpecialMesh3720.TextureId = "rbxassetid://745556120"
SpecialMesh3720.MeshType = Enum.MeshType.FileMesh
Model3721.Name = "??"
Model3721.Parent = Folder0
Part3722.Name = "TreeMesh Bottom"
