SpecialMesh7322.Name = "TopTreeMesh"
SpecialMesh7322.Parent = Part7321
SpecialMesh7322.MeshId = "rbxassetid://623621456"
SpecialMesh7322.Offset = Vector3.new(0, 3.4100000858306885, 0)
SpecialMesh7322.Scale = Vector3.new(1.600000023841858, 1.600000023841858, 1.600000023841858)
SpecialMesh7322.TextureId = "rbxassetid://745556120"
SpecialMesh7322.MeshType = Enum.MeshType.FileMesh
Model7323.Name = "??"
Model7323.Parent = Folder0
Part7324.Name = "TreeMesh Bottom"
Part7324.Parent = Model7323
Part7324.CFrame = CFrame.new(938.22998, 233.668823, 1691.73218, -0.100412026, 0.432499707, -0.896025419, 0.373687804, 0.851037443, 0.36890769, 0.922103584, -0.297790974, -0.247074261)
Part7324.Orientation = Vector3.new(-21.649999618530273, -105.41999816894531, 23.709999084472656)
Part7324.Position = Vector3.new(938.22998046875, 233.6688232421875, 1691.732177734375)
Part7324.Rotation = Vector3.new(-123.80999755859375, -63.63999938964844, -103.06999969482422)
Part7324.Size = Vector3.new(8.250000953674316, 0.2499980926513672, 7)
Part7324.Anchored = true
Part7324.CanCollide = false
Part7324.Material = Enum.Material.Fabric
SpecialMesh7325.Name = "BarkMesh"
SpecialMesh7325.Parent = Part7324
SpecialMesh7325.MeshId = "rbxassetid://623621260"
SpecialMesh7325.Offset = Vector3.new(0, 3.4100000858306885, 0)
SpecialMesh7325.TextureId = "rbxassetid://623618671"
SpecialMesh7325.MeshType = Enum.MeshType.FileMesh
Part7326.Name = "TreeMeshTop"
Part7326.Parent = Model7323
Part7326.CFrame = CFrame.new(951.266113, 259.318237, 1682.75623, -0.100412026, 0.432499707, -0.896025419, 0.373687804, 0.851037443, 0.36890769, 0.922103584, -0.297790974, -0.247074261)
Part7326.Orientation = Vector3.new(-21.649999618530273, -105.41999816894531, 23.709999084472656)
Part7326.Position = Vector3.new(951.26611328125, 259.3182373046875, 1682.7562255859375)
Part7326.Rotation = Vector3.new(-123.80999755859375, -63.63999938964844, -103.06999969482422)
Part7326.Transparency = 0.05000000074505806
Part7326.Size = Vector3.new(8.250000953674316, 0.2499980926513672, 7)
Part7326.Anchored = true
Part7326.CanCollide = false
Part7326.Material = Enum.Material.Fabric
SpecialMesh7327.Name = "TopTreeMesh"
SpecialMesh7327.Parent = Part7326
SpecialMesh7327.MeshId = "rbxassetid://623621456"
SpecialMesh7327.Offset = Vector3.new(0, 3.4100000858306885, 0)
SpecialMesh7327.Scale = Vector3.new(1.600000023841858, 1.600000023841858, 1.600000023841858)
SpecialMesh7327.TextureId = "rbxassetid://745556120"
SpecialMesh7327.MeshType = Enum.MeshType.FileMesh
Model7328.Name = "??"
Model7328.Parent = Folder0
Part7329.Name = "TreeMesh Bottom"
Part7329.Parent = Model7328
Part7329.CFrame = CFrame.new(938.22998, 233.668823, 1691.73218, -0.100412026, 0.432499707, -0.896025419, 0.373687804, 0.851037443, 0.36890769, 0.922103584, -0.297790974, -0.247074261)
Part7329.Orientation = Vector3.new(-21.649999618530273, -105.41999816894531, 23.709999084472656)
Part7329.Position = Vector3.new(938.22998046875, 233.6688232421875, 1691.732177734375)
Part7329.Rotation = Vector3.new(-123.80999755859375, -63.63999938964844, -103.06999969482422)
Part7329.Size = Vector3.new(8.250000953674316, 0.2499980926513672, 7)
Part7329.Anchored = true
Part7329.CanCollide = false
Part7329.Material = Enum.Material.Fabric
SpecialMesh7330.Name = "BarkMesh"
SpecialMesh7330.Parent = Part7329
SpecialMesh7330.MeshId = "rbxassetid://623621260"
SpecialMesh7330.Offset = Vector3.new(0, 3.4100000858306885, 0)
SpecialMesh7330.TextureId = "rbxassetid://623618671"
SpecialMesh7330.MeshType = Enum.MeshType.FileMesh
Part7331.Name = "TreeMeshTop"
Part7331.Parent = Model7328
Part7331.CFrame = CFrame.new(951.266113, 259.318237, 1682.75623, -0.100412026, 0.432499707, -0.896025419, 0.373687804, 0.851037443, 0.36890769, 0.922103584, -0.297790974, -0.247074261)
Part7331.Orientation = Vector3.new(-21.649999618530273, -105.41999816894531, 23.709999084472656)
Part7331.Position = Vector3.new(951.26611328125, 259.3182373046875, 1682.7562255859375)
Part7331.Rotation = Vector3.new(-123.80999755859375, -63.63999938964844, -103.06999969482422)
Part7331.Transparency = 0.05000000074505806
Part7331.Size = Vector3.new(8.250000953674316, 0.2499980926513672, 7)
Part7331.Anchored = true
Part7331.CanCollide = false
Part7331.Material = Enum.Material.Fabric
SpecialMesh7332.Name = "TopTreeMesh"
SpecialMesh7332.Parent = Part7331
SpecialMesh7332.MeshId = "rbxassetid://623621456"
SpecialMesh7332.Offset = Vector3.new(0, 3.4100000858306885, 0)
SpecialMesh7332.Scale = Vector3.new(1.600000023841858, 1.600000023841858, 1.600000023841858)
SpecialMesh7332.TextureId = "rbxassetid://745556120"
SpecialMesh7332.MeshType = Enum.MeshType.FileMesh
Model7333.Name = "??"
Model7333.Parent = Folder0
Part7334.Name = "TreeMesh Bottom"
Part7334.Parent = Model7333
Part7334.CFrame = CFrame.new(938.230469, 233.669861, 1691.73694, -0.684525907, 0.432499409, -0.58683002, 0.52489388, 0.851036429, 0.0149471015, 0.505880594, -0.29779011, -0.809576869)
Part7334.Orientation = Vector3.new(-0.8600000143051147, -144.05999755859375, 31.670000076293945)
Part7334.Position = Vector3.new(938.23046875, 233.66986083984375, 1691.7369384765625)
Part7334.Rotation = Vector3.new(-178.94000244140625, -35.93000030517578, -147.7100067138672)
Part7334.Size = Vector3.new(8.250000953674316, 0.2499980926513672, 7)
Part7334.Anchored = true
Part7334.CanCollide = false
Part7334.Material = Enum.Material.Fabric
SpecialMesh7335.Name = "BarkMesh"
SpecialMesh7335.Parent = Part7334
SpecialMesh7335.MeshId = "rbxassetid://623621260"
SpecialMesh7335.Offset = Vector3.new(0, 3.4100000858306885, 0)
SpecialMesh7335.TextureId = "rbxassetid://623618671"
SpecialMesh7335.MeshType = Enum.MeshType.FileMesh
Part7336.Name = "TreeMeshTop"
Part7336.Parent = Model7333
Part7336.CFrame = CFrame.new(951.266479, 259.319183, 1682.76086, -0.684525907, 0.432499409, -0.58683002, 0.52489388, 0.851036429, 0.0149471015, 0.505880594, -0.29779011, -0.809576869)
Part7336.Orientation = Vector3.new(-0.8600000143051147, -144.05999755859375, 31.670000076293945)
Part7336.Position = Vector3.new(951.2664794921875, 259.3191833496094, 1682.7608642578125)
Part7336.Rotation = Vector3.new(-178.94000244140625, -35.93000030517578, -147.7100067138672)
Part7336.Transparency = 0.05000000074505806
Part7336.Size = Vector3.new(8.250000953674316, 0.2499980926513672, 7)
Part7336.Anchored = true
Part7336.CanCollide = false
Part7336.Material = Enum.Material.Fabric
SpecialMesh7337.Name = "TopTreeMesh"
SpecialMesh7337.Parent = Part7336
SpecialMesh7337.MeshId = "rbxassetid://623621456"
SpecialMesh7337.Offset = Vector3.new(0, 3.4100000858306885, 0)
SpecialMesh7337.Scale = Vector3.new(1.600000023841858, 1.600000023841858, 1.600000023841858)
SpecialMesh7337.TextureId = "rbxassetid://745556120"
SpecialMesh7337.MeshType = Enum.MeshType.FileMesh
Model7338.Name = "??"
Model7338.Parent = Folder0
Part7339.Name = "TreeMesh Bottom"
Part7339.Parent = Model7338
Part7339.CFrame = CFrame.new(938.22998, 233.668823, 1691.73218, -0.100412026, 0.432499707, -0.896025419, 0.373687804, 0.851037443, 0.36890769, 0.922103584, -0.297790974, -0.247074261)
Part7339.Orientation = Vector3.new(-21.649999618530273, -105.41999816894531, 23.709999084472656)
Part7339.Position = Vector3.new(938.22998046875, 233.6688232421875, 1691.732177734375)
Part7339.Rotation = Vector3.new(-123.80999755859375, -63.63999938964844, -103.06999969482422)
Part7339.Size = Vector3.new(8.250000953674316, 0.2499980926513672, 7)
Part7339.Anchored = true
Part7339.CanCollide = false
Part7339.Material = Enum.Material.Fabric
SpecialMesh7340.Name = "BarkMesh"
SpecialMesh7340.Parent = Part7339
SpecialMesh7340.MeshId = "rbxassetid://623621260"
SpecialMesh7340.Offset = Vector3.new(0, 3.4100000858306885, 0)
SpecialMesh7340.TextureId = "rbxassetid://623618671"
SpecialMesh7340.MeshType = Enum.MeshType.FileMesh
Part7341.Name = "TreeMeshTop"
Part7341.Parent = Model7338
Part7341.CFrame = CFrame.new(951.266113, 259.318237, 1682.75623, -0.100412026, 0.432499707, -0.896025419, 0.373687804, 0.851037443, 0.36890769, 0.922103584, -0.297790974, -0.247074261)
Part7341.Orientation = Vector3.new(-21.649999618530273, -105.41999816894531, 23.709999084472656)
Part7341.Position = Vector3.new(951.26611328125, 259.3182373046875, 1682.7562255859375)
Part7341.Rotation = Vector3.new(-123.80999755859375, -63.63999938964844, -103.06999969482422)
Part7341.Transparency = 0.05000000074505806
Part7341.Size = Vector3.new(8.250000953674316, 0.2499980926513672, 7)
Part7341.Anchored = true
Part7341.CanCollide = false
Part7341.Material = Enum.Material.Fabric
SpecialMesh7342.Name = "TopTreeMesh"
SpecialMesh7342.Parent = Part7341
SpecialMesh7342.MeshId = "rbxassetid://623621456"
SpecialMesh7342.Offset = Vector3.new(0, 3.4100000858306885, 0)
SpecialMesh7342.Scale = Vector3.new(1.600000023841858, 1.600000023841858, 1.600000023841858)
SpecialMesh7342.TextureId = "rbxassetid://745556120"
SpecialMesh7342.MeshType = Enum.MeshType.FileMesh
Part7343.Name = "?"
Part7343.Parent = Folder0
Part7343.CFrame = CFrame.new(899.057678, 277.960541, 1964.81763, -1.45519152e-10, 0.999931991, -0.0116688851, 0.0914125293, 0.0116200447, 0.99574554, 0.995813072, -0.00106667727, -0.0914063305)
Part7343.Orientation = Vector3.new(-84.70999908447266, -172.72999572753906, 82.76000213623047)
Part7343.Position = Vector3.new(899.0576782226562, 277.9605407714844, 1964.817626953125)
Part7343.Rotation = Vector3.new(-95.23999786376953, -0.6700000166893005, -90)
Part7343.Size = Vector3.new(40, 20, 20)
Part7343.Anchored = true
Part7343.BottomSurface = Enum.SurfaceType.Smooth
Part7343.TopSurface = Enum.SurfaceType.Smooth
SpecialMesh7344.Parent = Part7343
SpecialMesh7344.MeshId = "rbxassetid://473211502"
SpecialMesh7344.TextureId = "rbxassetid://473212369"
SpecialMesh7344.MeshType = Enum.MeshType.FileMesh
Part7345.Name = "?"
Part7345.Parent = Folder0
Part7345.CFrame = CFrame.new(787.065308, 265.963837, 1848.427, -1.45519152e-10, 0.999931991, -0.0116688851, 0.0914125293, 0.0116200447, 0.99574554, 0.995813072, -0.00106667727, -0.0914063305)
Part7345.Orientation = Vector3.new(-84.70999908447266, -172.72999572753906, 82.76000213623047)
Part7345.Position = Vector3.new(787.0653076171875, 265.9638366699219, 1848.427001953125)
Part7345.Rotation = Vector3.new(-95.23999786376953, -0.6700000166893005, -90)
Part7345.Size = Vector3.new(40, 20, 20)
Part7345.Anchored = true
Part7345.BottomSurface = Enum.SurfaceType.Smooth
Part7345.TopSurface = Enum.SurfaceType.Smooth
SpecialMesh7346.Parent = Part7345
SpecialMesh7346.MeshId = "rbxassetid://473211502"
SpecialMesh7346.TextureId = "rbxassetid://473212369"
SpecialMesh7346.MeshType = Enum.MeshType.FileMesh
Part7347.Name = "?"
Part7347.Parent = Folder0
Part7347.CFrame = CFrame.new(644.91156, 273.500763, 1795.5166, -1.45519152e-10, 0.999931991, -0.0116688851, 0.0914125293, 0.0116200447, 0.99574554, 0.995813072, -0.00106667727, -0.0914063305)
Part7347.Orientation = Vector3.new(-84.70999908447266, -172.72999572753906, 82.76000213623047)
Part7347.Position = Vector3.new(644.9115600585938, 273.5007629394531, 1795.5166015625)
Part7347.Rotation = Vector3.new(-95.23999786376953, -0.6700000166893005, -90)
Part7347.Size = Vector3.new(40, 20, 20)
Part7347.Anchored = true
Part7347.BottomSurface = Enum.SurfaceType.Smooth
Part7347.TopSurface = Enum.SurfaceType.Smooth
SpecialMesh7348.Parent = Part7347
SpecialMesh7348.MeshId = "rbxassetid://473211502"
SpecialMesh7348.TextureId = "rbxassetid://473212369"
SpecialMesh7348.MeshType = Enum.MeshType.FileMesh
Part7349.Name = "?"
Part7349.Parent = Folder0
Part7349.CFrame = CFrame.new(721.90625, 274.395508, 1795.43445, -0.999931931, -6.75208867e-09, -0.0116688907, -0.0116200373, 0.0914125666, 0.995746017, 0.00106668426, 0.995813251, -0.0914063603)
Part7349.Orientation = Vector3.new(-84.70999908447266, -172.72999572753906, -7.239999771118164)
Part7349.Position = Vector3.new(721.90625, 274.3955078125, 1795.4344482421875)
Part7349.Rotation = Vector3.new(-95.23999786376953, -0.6700000166893005, 180)
Part7349.Size = Vector3.new(40, 20, 20)
Part7349.Anchored = true
Part7349.BottomSurface = Enum.SurfaceType.Smooth
Part7349.TopSurface = Enum.SurfaceType.Smooth
SpecialMesh7350.Parent = Part7349
SpecialMesh7350.MeshId = "rbxassetid://473211502"
SpecialMesh7350.TextureId = "rbxassetid://473212369"
SpecialMesh7350.MeshType = Enum.MeshType.FileMesh
Part7351.Name = "?"
Part7351.Parent = Folder0
Part7351.CFrame = CFrame.new(609.126282, 266.93808, 1656.05469, 0.000569141004, 0.997328758, 0.0730443671, 0.00777058303, -0.0730465204, 0.997298837, 0.999969542, 6.28642738e-09, -0.00779139251)
Part7351.Orientation = Vector3.new(-85.79000091552734, 96.08999633789062, 173.92999267578125)
Part7351.Position = Vector3.new(609.1262817382812, 266.9380798339844, 1656.0546875)
Part7351.Rotation = Vector3.new(-90.44999694824219, 4.190000057220459, -89.97000122070312)
Part7351.Size = Vector3.new(40, 20, 20)
Part7351.Anchored = true
Part7351.BottomSurface = Enum.SurfaceType.Smooth
Part7351.TopSurface = Enum.SurfaceType.Smooth
SpecialMesh7352.Parent = Part7351
SpecialMesh7352.MeshId = "rbxassetid://473211502"
SpecialMesh7352.TextureId = "rbxassetid://473212369"
SpecialMesh7352.MeshType = Enum.MeshType.FileMesh
Model7353.Name = "??"
Model7353.Parent = Folder0
Part7354.Name = "TreeMesh Bottom"
Part7354.Parent = Model7353
Part7354.CFrame = CFrame.new(1063.12878, 304.204834, 2865.69238, 0.0191118419, 0.223765925, -0.974456131, 0.082924366, 0.97092092, 0.224580765, 0.996372879, -0.0850982592, 7.4505806e-07)
Part7354.Orientation = Vector3.new(-12.979999542236328, -90, 4.880000114440918)
Part7354.Position = Vector3.new(1063.1287841796875, 304.204833984375, 2865.6923828125)
Part7354.Rotation = Vector3.new(-90, -77.0199966430664, -85.12000274658203)
Part7354.Size = Vector3.new(8.611300468444824, 0.26094648241996765, 7.306557655334473)
Part7354.Anchored = true
Part7354.CanCollide = false
Part7354.Material = Enum.Material.Fabric
SpecialMesh7355.Name = "BarkMesh"
SpecialMesh7355.Parent = Part7354
SpecialMesh7355.MeshId = "rbxassetid://623621260"
SpecialMesh7355.Offset = Vector3.new(0, 3.5593373775482178, 0)
SpecialMesh7355.Scale = Vector3.new(1.0437939167022705, 1.0437939167022705, 1.0437939167022705)
SpecialMesh7355.TextureId = "rbxassetid://623618671"
SpecialMesh7355.MeshType = Enum.MeshType.FileMesh
Part7356.Name = "TreeMeshTop"
Part7356.Parent = Model7353
Part7356.CFrame = CFrame.new(1070.16931, 334.749939, 2863.01416, 0.0191118419, 0.223765925, -0.974456131, 0.082924366, 0.97092092, 0.224580765, 0.996372879, -0.0850982592, 7.4505806e-07)
Part7356.Orientation = Vector3.new(-12.979999542236328, -90, 4.880000114440918)
Part7356.Position = Vector3.new(1070.1693115234375, 334.74993896484375, 2863.01416015625)
Part7356.Rotation = Vector3.new(-90, -77.0199966430664, -85.12000274658203)
Part7356.Transparency = 0.05000000074505806
Part7356.Size = Vector3.new(8.611300468444824, 0.26094648241996765, 7.306557655334473)
Part7356.Anchored = true
Part7356.CanCollide = false
Part7356.Material = Enum.Material.Fabric
SpecialMesh7357.Name = "TopTreeMesh"
SpecialMesh7357.Parent = Part7356
SpecialMesh7357.MeshId = "rbxassetid://623621456"
SpecialMesh7357.Offset = Vector3.new(0, 3.5593373775482178, 0)
SpecialMesh7357.Scale = Vector3.new(1.6700702905654907, 1.6700702905654907, 1.6700702905654907)
SpecialMesh7357.TextureId = "rbxassetid://745556120"
SpecialMesh7357.MeshType = Enum.MeshType.FileMesh
Model7358.Name = "??"
Model7358.Parent = Folder0
Part7359.Name = "TreeMesh Bottom"
Part7359.Parent = Model7358
Part7359.CFrame = CFrame.new(875.039429, 343.012421, 2813.8811, 0.0191118419, 0.223765925, -0.974456131, 0.082924366, 0.97092092, 0.224580765, 0.996372879, -0.0850982592, 7.4505806e-07)
Part7359.Orientation = Vector3.new(-12.979999542236328, -90, 4.880000114440918)
Part7359.Position = Vector3.new(875.0394287109375, 343.0124206542969, 2813.881103515625)
Part7359.Rotation = Vector3.new(-90, -77.0199966430664, -85.12000274658203)
Part7359.Size = Vector3.new(8.611300468444824, 0.26094648241996765, 7.306557655334473)
Part7359.Anchored = true
Part7359.CanCollide = false
Part7359.Material = Enum.Material.Fabric
SpecialMesh7360.Name = "BarkMesh"
SpecialMesh7360.Parent = Part7359
SpecialMesh7360.MeshId = "rbxassetid://623621260"
SpecialMesh7360.Offset = Vector3.new(0, 3.5593373775482178, 0)
SpecialMesh7360.Scale = Vector3.new(1.0437939167022705, 1.0437939167022705, 1.0437939167022705)
SpecialMesh7360.TextureId = "rbxassetid://623618671"
SpecialMesh7360.MeshType = Enum.MeshType.FileMesh
Part7361.Name = "TreeMeshTop"
Part7361.Parent = Model7358
Part7361.CFrame = CFrame.new(882.079956, 373.557526, 2811.20288, 0.0191118419, 0.223765925, -0.974456131, 0.082924366, 0.97092092, 0.224580765, 0.996372879, -0.0850982592, 7.4505806e-07)
Part7361.Orientation = Vector3.new(-12.979999542236328, -90, 4.880000114440918)
Part7361.Position = Vector3.new(882.0799560546875, 373.5575256347656, 2811.202880859375)
Part7361.Rotation = Vector3.new(-90, -77.0199966430664, -85.12000274658203)
Part7361.Transparency = 0.05000000074505806
Part7361.Size = Vector3.new(8.611300468444824, 0.26094648241996765, 7.306557655334473)
Part7361.Anchored = true
Part7361.CanCollide = false
Part7361.Material = Enum.Material.Fabric
SpecialMesh7362.Name = "TopTreeMesh"
SpecialMesh7362.Parent = Part7361
SpecialMesh7362.MeshId = "rbxassetid://623621456"
SpecialMesh7362.Offset = Vector3.new(0, 3.5593373775482178, 0)
SpecialMesh7362.Scale = Vector3.new(1.6700702905654907, 1.6700702905654907, 1.6700702905654907)
SpecialMesh7362.TextureId = "rbxassetid://745556120"
SpecialMesh7362.MeshType = Enum.MeshType.FileMesh
Model7363.Name = "??"
Model7363.Parent = Folder0
Part7364.Name = "TreeMesh Bottom"
Part7364.Parent = Model7363
Part7364.CFrame = CFrame.new(-103.074623, 105.685555, -727.742249, -0.256189376, 0.123984292, -0.958642304, 0.142097846, 0.985796273, 0.0895216838, 0.956125081, -0.113286518, -0.270168394)
Part7364.Orientation = Vector3.new(-5.139999866485596, -105.73999786376953, 8.199999809265137)
Part7364.Position = Vector3.new(-103.07462310791016, 105.68555450439453, -727.7422485351562)
Part7364.Rotation = Vector3.new(-161.6699981689453, -73.45999908447266, -154.17999267578125)
Part7364.Size = Vector3.new(8.250000953674316, 0.2499980926513672, 7)
Part7364.Anchored = true
Part7364.CanCollide = false
Part7364.Material = Enum.Material.Fabric
SpecialMesh7365.Name = "BarkMesh"
SpecialMesh7365.Parent = Part7364
SpecialMesh7365.MeshId = "rbxassetid://623621260"
SpecialMesh7365.Offset = Vector3.new(0, 3.4100000858306885, 0)
SpecialMesh7365.TextureId = "rbxassetid://623618671"
SpecialMesh7365.MeshType = Enum.MeshType.FileMesh
Part7366.Name = "TreeMeshTop"
Part7366.Parent = Model7363
Part7366.CFrame = CFrame.new(-99.3361588, 135.397125, -731.157166, -0.256186664, 0.123983778, -0.95864296, 0.142097831, 0.985796273, 0.08952149, 0.956125855, -0.113286898, -0.270165622)
Part7366.Orientation = Vector3.new(-5.139999866485596, -105.73999786376953, 8.199999809265137)
Part7366.Position = Vector3.new(-99.3361587524414, 135.39712524414062, -731.1571655273438)
Part7366.Rotation = Vector3.new(-161.6699981689453, -73.45999908447266, -154.1699981689453)
Part7366.Transparency = 0.05000000074505806
Part7366.Size = Vector3.new(8.250000953674316, 0.2499980926513672, 7)
Part7366.Anchored = true
Part7366.CanCollide = false
Part7366.Material = Enum.Material.Fabric
SpecialMesh7367.Name = "TopTreeMesh"
SpecialMesh7367.Parent = Part7366
SpecialMesh7367.MeshId = "rbxassetid://623621456"
SpecialMesh7367.Offset = Vector3.new(0, 3.4100000858306885, 0)
SpecialMesh7367.Scale = Vector3.new(1.600000023841858, 1.600000023841858, 1.600000023841858)
SpecialMesh7367.TextureId = "rbxassetid://745556120"
SpecialMesh7367.MeshType = Enum.MeshType.FileMesh
Model7368.Name = "??"
Model7368.Parent = Folder0
Part7369.Name = "TreeMesh Bottom"
Part7369.Parent = Model7368
Part7369.CFrame = CFrame.new(-103.074623, 105.685555, -727.742249, -0.256189376, 0.123984292, -0.958642304, 0.142097846, 0.985796273, 0.0895216838, 0.956125081, -0.113286518, -0.270168394)
Part7369.Orientation = Vector3.new(-5.139999866485596, -105.73999786376953, 8.199999809265137)
Part7369.Position = Vector3.new(-103.07462310791016, 105.68555450439453, -727.7422485351562)
Part7369.Rotation = Vector3.new(-161.6699981689453, -73.45999908447266, -154.17999267578125)
Part7369.Size = Vector3.new(8.250000953674316, 0.2499980926513672, 7)
Part7369.Anchored = true
Part7369.CanCollide = false
Part7369.Material = Enum.Material.Fabric
SpecialMesh7370.Name = "BarkMesh"
SpecialMesh7370.Parent = Part7369
SpecialMesh7370.MeshId = "rbxassetid://623621260"
SpecialMesh7370.Offset = Vector3.new(0, 3.4100000858306885, 0)
SpecialMesh7370.TextureId = "rbxassetid://623618671"
SpecialMesh7370.MeshType = Enum.MeshType.FileMesh
Part7371.Name = "TreeMeshTop"
Part7371.Parent = Model7368
Part7371.CFrame = CFrame.new(-99.3361588, 135.397125, -731.157166, -0.256186664, 0.123983778, -0.95864296, 0.142097831, 0.985796273, 0.08952149, 0.956125855, -0.113286898, -0.270165622)
Part7371.Orientation = Vector3.new(-5.139999866485596, -105.73999786376953, 8.199999809265137)
Part7371.Position = Vector3.new(-99.3361587524414, 135.39712524414062, -731.1571655273438)
Part7371.Rotation = Vector3.new(-161.6699981689453, -73.45999908447266, -154.1699981689453)
Part7371.Transparency = 0.05000000074505806
Part7371.Size = Vector3.new(8.250000953674316, 0.2499980926513672, 7)
Part7371.Anchored = true
Part7371.CanCollide = false
Part7371.Material = Enum.Material.Fabric
SpecialMesh7372.Name = "TopTreeMesh"
SpecialMesh7372.Parent = Part7371
SpecialMesh7372.MeshId = "rbxassetid://623621456"
SpecialMesh7372.Offset = Vector3.new(0, 3.4100000858306885, 0)
SpecialMesh7372.Scale = Vector3.new(1.600000023841858, 1.600000023841858, 1.600000023841858)
SpecialMesh7372.TextureId = "rbxassetid://745556120"
SpecialMesh7372.MeshType = Enum.MeshType.FileMesh
Model7373.Name = "??"
Model7373.Parent = Folder0
Part7374.Name = "TreeMesh Bottom"
Part7374.Parent = Model7373
Part7374.CFrame = CFrame.new(-103.073555, 105.68589, -727.746887, -0.84115833, 0.123984516, -0.526385307, 0.164976627, 0.98579216, -0.0314382389, 0.515014291, -0.11328724, -0.849667251)
Part7374.Orientation = Vector3.new(1.7999999523162842, -148.22000122070312, 9.5)
Part7374.Position = Vector3.new(-103.07355499267578, 105.6858901977539, -727.7468872070312)
Part7374.Rotation = Vector3.new(177.8800048828125, -31.760000228881836, -171.6199951171875)
Part7374.Size = Vector3.new(8.250000953674316, 0.2499980926513672, 7)
Part7374.Anchored = true
Part7374.CanCollide = false
Part7374.Material = Enum.Material.Fabric
SpecialMesh7375.Name = "BarkMesh"
SpecialMesh7375.Parent = Part7374
SpecialMesh7375.MeshId = "rbxassetid://623621260"
SpecialMesh7375.Offset = Vector3.new(0, 3.4100000858306885, 0)
SpecialMesh7375.TextureId = "rbxassetid://623618671"
SpecialMesh7375.MeshType = Enum.MeshType.FileMesh
Part7376.Name = "TreeMeshTop"
Part7376.Parent = Model7373
Part7376.CFrame = CFrame.new(-99.3350754, 135.397339, -731.161804, -0.841156781, 0.123983994, -0.526387691, 0.164976478, 0.98579216, -0.0314383656, 0.515016735, -0.11328762, -0.849665701)
Part7376.Orientation = Vector3.new(1.7999999523162842, -148.22000122070312, 9.5)
Part7376.Position = Vector3.new(-99.33507537841797, 135.3973388671875, -731.1618041992188)
Part7376.Rotation = Vector3.new(177.8800048828125, -31.760000228881836, -171.6199951171875)
Part7376.Transparency = 0.05000000074505806
Part7376.Size = Vector3.new(8.250000953674316, 0.2499980926513672, 7)
Part7376.Anchored = true
Part7376.CanCollide = false
Part7376.Material = Enum.Material.Fabric
SpecialMesh7377.Name = "TopTreeMesh"
SpecialMesh7377.Parent = Part7376
SpecialMesh7377.MeshId = "rbxassetid://623621456"
SpecialMesh7377.Offset = Vector3.new(0, 3.4100000858306885, 0)
SpecialMesh7377.Scale = Vector3.new(1.600000023841858, 1.600000023841858, 1.600000023841858)
SpecialMesh7377.TextureId = "rbxassetid://745556120"
SpecialMesh7377.MeshType = Enum.MeshType.FileMesh
Model7378.Name = "??"
Model7378.Parent = Folder0
Part7379.Name = "TreeMesh Bottom"
Part7379.Parent = Model7378
Part7379.CFrame = CFrame.new(-103.074623, 105.685555, -727.742249, -0.256189376, 0.123984292, -0.958642304, 0.142097846, 0.985796273, 0.0895216838, 0.956125081, -0.113286518, -0.270168394)
Part7379.Orientation = Vector3.new(-5.139999866485596, -105.73999786376953, 8.199999809265137)
Part7379.Position = Vector3.new(-103.07462310791016, 105.68555450439453, -727.7422485351562)
Part7379.Rotation = Vector3.new(-161.6699981689453, -73.45999908447266, -154.17999267578125)
Part7379.Size = Vector3.new(8.250000953674316, 0.2499980926513672, 7)
Part7379.Anchored = true
Part7379.CanCollide = false
Part7379.Material = Enum.Material.Fabric
SpecialMesh7380.Name = "BarkMesh"
SpecialMesh7380.Parent = Part7379
SpecialMesh7380.MeshId = "rbxassetid://623621260"
SpecialMesh7380.Offset = Vector3.new(0, 3.4100000858306885, 0)
SpecialMesh7380.TextureId = "rbxassetid://623618671"
SpecialMesh7380.MeshType = Enum.MeshType.FileMesh
Part7381.Name = "TreeMeshTop"
Part7381.Parent = Model7378
Part7381.CFrame = CFrame.new(-99.3361588, 135.397125, -731.157166, -0.256186664, 0.123983778, -0.95864296, 0.142097831, 0.985796273, 0.08952149, 0.956125855, -0.113286898, -0.270165622)
Part7381.Orientation = Vector3.new(-5.139999866485596, -105.73999786376953, 8.199999809265137)
Part7381.Position = Vector3.new(-99.3361587524414, 135.39712524414062, -731.1571655273438)
Part7381.Rotation = Vector3.new(-161.6699981689453, -73.45999908447266, -154.1699981689453)
Part7381.Transparency = 0.05000000074505806
Part7381.Size = Vector3.new(8.250000953674316, 0.2499980926513672, 7)
Part7381.Anchored = true
Part7381.CanCollide = false
Part7381.Material = Enum.Material.Fabric
SpecialMesh7382.Name = "TopTreeMesh"
SpecialMesh7382.Parent = Part7381
SpecialMesh7382.MeshId = "rbxassetid://623621456"
SpecialMesh7382.Offset = Vector3.new(0, 3.4100000858306885, 0)
SpecialMesh7382.Scale = Vector3.new(1.600000023841858, 1.600000023841858, 1.600000023841858)
SpecialMesh7382.TextureId = "rbxassetid://745556120"
SpecialMesh7382.MeshType = Enum.MeshType.FileMesh
Model7383.Name = "??"
Model7383.Parent = Folder0
Part7384.Name = "TreeMesh Bottom"
Part7384.Parent = Model7383
Part7384.CFrame = CFrame.new(-177.583466, 115.997032, -724.093567, -0.258816212, -6.61075831e-07, -0.965926945, 2.23517418e-07, 0.999999881, -5.48653702e-07, 0.965928555, -4.70244117e-07, -0.258815736)
Part7384.Orientation = Vector3.new(0, -105, 0)
Part7384.Position = Vector3.new(-177.58346557617188, 115.99703216552734, -724.0935668945312)
Part7384.Rotation = Vector3.new(180, -75, 180)
Part7384.Size = Vector3.new(8.250000953674316, 0.2499980926513672, 7)
Part7384.Anchored = true
Part7384.CanCollide = false
Part7384.Material = Enum.Material.Fabric
SpecialMesh7385.Name = "BarkMesh"
SpecialMesh7385.Parent = Part7384
SpecialMesh7385.MeshId = "rbxassetid://623621260"
SpecialMesh7385.Offset = Vector3.new(0, 3.4100000858306885, 0)
SpecialMesh7385.TextureId = "rbxassetid://623618671"
SpecialMesh7385.MeshType = Enum.MeshType.FileMesh
Part7386.Name = "TreeMeshTop"
Part7386.Parent = Model7383
Part7386.CFrame = CFrame.new(-177.581909, 146.136993, -724.094055, -0.2588135, -1.173177e-06, -0.96592766, 4.69386578e-07, 0.99999994, -1.16731849e-06, 0.96592927, -8.62003503e-07, -0.258813053)
Part7386.Orientation = Vector3.new(0, -105, 0)
Part7386.Position = Vector3.new(-177.5819091796875, 146.13699340820312, -724.0940551757812)
Part7386.Rotation = Vector3.new(180, -75, 180)
Part7386.Transparency = 0.05000000074505806
Part7386.Size = Vector3.new(8.250000953674316, 0.2499980926513672, 7)
Part7386.Anchored = true
Part7386.CanCollide = false
Part7386.Material = Enum.Material.Fabric
SpecialMesh7387.Name = "TopTreeMesh"
SpecialMesh7387.Parent = Part7386
SpecialMesh7387.MeshId = "rbxassetid://623621456"
SpecialMesh7387.Offset = Vector3.new(0, 3.4100000858306885, 0)
SpecialMesh7387.Scale = Vector3.new(1.600000023841858, 1.600000023841858, 1.600000023841858)
SpecialMesh7387.TextureId = "rbxassetid://745556120"
SpecialMesh7387.MeshType = Enum.MeshType.FileMesh
Model7388.Name = "??"
Model7388.Parent = Folder0
Part7389.Name = "TreeMesh Bottom"
Part7389.Parent = Model7388
Part7389.CFrame = CFrame.new(-177.583466, 115.997032, -724.093567, -0.258816212, -6.61075831e-07, -0.965926945, 2.23517418e-07, 0.999999881, -5.48653702e-07, 0.965928555, -4.70244117e-07, -0.258815736)
Part7389.Orientation = Vector3.new(0, -105, 0)
Part7389.Position = Vector3.new(-177.58346557617188, 115.99703216552734, -724.0935668945312)
Part7389.Rotation = Vector3.new(180, -75, 180)
Part7389.Size = Vector3.new(8.250000953674316, 0.2499980926513672, 7)
Part7389.Anchored = true
Part7389.CanCollide = false
Part7389.Material = Enum.Material.Fabric
SpecialMesh7390.Name = "BarkMesh"
SpecialMesh7390.Parent = Part7389
SpecialMesh7390.MeshId = "rbxassetid://623621260"
SpecialMesh7390.Offset = Vector3.new(0, 3.4100000858306885, 0)
SpecialMesh7390.TextureId = "rbxassetid://623618671"
SpecialMesh7390.MeshType = Enum.MeshType.FileMesh
Part7391.Name = "TreeMeshTop"
Part7391.Parent = Model7388
Part7391.CFrame = CFrame.new(-177.581909, 146.136993, -724.094055, -0.2588135, -1.173177e-06, -0.96592766, 4.69386578e-07, 0.99999994, -1.16731849e-06, 0.96592927, -8.62003503e-07, -0.258813053)
Part7391.Orientation = Vector3.new(0, -105, 0)
Part7391.Position = Vector3.new(-177.5819091796875, 146.13699340820312, -724.0940551757812)
Part7391.Rotation = Vector3.new(180, -75, 180)
Part7391.Transparency = 0.05000000074505806
Part7391.Size = Vector3.new(8.250000953674316, 0.2499980926513672, 7)
Part7391.Anchored = true
Part7391.CanCollide = false
Part7391.Material = Enum.Material.Fabric
SpecialMesh7392.Name = "TopTreeMesh"
SpecialMesh7392.Parent = Part7391
SpecialMesh7392.MeshId = "rbxassetid://623621456"
SpecialMesh7392.Offset = Vector3.new(0, 3.4100000858306885, 0)
SpecialMesh7392.Scale = Vector3.new(1.600000023841858, 1.600000023841858, 1.600000023841858)
SpecialMesh7392.TextureId = "rbxassetid://745556120"
SpecialMesh7392.MeshType = Enum.MeshType.FileMesh
Model7393.Name = "??"
Model7393.Parent = Folder0
Part7394.Name = "TreeMesh Bottom"
Part7394.Parent = Model7393
Part7394.CFrame = CFrame.new(-177.583466, 115.997032, -724.093567, -0.258816212, -6.61075831e-07, -0.965926945, 2.23517418e-07, 0.999999881, -5.48653702e-07, 0.965928555, -4.70244117e-07, -0.258815736)
Part7394.Orientation = Vector3.new(0, -105, 0)
Part7394.Position = Vector3.new(-177.58346557617188, 115.99703216552734, -724.0935668945312)
Part7394.Rotation = Vector3.new(180, -75, 180)
Part7394.Size = Vector3.new(8.250000953674316, 0.2499980926513672, 7)
Part7394.Anchored = true
Part7394.CanCollide = false
Part7394.Material = Enum.Material.Fabric
SpecialMesh7395.Name = "BarkMesh"
SpecialMesh7395.Parent = Part7394
SpecialMesh7395.MeshId = "rbxassetid://623621260"
SpecialMesh7395.Offset = Vector3.new(0, 3.4100000858306885, 0)
SpecialMesh7395.TextureId = "rbxassetid://623618671"
SpecialMesh7395.MeshType = Enum.MeshType.FileMesh
Part7396.Name = "TreeMeshTop"
Part7396.Parent = Model7393
Part7396.CFrame = CFrame.new(-177.581909, 146.136993, -724.094055, -0.2588135, -1.173177e-06, -0.96592766, 4.69386578e-07, 0.99999994, -1.16731849e-06, 0.96592927, -8.62003503e-07, -0.258813053)
Part7396.Orientation = Vector3.new(0, -105, 0)
Part7396.Position = Vector3.new(-177.5819091796875, 146.13699340820312, -724.0940551757812)
Part7396.Rotation = Vector3.new(180, -75, 180)
Part7396.Transparency = 0.05000000074505806
Part7396.Size = Vector3.new(8.250000953674316, 0.2499980926513672, 7)
Part7396.Anchored = true
Part7396.CanCollide = false
Part7396.Material = Enum.Material.Fabric
SpecialMesh7397.Name = "TopTreeMesh"
SpecialMesh7397.Parent = Part7396
SpecialMesh7397.MeshId = "rbxassetid://623621456"
SpecialMesh7397.Offset = Vector3.new(0, 3.4100000858306885, 0)
SpecialMesh7397.Scale = Vector3.new(1.600000023841858, 1.600000023841858, 1.600000023841858)
SpecialMesh7397.TextureId = "rbxassetid://745556120"
SpecialMesh7397.MeshType = Enum.MeshType.FileMesh
Model7398.Name = "??"
Model7398.Parent = Folder0
Part7399.Name = "TreeMesh Bottom"
Part7399.Parent = Model7398
Part7399.CFrame = CFrame.new(-177.583466, 115.997032, -724.093567, -0.258816212, -6.61075831e-07, -0.965926945, 2.23517418e-07, 0.999999881, -5.48653702e-07, 0.965928555, -4.70244117e-07, -0.258815736)
Part7399.Orientation = Vector3.new(0, -105, 0)
Part7399.Position = Vector3.new(-177.58346557617188, 115.99703216552734, -724.0935668945312)
Part7399.Rotation = Vector3.new(180, -75, 180)
Part7399.Size = Vector3.new(8.250000953674316, 0.2499980926513672, 7)
Part7399.Anchored = true
Part7399.CanCollide = false
Part7399.Material = Enum.Material.Fabric
SpecialMesh7400.Name = "BarkMesh"
SpecialMesh7400.Parent = Part7399
SpecialMesh7400.MeshId = "rbxassetid://623621260"
SpecialMesh7400.Offset = Vector3.new(0, 3.4100000858306885, 0)
SpecialMesh7400.TextureId = "rbxassetid://623618671"
SpecialMesh7400.MeshType = Enum.MeshType.FileMesh
Part7401.Name = "TreeMeshTop"
Part7401.Parent = Model7398
Part7401.CFrame = CFrame.new(-177.581909, 146.136993, -724.094055, -0.2588135, -1.173177e-06, -0.96592766, 4.69386578e-07, 0.99999994, -1.16731849e-06, 0.96592927, -8.62003503e-07, -0.258813053)
Part7401.Orientation = Vector3.new(0, -105, 0)
Part7401.Position = Vector3.new(-177.5819091796875, 146.13699340820312, -724.0940551757812)
Part7401.Rotation = Vector3.new(180, -75, 180)
Part7401.Transparency = 0.05000000074505806
Part7401.Size = Vector3.new(8.250000953674316, 0.2499980926513672, 7)
Part7401.Anchored = true
Part7401.CanCollide = false
Part7401.Material = Enum.Material.Fabric
SpecialMesh7402.Name = "TopTreeMesh"
SpecialMesh7402.Parent = Part7401
SpecialMesh7402.MeshId = "rbxassetid://623621456"
SpecialMesh7402.Offset = Vector3.new(0, 3.4100000858306885, 0)
SpecialMesh7402.Scale = Vector3.new(1.600000023841858, 1.600000023841858, 1.600000023841858)
SpecialMesh7402.TextureId = "rbxassetid://745556120"
SpecialMesh7402.MeshType = Enum.MeshType.FileMesh
Model7403.Name = "??"
Model7403.Parent = Folder0
Part7404.Name = "TreeMesh Bottom"
Part7404.Parent = Model7403
Part7404.CFrame = CFrame.new(-109.106667, 113.047432, -631.476746, -0.247477368, 0.158382952, -0.955860853, 0.0753295049, 0.986707628, 0.143991143, 0.965961814, -0.0363699906, -0.256118506)
Part7404.Orientation = Vector3.new(-8.279999732971191, -105, 4.369999885559082)
Part7404.Position = Vector3.new(-109.1066665649414, 113.04743194580078, -631.4767456054688)
Part7404.Rotation = Vector3.new(-150.66000366210938, -72.91000366210938, -147.3800048828125)
Part7404.Size = Vector3.new(8.250000953674316, 0.2499980926513672, 7)
Part7404.Anchored = true
Part7404.CanCollide = false
Part7404.Material = Enum.Material.Fabric
SpecialMesh7405.Name = "BarkMesh"
SpecialMesh7405.Parent = Part7404
SpecialMesh7405.MeshId = "rbxassetid://623621260"
SpecialMesh7405.Offset = Vector3.new(0, 3.4100000858306885, 0)
SpecialMesh7405.TextureId = "rbxassetid://623618671"
SpecialMesh7405.MeshType = Enum.MeshType.FileMesh
Part7406.Name = "TreeMeshTop"
Part7406.Parent = Model7403
Part7406.CFrame = CFrame.new(-104.331398, 142.786484, -632.573425, -0.247474656, 0.158382446, -0.955861628, 0.0753293484, 0.986707747, 0.143990725, 0.965962529, -0.0363703892, -0.256115764)
Part7406.Orientation = Vector3.new(-8.279999732971191, -105, 4.369999885559082)
Part7406.Position = Vector3.new(-104.3313980102539, 142.78648376464844, -632.5734252929688)
Part7406.Rotation = Vector3.new(-150.64999389648438, -72.91000366210938, -147.3800048828125)
Part7406.Transparency = 0.05000000074505806
Part7406.Size = Vector3.new(8.250000953674316, 0.2499980926513672, 7)
Part7406.Anchored = true
Part7406.CanCollide = false
Part7406.Material = Enum.Material.Fabric
SpecialMesh7407.Name = "TopTreeMesh"
SpecialMesh7407.Parent = Part7406
SpecialMesh7407.MeshId = "rbxassetid://623621456"
SpecialMesh7407.Offset = Vector3.new(0, 3.4100000858306885, 0)
SpecialMesh7407.Scale = Vector3.new(1.600000023841858, 1.600000023841858, 1.600000023841858)
SpecialMesh7407.TextureId = "rbxassetid://745556120"
SpecialMesh7407.MeshType = Enum.MeshType.FileMesh
Model7408.Name = "??"
Model7408.Parent = Folder0
Part7409.Name = "TreeMesh Bottom"
Part7409.Parent = Model7408
Part7409.CFrame = CFrame.new(-109.106667, 113.047432, -631.476746, -0.247477368, 0.158382952, -0.955860853, 0.0753295049, 0.986707628, 0.143991143, 0.965961814, -0.0363699906, -0.256118506)
Part7409.Orientation = Vector3.new(-8.279999732971191, -105, 4.369999885559082)
Part7409.Position = Vector3.new(-109.1066665649414, 113.04743194580078, -631.4767456054688)
Part7409.Rotation = Vector3.new(-150.66000366210938, -72.91000366210938, -147.3800048828125)
Part7409.Size = Vector3.new(8.250000953674316, 0.2499980926513672, 7)
Part7409.Anchored = true
Part7409.CanCollide = false
Part7409.Material = Enum.Material.Fabric
SpecialMesh7410.Name = "BarkMesh"
SpecialMesh7410.Parent = Part7409
SpecialMesh7410.MeshId = "rbxassetid://623621260"
SpecialMesh7410.Offset = Vector3.new(0, 3.4100000858306885, 0)
SpecialMesh7410.TextureId = "rbxassetid://623618671"
SpecialMesh7410.MeshType = Enum.MeshType.FileMesh
Part7411.Name = "TreeMeshTop"
Part7411.Parent = Model7408
Part7411.CFrame = CFrame.new(-104.331398, 142.786484, -632.573425, -0.247474656, 0.158382446, -0.955861628, 0.0753293484, 0.986707747, 0.143990725, 0.965962529, -0.0363703892, -0.256115764)
Part7411.Orientation = Vector3.new(-8.279999732971191, -105, 4.369999885559082)
Part7411.Position = Vector3.new(-104.3313980102539, 142.78648376464844, -632.5734252929688)
Part7411.Rotation = Vector3.new(-150.64999389648438, -72.91000366210938, -147.3800048828125)
Part7411.Transparency = 0.05000000074505806
Part7411.Size = Vector3.new(8.250000953674316, 0.2499980926513672, 7)
Part7411.Anchored = true
Part7411.CanCollide = false
Part7411.Material = Enum.Material.Fabric
SpecialMesh7412.Name = "TopTreeMesh"
SpecialMesh7412.Parent = Part7411
SpecialMesh7412.MeshId = "rbxassetid://623621456"
SpecialMesh7412.Offset = Vector3.new(0, 3.4100000858306885, 0)
SpecialMesh7412.Scale = Vector3.new(1.600000023841858, 1.600000023841858, 1.600000023841858)
SpecialMesh7412.TextureId = "rbxassetid://745556120"
SpecialMesh7412.MeshType = Enum.MeshType.FileMesh
Model7413.Name = "??"
Model7413.Parent = Folder0
Part7414.Name = "TreeMesh Bottom"
Part7414.Parent = Model7413
Part7414.CFrame = CFrame.new(-109.106667, 113.047432, -631.476746, -0.247477368, 0.158382952, -0.955860853, 0.0753295049, 0.986707628, 0.143991143, 0.965961814, -0.0363699906, -0.256118506)
Part7414.Orientation = Vector3.new(-8.279999732971191, -105, 4.369999885559082)
Part7414.Position = Vector3.new(-109.1066665649414, 113.04743194580078, -631.4767456054688)
Part7414.Rotation = Vector3.new(-150.66000366210938, -72.91000366210938, -147.3800048828125)
Part7414.Size = Vector3.new(8.250000953674316, 0.2499980926513672, 7)
Part7414.Anchored = true
Part7414.CanCollide = false
Part7414.Material = Enum.Material.Fabric
SpecialMesh7415.Name = "BarkMesh"
SpecialMesh7415.Parent = Part7414
SpecialMesh7415.MeshId = "rbxassetid://623621260"
SpecialMesh7415.Offset = Vector3.new(0, 3.4100000858306885, 0)
SpecialMesh7415.TextureId = "rbxassetid://623618671"
SpecialMesh7415.MeshType = Enum.MeshType.FileMesh
Part7416.Name = "TreeMeshTop"
Part7416.Parent = Model7413
Part7416.CFrame = CFrame.new(-104.331398, 142.786484, -632.573425, -0.247474656, 0.158382446, -0.955861628, 0.0753293484, 0.986707747, 0.143990725, 0.965962529, -0.0363703892, -0.256115764)
Part7416.Orientation = Vector3.new(-8.279999732971191, -105, 4.369999885559082)
Part7416.Position = Vector3.new(-104.3313980102539, 142.78648376464844, -632.5734252929688)
Part7416.Rotation = Vector3.new(-150.64999389648438, -72.91000366210938, -147.3800048828125)
Part7416.Transparency = 0.05000000074505806
Part7416.Size = Vector3.new(8.250000953674316, 0.2499980926513672, 7)
Part7416.Anchored = true
Part7416.CanCollide = false
Part7416.Material = Enum.Material.Fabric
SpecialMesh7417.Name = "TopTreeMesh"
