Part3909.Name = "TreeMesh Bottom"
Part3909.Parent = Model3908
Part3909.CFrame = CFrame.new(-308.388184, 89.5502625, -3098.46875, -0.70130384, 0.109538473, -0.704396665, 0.127848476, 0.99142921, 0.0268869419, 0.701304555, -0.0712001026, -0.709297419)
Part3909.Orientation = Vector3.new(-1.5399999618530273, -135.1999969482422, 7.349999904632568)
Part3909.Position = Vector3.new(-308.38818359375, 89.55026245117188, -3098.46875)
Part3909.Rotation = Vector3.new(-177.8300018310547, -44.779998779296875, -171.1199951171875)
Part3909.Size = Vector3.new(8.250000953674316, 0.2499980926513672, 7)
Part3909.Anchored = true
Part3909.CanCollide = false
Part3909.Material = Enum.Material.Fabric
SpecialMesh3910.Name = "BarkMesh"
SpecialMesh3910.Parent = Part3909
SpecialMesh3910.MeshId = "rbxassetid://623621260"
SpecialMesh3910.Offset = Vector3.new(0, 3.4100000858306885, 0)
SpecialMesh3910.TextureId = "rbxassetid://623618671"
SpecialMesh3910.MeshType = Enum.MeshType.FileMesh
Part3911.Name = "TreeMeshTop"
Part3911.Parent = Model3908
Part3911.CFrame = CFrame.new(-305.085327, 119.431892, -3100.61475, -0.70130384, 0.109538473, -0.704396665, 0.127848476, 0.99142921, 0.0268869419, 0.701304555, -0.0712001026, -0.709297419)
Part3911.Orientation = Vector3.new(-1.5399999618530273, -135.1999969482422, 7.349999904632568)
Part3911.Position = Vector3.new(-305.0853271484375, 119.43189239501953, -3100.61474609375)
Part3911.Rotation = Vector3.new(-177.8300018310547, -44.779998779296875, -171.1199951171875)
Part3911.Transparency = 0.05000000074505806
Part3911.Size = Vector3.new(8.250000953674316, 0.2499980926513672, 7)
Part3911.Anchored = true
Part3911.CanCollide = false
Part3911.Material = Enum.Material.Fabric
SpecialMesh3912.Name = "TopTreeMesh"
SpecialMesh3912.Parent = Part3911
SpecialMesh3912.MeshId = "rbxassetid://623621456"
SpecialMesh3912.Offset = Vector3.new(0, 3.4100000858306885, 0)
SpecialMesh3912.Scale = Vector3.new(1.600000023841858, 1.600000023841858, 1.600000023841858)
SpecialMesh3912.TextureId = "rbxassetid://745556120"
SpecialMesh3912.MeshType = Enum.MeshType.FileMesh
Model3913.Name = "??"
Model3913.Parent = Folder0
Part3914.Name = "TreeMesh Bottom"
Part3914.Parent = Model3913
Part3914.CFrame = CFrame.new(-446.395325, 90.0805893, -3098.46875, -0.70130384, 0.109538473, -0.704396665, 0.127848476, 0.99142921, 0.0268869419, 0.701304555, -0.0712001026, -0.709297419)
Part3914.Orientation = Vector3.new(-1.5399999618530273, -135.1999969482422, 7.349999904632568)
Part3914.Position = Vector3.new(-446.39532470703125, 90.0805892944336, -3098.46875)
Part3914.Rotation = Vector3.new(-177.8300018310547, -44.779998779296875, -171.1199951171875)
Part3914.Size = Vector3.new(8.250000953674316, 0.2499980926513672, 7)
Part3914.Anchored = true
Part3914.CanCollide = false
Part3914.Material = Enum.Material.Fabric
SpecialMesh3915.Name = "BarkMesh"
SpecialMesh3915.Parent = Part3914
SpecialMesh3915.MeshId = "rbxassetid://623621260"
SpecialMesh3915.Offset = Vector3.new(0, 3.4100000858306885, 0)
SpecialMesh3915.TextureId = "rbxassetid://623618671"
SpecialMesh3915.MeshType = Enum.MeshType.FileMesh
Part3916.Name = "TreeMeshTop"
Part3916.Parent = Model3913
Part3916.CFrame = CFrame.new(-443.092468, 119.962219, -3100.61475, -0.70130384, 0.109538473, -0.704396665, 0.127848476, 0.99142921, 0.0268869419, 0.701304555, -0.0712001026, -0.709297419)
Part3916.Orientation = Vector3.new(-1.5399999618530273, -135.1999969482422, 7.349999904632568)
Part3916.Position = Vector3.new(-443.09246826171875, 119.96221923828125, -3100.61474609375)
Part3916.Rotation = Vector3.new(-177.8300018310547, -44.779998779296875, -171.1199951171875)
Part3916.Transparency = 0.05000000074505806
Part3916.Size = Vector3.new(8.250000953674316, 0.2499980926513672, 7)
Part3916.Anchored = true
Part3916.CanCollide = false
Part3916.Material = Enum.Material.Fabric
SpecialMesh3917.Name = "TopTreeMesh"
SpecialMesh3917.Parent = Part3916
SpecialMesh3917.MeshId = "rbxassetid://623621456"
SpecialMesh3917.Offset = Vector3.new(0, 3.4100000858306885, 0)
SpecialMesh3917.Scale = Vector3.new(1.600000023841858, 1.600000023841858, 1.600000023841858)
SpecialMesh3917.TextureId = "rbxassetid://745556120"
SpecialMesh3917.MeshType = Enum.MeshType.FileMesh
Model3918.Name = "??"
Model3918.Parent = Folder0
Part3919.Name = "TreeMesh Bottom"
Part3919.Parent = Model3918
Part3919.CFrame = CFrame.new(-442.395325, 90.0805893, -2984.46875, -0.70130384, 0.109538473, -0.704396665, 0.127848476, 0.99142921, 0.0268869419, 0.701304555, -0.0712001026, -0.709297419)
Part3919.Orientation = Vector3.new(-1.5399999618530273, -135.1999969482422, 7.349999904632568)
Part3919.Position = Vector3.new(-442.39532470703125, 90.0805892944336, -2984.46875)
Part3919.Rotation = Vector3.new(-177.8300018310547, -44.779998779296875, -171.1199951171875)
Part3919.Size = Vector3.new(8.250000953674316, 0.2499980926513672, 7)
Part3919.Anchored = true
Part3919.CanCollide = false
Part3919.Material = Enum.Material.Fabric
SpecialMesh3920.Name = "BarkMesh"
SpecialMesh3920.Parent = Part3919
SpecialMesh3920.MeshId = "rbxassetid://623621260"
SpecialMesh3920.Offset = Vector3.new(0, 3.4100000858306885, 0)
SpecialMesh3920.TextureId = "rbxassetid://623618671"
SpecialMesh3920.MeshType = Enum.MeshType.FileMesh
Part3921.Name = "TreeMeshTop"
Part3921.Parent = Model3918
Part3921.CFrame = CFrame.new(-439.092468, 119.962219, -2986.61475, -0.70130384, 0.109538473, -0.704396665, 0.127848476, 0.99142921, 0.0268869419, 0.701304555, -0.0712001026, -0.709297419)
Part3921.Orientation = Vector3.new(-1.5399999618530273, -135.1999969482422, 7.349999904632568)
Part3921.Position = Vector3.new(-439.09246826171875, 119.96221923828125, -2986.61474609375)
Part3921.Rotation = Vector3.new(-177.8300018310547, -44.779998779296875, -171.1199951171875)
Part3921.Transparency = 0.05000000074505806
Part3921.Size = Vector3.new(8.250000953674316, 0.2499980926513672, 7)
Part3921.Anchored = true
Part3921.CanCollide = false
Part3921.Material = Enum.Material.Fabric
SpecialMesh3922.Name = "TopTreeMesh"
SpecialMesh3922.Parent = Part3921
SpecialMesh3922.MeshId = "rbxassetid://623621456"
SpecialMesh3922.Offset = Vector3.new(0, 3.4100000858306885, 0)
SpecialMesh3922.Scale = Vector3.new(1.600000023841858, 1.600000023841858, 1.600000023841858)
SpecialMesh3922.TextureId = "rbxassetid://745556120"
SpecialMesh3922.MeshType = Enum.MeshType.FileMesh
Model3923.Name = "??"
Model3923.Parent = Folder0
Part3924.Name = "TreeMesh Bottom"
Part3924.Parent = Model3923
Part3924.CFrame = CFrame.new(-548.395325, 90.0805893, -2984.46875, -0.70130384, 0.109538473, -0.704396665, 0.127848476, 0.99142921, 0.0268869419, 0.701304555, -0.0712001026, -0.709297419)
Part3924.Orientation = Vector3.new(-1.5399999618530273, -135.1999969482422, 7.349999904632568)
Part3924.Position = Vector3.new(-548.3953247070312, 90.0805892944336, -2984.46875)
Part3924.Rotation = Vector3.new(-177.8300018310547, -44.779998779296875, -171.1199951171875)
Part3924.Size = Vector3.new(8.250000953674316, 0.2499980926513672, 7)
Part3924.Anchored = true
Part3924.CanCollide = false
Part3924.Material = Enum.Material.Fabric
SpecialMesh3925.Name = "BarkMesh"
SpecialMesh3925.Parent = Part3924
SpecialMesh3925.MeshId = "rbxassetid://623621260"
SpecialMesh3925.Offset = Vector3.new(0, 3.4100000858306885, 0)
SpecialMesh3925.TextureId = "rbxassetid://623618671"
SpecialMesh3925.MeshType = Enum.MeshType.FileMesh
Part3926.Name = "TreeMeshTop"
Part3926.Parent = Model3923
Part3926.CFrame = CFrame.new(-545.092468, 119.962219, -2986.61475, -0.70130384, 0.109538473, -0.704396665, 0.127848476, 0.99142921, 0.0268869419, 0.701304555, -0.0712001026, -0.709297419)
Part3926.Orientation = Vector3.new(-1.5399999618530273, -135.1999969482422, 7.349999904632568)
Part3926.Position = Vector3.new(-545.0924682617188, 119.96221923828125, -2986.61474609375)
Part3926.Rotation = Vector3.new(-177.8300018310547, -44.779998779296875, -171.1199951171875)
Part3926.Transparency = 0.05000000074505806
Part3926.Size = Vector3.new(8.250000953674316, 0.2499980926513672, 7)
Part3926.Anchored = true
Part3926.CanCollide = false
Part3926.Material = Enum.Material.Fabric
SpecialMesh3927.Name = "TopTreeMesh"
SpecialMesh3927.Parent = Part3926
SpecialMesh3927.MeshId = "rbxassetid://623621456"
SpecialMesh3927.Offset = Vector3.new(0, 3.4100000858306885, 0)
SpecialMesh3927.Scale = Vector3.new(1.600000023841858, 1.600000023841858, 1.600000023841858)
SpecialMesh3927.TextureId = "rbxassetid://745556120"
SpecialMesh3927.MeshType = Enum.MeshType.FileMesh
Model3928.Name = "??"
Model3928.Parent = Folder0
Part3929.Name = "TreeMesh Bottom"
Part3929.Parent = Model3928
Part3929.CFrame = CFrame.new(-548.395325, 90.0805893, -3022.46875, -0.70130384, 0.109538473, -0.704396665, 0.127848476, 0.99142921, 0.0268869419, 0.701304555, -0.0712001026, -0.709297419)
Part3929.Orientation = Vector3.new(-1.5399999618530273, -135.1999969482422, 7.349999904632568)
Part3929.Position = Vector3.new(-548.3953247070312, 90.0805892944336, -3022.46875)
Part3929.Rotation = Vector3.new(-177.8300018310547, -44.779998779296875, -171.1199951171875)
Part3929.Size = Vector3.new(8.250000953674316, 0.2499980926513672, 7)
Part3929.Anchored = true
Part3929.CanCollide = false
Part3929.Material = Enum.Material.Fabric
SpecialMesh3930.Name = "BarkMesh"
SpecialMesh3930.Parent = Part3929
SpecialMesh3930.MeshId = "rbxassetid://623621260"
SpecialMesh3930.Offset = Vector3.new(0, 3.4100000858306885, 0)
SpecialMesh3930.TextureId = "rbxassetid://623618671"
SpecialMesh3930.MeshType = Enum.MeshType.FileMesh
Part3931.Name = "TreeMeshTop"
Part3931.Parent = Model3928
Part3931.CFrame = CFrame.new(-545.092468, 119.962219, -3024.61475, -0.70130384, 0.109538473, -0.704396665, 0.127848476, 0.99142921, 0.0268869419, 0.701304555, -0.0712001026, -0.709297419)
Part3931.Orientation = Vector3.new(-1.5399999618530273, -135.1999969482422, 7.349999904632568)
Part3931.Position = Vector3.new(-545.0924682617188, 119.96221923828125, -3024.61474609375)
Part3931.Rotation = Vector3.new(-177.8300018310547, -44.779998779296875, -171.1199951171875)
Part3931.Transparency = 0.05000000074505806
Part3931.Size = Vector3.new(8.250000953674316, 0.2499980926513672, 7)
Part3931.Anchored = true
Part3931.CanCollide = false
Part3931.Material = Enum.Material.Fabric
SpecialMesh3932.Name = "TopTreeMesh"
SpecialMesh3932.Parent = Part3931
SpecialMesh3932.MeshId = "rbxassetid://623621456"
SpecialMesh3932.Offset = Vector3.new(0, 3.4100000858306885, 0)
SpecialMesh3932.Scale = Vector3.new(1.600000023841858, 1.600000023841858, 1.600000023841858)
SpecialMesh3932.TextureId = "rbxassetid://745556120"
SpecialMesh3932.MeshType = Enum.MeshType.FileMesh
Model3933.Name = "??"
Model3933.Parent = Folder0
Part3934.Name = "TreeMesh Bottom"
Part3934.Parent = Model3933
Part3934.CFrame = CFrame.new(-548.395325, 90.0805893, -2905.46875, -0.70130384, 0.109538473, -0.704396665, 0.127848476, 0.99142921, 0.0268869419, 0.701304555, -0.0712001026, -0.709297419)
Part3934.Orientation = Vector3.new(-1.5399999618530273, -135.1999969482422, 7.349999904632568)
Part3934.Position = Vector3.new(-548.3953247070312, 90.0805892944336, -2905.46875)
Part3934.Rotation = Vector3.new(-177.8300018310547, -44.779998779296875, -171.1199951171875)
Part3934.Size = Vector3.new(8.250000953674316, 0.2499980926513672, 7)
Part3934.Anchored = true
Part3934.CanCollide = false
Part3934.Material = Enum.Material.Fabric
SpecialMesh3935.Name = "BarkMesh"
SpecialMesh3935.Parent = Part3934
SpecialMesh3935.MeshId = "rbxassetid://623621260"
SpecialMesh3935.Offset = Vector3.new(0, 3.4100000858306885, 0)
SpecialMesh3935.TextureId = "rbxassetid://623618671"
SpecialMesh3935.MeshType = Enum.MeshType.FileMesh
Part3936.Name = "TreeMeshTop"
Part3936.Parent = Model3933
Part3936.CFrame = CFrame.new(-545.092468, 119.962219, -2907.61475, -0.70130384, 0.109538473, -0.704396665, 0.127848476, 0.99142921, 0.0268869419, 0.701304555, -0.0712001026, -0.709297419)
Part3936.Orientation = Vector3.new(-1.5399999618530273, -135.1999969482422, 7.349999904632568)
Part3936.Position = Vector3.new(-545.0924682617188, 119.96221923828125, -2907.61474609375)
Part3936.Rotation = Vector3.new(-177.8300018310547, -44.779998779296875, -171.1199951171875)
Part3936.Transparency = 0.05000000074505806
Part3936.Size = Vector3.new(8.250000953674316, 0.2499980926513672, 7)
Part3936.Anchored = true
Part3936.CanCollide = false
Part3936.Material = Enum.Material.Fabric
SpecialMesh3937.Name = "TopTreeMesh"
SpecialMesh3937.Parent = Part3936
SpecialMesh3937.MeshId = "rbxassetid://623621456"
SpecialMesh3937.Offset = Vector3.new(0, 3.4100000858306885, 0)
SpecialMesh3937.Scale = Vector3.new(1.600000023841858, 1.600000023841858, 1.600000023841858)
SpecialMesh3937.TextureId = "rbxassetid://745556120"
SpecialMesh3937.MeshType = Enum.MeshType.FileMesh
Model3938.Name = "??"
Model3938.Parent = Folder0
Part3939.Name = "TreeMesh Bottom"
Part3939.Parent = Model3938
Part3939.CFrame = CFrame.new(-381.395325, 90.0805893, -2868.46875, -0.70130384, 0.109538473, -0.704396665, 0.127848476, 0.99142921, 0.0268869419, 0.701304555, -0.0712001026, -0.709297419)
Part3939.Orientation = Vector3.new(-1.5399999618530273, -135.1999969482422, 7.349999904632568)
Part3939.Position = Vector3.new(-381.39532470703125, 90.0805892944336, -2868.46875)
Part3939.Rotation = Vector3.new(-177.8300018310547, -44.779998779296875, -171.1199951171875)
Part3939.Size = Vector3.new(8.250000953674316, 0.2499980926513672, 7)
Part3939.Anchored = true
Part3939.CanCollide = false
Part3939.Material = Enum.Material.Fabric
SpecialMesh3940.Name = "BarkMesh"
SpecialMesh3940.Parent = Part3939
SpecialMesh3940.MeshId = "rbxassetid://623621260"
SpecialMesh3940.Offset = Vector3.new(0, 3.4100000858306885, 0)
SpecialMesh3940.TextureId = "rbxassetid://623618671"
SpecialMesh3940.MeshType = Enum.MeshType.FileMesh
Part3941.Name = "TreeMeshTop"
Part3941.Parent = Model3938
Part3941.CFrame = CFrame.new(-378.092468, 119.962219, -2870.61475, -0.70130384, 0.109538473, -0.704396665, 0.127848476, 0.99142921, 0.0268869419, 0.701304555, -0.0712001026, -0.709297419)
Part3941.Orientation = Vector3.new(-1.5399999618530273, -135.1999969482422, 7.349999904632568)
Part3941.Position = Vector3.new(-378.09246826171875, 119.96221923828125, -2870.61474609375)
Part3941.Rotation = Vector3.new(-177.8300018310547, -44.779998779296875, -171.1199951171875)
Part3941.Transparency = 0.05000000074505806
Part3941.Size = Vector3.new(8.250000953674316, 0.2499980926513672, 7)
Part3941.Anchored = true
Part3941.CanCollide = false
Part3941.Material = Enum.Material.Fabric
SpecialMesh3942.Name = "TopTreeMesh"
SpecialMesh3942.Parent = Part3941
SpecialMesh3942.MeshId = "rbxassetid://623621456"
SpecialMesh3942.Offset = Vector3.new(0, 3.4100000858306885, 0)
SpecialMesh3942.Scale = Vector3.new(1.600000023841858, 1.600000023841858, 1.600000023841858)
SpecialMesh3942.TextureId = "rbxassetid://745556120"
SpecialMesh3942.MeshType = Enum.MeshType.FileMesh
Model3943.Name = "??"
Model3943.Parent = Folder0
Part3944.Name = "TreeMesh Bottom"
Part3944.Parent = Model3943
Part3944.CFrame = CFrame.new(-349.303101, 97.2929382, -2373.30078, 0.509749889, 0.168525219, -0.843658447, -0.314397275, 0.949293494, -0.000336259604, 0.800823033, 0.265414, 0.536884308)
Part3944.Orientation = Vector3.new(0.019999999552965164, -57.529998779296875, -18.31999969482422)
Part3944.Position = Vector3.new(-349.3031005859375, 97.29293823242188, -2373.30078125)
Part3944.Rotation = Vector3.new(0.03999999910593033, -57.529998779296875, -18.290000915527344)
Part3944.Size = Vector3.new(8.250000953674316, 0.2499980926513672, 7)
Part3944.Anchored = true
Part3944.CanCollide = false
Part3944.Material = Enum.Material.Fabric
SpecialMesh3945.Name = "BarkMesh"
SpecialMesh3945.Parent = Part3944
SpecialMesh3945.MeshId = "rbxassetid://623621260"
SpecialMesh3945.Offset = Vector3.new(0, 3.4100000858306885, 0)
SpecialMesh3945.TextureId = "rbxassetid://623618671"
SpecialMesh3945.MeshType = Enum.MeshType.FileMesh
Part3946.Name = "TreeMeshTop"
Part3946.Parent = Model3943
Part3946.CFrame = CFrame.new(-344.22348, 125.904999, -2365.30273, 0.509749889, 0.168525219, -0.843658447, -0.314397275, 0.949293494, -0.000336259604, 0.800823033, 0.265414, 0.536884308)
Part3946.Orientation = Vector3.new(0.019999999552965164, -57.529998779296875, -18.31999969482422)
Part3946.Position = Vector3.new(-344.2234802246094, 125.90499877929688, -2365.302734375)
Part3946.Rotation = Vector3.new(0.03999999910593033, -57.529998779296875, -18.290000915527344)
Part3946.Transparency = 0.05000000074505806
Part3946.Size = Vector3.new(8.250000953674316, 0.2499980926513672, 7)
Part3946.Anchored = true
Part3946.CanCollide = false
Part3946.Material = Enum.Material.Fabric
SpecialMesh3947.Name = "TopTreeMesh"
SpecialMesh3947.Parent = Part3946
SpecialMesh3947.MeshId = "rbxassetid://623621456"
SpecialMesh3947.Offset = Vector3.new(0, 3.4100000858306885, 0)
SpecialMesh3947.Scale = Vector3.new(1.600000023841858, 1.600000023841858, 1.600000023841858)
SpecialMesh3947.TextureId = "rbxassetid://745556120"
SpecialMesh3947.MeshType = Enum.MeshType.FileMesh
Model3948.Name = "??"
Model3948.Parent = Folder0
Part3949.Name = "TreeMesh Bottom"
Part3949.Parent = Model3948
Part3949.CFrame = CFrame.new(-562.395325, 90.0805893, -2827.46875, -0.70130384, 0.109538473, -0.704396665, 0.127848476, 0.99142921, 0.0268869419, 0.701304555, -0.0712001026, -0.709297419)
Part3949.Orientation = Vector3.new(-1.5399999618530273, -135.1999969482422, 7.349999904632568)
Part3949.Position = Vector3.new(-562.3953247070312, 90.0805892944336, -2827.46875)
Part3949.Rotation = Vector3.new(-177.8300018310547, -44.779998779296875, -171.1199951171875)
Part3949.Size = Vector3.new(8.250000953674316, 0.2499980926513672, 7)
Part3949.Anchored = true
Part3949.CanCollide = false
Part3949.Material = Enum.Material.Fabric
SpecialMesh3950.Name = "BarkMesh"
SpecialMesh3950.Parent = Part3949
SpecialMesh3950.MeshId = "rbxassetid://623621260"
SpecialMesh3950.Offset = Vector3.new(0, 3.4100000858306885, 0)
SpecialMesh3950.TextureId = "rbxassetid://623618671"
SpecialMesh3950.MeshType = Enum.MeshType.FileMesh
Part3951.Name = "TreeMeshTop"
Part3951.Parent = Model3948
Part3951.CFrame = CFrame.new(-559.092468, 119.962219, -2829.61475, -0.70130384, 0.109538473, -0.704396665, 0.127848476, 0.99142921, 0.0268869419, 0.701304555, -0.0712001026, -0.709297419)
Part3951.Orientation = Vector3.new(-1.5399999618530273, -135.1999969482422, 7.349999904632568)
Part3951.Position = Vector3.new(-559.0924682617188, 119.96221923828125, -2829.61474609375)
Part3951.Rotation = Vector3.new(-177.8300018310547, -44.779998779296875, -171.1199951171875)
Part3951.Transparency = 0.05000000074505806
Part3951.Size = Vector3.new(8.250000953674316, 0.2499980926513672, 7)
Part3951.Anchored = true
Part3951.CanCollide = false
Part3951.Material = Enum.Material.Fabric
SpecialMesh3952.Name = "TopTreeMesh"
SpecialMesh3952.Parent = Part3951
SpecialMesh3952.MeshId = "rbxassetid://623621456"
SpecialMesh3952.Offset = Vector3.new(0, 3.4100000858306885, 0)
SpecialMesh3952.Scale = Vector3.new(1.600000023841858, 1.600000023841858, 1.600000023841858)
SpecialMesh3952.TextureId = "rbxassetid://745556120"
SpecialMesh3952.MeshType = Enum.MeshType.FileMesh
Model3953.Name = "??"
Model3953.Parent = Folder0
Part3954.Name = "TreeMesh Bottom"
Part3954.Parent = Model3953
Part3954.CFrame = CFrame.new(142.329819, 95.2640305, -1820.50928, -0.982387483, -0.116941266, -0.14573811, -0.0670409948, 0.948611259, -0.309264004, 0.174413949, -0.294046611, -0.939742506)
Part3954.Orientation = Vector3.new(18.010000228881836, -171.17999267578125, -4.039999961853027)
Part3954.Position = Vector3.new(142.32981872558594, 95.26403045654297, -1820.50927734375)
Part3954.Rotation = Vector3.new(161.77999877929688, -8.380000114440918, 173.2100067138672)
Part3954.Size = Vector3.new(8.250000953674316, 0.2499980926513672, 7)
Part3954.Anchored = true
Part3954.CanCollide = false
Part3954.Material = Enum.Material.Fabric
SpecialMesh3955.Name = "BarkMesh"
SpecialMesh3955.Parent = Part3954
SpecialMesh3955.MeshId = "rbxassetid://623621260"
SpecialMesh3955.Offset = Vector3.new(0, 3.4100000858306885, 0)
SpecialMesh3955.TextureId = "rbxassetid://623618671"
SpecialMesh3955.MeshType = Enum.MeshType.FileMesh
Part3956.Name = "TreeMeshTop"
Part3956.Parent = Model3953
Part3956.CFrame = CFrame.new(143.540207, 125.128288, -1824.39172, -0.982387483, -0.116941266, -0.14573811, -0.0670409948, 0.948611259, -0.309264004, 0.174413949, -0.294046611, -0.939742506)
Part3956.Orientation = Vector3.new(18.010000228881836, -171.17999267578125, -4.039999961853027)
Part3956.Position = Vector3.new(143.5402069091797, 125.12828826904297, -1824.3917236328125)
Part3956.Rotation = Vector3.new(161.77999877929688, -8.380000114440918, 173.2100067138672)
Part3956.Transparency = 0.05000000074505806
Part3956.Size = Vector3.new(8.250000953674316, 0.2499980926513672, 7)
Part3956.Anchored = true
Part3956.CanCollide = false
Part3956.Material = Enum.Material.Fabric
SpecialMesh3957.Name = "TopTreeMesh"
SpecialMesh3957.Parent = Part3956
SpecialMesh3957.MeshId = "rbxassetid://623621456"
SpecialMesh3957.Offset = Vector3.new(0, 3.4100000858306885, 0)
SpecialMesh3957.Scale = Vector3.new(1.600000023841858, 1.600000023841858, 1.600000023841858)
SpecialMesh3957.TextureId = "rbxassetid://745556120"
SpecialMesh3957.MeshType = Enum.MeshType.FileMesh
Model3958.Name = "??"
Model3958.Parent = Folder0
Part3959.Name = "TreeMesh Bottom"
Part3959.Parent = Model3958
Part3959.CFrame = CFrame.new(210.410446, 116.159119, -1856.74207, -0.964217782, -0.244457677, -0.102588862, -0.205949783, 0.934362411, -0.290784478, 0.166938946, -0.259251118, -0.951272726)
Part3959.Orientation = Vector3.new(16.899999618530273, -173.83999633789062, -12.430000305175781)
Part3959.Position = Vector3.new(210.4104461669922, 116.15911865234375, -1856.7420654296875)
Part3959.Rotation = Vector3.new(163, -5.889999866485596, 165.77000427246094)
Part3959.Size = Vector3.new(8.250000953674316, 0.2499980926513672, 7)
Part3959.Anchored = true
Part3959.CanCollide = false
Part3959.Material = Enum.Material.Fabric
SpecialMesh3960.Name = "BarkMesh"
SpecialMesh3960.Parent = Part3959
SpecialMesh3960.MeshId = "rbxassetid://623621260"
SpecialMesh3960.Offset = Vector3.new(0, 3.4100000858306885, 0)
SpecialMesh3960.TextureId = "rbxassetid://623618671"
SpecialMesh3960.MeshType = Enum.MeshType.FileMesh
Part3961.Name = "TreeMeshTop"
Part3961.Parent = Model3958
Part3961.CFrame = CFrame.new(207.561844, 146.036285, -1859.50867, -0.964217782, -0.244457677, -0.102588862, -0.205949783, 0.934362411, -0.290784478, 0.166938946, -0.259251118, -0.951272726)
Part3961.Orientation = Vector3.new(16.899999618530273, -173.83999633789062, -12.430000305175781)
Part3961.Position = Vector3.new(207.5618438720703, 146.03628540039062, -1859.5086669921875)
Part3961.Rotation = Vector3.new(163, -5.889999866485596, 165.77000427246094)
Part3961.Transparency = 0.05000000074505806
Part3961.Size = Vector3.new(8.250000953674316, 0.2499980926513672, 7)
Part3961.Anchored = true
Part3961.CanCollide = false
Part3961.Material = Enum.Material.Fabric
SpecialMesh3962.Name = "TopTreeMesh"
SpecialMesh3962.Parent = Part3961
SpecialMesh3962.MeshId = "rbxassetid://623621456"
SpecialMesh3962.Offset = Vector3.new(0, 3.4100000858306885, 0)
SpecialMesh3962.Scale = Vector3.new(1.600000023841858, 1.600000023841858, 1.600000023841858)
SpecialMesh3962.TextureId = "rbxassetid://745556120"
SpecialMesh3962.MeshType = Enum.MeshType.FileMesh
Model3963.Name = "??"
Model3963.Parent = Folder0
Part3964.Name = "TreeMesh Bottom"
Part3964.Parent = Model3963
Part3964.CFrame = CFrame.new(278.186646, 116.762024, -1889.2821, -0.96909982, -0.22072196, -0.110122733, -0.18512471, 0.94584918, -0.26665774, 0.163015649, -0.238030776, -0.957479417)
Part3964.Orientation = Vector3.new(15.470000267028809, -173.44000244140625, -11.069999694824219)
Part3964.Position = Vector3.new(278.1866455078125, 116.76202392578125, -1889.2821044921875)
Part3964.Rotation = Vector3.new(164.44000244140625, -6.320000171661377, 167.1699981689453)
Part3964.Size = Vector3.new(8.250000953674316, 0.2499980926513672, 7)
Part3964.Anchored = true
Part3964.CanCollide = false
Part3964.Material = Enum.Material.Fabric
SpecialMesh3965.Name = "BarkMesh"
SpecialMesh3965.Parent = Part3964
SpecialMesh3965.MeshId = "rbxassetid://623621260"
SpecialMesh3965.Offset = Vector3.new(0, 3.4100000858306885, 0)
SpecialMesh3965.TextureId = "rbxassetid://623618671"
SpecialMesh3965.MeshType = Enum.MeshType.FileMesh
Part3966.Name = "TreeMeshTop"
Part3966.Parent = Model3963
Part3966.CFrame = CFrame.new(276.096497, 146.756454, -1891.37537, -0.96909982, -0.22072196, -0.110122733, -0.18512471, 0.94584918, -0.26665774, 0.163015649, -0.238030776, -0.957479417)
Part3966.Orientation = Vector3.new(15.470000267028809, -173.44000244140625, -11.069999694824219)
Part3966.Position = Vector3.new(276.09649658203125, 146.75645446777344, -1891.3753662109375)
Part3966.Rotation = Vector3.new(164.44000244140625, -6.320000171661377, 167.1699981689453)
Part3966.Transparency = 0.05000000074505806
Part3966.Size = Vector3.new(8.250000953674316, 0.2499980926513672, 7)
Part3966.Anchored = true
Part3966.CanCollide = false
Part3966.Material = Enum.Material.Fabric
SpecialMesh3967.Name = "TopTreeMesh"
SpecialMesh3967.Parent = Part3966
SpecialMesh3967.MeshId = "rbxassetid://623621456"
SpecialMesh3967.Offset = Vector3.new(0, 3.4100000858306885, 0)
SpecialMesh3967.Scale = Vector3.new(1.600000023841858, 1.600000023841858, 1.600000023841858)
SpecialMesh3967.TextureId = "rbxassetid://745556120"
SpecialMesh3967.MeshType = Enum.MeshType.FileMesh
Model3968.Name = "??"
Model3968.Parent = Folder0
Part3969.Name = "TreeMesh Bottom"
Part3969.Parent = Model3968
Part3969.CFrame = CFrame.new(337.412476, 116.473679, -1921.51624, -0.964417398, -0.243546605, -0.102880299, -0.197992116, 0.923186779, -0.329431713, 0.175209731, -0.297340125, -0.938557625)
Part3969.Orientation = Vector3.new(19.229999542236328, -173.74000549316406, -12.100000381469727)
Part3969.Position = Vector3.new(337.4124755859375, 116.47367858886719, -1921.5162353515625)
Part3969.Rotation = Vector3.new(160.66000366210938, -5.909999847412109, 165.8300018310547)
Part3969.Size = Vector3.new(8.250000953674316, 0.2499980926513672, 7)
Part3969.Anchored = true
Part3969.CanCollide = false
Part3969.Material = Enum.Material.Fabric
SpecialMesh3970.Name = "BarkMesh"
SpecialMesh3970.Parent = Part3969
SpecialMesh3970.MeshId = "rbxassetid://623621260"
SpecialMesh3970.Offset = Vector3.new(0, 3.4100000858306885, 0)
SpecialMesh3970.TextureId = "rbxassetid://623618671"
SpecialMesh3970.MeshType = Enum.MeshType.FileMesh
Part3971.Name = "TreeMeshTop"
Part3971.Parent = Model3968
Part3971.CFrame = CFrame.new(334.593079, 146.215271, -1925.50537, -0.964417398, -0.243546605, -0.102880299, -0.197992116, 0.923186779, -0.329431713, 0.175209731, -0.297340125, -0.938557625)
Part3971.Orientation = Vector3.new(19.229999542236328, -173.74000549316406, -12.100000381469727)
Part3971.Position = Vector3.new(334.59307861328125, 146.21527099609375, -1925.50537109375)
Part3971.Rotation = Vector3.new(160.66000366210938, -5.909999847412109, 165.8300018310547)
Part3971.Transparency = 0.05000000074505806
Part3971.Size = Vector3.new(8.250000953674316, 0.2499980926513672, 7)
Part3971.Anchored = true
Part3971.CanCollide = false
Part3971.Material = Enum.Material.Fabric
SpecialMesh3972.Name = "TopTreeMesh"
SpecialMesh3972.Parent = Part3971
SpecialMesh3972.MeshId = "rbxassetid://623621456"
SpecialMesh3972.Offset = Vector3.new(0, 3.4100000858306885, 0)
SpecialMesh3972.Scale = Vector3.new(1.600000023841858, 1.600000023841858, 1.600000023841858)
SpecialMesh3972.TextureId = "rbxassetid://745556120"
SpecialMesh3972.MeshType = Enum.MeshType.FileMesh
Model3973.Name = "??"
Model3973.Parent = Folder0
Part3974.Name = "TreeMesh Bottom"
Part3974.Parent = Model3973
Part3974.CFrame = CFrame.new(409.580963, 116.161194, -1956.40515, -0.884223998, -0.319796145, -0.340409428, -0.228552848, 0.931865215, -0.281763792, 0.407322705, -0.171340793, -0.897067904)
Part3974.Orientation = Vector3.new(16.3700008392334, -159.22000122070312, -13.779999732971191)
Part3974.Position = Vector3.new(409.5809631347656, 116.16119384765625, -1956.4051513671875)
Part3974.Rotation = Vector3.new(162.55999755859375, -19.899999618530273, 160.1199951171875)
Part3974.Size = Vector3.new(8.250000953674316, 0.2499980926513672, 7)
Part3974.Anchored = true
Part3974.CanCollide = false
Part3974.Material = Enum.Material.Fabric
SpecialMesh3975.Name = "BarkMesh"
SpecialMesh3975.Parent = Part3974
SpecialMesh3975.MeshId = "rbxassetid://623621260"
SpecialMesh3975.Offset = Vector3.new(0, 3.4100000858306885, 0)
SpecialMesh3975.TextureId = "rbxassetid://623618671"
SpecialMesh3975.MeshType = Enum.MeshType.FileMesh
Part3976.Name = "TreeMeshTop"
Part3976.Parent = Model3973
Part3976.CFrame = CFrame.new(405.584045, 146.000793, -1957.83569, -0.884223998, -0.319796145, -0.340409428, -0.228552848, 0.931865215, -0.281763792, 0.407322705, -0.171340793, -0.897067904)
Part3976.Orientation = Vector3.new(16.3700008392334, -159.22000122070312, -13.779999732971191)
Part3976.Position = Vector3.new(405.58404541015625, 146.00079345703125, -1957.835693359375)
Part3976.Rotation = Vector3.new(162.55999755859375, -19.899999618530273, 160.1199951171875)
Part3976.Transparency = 0.05000000074505806
Part3976.Size = Vector3.new(8.250000953674316, 0.2499980926513672, 7)
Part3976.Anchored = true
Part3976.CanCollide = false
Part3976.Material = Enum.Material.Fabric
SpecialMesh3977.Name = "TopTreeMesh"
SpecialMesh3977.Parent = Part3976
SpecialMesh3977.MeshId = "rbxassetid://623621456"
SpecialMesh3977.Offset = Vector3.new(0, 3.4100000858306885, 0)
SpecialMesh3977.Scale = Vector3.new(1.600000023841858, 1.600000023841858, 1.600000023841858)
SpecialMesh3977.TextureId = "rbxassetid://745556120"
SpecialMesh3977.MeshType = Enum.MeshType.FileMesh
Model3978.Name = "??"
Model3978.Parent = Folder0
Part3979.Name = "TreeMesh Bottom"
Part3979.Parent = Model3978
Part3979.CFrame = CFrame.new(473.580963, 99.1611938, -1996.40515, -0.884223998, -0.319796145, -0.340409428, -0.228552848, 0.931865215, -0.281763792, 0.407322705, -0.171340793, -0.897067904)
Part3979.Orientation = Vector3.new(16.3700008392334, -159.22000122070312, -13.779999732971191)
Part3979.Position = Vector3.new(473.5809631347656, 99.16119384765625, -1996.4051513671875)
Part3979.Rotation = Vector3.new(162.55999755859375, -19.899999618530273, 160.1199951171875)
Part3979.Size = Vector3.new(8.250000953674316, 0.2499980926513672, 7)
Part3979.Anchored = true
Part3979.CanCollide = false
Part3979.Material = Enum.Material.Fabric
SpecialMesh3980.Name = "BarkMesh"
SpecialMesh3980.Parent = Part3979
SpecialMesh3980.MeshId = "rbxassetid://623621260"
SpecialMesh3980.Offset = Vector3.new(0, 3.4100000858306885, 0)
SpecialMesh3980.TextureId = "rbxassetid://623618671"
SpecialMesh3980.MeshType = Enum.MeshType.FileMesh
Part3981.Name = "TreeMeshTop"
Part3981.Parent = Model3978
Part3981.CFrame = CFrame.new(469.584045, 129.000793, -1997.83569, -0.884223998, -0.319796145, -0.340409428, -0.228552848, 0.931865215, -0.281763792, 0.407322705, -0.171340793, -0.897067904)
Part3981.Orientation = Vector3.new(16.3700008392334, -159.22000122070312, -13.779999732971191)
Part3981.Position = Vector3.new(469.58404541015625, 129.00079345703125, -1997.835693359375)
Part3981.Rotation = Vector3.new(162.55999755859375, -19.899999618530273, 160.1199951171875)
Part3981.Transparency = 0.05000000074505806
Part3981.Size = Vector3.new(8.250000953674316, 0.2499980926513672, 7)
Part3981.Anchored = true
Part3981.CanCollide = false
Part3981.Material = Enum.Material.Fabric
SpecialMesh3982.Name = "TopTreeMesh"
SpecialMesh3982.Parent = Part3981
SpecialMesh3982.MeshId = "rbxassetid://623621456"
SpecialMesh3982.Offset = Vector3.new(0, 3.4100000858306885, 0)
SpecialMesh3982.Scale = Vector3.new(1.600000023841858, 1.600000023841858, 1.600000023841858)
SpecialMesh3982.TextureId = "rbxassetid://745556120"
SpecialMesh3982.MeshType = Enum.MeshType.FileMesh
Model3983.Name = "??"
Model3983.Parent = Folder0
Part3984.Name = "TreeMesh Bottom"
Part3984.Parent = Model3983
Part3984.CFrame = CFrame.new(537.580933, 99.1611938, -2046.40515, -0.884223998, -0.319796145, -0.340409428, -0.228552848, 0.931865215, -0.281763792, 0.407322705, -0.171340793, -0.897067904)
Part3984.Orientation = Vector3.new(16.3700008392334, -159.22000122070312, -13.779999732971191)
Part3984.Position = Vector3.new(537.5809326171875, 99.16119384765625, -2046.4051513671875)
Part3984.Rotation = Vector3.new(162.55999755859375, -19.899999618530273, 160.1199951171875)
Part3984.Size = Vector3.new(8.250000953674316, 0.2499980926513672, 7)
Part3984.Anchored = true
Part3984.CanCollide = false
Part3984.Material = Enum.Material.Fabric
SpecialMesh3985.Name = "BarkMesh"
SpecialMesh3985.Parent = Part3984
SpecialMesh3985.MeshId = "rbxassetid://623621260"
SpecialMesh3985.Offset = Vector3.new(0, 3.4100000858306885, 0)
SpecialMesh3985.TextureId = "rbxassetid://623618671"
SpecialMesh3985.MeshType = Enum.MeshType.FileMesh
Part3986.Name = "TreeMeshTop"
Part3986.Parent = Model3983
Part3986.CFrame = CFrame.new(533.584045, 129.000793, -2047.83569, -0.884223998, -0.319796145, -0.340409428, -0.228552848, 0.931865215, -0.281763792, 0.407322705, -0.171340793, -0.897067904)
Part3986.Orientation = Vector3.new(16.3700008392334, -159.22000122070312, -13.779999732971191)
Part3986.Position = Vector3.new(533.5840454101562, 129.00079345703125, -2047.835693359375)
Part3986.Rotation = Vector3.new(162.55999755859375, -19.899999618530273, 160.1199951171875)
Part3986.Transparency = 0.05000000074505806
Part3986.Size = Vector3.new(8.250000953674316, 0.2499980926513672, 7)
Part3986.Anchored = true
Part3986.CanCollide = false
Part3986.Material = Enum.Material.Fabric
SpecialMesh3987.Name = "TopTreeMesh"
SpecialMesh3987.Parent = Part3986
SpecialMesh3987.MeshId = "rbxassetid://623621456"
SpecialMesh3987.Offset = Vector3.new(0, 3.4100000858306885, 0)
SpecialMesh3987.Scale = Vector3.new(1.600000023841858, 1.600000023841858, 1.600000023841858)
SpecialMesh3987.TextureId = "rbxassetid://745556120"
SpecialMesh3987.MeshType = Enum.MeshType.FileMesh
Model3988.Name = "??"
Model3988.Parent = Folder0
Part3989.Name = "TreeMesh Bottom"
Part3989.Parent = Model3988
Part3989.CFrame = CFrame.new(588.580933, 85.1611938, -2106.40527, -0.884223998, -0.319796145, -0.340409428, -0.228552848, 0.931865215, -0.281763792, 0.407322705, -0.171340793, -0.897067904)
Part3989.Orientation = Vector3.new(16.3700008392334, -159.22000122070312, -13.779999732971191)
Part3989.Position = Vector3.new(588.5809326171875, 85.16119384765625, -2106.4052734375)
Part3989.Rotation = Vector3.new(162.55999755859375, -19.899999618530273, 160.1199951171875)
Part3989.Size = Vector3.new(8.250000953674316, 0.2499980926513672, 7)
Part3989.Anchored = true
Part3989.CanCollide = false
Part3989.Material = Enum.Material.Fabric
SpecialMesh3990.Name = "BarkMesh"
SpecialMesh3990.Parent = Part3989
SpecialMesh3990.MeshId = "rbxassetid://623621260"
SpecialMesh3990.Offset = Vector3.new(0, 3.4100000858306885, 0)
SpecialMesh3990.TextureId = "rbxassetid://623618671"
SpecialMesh3990.MeshType = Enum.MeshType.FileMesh
Part3991.Name = "TreeMeshTop"
Part3991.Parent = Model3988
Part3991.CFrame = CFrame.new(584.584045, 115.000793, -2107.83569, -0.884223998, -0.319796145, -0.340409428, -0.228552848, 0.931865215, -0.281763792, 0.407322705, -0.171340793, -0.897067904)
Part3991.Orientation = Vector3.new(16.3700008392334, -159.22000122070312, -13.779999732971191)
Part3991.Position = Vector3.new(584.5840454101562, 115.00079345703125, -2107.835693359375)
Part3991.Rotation = Vector3.new(162.55999755859375, -19.899999618530273, 160.1199951171875)
Part3991.Transparency = 0.05000000074505806
Part3991.Size = Vector3.new(8.250000953674316, 0.2499980926513672, 7)
Part3991.Anchored = true
Part3991.CanCollide = false
Part3991.Material = Enum.Material.Fabric
SpecialMesh3992.Name = "TopTreeMesh"
SpecialMesh3992.Parent = Part3991
SpecialMesh3992.MeshId = "rbxassetid://623621456"
SpecialMesh3992.Offset = Vector3.new(0, 3.4100000858306885, 0)
SpecialMesh3992.Scale = Vector3.new(1.600000023841858, 1.600000023841858, 1.600000023841858)
SpecialMesh3992.TextureId = "rbxassetid://745556120"
SpecialMesh3992.MeshType = Enum.MeshType.FileMesh
Model3993.Name = "??"
Model3993.Parent = Folder0
Part3994.Name = "TreeMesh Bottom"
Part3994.Parent = Model3993
Part3994.CFrame = CFrame.new(-48.4723053, 115.163208, -1337.93811, 0.773880124, 0.162454516, 0.612142384, -0.0423699319, 0.97765702, -0.205892548, -0.631913364, 0.13339971, 0.763472438)
Part3994.Orientation = Vector3.new(11.880000114440918, 38.720001220703125, -2.4800000190734863)
Part3994.Position = Vector3.new(-48.47230529785156, 115.1632080078125, -1337.9381103515625)
Part3994.Rotation = Vector3.new(15.09000015258789, 37.7400016784668, -11.859999656677246)
Part3994.Size = Vector3.new(8.250000953674316, 0.2499980926513672, 7)
Part3994.Anchored = true
Part3994.CanCollide = false
Part3994.Material = Enum.Material.Fabric
SpecialMesh3995.Name = "BarkMesh"
SpecialMesh3995.Parent = Part3994
SpecialMesh3995.MeshId = "rbxassetid://623621260"
SpecialMesh3995.Offset = Vector3.new(0, 3.4100000858306885, 0)
SpecialMesh3995.TextureId = "rbxassetid://623618671"
SpecialMesh3995.MeshType = Enum.MeshType.FileMesh
Part3996.Name = "TreeMeshTop"
Part3996.Parent = Model3993
Part3996.CFrame = CFrame.new(-50.2293854, 145.188049, -1335.98157, 0.773880124, 0.162454516, 0.612142384, -0.0423699319, 0.97765702, -0.205892548, -0.631913364, 0.13339971, 0.763472438)
Part3996.Orientation = Vector3.new(11.880000114440918, 38.720001220703125, -2.4800000190734863)
Part3996.Position = Vector3.new(-50.22938537597656, 145.18804931640625, -1335.9815673828125)
Part3996.Rotation = Vector3.new(15.09000015258789, 37.7400016784668, -11.859999656677246)
Part3996.Transparency = 0.05000000074505806
Part3996.Size = Vector3.new(8.250000953674316, 0.2499980926513672, 7)
Part3996.Anchored = true
Part3996.CanCollide = false
Part3996.Material = Enum.Material.Fabric
SpecialMesh3997.Name = "TopTreeMesh"
SpecialMesh3997.Parent = Part3996
SpecialMesh3997.MeshId = "rbxassetid://623621456"
SpecialMesh3997.Offset = Vector3.new(0, 3.4100000858306885, 0)
SpecialMesh3997.Scale = Vector3.new(1.600000023841858, 1.600000023841858, 1.600000023841858)
SpecialMesh3997.TextureId = "rbxassetid://745556120"
SpecialMesh3997.MeshType = Enum.MeshType.FileMesh
Model3998.Name = "??"
Model3998.Parent = Folder0
Part3999.Name = "TreeMesh Bottom"
Part3999.Parent = Model3998
Part3999.CFrame = CFrame.new(-467.395325, 90.0805893, -3154.46875, -0.70130384, 0.109538473, -0.704396665, 0.127848476, 0.99142921, 0.0268869419, 0.701304555, -0.0712001026, -0.709297419)
Part3999.Orientation = Vector3.new(-1.5399999618530273, -135.1999969482422, 7.349999904632568)
Part3999.Position = Vector3.new(-467.39532470703125, 90.0805892944336, -3154.46875)
Part3999.Rotation = Vector3.new(-177.8300018310547, -44.779998779296875, -171.1199951171875)
Part3999.Size = Vector3.new(8.250000953674316, 0.2499980926513672, 7)
Part3999.Anchored = true
Part3999.CanCollide = false
Part3999.Material = Enum.Material.Fabric
SpecialMesh4000.Name = "BarkMesh"
SpecialMesh4000.Parent = Part3999
SpecialMesh4000.MeshId = "rbxassetid://623621260"
SpecialMesh4000.Offset = Vector3.new(0, 3.4100000858306885, 0)
SpecialMesh4000.TextureId = "rbxassetid://623618671"
SpecialMesh4000.MeshType = Enum.MeshType.FileMesh
Part4001.Name = "TreeMeshTop"
Part4001.Parent = Model3998
Part4001.CFrame = CFrame.new(-464.092468, 119.962219, -3156.61475, -0.70130384, 0.109538473, -0.704396665, 0.127848476, 0.99142921, 0.0268869419, 0.701304555, -0.0712001026, -0.709297419)
Part4001.Orientation = Vector3.new(-1.5399999618530273, -135.1999969482422, 7.349999904632568)
Part4001.Position = Vector3.new(-464.09246826171875, 119.96221923828125, -3156.61474609375)
Part4001.Rotation = Vector3.new(-177.8300018310547, -44.779998779296875, -171.1199951171875)
Part4001.Transparency = 0.05000000074505806
