SpecialMesh4768.Name = "TopTreeMesh"
SpecialMesh4768.Parent = Part4767
SpecialMesh4768.MeshId = "rbxassetid://623621456"
SpecialMesh4768.Offset = Vector3.new(0, 3.4100000858306885, 0)
SpecialMesh4768.Scale = Vector3.new(1.600000023841858, 1.600000023841858, 1.600000023841858)
SpecialMesh4768.TextureId = "rbxassetid://745556120"
SpecialMesh4768.MeshType = Enum.MeshType.FileMesh
Model4769.Name = "??"
Model4769.Parent = Folder0
Part4770.Name = "TreeMesh Bottom"
Part4770.Parent = Model4769
Part4770.CFrame = CFrame.new(-966.710327, 124.930099, -3053.9563, -0.493581444, -0.0853780285, -0.865498662, -0.110576428, 0.993254006, -0.0349204354, 0.862641454, 0.0784676746, -0.4996925)
Part4770.Orientation = Vector3.new(2, -120, -6.349999904632568)
Part4770.Position = Vector3.new(-966.7103271484375, 124.93009948730469, -3053.956298828125)
Part4770.Rotation = Vector3.new(176, -59.939998626708984, 170.19000244140625)
Part4770.Size = Vector3.new(8.250000953674316, 0.2499980926513672, 7)
Part4770.Anchored = true
Part4770.CanCollide = false
Part4770.Material = Enum.Material.Fabric
SpecialMesh4771.Name = "BarkMesh"
SpecialMesh4771.Parent = Part4770
SpecialMesh4771.MeshId = "rbxassetid://623621260"
SpecialMesh4771.Offset = Vector3.new(0, 3.4100000858306885, 0)
SpecialMesh4771.TextureId = "rbxassetid://623618671"
SpecialMesh4771.MeshType = Enum.MeshType.FileMesh
Part4772.Name = "TreeMeshTop"
Part4772.Parent = Model4769
Part4772.CFrame = CFrame.new(-969.282166, 154.866959, -3051.59106, -0.49357903, -0.0853784829, -0.865500093, -0.110576101, 0.993254066, -0.0349213816, 0.862642884, 0.0784671754, -0.499690175)
Part4772.Orientation = Vector3.new(2, -120, -6.349999904632568)
Part4772.Position = Vector3.new(-969.2821655273438, 154.86695861816406, -3051.591064453125)
Part4772.Rotation = Vector3.new(176, -59.939998626708984, 170.19000244140625)
Part4772.Transparency = 0.05000000074505806
Part4772.Size = Vector3.new(8.250000953674316, 0.2499980926513672, 7)
Part4772.Anchored = true
Part4772.CanCollide = false
Part4772.Material = Enum.Material.Fabric
SpecialMesh4773.Name = "TopTreeMesh"
SpecialMesh4773.Parent = Part4772
SpecialMesh4773.MeshId = "rbxassetid://623621456"
SpecialMesh4773.Offset = Vector3.new(0, 3.4100000858306885, 0)
SpecialMesh4773.Scale = Vector3.new(1.600000023841858, 1.600000023841858, 1.600000023841858)
SpecialMesh4773.TextureId = "rbxassetid://745556120"
SpecialMesh4773.MeshType = Enum.MeshType.FileMesh
Model4774.Name = "??"
Model4774.Parent = Folder0
Part4775.Name = "TreeMesh Bottom"
Part4775.Parent = Model4774
Part4775.CFrame = CFrame.new(-861.456299, 131.308655, -2960.61523, 0.27971983, -0.085376434, -0.956278086, -0.051692944, 0.993254185, -0.103798293, 0.958689094, 0.0784672797, 0.273419559)
Part4775.Orientation = Vector3.new(5.960000038146973, -74.04000091552734, -2.9800000190734863)
Part4775.Position = Vector3.new(-861.456298828125, 131.30865478515625, -2960.615234375)
Part4775.Rotation = Vector3.new(20.790000915527344, -72.98999786376953, 16.969999313354492)
Part4775.Size = Vector3.new(8.250000953674316, 0.2499980926513672, 7)
Part4775.Anchored = true
Part4775.CanCollide = false
Part4775.Material = Enum.Material.Fabric
SpecialMesh4776.Name = "BarkMesh"
SpecialMesh4776.Parent = Part4775
SpecialMesh4776.MeshId = "rbxassetid://623621260"
SpecialMesh4776.Offset = Vector3.new(0, 3.4100000858306885, 0)
SpecialMesh4776.TextureId = "rbxassetid://623618671"
SpecialMesh4776.MeshType = Enum.MeshType.FileMesh
Part4777.Name = "TreeMeshTop"
Part4777.Parent = Model4774
Part4777.CFrame = CFrame.new(-864.027832, 161.245422, -2958.25049, 0.279722512, -0.0853768438, -0.956277311, -0.0516920127, 0.993254185, -0.10379868, 0.958688438, 0.0784667209, 0.273422211)
Part4777.Orientation = Vector3.new(5.960000038146973, -74.04000091552734, -2.9800000190734863)
Part4777.Position = Vector3.new(-864.02783203125, 161.24542236328125, -2958.25048828125)
Part4777.Rotation = Vector3.new(20.790000915527344, -72.98999786376953, 16.969999313354492)
Part4777.Transparency = 0.05000000074505806
Part4777.Size = Vector3.new(8.250000953674316, 0.2499980926513672, 7)
Part4777.Anchored = true
Part4777.CanCollide = false
Part4777.Material = Enum.Material.Fabric
SpecialMesh4778.Name = "TopTreeMesh"
SpecialMesh4778.Parent = Part4777
SpecialMesh4778.MeshId = "rbxassetid://623621456"
SpecialMesh4778.Offset = Vector3.new(0, 3.4100000858306885, 0)
SpecialMesh4778.Scale = Vector3.new(1.600000023841858, 1.600000023841858, 1.600000023841858)
SpecialMesh4778.TextureId = "rbxassetid://745556120"
SpecialMesh4778.MeshType = Enum.MeshType.FileMesh
Model4779.Name = "??"
Model4779.Parent = Folder0
Part4780.Name = "TreeMesh Bottom"
Part4780.Parent = Model4779
Part4780.CFrame = CFrame.new(-806.570923, 118.688263, -2908.36133, 0.719346702, 1.97144163e-06, -0.694656014, 2.04890966e-07, 1.00000393, 2.43168324e-06, 0.694656968, -2.78133643e-06, 0.719343126)
Part4780.Orientation = Vector3.new(0, -44, 0)
Part4780.Position = Vector3.new(-806.5709228515625, 118.68826293945312, -2908.361328125)
Part4780.Rotation = Vector3.new(0, -44, 0)
Part4780.Size = Vector3.new(8.250000953674316, 0.2499980926513672, 7)
Part4780.Anchored = true
Part4780.CanCollide = false
Part4780.Material = Enum.Material.Fabric
SpecialMesh4781.Name = "BarkMesh"
SpecialMesh4781.Parent = Part4780
SpecialMesh4781.MeshId = "rbxassetid://623621260"
SpecialMesh4781.Offset = Vector3.new(0, 3.4100000858306885, 0)
SpecialMesh4781.TextureId = "rbxassetid://623618671"
SpecialMesh4781.MeshType = Enum.MeshType.FileMesh
Part4782.Name = "TreeMeshTop"
Part4782.Parent = Model4779
Part4782.CFrame = CFrame.new(-806.56958, 148.828247, -2908.36133, 0.719348669, 1.55536804e-06, -0.694653869, 9.05245543e-07, 1.00000381, 2.55834311e-06, 0.694654942, -3.35707682e-06, 0.719345033)
Part4782.Orientation = Vector3.new(0, -44, 0)
Part4782.Position = Vector3.new(-806.569580078125, 148.8282470703125, -2908.361328125)
Part4782.Rotation = Vector3.new(0, -44, 0)
Part4782.Transparency = 0.05000000074505806
Part4782.Size = Vector3.new(8.250000953674316, 0.2499980926513672, 7)
Part4782.Anchored = true
Part4782.CanCollide = false
Part4782.Material = Enum.Material.Fabric
SpecialMesh4783.Name = "TopTreeMesh"
SpecialMesh4783.Parent = Part4782
SpecialMesh4783.MeshId = "rbxassetid://623621456"
SpecialMesh4783.Offset = Vector3.new(0, 3.4100000858306885, 0)
SpecialMesh4783.Scale = Vector3.new(1.600000023841858, 1.600000023841858, 1.600000023841858)
SpecialMesh4783.TextureId = "rbxassetid://745556120"
SpecialMesh4783.MeshType = Enum.MeshType.FileMesh
Model4784.Name = "??"
Model4784.Parent = Folder0
Part4785.Name = "TreeMesh Bottom"
Part4785.Parent = Model4784
Part4785.CFrame = CFrame.new(-806.570923, 118.688263, -2908.36133, 0.719346702, 1.97144163e-06, -0.694656014, 2.04890966e-07, 1.00000393, 2.43168324e-06, 0.694656968, -2.78133643e-06, 0.719343126)
Part4785.Orientation = Vector3.new(0, -44, 0)
Part4785.Position = Vector3.new(-806.5709228515625, 118.68826293945312, -2908.361328125)
Part4785.Rotation = Vector3.new(0, -44, 0)
Part4785.Size = Vector3.new(8.250000953674316, 0.2499980926513672, 7)
Part4785.Anchored = true
Part4785.CanCollide = false
Part4785.Material = Enum.Material.Fabric
SpecialMesh4786.Name = "BarkMesh"
SpecialMesh4786.Parent = Part4785
SpecialMesh4786.MeshId = "rbxassetid://623621260"
SpecialMesh4786.Offset = Vector3.new(0, 3.4100000858306885, 0)
SpecialMesh4786.TextureId = "rbxassetid://623618671"
SpecialMesh4786.MeshType = Enum.MeshType.FileMesh
Part4787.Name = "TreeMeshTop"
Part4787.Parent = Model4784
Part4787.CFrame = CFrame.new(-806.56958, 148.828247, -2908.36133, 0.719348669, 1.55536804e-06, -0.694653869, 9.05245543e-07, 1.00000381, 2.55834311e-06, 0.694654942, -3.35707682e-06, 0.719345033)
Part4787.Orientation = Vector3.new(0, -44, 0)
Part4787.Position = Vector3.new(-806.569580078125, 148.8282470703125, -2908.361328125)
Part4787.Rotation = Vector3.new(0, -44, 0)
Part4787.Transparency = 0.05000000074505806
Part4787.Size = Vector3.new(8.250000953674316, 0.2499980926513672, 7)
Part4787.Anchored = true
Part4787.CanCollide = false
Part4787.Material = Enum.Material.Fabric
SpecialMesh4788.Name = "TopTreeMesh"
SpecialMesh4788.Parent = Part4787
SpecialMesh4788.MeshId = "rbxassetid://623621456"
SpecialMesh4788.Offset = Vector3.new(0, 3.4100000858306885, 0)
SpecialMesh4788.Scale = Vector3.new(1.600000023841858, 1.600000023841858, 1.600000023841858)
SpecialMesh4788.TextureId = "rbxassetid://745556120"
SpecialMesh4788.MeshType = Enum.MeshType.FileMesh
Model4789.Name = "??"
Model4789.Parent = Folder0
Part4790.Name = "TreeMesh Bottom"
Part4790.Parent = Model4789
Part4790.CFrame = CFrame.new(-794.514771, 114.580231, -3016.62158, 0.718739331, 0.10447669, -0.687385201, 0.0161206089, 0.985875726, 0.166700646, 0.695092738, -0.130895376, 0.706903458)
Part4790.Orientation = Vector3.new(-9.600000381469727, -44.20000076293945, 0.9399999976158142)
Part4790.Position = Vector3.new(-794.5147705078125, 114.58023071289062, -3016.62158203125)
Part4790.Rotation = Vector3.new(-13.270000457763672, -43.41999816894531, -8.270000457763672)
Part4790.Size = Vector3.new(8.250000953674316, 0.2499980926513672, 7)
Part4790.Anchored = true
Part4790.CanCollide = false
Part4790.Material = Enum.Material.Fabric
SpecialMesh4791.Name = "BarkMesh"
SpecialMesh4791.Parent = Part4790
SpecialMesh4791.MeshId = "rbxassetid://623621260"
SpecialMesh4791.Offset = Vector3.new(0, 3.4100000858306885, 0)
SpecialMesh4791.TextureId = "rbxassetid://623618671"
SpecialMesh4791.MeshType = Enum.MeshType.FileMesh
Part4792.Name = "TreeMeshTop"
Part4792.Parent = Model4789
Part4792.CFrame = CFrame.new(-791.364685, 144.294266, -3020.56641, 0.718741357, 0.104476295, -0.687383235, 0.0161208306, 0.985875785, 0.16670084, 0.695090711, -0.130895972, 0.706905484)
Part4792.Orientation = Vector3.new(-9.600000381469727, -44.20000076293945, 0.9399999976158142)
Part4792.Position = Vector3.new(-791.3646850585938, 144.2942657470703, -3020.56640625)
Part4792.Rotation = Vector3.new(-13.270000457763672, -43.41999816894531, -8.270000457763672)
Part4792.Transparency = 0.05000000074505806
Part4792.Size = Vector3.new(8.250000953674316, 0.2499980926513672, 7)
Part4792.Anchored = true
Part4792.CanCollide = false
Part4792.Material = Enum.Material.Fabric
SpecialMesh4793.Name = "TopTreeMesh"
SpecialMesh4793.Parent = Part4792
SpecialMesh4793.MeshId = "rbxassetid://623621456"
SpecialMesh4793.Offset = Vector3.new(0, 3.4100000858306885, 0)
SpecialMesh4793.Scale = Vector3.new(1.600000023841858, 1.600000023841858, 1.600000023841858)
SpecialMesh4793.TextureId = "rbxassetid://745556120"
SpecialMesh4793.MeshType = Enum.MeshType.FileMesh
Model4794.Name = "??"
Model4794.Parent = Folder0
Part4795.Name = "TreeMesh Bottom"
Part4795.Parent = Model4794
Part4795.CFrame = CFrame.new(-806.570923, 118.688263, -3058.36133, 0.719346702, 1.97144163e-06, -0.694656014, 2.04890966e-07, 1.00000393, 2.43168324e-06, 0.694656968, -2.78133643e-06, 0.719343126)
Part4795.Orientation = Vector3.new(0, -44, 0)
Part4795.Position = Vector3.new(-806.5709228515625, 118.68826293945312, -3058.361328125)
Part4795.Rotation = Vector3.new(0, -44, 0)
Part4795.Size = Vector3.new(8.250000953674316, 0.2499980926513672, 7)
Part4795.Anchored = true
Part4795.CanCollide = false
Part4795.Material = Enum.Material.Fabric
SpecialMesh4796.Name = "BarkMesh"
SpecialMesh4796.Parent = Part4795
SpecialMesh4796.MeshId = "rbxassetid://623621260"
SpecialMesh4796.Offset = Vector3.new(0, 3.4100000858306885, 0)
SpecialMesh4796.TextureId = "rbxassetid://623618671"
SpecialMesh4796.MeshType = Enum.MeshType.FileMesh
Part4797.Name = "TreeMeshTop"
Part4797.Parent = Model4794
Part4797.CFrame = CFrame.new(-806.56958, 148.828247, -3058.36133, 0.719348669, 1.55536804e-06, -0.694653869, 9.05245543e-07, 1.00000381, 2.55834311e-06, 0.694654942, -3.35707682e-06, 0.719345033)
Part4797.Orientation = Vector3.new(0, -44, 0)
Part4797.Position = Vector3.new(-806.569580078125, 148.8282470703125, -3058.361328125)
Part4797.Rotation = Vector3.new(0, -44, 0)
Part4797.Transparency = 0.05000000074505806
Part4797.Size = Vector3.new(8.250000953674316, 0.2499980926513672, 7)
Part4797.Anchored = true
Part4797.CanCollide = false
Part4797.Material = Enum.Material.Fabric
SpecialMesh4798.Name = "TopTreeMesh"
SpecialMesh4798.Parent = Part4797
SpecialMesh4798.MeshId = "rbxassetid://623621456"
SpecialMesh4798.Offset = Vector3.new(0, 3.4100000858306885, 0)
SpecialMesh4798.Scale = Vector3.new(1.600000023841858, 1.600000023841858, 1.600000023841858)
SpecialMesh4798.TextureId = "rbxassetid://745556120"
SpecialMesh4798.MeshType = Enum.MeshType.FileMesh
Model4799.Name = "??"
Model4799.Parent = Folder0
Part4800.Name = "TreeMesh Bottom"
Part4800.Parent = Model4799
Part4800.CFrame = CFrame.new(-861.456299, 131.308655, -3110.61523, 0.27971983, -0.085376434, -0.956278086, -0.051692944, 0.993254185, -0.103798293, 0.958689094, 0.0784672797, 0.273419559)
Part4800.Orientation = Vector3.new(5.960000038146973, -74.04000091552734, -2.9800000190734863)
Part4800.Position = Vector3.new(-861.456298828125, 131.30865478515625, -3110.615234375)
Part4800.Rotation = Vector3.new(20.790000915527344, -72.98999786376953, 16.969999313354492)
Part4800.Size = Vector3.new(8.250000953674316, 0.2499980926513672, 7)
Part4800.Anchored = true
Part4800.CanCollide = false
Part4800.Material = Enum.Material.Fabric
SpecialMesh4801.Name = "BarkMesh"
SpecialMesh4801.Parent = Part4800
SpecialMesh4801.MeshId = "rbxassetid://623621260"
SpecialMesh4801.Offset = Vector3.new(0, 3.4100000858306885, 0)
SpecialMesh4801.TextureId = "rbxassetid://623618671"
SpecialMesh4801.MeshType = Enum.MeshType.FileMesh
Part4802.Name = "TreeMeshTop"
Part4802.Parent = Model4799
Part4802.CFrame = CFrame.new(-864.027832, 161.245422, -3108.25049, 0.279722512, -0.0853768438, -0.956277311, -0.0516920127, 0.993254185, -0.10379868, 0.958688438, 0.0784667209, 0.273422211)
Part4802.Orientation = Vector3.new(5.960000038146973, -74.04000091552734, -2.9800000190734863)
Part4802.Position = Vector3.new(-864.02783203125, 161.24542236328125, -3108.25048828125)
Part4802.Rotation = Vector3.new(20.790000915527344, -72.98999786376953, 16.969999313354492)
Part4802.Transparency = 0.05000000074505806
Part4802.Size = Vector3.new(8.250000953674316, 0.2499980926513672, 7)
Part4802.Anchored = true
Part4802.CanCollide = false
Part4802.Material = Enum.Material.Fabric
SpecialMesh4803.Name = "TopTreeMesh"
SpecialMesh4803.Parent = Part4802
SpecialMesh4803.MeshId = "rbxassetid://623621456"
SpecialMesh4803.Offset = Vector3.new(0, 3.4100000858306885, 0)
SpecialMesh4803.Scale = Vector3.new(1.600000023841858, 1.600000023841858, 1.600000023841858)
SpecialMesh4803.TextureId = "rbxassetid://745556120"
SpecialMesh4803.MeshType = Enum.MeshType.FileMesh
Model4804.Name = "??"
Model4804.Parent = Folder0
Part4805.Name = "TreeMesh Bottom"
Part4805.Parent = Model4804
Part4805.CFrame = CFrame.new(-943.150635, 124.930099, -3118.7627, -0.493581444, -0.0853780285, -0.865498662, -0.110576428, 0.993254006, -0.0349204354, 0.862641454, 0.0784676746, -0.4996925)
Part4805.Orientation = Vector3.new(2, -120, -6.349999904632568)
Part4805.Position = Vector3.new(-943.150634765625, 124.93009948730469, -3118.7626953125)
Part4805.Rotation = Vector3.new(176, -59.939998626708984, 170.19000244140625)
Part4805.Size = Vector3.new(8.250000953674316, 0.2499980926513672, 7)
Part4805.Anchored = true
Part4805.CanCollide = false
Part4805.Material = Enum.Material.Fabric
SpecialMesh4806.Name = "BarkMesh"
SpecialMesh4806.Parent = Part4805
SpecialMesh4806.MeshId = "rbxassetid://623621260"
SpecialMesh4806.Offset = Vector3.new(0, 3.4100000858306885, 0)
SpecialMesh4806.TextureId = "rbxassetid://623618671"
SpecialMesh4806.MeshType = Enum.MeshType.FileMesh
Part4807.Name = "TreeMeshTop"
Part4807.Parent = Model4804
Part4807.CFrame = CFrame.new(-945.722595, 154.866959, -3116.39746, -0.49357903, -0.0853784829, -0.865500093, -0.110576101, 0.993254066, -0.0349213816, 0.862642884, 0.0784671754, -0.499690175)
Part4807.Orientation = Vector3.new(2, -120, -6.349999904632568)
Part4807.Position = Vector3.new(-945.7225952148438, 154.86695861816406, -3116.3974609375)
Part4807.Rotation = Vector3.new(176, -59.939998626708984, 170.19000244140625)
Part4807.Transparency = 0.05000000074505806
Part4807.Size = Vector3.new(8.250000953674316, 0.2499980926513672, 7)
Part4807.Anchored = true
Part4807.CanCollide = false
Part4807.Material = Enum.Material.Fabric
SpecialMesh4808.Name = "TopTreeMesh"
SpecialMesh4808.Parent = Part4807
SpecialMesh4808.MeshId = "rbxassetid://623621456"
SpecialMesh4808.Offset = Vector3.new(0, 3.4100000858306885, 0)
SpecialMesh4808.Scale = Vector3.new(1.600000023841858, 1.600000023841858, 1.600000023841858)
SpecialMesh4808.TextureId = "rbxassetid://745556120"
SpecialMesh4808.MeshType = Enum.MeshType.FileMesh
Model4809.Name = "??"
Model4809.Parent = Folder0
Part4810.Name = "TreeMesh Bottom"
Part4810.Parent = Model4809
Part4810.CFrame = CFrame.new(-806.570923, 118.688263, -3058.36133, 0.719346702, 1.97144163e-06, -0.694656014, 2.04890966e-07, 1.00000393, 2.43168324e-06, 0.694656968, -2.78133643e-06, 0.719343126)
Part4810.Orientation = Vector3.new(0, -44, 0)
Part4810.Position = Vector3.new(-806.5709228515625, 118.68826293945312, -3058.361328125)
Part4810.Rotation = Vector3.new(0, -44, 0)
Part4810.Size = Vector3.new(8.250000953674316, 0.2499980926513672, 7)
Part4810.Anchored = true
Part4810.CanCollide = false
Part4810.Material = Enum.Material.Fabric
SpecialMesh4811.Name = "BarkMesh"
SpecialMesh4811.Parent = Part4810
SpecialMesh4811.MeshId = "rbxassetid://623621260"
SpecialMesh4811.Offset = Vector3.new(0, 3.4100000858306885, 0)
SpecialMesh4811.TextureId = "rbxassetid://623618671"
SpecialMesh4811.MeshType = Enum.MeshType.FileMesh
Part4812.Name = "TreeMeshTop"
Part4812.Parent = Model4809
Part4812.CFrame = CFrame.new(-806.56958, 148.828247, -3058.36133, 0.719348669, 1.55536804e-06, -0.694653869, 9.05245543e-07, 1.00000381, 2.55834311e-06, 0.694654942, -3.35707682e-06, 0.719345033)
Part4812.Orientation = Vector3.new(0, -44, 0)
Part4812.Position = Vector3.new(-806.569580078125, 148.8282470703125, -3058.361328125)
Part4812.Rotation = Vector3.new(0, -44, 0)
Part4812.Transparency = 0.05000000074505806
Part4812.Size = Vector3.new(8.250000953674316, 0.2499980926513672, 7)
Part4812.Anchored = true
Part4812.CanCollide = false
Part4812.Material = Enum.Material.Fabric
SpecialMesh4813.Name = "TopTreeMesh"
SpecialMesh4813.Parent = Part4812
SpecialMesh4813.MeshId = "rbxassetid://623621456"
SpecialMesh4813.Offset = Vector3.new(0, 3.4100000858306885, 0)
SpecialMesh4813.Scale = Vector3.new(1.600000023841858, 1.600000023841858, 1.600000023841858)
SpecialMesh4813.TextureId = "rbxassetid://745556120"
SpecialMesh4813.MeshType = Enum.MeshType.FileMesh
Model4814.Name = "??"
Model4814.Parent = Folder0
Part4815.Name = "TreeMesh Bottom"
Part4815.Parent = Model4814
Part4815.CFrame = CFrame.new(-966.710327, 124.930099, -3203.9563, -0.493581444, -0.0853780285, -0.865498662, -0.110576428, 0.993254006, -0.0349204354, 0.862641454, 0.0784676746, -0.4996925)
Part4815.Orientation = Vector3.new(2, -120, -6.349999904632568)
Part4815.Position = Vector3.new(-966.7103271484375, 124.93009948730469, -3203.956298828125)
Part4815.Rotation = Vector3.new(176, -59.939998626708984, 170.19000244140625)
Part4815.Size = Vector3.new(8.250000953674316, 0.2499980926513672, 7)
Part4815.Anchored = true
Part4815.CanCollide = false
Part4815.Material = Enum.Material.Fabric
SpecialMesh4816.Name = "BarkMesh"
SpecialMesh4816.Parent = Part4815
SpecialMesh4816.MeshId = "rbxassetid://623621260"
SpecialMesh4816.Offset = Vector3.new(0, 3.4100000858306885, 0)
SpecialMesh4816.TextureId = "rbxassetid://623618671"
SpecialMesh4816.MeshType = Enum.MeshType.FileMesh
Part4817.Name = "TreeMeshTop"
Part4817.Parent = Model4814
Part4817.CFrame = CFrame.new(-969.282166, 154.866959, -3201.59106, -0.49357903, -0.0853784829, -0.865500093, -0.110576101, 0.993254066, -0.0349213816, 0.862642884, 0.0784671754, -0.499690175)
Part4817.Orientation = Vector3.new(2, -120, -6.349999904632568)
Part4817.Position = Vector3.new(-969.2821655273438, 154.86695861816406, -3201.591064453125)
Part4817.Rotation = Vector3.new(176, -59.939998626708984, 170.19000244140625)
Part4817.Transparency = 0.05000000074505806
Part4817.Size = Vector3.new(8.250000953674316, 0.2499980926513672, 7)
Part4817.Anchored = true
Part4817.CanCollide = false
Part4817.Material = Enum.Material.Fabric
SpecialMesh4818.Name = "TopTreeMesh"
SpecialMesh4818.Parent = Part4817
SpecialMesh4818.MeshId = "rbxassetid://623621456"
SpecialMesh4818.Offset = Vector3.new(0, 3.4100000858306885, 0)
SpecialMesh4818.Scale = Vector3.new(1.600000023841858, 1.600000023841858, 1.600000023841858)
SpecialMesh4818.TextureId = "rbxassetid://745556120"
SpecialMesh4818.MeshType = Enum.MeshType.FileMesh
Model4819.Name = "??"
Model4819.Parent = Folder0
Part4820.Name = "TreeMesh Bottom"
Part4820.Parent = Model4819
Part4820.CFrame = CFrame.new(-794.514771, 114.580231, -3166.62158, -0.23592329, 0.10447669, -0.966139197, 0.152427316, 0.985875726, 0.0693894923, 0.959742725, -0.130895376, -0.248516172)
Part4820.Orientation = Vector3.new(-3.9800000190734863, -104.43000030517578, 8.789999961853027)
Part4820.Position = Vector3.new(-794.5147705078125, 114.58023071289062, -3166.62158203125)
Part4820.Rotation = Vector3.new(-164.39999389648438, -75.05000305175781, -156.11000061035156)
Part4820.Size = Vector3.new(8.250000953674316, 0.2499980926513672, 7)
Part4820.Anchored = true
Part4820.CanCollide = false
Part4820.Material = Enum.Material.Fabric
SpecialMesh4821.Name = "BarkMesh"
SpecialMesh4821.Parent = Part4820
SpecialMesh4821.MeshId = "rbxassetid://623621260"
SpecialMesh4821.Offset = Vector3.new(0, 3.4100000858306885, 0)
SpecialMesh4821.TextureId = "rbxassetid://623618671"
SpecialMesh4821.MeshType = Enum.MeshType.FileMesh
Part4822.Name = "TreeMeshTop"
Part4822.Parent = Model4819
Part4822.CFrame = CFrame.new(-791.364685, 144.294266, -3170.56641, -0.235920548, 0.104476295, -0.966139913, 0.152427584, 0.985875785, 0.069389388, 0.9597435, -0.130895972, -0.248513401)
Part4822.Orientation = Vector3.new(-3.9800000190734863, -104.43000030517578, 8.789999961853027)
Part4822.Position = Vector3.new(-791.3646850585938, 144.2942657470703, -3170.56640625)
Part4822.Rotation = Vector3.new(-164.39999389648438, -75.05000305175781, -156.11000061035156)
Part4822.Transparency = 0.05000000074505806
Part4822.Size = Vector3.new(8.250000953674316, 0.2499980926513672, 7)
Part4822.Anchored = true
Part4822.CanCollide = false
Part4822.Material = Enum.Material.Fabric
SpecialMesh4823.Name = "TopTreeMesh"
SpecialMesh4823.Parent = Part4822
SpecialMesh4823.MeshId = "rbxassetid://623621456"
SpecialMesh4823.Offset = Vector3.new(0, 3.4100000858306885, 0)
SpecialMesh4823.Scale = Vector3.new(1.600000023841858, 1.600000023841858, 1.600000023841858)
SpecialMesh4823.TextureId = "rbxassetid://745556120"
SpecialMesh4823.MeshType = Enum.MeshType.FileMesh
Model4824.Name = "??"
Model4824.Parent = Folder0
Part4825.Name = "TreeMesh Bottom"
Part4825.Parent = Model4824
Part4825.CFrame = CFrame.new(-885.015869, 131.308655, -3195.80884, -0.688301086, -0.085376434, -0.720383584, -0.115738437, 0.993254185, -0.00713175908, 0.716132939, 0.0784672797, -0.693539262)
Part4825.Orientation = Vector3.new(0.4099999964237213, -133.91000366210938, -6.650000095367432)
Part4825.Position = Vector3.new(-885.015869140625, 131.30865478515625, -3195.808837890625)
Part4825.Rotation = Vector3.new(179.41000366210938, -46.09000015258789, 172.92999267578125)
Part4825.Size = Vector3.new(8.250000953674316, 0.2499980926513672, 7)
Part4825.Anchored = true
Part4825.CanCollide = false
Part4825.Material = Enum.Material.Fabric
SpecialMesh4826.Name = "BarkMesh"
SpecialMesh4826.Parent = Part4825
SpecialMesh4826.MeshId = "rbxassetid://623621260"
SpecialMesh4826.Offset = Vector3.new(0, 3.4100000858306885, 0)
SpecialMesh4826.TextureId = "rbxassetid://623618671"
SpecialMesh4826.MeshType = Enum.MeshType.FileMesh
Part4827.Name = "TreeMeshTop"
Part4827.Parent = Model4824
Part4827.CFrame = CFrame.new(-887.587402, 161.245422, -3193.44409, -0.688299119, -0.0853768438, -0.720385551, -0.115738302, 0.993254185, -0.00713275746, 0.716134906, 0.0784667209, -0.693537414)
Part4827.Orientation = Vector3.new(0.4099999964237213, -133.91000366210938, -6.650000095367432)
Part4827.Position = Vector3.new(-887.58740234375, 161.24542236328125, -3193.444091796875)
Part4827.Rotation = Vector3.new(179.41000366210938, -46.09000015258789, 172.92999267578125)
Part4827.Transparency = 0.05000000074505806
Part4827.Size = Vector3.new(8.250000953674316, 0.2499980926513672, 7)
Part4827.Anchored = true
Part4827.CanCollide = false
Part4827.Material = Enum.Material.Fabric
SpecialMesh4828.Name = "TopTreeMesh"
SpecialMesh4828.Parent = Part4827
SpecialMesh4828.MeshId = "rbxassetid://623621456"
SpecialMesh4828.Offset = Vector3.new(0, 3.4100000858306885, 0)
SpecialMesh4828.Scale = Vector3.new(1.600000023841858, 1.600000023841858, 1.600000023841858)
SpecialMesh4828.TextureId = "rbxassetid://745556120"
SpecialMesh4828.MeshType = Enum.MeshType.FileMesh
Model4829.Name = "??"
Model4829.Parent = Folder0
Part4830.Name = "TreeMesh Bottom"
Part4830.Parent = Model4829
Part4830.CFrame = CFrame.new(-768.570923, 118.688263, -3231.36133, -0.241916329, 1.97144163e-06, -0.970300555, 2.20834499e-06, 1.00000393, 1.03840102e-06, 0.970297933, -2.78133643e-06, -0.241918892)
Part4830.Orientation = Vector3.new(0, -104, 0)
Part4830.Position = Vector3.new(-768.5709228515625, 118.68826293945312, -3231.361328125)
Part4830.Rotation = Vector3.new(-180, -76, -180)
Part4830.Size = Vector3.new(8.250000953674316, 0.2499980926513672, 7)
Part4830.Anchored = true
Part4830.CanCollide = false
Part4830.Material = Enum.Material.Fabric
SpecialMesh4831.Name = "BarkMesh"
SpecialMesh4831.Parent = Part4830
SpecialMesh4831.MeshId = "rbxassetid://623621260"
SpecialMesh4831.Offset = Vector3.new(0, 3.4100000858306885, 0)
SpecialMesh4831.TextureId = "rbxassetid://623618671"
SpecialMesh4831.MeshType = Enum.MeshType.FileMesh
Part4832.Name = "TreeMeshTop"
Part4832.Parent = Model4829
Part4832.CFrame = CFrame.new(-768.56958, 148.828247, -3231.36133, -0.241913438, 1.55536804e-06, -0.970301151, 2.6682128e-06, 1.00000381, 4.95206109e-07, 0.970298648, -3.35707682e-06, -0.241916209)
Part4832.Orientation = Vector3.new(0, -104, 0)
Part4832.Position = Vector3.new(-768.569580078125, 148.8282470703125, -3231.361328125)
Part4832.Rotation = Vector3.new(-180, -76, -180)
Part4832.Transparency = 0.05000000074505806
Part4832.Size = Vector3.new(8.250000953674316, 0.2499980926513672, 7)
Part4832.Anchored = true
Part4832.CanCollide = false
Part4832.Material = Enum.Material.Fabric
SpecialMesh4833.Name = "TopTreeMesh"
SpecialMesh4833.Parent = Part4832
SpecialMesh4833.MeshId = "rbxassetid://623621456"
SpecialMesh4833.Offset = Vector3.new(0, 3.4100000858306885, 0)
SpecialMesh4833.Scale = Vector3.new(1.600000023841858, 1.600000023841858, 1.600000023841858)
SpecialMesh4833.TextureId = "rbxassetid://745556120"
SpecialMesh4833.MeshType = Enum.MeshType.FileMesh
Model4834.Name = "??"
Model4834.Parent = Folder0
Part4835.Name = "TreeMesh Bottom"
Part4835.Parent = Model4834
Part4835.CFrame = CFrame.new(-768.570923, 118.688263, -3231.36133, -0.241916329, 1.97144163e-06, -0.970300555, 2.20834499e-06, 1.00000393, 1.03840102e-06, 0.970297933, -2.78133643e-06, -0.241918892)
Part4835.Orientation = Vector3.new(0, -104, 0)
Part4835.Position = Vector3.new(-768.5709228515625, 118.68826293945312, -3231.361328125)
Part4835.Rotation = Vector3.new(-180, -76, -180)
Part4835.Size = Vector3.new(8.250000953674316, 0.2499980926513672, 7)
Part4835.Anchored = true
Part4835.CanCollide = false
Part4835.Material = Enum.Material.Fabric
SpecialMesh4836.Name = "BarkMesh"
SpecialMesh4836.Parent = Part4835
SpecialMesh4836.MeshId = "rbxassetid://623621260"
SpecialMesh4836.Offset = Vector3.new(0, 3.4100000858306885, 0)
SpecialMesh4836.TextureId = "rbxassetid://623618671"
SpecialMesh4836.MeshType = Enum.MeshType.FileMesh
Part4837.Name = "TreeMeshTop"
Part4837.Parent = Model4834
Part4837.CFrame = CFrame.new(-768.56958, 148.828247, -3231.36133, -0.241913438, 1.55536804e-06, -0.970301151, 2.6682128e-06, 1.00000381, 4.95206109e-07, 0.970298648, -3.35707682e-06, -0.241916209)
Part4837.Orientation = Vector3.new(0, -104, 0)
Part4837.Position = Vector3.new(-768.569580078125, 148.8282470703125, -3231.361328125)
Part4837.Rotation = Vector3.new(-180, -76, -180)
Part4837.Transparency = 0.05000000074505806
Part4837.Size = Vector3.new(8.250000953674316, 0.2499980926513672, 7)
Part4837.Anchored = true
Part4837.CanCollide = false
Part4837.Material = Enum.Material.Fabric
SpecialMesh4838.Name = "TopTreeMesh"
SpecialMesh4838.Parent = Part4837
SpecialMesh4838.MeshId = "rbxassetid://623621456"
SpecialMesh4838.Offset = Vector3.new(0, 3.4100000858306885, 0)
SpecialMesh4838.Scale = Vector3.new(1.600000023841858, 1.600000023841858, 1.600000023841858)
SpecialMesh4838.TextureId = "rbxassetid://745556120"
SpecialMesh4838.MeshType = Enum.MeshType.FileMesh
Model4839.Name = "??"
Model4839.Parent = Folder0
Part4840.Name = "TreeMesh Bottom"
Part4840.Parent = Model4839
Part4840.CFrame = CFrame.new(-905.150635, 124.930099, -3291.7627, -0.493581444, -0.0853780285, -0.865498662, -0.110576428, 0.993254006, -0.0349204354, 0.862641454, 0.0784676746, -0.4996925)
Part4840.Orientation = Vector3.new(2, -120, -6.349999904632568)
Part4840.Position = Vector3.new(-905.150634765625, 124.93009948730469, -3291.7626953125)
Part4840.Rotation = Vector3.new(176, -59.939998626708984, 170.19000244140625)
Part4840.Size = Vector3.new(8.250000953674316, 0.2499980926513672, 7)
Part4840.Anchored = true
Part4840.CanCollide = false
Part4840.Material = Enum.Material.Fabric
SpecialMesh4841.Name = "BarkMesh"
SpecialMesh4841.Parent = Part4840
SpecialMesh4841.MeshId = "rbxassetid://623621260"
SpecialMesh4841.Offset = Vector3.new(0, 3.4100000858306885, 0)
SpecialMesh4841.TextureId = "rbxassetid://623618671"
SpecialMesh4841.MeshType = Enum.MeshType.FileMesh
Part4842.Name = "TreeMeshTop"
Part4842.Parent = Model4839
Part4842.CFrame = CFrame.new(-907.722595, 154.866959, -3289.39746, -0.49357903, -0.0853784829, -0.865500093, -0.110576101, 0.993254066, -0.0349213816, 0.862642884, 0.0784671754, -0.499690175)
Part4842.Orientation = Vector3.new(2, -120, -6.349999904632568)
Part4842.Position = Vector3.new(-907.7225952148438, 154.86695861816406, -3289.3974609375)
Part4842.Rotation = Vector3.new(176, -59.939998626708984, 170.19000244140625)
Part4842.Transparency = 0.05000000074505806
Part4842.Size = Vector3.new(8.250000953674316, 0.2499980926513672, 7)
Part4842.Anchored = true
Part4842.CanCollide = false
Part4842.Material = Enum.Material.Fabric
SpecialMesh4843.Name = "TopTreeMesh"
SpecialMesh4843.Parent = Part4842
SpecialMesh4843.MeshId = "rbxassetid://623621456"
SpecialMesh4843.Offset = Vector3.new(0, 3.4100000858306885, 0)
SpecialMesh4843.Scale = Vector3.new(1.600000023841858, 1.600000023841858, 1.600000023841858)
SpecialMesh4843.TextureId = "rbxassetid://745556120"
SpecialMesh4843.MeshType = Enum.MeshType.FileMesh
Model4844.Name = "??"
Model4844.Parent = Folder0
Part4845.Name = "TreeMesh Bottom"
Part4845.Parent = Model4844
Part4845.CFrame = CFrame.new(-823.456299, 131.308655, -3283.61523, -0.688301086, -0.085376434, -0.720383584, -0.115738437, 0.993254185, -0.00713175908, 0.716132939, 0.0784672797, -0.693539262)
Part4845.Orientation = Vector3.new(0.4099999964237213, -133.91000366210938, -6.650000095367432)
Part4845.Position = Vector3.new(-823.456298828125, 131.30865478515625, -3283.615234375)
Part4845.Rotation = Vector3.new(179.41000366210938, -46.09000015258789, 172.92999267578125)
Part4845.Size = Vector3.new(8.250000953674316, 0.2499980926513672, 7)
Part4845.Anchored = true
Part4845.CanCollide = false
Part4845.Material = Enum.Material.Fabric
SpecialMesh4846.Name = "BarkMesh"
SpecialMesh4846.Parent = Part4845
SpecialMesh4846.MeshId = "rbxassetid://623621260"
SpecialMesh4846.Offset = Vector3.new(0, 3.4100000858306885, 0)
SpecialMesh4846.TextureId = "rbxassetid://623618671"
SpecialMesh4846.MeshType = Enum.MeshType.FileMesh
Part4847.Name = "TreeMeshTop"
Part4847.Parent = Model4844
Part4847.CFrame = CFrame.new(-826.027832, 161.245422, -3281.25049, -0.688299119, -0.0853768438, -0.720385551, -0.115738302, 0.993254185, -0.00713275746, 0.716134906, 0.0784667209, -0.693537414)
Part4847.Orientation = Vector3.new(0.4099999964237213, -133.91000366210938, -6.650000095367432)
Part4847.Position = Vector3.new(-826.02783203125, 161.24542236328125, -3281.25048828125)
Part4847.Rotation = Vector3.new(179.41000366210938, -46.09000015258789, 172.92999267578125)
Part4847.Transparency = 0.05000000074505806
Part4847.Size = Vector3.new(8.250000953674316, 0.2499980926513672, 7)
Part4847.Anchored = true
Part4847.CanCollide = false
Part4847.Material = Enum.Material.Fabric
SpecialMesh4848.Name = "TopTreeMesh"
SpecialMesh4848.Parent = Part4847
SpecialMesh4848.MeshId = "rbxassetid://623621456"
SpecialMesh4848.Offset = Vector3.new(0, 3.4100000858306885, 0)
SpecialMesh4848.Scale = Vector3.new(1.600000023841858, 1.600000023841858, 1.600000023841858)
SpecialMesh4848.TextureId = "rbxassetid://745556120"
SpecialMesh4848.MeshType = Enum.MeshType.FileMesh
Model4849.Name = "??"
Model4849.Parent = Folder0
Part4850.Name = "TreeMesh Bottom"
Part4850.Parent = Model4849
Part4850.CFrame = CFrame.new(-756.514771, 114.580231, -3339.62158, -0.23592329, 0.10447669, -0.966139197, 0.152427316, 0.985875726, 0.0693894923, 0.959742725, -0.130895376, -0.248516172)
Part4850.Orientation = Vector3.new(-3.9800000190734863, -104.43000030517578, 8.789999961853027)
Part4850.Position = Vector3.new(-756.5147705078125, 114.58023071289062, -3339.62158203125)
Part4850.Rotation = Vector3.new(-164.39999389648438, -75.05000305175781, -156.11000061035156)
Part4850.Size = Vector3.new(8.250000953674316, 0.2499980926513672, 7)
Part4850.Anchored = true
Part4850.CanCollide = false
Part4850.Material = Enum.Material.Fabric
SpecialMesh4851.Name = "BarkMesh"
SpecialMesh4851.Parent = Part4850
SpecialMesh4851.MeshId = "rbxassetid://623621260"
SpecialMesh4851.Offset = Vector3.new(0, 3.4100000858306885, 0)
SpecialMesh4851.TextureId = "rbxassetid://623618671"
SpecialMesh4851.MeshType = Enum.MeshType.FileMesh
Part4852.Name = "TreeMeshTop"
Part4852.Parent = Model4849
Part4852.CFrame = CFrame.new(-753.364685, 144.294266, -3343.56641, -0.235920548, 0.104476295, -0.966139913, 0.152427584, 0.985875785, 0.069389388, 0.9597435, -0.130895972, -0.248513401)
Part4852.Orientation = Vector3.new(-3.9800000190734863, -104.43000030517578, 8.789999961853027)
Part4852.Position = Vector3.new(-753.3646850585938, 144.2942657470703, -3343.56640625)
Part4852.Rotation = Vector3.new(-164.39999389648438, -75.05000305175781, -156.11000061035156)
Part4852.Transparency = 0.05000000074505806
Part4852.Size = Vector3.new(8.250000953674316, 0.2499980926513672, 7)
Part4852.Anchored = true
Part4852.CanCollide = false
Part4852.Material = Enum.Material.Fabric
SpecialMesh4853.Name = "TopTreeMesh"
SpecialMesh4853.Parent = Part4852
SpecialMesh4853.MeshId = "rbxassetid://623621456"
SpecialMesh4853.Offset = Vector3.new(0, 3.4100000858306885, 0)
SpecialMesh4853.Scale = Vector3.new(1.600000023841858, 1.600000023841858, 1.600000023841858)
SpecialMesh4853.TextureId = "rbxassetid://745556120"
SpecialMesh4853.MeshType = Enum.MeshType.FileMesh
Model4854.Name = "??"
Model4854.Parent = Folder0
Part4855.Name = "TreeMesh Bottom"
Part4855.Parent = Model4854
Part4855.CFrame = CFrame.new(-847.015869, 131.308655, -3368.80884, 0.0226858556, -0.085376434, -0.996090472, -0.0767965019, 0.993254185, -0.0868823528, 0.99678874, 0.0784672797, 0.0159762353)
Part4855.Orientation = Vector3.new(4.980000019073486, -89.08000183105469, -4.420000076293945)
Part4855.Position = Vector3.new(-847.015869140625, 131.30865478515625, -3368.808837890625)
Part4855.Rotation = Vector3.new(79.58000183105469, -84.93000030517578, 75.12000274658203)
Part4855.Size = Vector3.new(8.250000953674316, 0.2499980926513672, 7)
Part4855.Anchored = true
Part4855.CanCollide = false
Part4855.Material = Enum.Material.Fabric
SpecialMesh4856.Name = "BarkMesh"
SpecialMesh4856.Parent = Part4855
SpecialMesh4856.MeshId = "rbxassetid://623621260"
SpecialMesh4856.Offset = Vector3.new(0, 3.4100000858306885, 0)
SpecialMesh4856.TextureId = "rbxassetid://623618671"
SpecialMesh4856.MeshType = Enum.MeshType.FileMesh
Part4857.Name = "TreeMeshTop"
Part4857.Parent = Model4854
Part4857.CFrame = CFrame.new(-849.587402, 161.245422, -3366.44409, 0.0226886421, -0.0853768438, -0.996090472, -0.0767957047, 0.993254185, -0.0868829638, 0.9967888, 0.0784667209, 0.0159789622)
Part4857.Orientation = Vector3.new(4.980000019073486, -89.08000183105469, -4.420000076293945)
Part4857.Position = Vector3.new(-849.58740234375, 161.24542236328125, -3366.444091796875)
Part4857.Rotation = Vector3.new(79.58000183105469, -84.93000030517578, 75.12000274658203)
Part4857.Transparency = 0.05000000074505806
Part4857.Size = Vector3.new(8.250000953674316, 0.2499980926513672, 7)
Part4857.Anchored = true
Part4857.CanCollide = false
Part4857.Material = Enum.Material.Fabric
SpecialMesh4858.Name = "TopTreeMesh"
SpecialMesh4858.Parent = Part4857
SpecialMesh4858.MeshId = "rbxassetid://623621456"
SpecialMesh4858.Offset = Vector3.new(0, 3.4100000858306885, 0)
SpecialMesh4858.Scale = Vector3.new(1.600000023841858, 1.600000023841858, 1.600000023841858)
SpecialMesh4858.TextureId = "rbxassetid://745556120"
SpecialMesh4858.MeshType = Enum.MeshType.FileMesh
Model4859.Name = "??"
Model4859.Parent = Folder0
Part4860.Name = "TreeMesh Bottom"
Part4860.Parent = Model4859
Part4860.CFrame = CFrame.new(-928.710327, 124.930099, -3376.9563, -0.493581444, -0.0853780285, -0.865498662, -0.110576428, 0.993254006, -0.0349204354, 0.862641454, 0.0784676746, -0.4996925)
Part4860.Orientation = Vector3.new(2, -120, -6.349999904632568)
Part4860.Position = Vector3.new(-928.7103271484375, 124.93009948730469, -3376.956298828125)
Part4860.Rotation = Vector3.new(176, -59.939998626708984, 170.19000244140625)
Part4860.Size = Vector3.new(8.250000953674316, 0.2499980926513672, 7)
Part4860.Anchored = true
Part4860.CanCollide = false
Part4860.Material = Enum.Material.Fabric
SpecialMesh4861.Name = "BarkMesh"
SpecialMesh4861.Parent = Part4860
SpecialMesh4861.MeshId = "rbxassetid://623621260"
SpecialMesh4861.Offset = Vector3.new(0, 3.4100000858306885, 0)
SpecialMesh4861.TextureId = "rbxassetid://623618671"
SpecialMesh4861.MeshType = Enum.MeshType.FileMesh
Part4862.Name = "TreeMeshTop"
Part4862.Parent = Model4859
Part4862.CFrame = CFrame.new(-931.282166, 154.866959, -3374.59106, -0.49357903, -0.0853784829, -0.865500093, -0.110576101, 0.993254066, -0.0349213816, 0.862642884, 0.0784671754, -0.499690175)
Part4862.Orientation = Vector3.new(2, -120, -6.349999904632568)
Part4862.Position = Vector3.new(-931.2821655273438, 154.86695861816406, -3374.591064453125)
Part4862.Rotation = Vector3.new(176, -59.939998626708984, 170.19000244140625)
Part4862.Transparency = 0.05000000074505806
Part4862.Size = Vector3.new(8.250000953674316, 0.2499980926513672, 7)
Part4862.Anchored = true
Part4862.CanCollide = false
Part4862.Material = Enum.Material.Fabric
SpecialMesh4863.Name = "TopTreeMesh"
SpecialMesh4863.Parent = Part4862
SpecialMesh4863.MeshId = "rbxassetid://623621456"
SpecialMesh4863.Offset = Vector3.new(0, 3.4100000858306885, 0)
SpecialMesh4863.Scale = Vector3.new(1.600000023841858, 1.600000023841858, 1.600000023841858)
SpecialMesh4863.TextureId = "rbxassetid://745556120"
SpecialMesh4863.MeshType = Enum.MeshType.FileMesh
Model4864.Name = "??"
Model4864.Parent = Folder0
Part4865.Name = "TreeMesh Bottom"
Part4865.Parent = Model4864
Part4865.CFrame = CFrame.new(-688.514771, 114.580231, -3517.62158, 0.718739331, 0.10447669, -0.687385201, 0.0161206089, 0.985875726, 0.166700646, 0.695092738, -0.130895376, 0.706903458)
Part4865.Orientation = Vector3.new(-9.600000381469727, -44.20000076293945, 0.9399999976158142)
Part4865.Position = Vector3.new(-688.5147705078125, 114.58023071289062, -3517.62158203125)
